0.00218093
0.00132365
0.00111677
0.000864516
0.000877387
0.000746966
0.00186493
0.00218482
0.00064484
0.00108787
0.00234212
0.00113063
0.00182322
0.00173786
0.000994628
0.00261357
0.0044098
0.00165615
0.0017153
0.000695297
0.000759467
0.106499
0.00495453
0.00149805
0.00321478
0.00206658
0.000694862
0.00112587
0.0015388
0.00141992
0.000937461
0.000425667
0.00155934
0.000747793
0.00119445
0.000552375
0.000739494
0.00127301
0.000962166
0.000442626
0.00120557
0.000658502
0.000542595
0.0107135
0.00846964
0.00125356
0.00128798
0.00257012
0.00145439
0.000899422
0.00116084
0.000954538
0.00156391
0.0016198
0.00357173
0.00190097
0.00123166
0.000917937
0.000918448
0.00163965
0.000702265
0.00108329
0.00358502
0.000842213
0.00113545
0.0003948
0.00132053
0.000633756
0.00137512
0.00507987
0.00107063
0.000834486
0.00135341
0.00113782
0.00304678
0.00135609
0.00141415
0.000971718
0.00819429
0.00152162
0.000316472
0.000674305
0.00112915
0.00131523
0.000999537
0.00140757
0.00146068
0.00252912
0.00111671
0.000921886
0.00459943
0.00115238
0.00287302
0.00220632
0.00121055
0.000999763
0.00424632
0.00211463
0.00125017
0.00165689
0.00109952
0.0012272
0.000907178
0.00100671
0.00302511
0.00107206
0.00083347
0.00129251
0.0011399
0.00133952
0.000614812
0.000893901
0.000860263
0.00132248
0.00244344
0.00286116
0.002033
0.00362471
0.00337145
0.00169857
0.00102582
0.00111695
0.00157139
0.00158474
0.000668981
0.00118553
0
0.00149025
0.000949156
0.00156425
0.000777565
0.000562924
0.00141215
0.0011438
0.00186365
0.000618767
0.0012153
0.00128773
0.00112864
0.00150207
0.0016351
0.00134611
0.00147593
0.00113805
0.000715991
0.000957764
0.00106301
0.011337
0.00773919
0.000241201
0.0129273
0.00111508
0.000577887
0.00164801
0.00179556
0.00211664
0.000522903
0.00227906
0.179978
0.000783507
0.0011035
0.000920295
0.000716024
0.000734316
0.000810094
0.00178032
0.00175541
0.00189462
0.00151312
0.000950434
0.00129807
0.000566278
0.000944831
0.00149574
0.000611669
0.00104638
0.00098816
0.00133202
0.000647076
0.00138546
0.0013357
0.00128831
0.00194118
0.00266931
0.000840858
0.00108038
0.00151105
0.00192452
0.000486908
0.00201693
0.00172503
0.000647197
0.00174589
0.00370684
0.00098381
0.000754977
0.000731933
0.00200998
0.00135521
0.00109198
0.000874626
0.000844679
0.00133072
0.00109979
0.00140829
0.00160119
0.000867703
0.00215757
0.000973885
0.0010504
0.000974156
0.00174529
0.000745873
0.00158943
0.000378155
0.0032344
0.0022113
0.00123343
0.0317513
0.000678144
0.00122176
0.00124879
0.000752133
0.00126249
0.000707836
0.00167584
0.00112525
0.00135421
0.00140223
0.00108439
0.000677018
0.00189652
0.00129758
0.000770784
0.000490176
0.00145584
0.00257712
0.00146261
0.00137561
0.00143268
0.00819784
0.000679006
0.00136033
0.00134971
0.00137769
0.00472677
0.00194624
0.00123349
0.0022618
0.00146972
0.00169753
0.00113692
0.00112488
0.00277777
0.000901124
0.000806864
0.00107459
0.000437025
0.000451533
0.000710352
0.00135728
0.000828374
0.0011494
0.00419727
0.00168477
0.00146884
0.00258404
0.000885713
0.00128547
0.00121713
0.00569654
0.00147275
0.000983796
0.00186076
0.00131379
0.00172765
0.00135485
0.000820329
0.000467655
0.00137857
0.00118673
0.00101929
0.00240293
0.000987325
0.00149992
0.00103844
0.000911876
0.0310922
0.00099303
0.00185415
0.000623084
0.00130724
0.00169439
0.00117556
0.000618579
0.000982321
0.00117043
0.0204184
0.00135617
0.000678274
0.00101903
0.00163309
0.000930565
0.000879361
0.00229853
0.000986117
0.000941429
0.000890135
0.00159515
0.000780302
0.00128624
0.000900521
0.00302156
0.00184988
0.0011252
0.000765479
0.000978996
0.00124216
0.000364573
0.000884558
0.000754568
0.00204563
0.00127102
0.0024647
0.0012155
0.00106164
0.00210029
0.0007488
0.000900154
0.00116145
0.00161328
0.0018193
0.00300505
0.00139788
0.00217665
0.00468262
0.000616708
0.00195071
0.00280508
0.00140056
0.00183335
0.000909148
0.00158821
0.00206441
0.00132402
0.000951029
0.000432142
0.000992644
0.000836749
0.0023714
0.00184903
0.00132767
0.00138036
0.00159714
0.00120012
0.00161239
0.000641979
0.00112112
0.0020794
0.000745808
0.000918654
0.00133208
0.00667997
0.000853906
0.000870097
0.00156575
0.00118262
0.00102617
0.00196104
0.000888221
0.00104701
0.00141343
0.0040016
0.00149116
0.0016733
0.0014891
0.000710669
0.000651769
0.0051271
0.00168338
0.00134903
0.0141748
0.000603101
0.000892984
0.0013448
0.00801987
0.00256957
0.000838448
0.00214296
0.00272551
0.00190574
0.00094579
0.00163143
0.00179153
0.00161092
0.00124791
0.00181394
0.000687703
0.000977664
0.000840047
0.00135588
0.0187417
0.00067082
0.00145833
0.00674739
0.00116515
0.000905259
0.000689499
0.00379584
0.000895248
0.00309869
0.00138304
0.000663669
0.00124613
0.00154194
0.000618442
0.00177125
0.000935515
0.00125379
0.000848563
0.00243482
0.000464644
0.00130884
0.00154851
0.000749257
0.00419853
0.00150922
0.00152421
0.000762284
0.00120519
0.00135442
0.00401738
0.000991242
0.00156149
0.00163214
0.00101058
0.00173632
0.00272829
0.00185441
0.00181362
0.00174703
0.00232312
0.00140441
0.00127338
0.00102035
0.00157987
0.0014213
0.0157822
0.00127801
0.000978859
0.000996442
0.00157793
0.00131321
0.000795589
0.00154964
0.00154507
0.00724896
0.00109258
0.0045895
0.00123329
0.00123947
0.00176854
0.00199164
0.000894306
0.000842448
0.000725219
0.00203579
0.000989663
0.000729977
0.0014885
0.000739829
0.00122558
0.000408128
0.00133133
0.000604224
0.000864496
0.000831768
0.00129634
0.00155635
0.00139372
0.00152086
0.00198645
0.00132397
0.000917784
0.00116308
0.00166177
0.0040519
0.00143303
0.000770717
0.00161545
0.00419115
0.00142992
0.00599758
0.000758572
0.0036963
0.00139184
0.00121814
0.00147216
0.00636146
0.00114859
0.00132248
0.000681517
0.00537103
0.000666208
0.00234395
0.000817599
0.00125732
0.00133219
0.000921168
0.00133174
0.000423111
0.0133249
0.00116414
0.000796421
0.000737721
0.00154078
0.00167599
0.000710418
0.00146656
0.000994937
0.00151375
0.00109087
0.000911463
0.00136684
0.000532562
0.000854473
0.000726639
0.00146348
0.00145971
0.00714127
0.00120865
0.00132436
0.000768094
0.000845675
0.000888433
0.001635
0.00120435
0.0014902
0.0010548
0.000580667
0.000723894
0.000545462
0.00350019
0.00032112
0.00280518
0.000880331
0.001997
0.00199255
0.236401
0.00118317
0.000697553
0.000949845
0.00175424
0.000597391
0.00155392
0.00119982
0.00086775
0.000947241
0.00043265
0.00113973
0.00100868
0.0015501
0.00405718
0.000806664
0.00119919
0.00160805
0.000730322
0.000802359
0.000839406
0.000446156
0.00106426
0.0040649
0.00155237
0.000925278
0.00076232
0.00310461
0.00318477
0.000889316
0.0153513
0.00114437
0.00129358
0.00120937
0.00112522
0.000672643
0.00211929
0.00129994
0.00167527
0.00162641
0.000872575
0.00131533
0.000923035
0.00107688
0.000856453
0.00097656
0.00154325
0.000885886
0.000799617
0.000935818
0.00155096
0.00136057
0.00112333
0.00110486
0.000370782
0.00158643
0.00158506
0.00511206
0.00130147
0.00176655
0.00306929
0.00127946
0.00116927
0.00648979
0.00107222
0.00167074
0.0258076
0.000681927
0.000923978
0.0229226
0.00178516
0.000504447
0.0153955
0.00115758
0.000841601
0.000970129
0.00115843
0.000866264
0.000980174
0.0018073
0.00312911
0.0020219
0.00142916
0.000660688
0.00330274
0.00818047
0.0018262
0.00148801
0.00164771
0.00072017
0.00205942
0.0017971
0.00180172
0.00112415
0.000247081
0.00155954
0.00175796
0.00101247
0.000816968
0.00140749
0.000683431
0.000482593
0.000752742
0.00202241
0.00120757
0.0014102
0.000675742
0.00102729
0.00125606
0.00083286
0.00153524
0.00140429
0.0024367
0.00120217
0.000606764
0.00124043
0.00154814
0.00110163
0.0085859
0.000805992
0.00130956
0.00112351
0.000710166
0.000963472
0.000864477
0.00113313
0.000770161
0.000806332
0.00136642
0.00789223
0.00161019
0.00103547
0.00139788
0.00185635
0.00161132
0.00104012
0.00160456
0.00160338
0.00106199
0.00161448
0.00292733
0.00135771
0.000435823
0.00186506
0.00166111
0.000536978
0.00124718
0.00145931
0.000738631
0.00122407
0.00242828
0.000754346
0.000930256
0.00151169
0.00145873
0.00103761
0.00221929
0.00094647
0.00144298
0.00146617
0.00160588
0.00144214
0.00104058
0.00160566
0.00260093
0.00179915
0.00331592
0.00117931
0.0120644
0.00141383
0.00168682
0.00280495
0.000880565
0.00222793
0.0011465
0.00118776
0.00248437
0.00186187
0.00382811
0.000604927
0.0047003
0.000433364
0.00377278
0.00116642
0.00158977
0.00141138
0.00126097
0.00122761
0.00102603
0.000395128
0.00246858
0.00547668
0.00137399
0.00144815
0.00234481
0.00146588
0.00331369
0.00294332
0.00194261
0.00217223
0.00915758
0.000562823
0.00142032
0.00140708
0.00194972
0.00118773
0.000880576
0.000830873
0.00527259
0.00157646
0.00165178
0.00467811
0.00130886
0.00100125
0.000634038
0.00100388
0.0103499
0.000603214
0.00205417
0.00113297
0.000998348
0.00168664
0.00281098
0.00158536
0.000933235
0.000866086
0.000860978
0.00073509
0.00169142
0.000415234
0.00100176
0.000753424
0.00114185
0.0014586
0.00120855
0.000429798
0.00109861
0.00194521
0.00060661
0.0111487
0.000732641
0.000646475
0.00126561
0.0052959
0.00147201
0.000831114
0.00138257
0.00185556
0.00220639
0.00355469
0.00118598
0.00155635
0.00130961
0.00138597
0.0020355
0.00172731
0.00168794
0.001387
0.000580904
0.000722963
0.000873733
0.000633248
0.00155641
0.00169278
0.000606657
0.000546532
0.000754686
0.000645062
0.00108321
0.00409432
0.00217525
0.00123745
0.000442054
0.00115807
0.00248134
0.000835368
0.000828541
0.00526471
0.00230298
0.00280169
0.00130339
0.000881087
0.00122083
0.00381724
0.00115619
0.000618566
0.00045405
0.0559475
0.00148888
0.000962603
0.000468594
0.036568
0.00227186
0.000662144
0.00103561
0.00127234
0.00141015
0.000859175
0.00383763
0.00222216
0.000620328
0.00225194
0.000618735
0.00107445
0.00177376
0.00147883
0.000455571
0.000577609
0.000793609
0.0012217
0.00225225
0.00102165
0.000639264
0.00193026
0.00165946
0.0011793
0.00206514
0.00154771
0.00159739
0.000891941
0.00368089
0.00126175
0.00150586
0.00232009
0.000932824
0.00159456
0.00205309
0.00102728
0.000524228
0.00110325
0.000619725
0.000370119
0.000812128
0.00289818
0.000828254
0.000602007
0.00126098
0.00168981
0.00143049
0.000700271
0.00192419
0.00234457
0.000995439
0.00149149
0.000915016
0.00136137
0.000918872
0.00195099
0.00114238
0.00116312
0.000913176
0.000900741
0.00087367
0.000623503
0.00037763
0.00145584
0.00115204
0.000900311
0.00246255
0.0018846
0.000985751
0.00154749
0.00112491
0.00126708
0.00131979
0.000718048
0.00395742
0.00135626
0.00206079
0.000991352
0.00118205
0.00113902
0.000567944
0.00103962
0.00196574
0.000625984
0.00124868
0.00125867
0.000707041
0.00124817
0.00119911
0.00526156
0.00123701
0.0013749
0.00336747
0.00165658
0.00148422
0.00202577
0.00551826
0.00085491
0.00241706
0.00211675
0.00111656
0.00190031
0.00212796
0.0026014
0.000987734
0.00177626
0.00156841
0.00109104
0.00110535
0.00192176
0.000501326
0.000817238
0.00162498
0.000943094
0.00149988
0.000723568
0.000342289
0.00115282
0.000845894
0.00119821
0.00135041
0.00250827
0.0016164
0.00147424
0.000728633
0.00152095
0.000565493
0.000751488
0.00225735
0.00155006
0.00164989
0.00952793
0.0012141
0.000486599
0.0014949
0.00197541
0.00801316
0.000970307
0.00155572
0.00140162
0.00287528
0.00117382
0.00128252
0.00207039
0.00112661
0.000464781
0.000839402
0.00195084
0.000724346
0.00154371
0.00160095
0.00120597
0.00264313
0.000850432
0.000798026
0.00178485
0.00124023
0.000897021
0.00079011
0.000885601
0.0010367
0.00097961
0.00105667
0.000974088
0.000634316
0.000819171
0.000586206
0.000896538
0.001221
0.00228247
0.000816365
0.00108079
0.00380582
0.00110729
0.00105124
0.00352598
0.000827496
0.00181935
0.000661165
0.00105879
0.00273778
0.00420071
0.00137868
0.00146086
0.00150927
0.00326106
0.0036827
0.00101397
0.00132556
0.00103512
0.00156403
0.000988217
0.000886676
0.000712276
0.00414665
0.0010442
0.00181424
0.000938066
0.000723201
0.000898383
0.00129982
0.00118529
0.0307863
0.000512162
0.0185146
0.00238625
0.000513006
0.00196179
0.000976587
0.000913105
0.000727432
0.000399826
0.00835179
0.00145638
0.00108983
0.00128959
0.00159511
0.00134922
0.000586299
0.000704969
0.00277869
0.0119091
0.00106278
0.000581023
0.0158848
0.00161148
0.00159435
0.00230843
0.00131422
0.000627088
0.00114494
0.00162734
0.000755236
0.0145372
0.00124
0.00223266
0.0010729
0.0017677
0.00124002
0.00156618
0.00096748
0.00246485
0.00147761
0.00080594
0.00182654
0.00125854
0.00176482
0.00232508
0.00125919
0.0017386
0.000752032
0.00342018
0.000803148
0.00192874
0.000910205
0.000766828
0.00162824
0.000776263
0.00123447
0.00212596
0.00135909
0.000913618
0.00847108
0.002055
0.000637293
0.00223885
0.00214207
0.00154874
0.00579829
0.00826209
0.00109358
0.00151472
0.00349231
0.0011635
0.00115407
0.000386183
0.00159341
0.001168
0.00266783
0.00181256
0.00140377
0.000896476
0.0014297
0.000794831
0.00185929
0.00130478
0.00140679
0.00295596
0.00141303
0.00423789
0.00132276
0.00126404
0.00196751
0.00191229
0.00149305
0.00247317
0.0015598
0.00139674
0.000857613
0.00107632
0.000914561
0.00323004
0.000595645
0.00171958
0.00189974
0.00417814
0.000861413
0.00114783
0.000718943
0.00122506
0.001087
0.00600261
0.00123318
0.000759904
0.00148858
0.0015737
0.001657
0.00159558
0.000760203
0.00191632
0.000448894
0.00098244
0.00340267
0.00117568
0.00170505
0.00176519
0.000847398
0.00112916
0.00198179
0.000416966
0.000586095
0.000932336
0.00188461
0.00116479
0.000689453
0.00156613
0.0014317
0.000772387
0.00151515
0.00136465
0.00138719
0.00113352
0.00137163
0.00285445
0.00123401
0.000354399
0.00112857
0.00177183
0.00196823
0.003196
0.000951381
0.00200258
0.00282688
0.00110247
0.00106311
0.000715786
0.00113929
0.000751927
0.00201517
0.00240901
0.00206159
0.00102423
0.00119945
0.00131818
0.000657952
0.00135188
0.0107461
0.00127259
0.000688097
0.000612279
0.000638104
0.00138978
0.000498905
0.00122499
0.000883246
0.0021186
0.00117413
0.0011122
0.00112687
0.00138969
0.000640807
0.000531734
0.000830242
0.00102595
0.000586218
0.00505029
0.000701685
0.0020005
0.0013198
0.00107734
0.00117876
0.00230332
0.00099828
0.00269283
0.000544492
0.00480303
0.0010445
0.00182182
0.00105446
0.00114657
0.000765038
0.00143122
0.0014222
0.000908992
0.00102461
0.000755681
0.00234573
0.00196035
0.00740866
0.00191202
0.00319332
0.00256903
0.000536476
0.00129698
0.00271446
0.00207241
0.000966442
0.00138127
0.00131013
0.00185424
0.00266325
0.00143367
0.0016675
0.000802745
0.00345805
0.000414585
0.00459984
0.00139334
0.000677346
0.000694771
0.00188024
0.000801986
0.00182601
0.000809012
0.00188329
0.00068676
0.000735811
0.000566536
0.00141041
0.00124439
0.000470753
0.00226861
0.000983093
0.00268436
0.00152583
0.00143572
0.00112732
0.000772266
0.00140303
0.00115915
0.00105934
0.0015624
0.000952719
0.00132999
0.00357561
0.00118708
0.0017106
0.00331721
0.00129582
0.00134751
0.000971153
0.00180881
0.000859264
0.00115399
0.00133888
0.00132805
0.000655368
0.0014902
0.00178268
0.00156827
0.000833935
0.000678493
0.00206512
0.000896877
0.000504311
0.00122665
0.00134724
0.00117855
0.00157243
0.00125746
0.0023754
0.000698268
0.00189445
0.00172289
0.00182534
0.0013081
0.00171812
0.000864451
0.00093486
