0.000370872
0.00021795
0.000382563
0.000202665
0.000788
0.000288352
0.000228539
0.000732329
0.00234349
0.00034672
0.00158743
0.000288911
0.000392789
0.000340218
0.000526423
0.000261294
0.000384498
0.000375051
0.000293128
0.000204855
0.000730771
0.000512812
0.000783146
0.000750008
0.000323674
0.000588479
0.000219552
0.00283267
0.000215365
0.000358046
0.000278309
0.00019011
0.00044033
0.000306478
4.62114e-05
0.000341098
0.00020748
4.40944e-05
0.000383612
0.000234782
0.000137235
0.000327632
0.000332554
0.00051086
0.00022359
0.000165396
1.08261e-05
0.000258196
0.00023017
0.000169048
0.00015065
0.000258405
0.000143959
0.000271001
7.10909e-05
0.00046467
0.000916994
0.000346018
0.000147293
0.000521631
0.000122872
0.000138693
0.000440458
0.000202548
0.000203769
0.000165866
0.0002327
0.000583706
0.000241083
0.000257095
0.000155659
0.000181932
0.000408792
0.000126429
0.00082917
0.000284327
0.000542472
0.000284843
0.000535443
0.000348336
0.000556943
0.00384386
0.000197403
0.000191328
0.000215731
0.00030802
0.000656779
0.000532139
0.000240381
0.000206464
0.000288071
0.000257926
0.000323698
0.000207139
0.00375305
0.000428694
0.000333603
0.00111802
0.000221923
0.00042294
0.000225491
0.000335034
0.000529344
0.000994031
0.000193414
0.00241423
0.000203614
0.000305336
0.000269368
0.000624073
0.000225521
0.000292435
0.000378982
0.000777398
0.000390358
0.000199454
0.000224813
0.000327361
0.000178123
0.000114074
9.7256e-05
0.000251906
0.000232073
0.000334871
0.000178716
0.000236472
0.000837011
0.00021651
0.000319269
0.000381642
0.000184982
0.000111235
0.000194509
0.00038379
0.000422249
0.000580599
0.000358916
0.00020692
0.000542244
0.000178033
0.000294123
0.000123076
0.00017674
0.000235015
0.000966072
0.000397421
0.000240791
0.000255788
0.000184017
0.00929648
0.000222867
0.00146006
0.000302168
0.000703776
0.00057003
0.000271261
0.000762767
0.000236186
7.34474e-05
0.000224666
0.000266002
0.00191785
0.000115179
0.00013888
0.000149815
0.000261883
0.000153898
0.00013656
8.88797e-05
0.000368624
0.000670861
0.000609969
0.000282359
0.000368584
0.000628435
0.000410479
0.000284519
0.000301787
0.000317437
0.000588664
0.000282243
0.000275844
0.000615697
0.000364937
0.000208118
0.00110431
0.00103297
0.000367357
0.00020623
0.000214876
0.000282295
0.000218913
0.000225595
0.000325453
0.000515142
0.000216478
0.000514568
3.09493e-05
0.000172711
0.000462374
0.000161489
0.000159161
0.00032426
0.000603099
0.000325921
0.000315706
0.000525351
0.000665009
0.000907019
0.000446711
7.78504e-05
0.000399275
0.000320188
0.000667366
0.000953079
0.000245907
3.92312e-05
0.000229734
0.0106748
0.000200013
0.000174592
2.84693e-05
0.000282243
0.000133349
0.000280072
0.00028707
0.000106547
0.00010506
0.000456881
0.000328257
0.000337632
0.000507111
0.000199276
0.000201275
0.000372772
0.000192404
0.000128915
0.000943731
0.00247929
0.000537187
0.000754246
0.000665216
0.000611076
0.000250205
0.00074478
0.000126282
0.000205619
0.000256093
0.000259741
8.13662e-05
0.00022858
0.000264778
4.59461e-05
0.000220356
0.000166189
0.0259092
0.000484092
0.000270412
0.00033483
0.00063923
0.000117962
0.000127211
0.000202653
0.000665632
0.000214558
0.000454281
0.000266253
0.000291364
0.0001579
0.0004747
0.000427169
0.000261162
0.000317461
0.000163851
0.000951516
5.79383e-05
0.000412041
0.000725697
0.000144055
0.000241864
4.77992e-05
0.000529329
0.000353965
0.000295539
0.000356456
0.000412977
0.00463448
0.000467623
0.000294525
0.000248861
0.000267527
0.000261573
0.00107182
0.000522303
0.000481178
9.62189e-05
0.000288774
0.000499897
0.000342228
0.000230247
0.00017116
0.000367207
0.000700349
0.000426189
0.000130814
0.000319142
0.000202084
0.00135561
0.000125636
0.000183322
0.000363388
0.000466518
0.000281223
0.000150109
0.000852373
0.00166747
0.000316484
1.03803e-05
0.00103371
0.000296857
0.000332707
0.000486209
0.000245645
0.000189583
0.000192394
0.000292821
0.000272651
0.000864043
0.000321946
0.000472033
0.000101198
0.000183781
0.000260227
3.88654e-05
0.000138718
0.000402311
0.000174812
0.000289506
0.000257815
0.000342952
0.000166701
0.00282185
0.00046387
0.000308794
0.000233467
0.000375027
0.000435962
0.000324156
0.00126254
0.000241665
0.00123071
6.77246e-05
0.000123526
0.000292779
0.000307819
0.000418167
0.0012095
0.000409485
0.000284575
0.000505359
0.000142735
0.000681575
0.00042567
0.0001052
0.000226272
0.000599617
0.000538281
0.000758513
0.000121949
0.000198703
0.0008721
2.47145e-05
0.000378721
0.000409383
0.000248127
0.000248549
0.000119601
0.000530344
0.000161362
0.000320482
0.000127763
0.000292562
0.000395592
0.00031296
0.00020386
0.000178694
0.000482978
0.000228435
0.000287288
0.000427764
0.000400469
0.000251592
0.000161038
0.000477253
0.000331132
0.000605059
0.000223753
0.000716246
0.000321944
0.000982574
0.000372419
0.000279834
0.0295151
2.21678e-05
4.00273e-05
0.000176871
0.0010436
0.000268986
0.000277341
0.000195693
0.000185184
0.000227218
0.000161557
0.000328298
0.000450758
0.00024754
0.000184041
0.000260285
0.000365971
0.000557618
0.000802208
0.00104992
0.000416374
0.000678868
0.000276915
0.000405954
0.000329691
4.89843e-05
0.00040374
0.00042488
0.000222949
0.000293341
0.000165183
0.000300099
0.000259916
0.000350428
0.000222655
0.00029288
0.000443515
0.000156768
0.00019768
0.000482517
0.00040573
0.000493623
0.000650848
0.00022191
0.000114425
0.000101817
0.000193224
0.000169477
0.000162923
0.000133155
0.000240919
7.28252e-05
0.000349887
0.000361961
0.000838901
0.000195667
0.000226593
0.000673107
0.000384268
0.000966733
0.000498364
0.000234632
0.000299974
0.000262956
0.000369192
0.000113852
0.000247061
0.000375853
0.000298993
8.99159e-05
0.000270599
0.000129169
0.000165866
0.000135565
0.000632361
0.000261733
0.000406763
0.000508565
0.000319455
0.000294383
0.000249828
0.000179074
0.000304232
6.52603e-05
0.000459117
0.000389376
0.000500924
0.000576177
0.000352839
0.00050541
0.000322771
7.66601e-05
0.000303543
0.000118932
0.000170041
0.000393989
0.000511301
0.000458133
0.000411466
0.000707339
0.000162878
0.000223764
0.000202391
0.000551551
0.000485833
0.000301471
0.000221243
0.00036546
0.000436902
0.000248672
0.000367918
0.000276528
0.00014575
0.000264939
0.000464444
2.90808e-05
0.00020455
0.00123141
0.000141938
0.000135098
0.000211642
0.000112522
0
0.00031836
0.000185762
0.000341016
0.000256244
0.000199863
0.0011371
0.000289394
0.000626286
0.000703646
0.00035682
9.23343e-05
0.000486324
0.000878097
0.000129217
0.000514126
0.000222293
0.000250334
0.000982527
5.98887e-05
0.000428166
0.000174427
0.000618077
0.00010712
0.000687989
0.000257567
0.000544622
0.00027285
0.000392099
0.000621841
0.00115832
0.000183305
0.000392498
0.000335497
0.000124611
7.66117e-05
0.000581363
0.000374247
0.000216959
7.26371e-05
0.000383366
0.000171153
0.000296025
0.000372805
0.000499838
0.000500254
0.00165759
0.000145268
0.00190559
0.00049646
0.000341657
0.000375432
0.00042119
0.000331695
0.000129063
0.000238201
0.000282572
0.000818662
0.000308691
0.000236588
0.000340667
0.000264654
0.000486262
0.000324459
0.000379113
0.00105971
0.000557143
0.000463727
0.000334487
0.000347303
0.000238591
0.00045499
0.000719853
0.000173405
0.000211749
0.000112429
0.000455676
0.000256574
0.000387563
0.0124131
0.000405178
0.000240317
0.000126893
0.000176196
0.000385395
0.000260683
0.000342297
0.000406328
0.000132658
0.000361213
0.000831281
0.000218827
0.000287417
0.000310025
0.000237243
0.00742545
0.000143818
0.00036508
0.000227704
0.000171967
0.000487259
0.00025212
0.000513025
0.00087775
0.000622085
0.000192193
0.000101614
0.000158782
0.000260046
0.000511002
0.00057265
0.000343009
0.0001963
0.000331696
9.37692e-05
0.000213649
0.000135375
0.00213081
0.000114072
0.00017082
0.000140336
0.000400672
0.000380133
0.000410695
0.000330544
0.000427
0.000214281
0.0283902
0.000279589
0.000233149
0.000342023
0.00018392
9.9445e-05
0.000555083
0.00011461
0.000345935
0.000112321
0.000396554
0.000817265
0
0.00034707
0.000339079
0.000868957
0.000506426
0.000671624
0.000195586
0.00813232
0.000621943
0.000315445
0.000217814
0.000187645
0.000118619
0.000242206
8.82747e-05
0.000194427
0.000116234
0.000213508
0.000200389
0.000238531
0.000221157
0.0054537
0.00104541
0.000499854
0.000308195
0.000268322
1.29483e-05
0.000377324
0.000362192
0.000205464
0.000287851
0.000316397
0.000312302
0.000331466
0.000374645
0.000559145
0.000251908
0.000431993
0.000494252
0.000245584
0.000463674
0.000136549
0.000163955
0.000154101
0.000261721
0.000519047
0.000299434
0.00267511
0.000667343
0.000164899
0.000105648
0.000554205
0.000134843
0.000347021
0.000320025
0.000177264
0.000878339
0.000426808
0.000156573
0.000841166
0.000795831
0.000329616
0.000278525
0.000307343
0.00110642
0.000677344
0.000491437
0.000309292
0.000164863
0.000125144
7.11882e-05
0.000364357
0.000319944
0.000262282
0.00284815
0.000395795
0.00012511
0.000210079
0.000130144
0.000138059
0.000157015
0.000186305
4.98597e-05
0.000252517
0.00011153
0.000157406
0.000503643
0.000275764
0.000763964
0.000200652
0.000170929
0.000183873
0.00154352
5.49652e-05
0.00074927
9.46714e-05
0.000156414
0.000768739
0.000290995
0.000290705
0.000248078
0.000235751
3.67913e-05
0.000585726
0.000172112
0.000293813
0.000284577
0.000922591
0.000117439
0.000163751
0.000278637
0.000135835
0.00903742
0.000285801
0.000165415
0.000274326
0.000198346
0.000169319
0.000131019
0.000224962
0.000187042
0.000167497
0.000206949
0.000189687
0.000300762
0.000123574
0.147075
0.000219781
0.00100731
0.000405839
0.000341815
0.000265397
0.000133276
0.000903727
0.000248964
0.000216892
0.000573092
0.000155448
0.000325186
0.000352576
0.000179994
0.000284252
0.00021343
0.000411726
0.000216839
0.000323781
0.000208631
0.000407537
3.65228e-05
0.000428483
0.00105539
0.00051439
0.000265707
0.000197844
0.00873366
0.000363073
0.000900685
0.00139461
0.000301064
0.000132911
0.000673404
0.000372439
0.000272385
0.000154011
0.000177535
0.00036799
0.000254073
0.000274678
0.000247072
0.000340929
0.000978701
0.000514718
0.000101863
9.21155e-05
0.000157529
0.000599701
0.000109293
0.000248138
0.000242438
0.000222593
0.000318947
0.000265118
0.000137278
0.000245473
0.000289876
0.000493106
0.00017769
0.000392796
8.03262e-05
0.000414343
0.000195674
0.000190153
0.000219433
0.000405008
0.000223721
0.00037483
0.000388581
0.00130631
0.000338102
0.000343796
0.000329213
0.000138844
0.00111292
0.000134841
0.000269414
0.000180989
0.000472652
0.000197033
0.000733388
0.000282489
0.00114792
0.000518703
0.000265033
0.000145922
0.000121119
0.000530707
0.000393636
0.000163947
0.0005568
0.00010064
0.000111589
0.000729907
0.000276721
0.000235219
0.000141728
0.000369172
0.000178519
0.00115963
0.000793296
0.000458874
9.38171e-05
0.00232031
0.000834317
0.000194346
0.000318722
0.000206352
0.00391619
0.000335109
0.000221379
0.000691324
0.000710188
0.000409669
0.000557899
0.000343828
0.000156971
0.000138765
0.000233666
0.000480652
0.000142129
0.000655565
0.00115744
0.00032984
0.000651721
0.000393877
0.000132369
0.000815458
0.000273298
0.000262115
0.000337957
0.00014179
0.000330073
0.00035986
0.000314433
0.000747506
0.00134748
0.000212003
0.00197131
9.31812e-05
0.000161612
0.000326381
0.00204644
0.000640786
0.000166131
0.000121415
0.000329042
0.000154962
0.000452009
0.0012398
0.000905157
0.00104556
7.60213e-05
0.000147554
0.000244468
0.000182826
0.000190032
0.00022496
0.000685129
0.000293057
0.000176212
0.000197158
0.000529975
0.000398559
0.000178725
0.00033552
0.000274123
7.85953e-05
0.000240982
0.000327209
0.000163566
0.000189419
0.00019133
0.000311855
0.000227554
0.000283383
0.000227886
0.000114686
0.000414715
0.000135195
0.000369444
0.000303905
0.000303793
0.000161107
0.000449115
9.61758e-05
0.000140527
0.000150004
0.000381432
0.000197393
0.000249544
0.00157005
0.00039689
0.000105766
0.000398765
0.000203544
0.000279426
0.000832768
0.000273552
0.000357593
0.000321542
0.000123947
0.000271166
0.000736123
0.000274868
0.000252502
0.000487122
0.000413394
0.000165785
0.000192273
0.00120529
0.000155711
0.000345857
0.000140849
0.000238148
9.84978e-05
0.00168475
0.000160832
0.000309281
0.000147723
0.000291051
0.000194101
0.00037364
3.76097e-05
0.000383228
0.000441833
0.000736479
0.00336465
0.000201825
0.000151269
0.00071547
0.000153868
0.000497908
0.00052051
0.000666428
0.000781234
0.000273843
0.00030865
0.000649396
0.000274303
0.000161713
0.0002749
0.000206346
0.000243082
0.000338186
0.000193124
0.000359364
0.000718209
0.000255786
0.00124279
0.000153842
0.000315775
0.000354939
0.000349548
0.000601432
0.000350465
0.0002612
0.000216868
0.000259983
0.000168414
0.00154993
0.00073804
0.000122814
0.000243783
0.000252296
0.000122358
0.00144878
0.000476551
3.02597e-06
0.000149376
0.000392815
0.000201759
0.000192257
0.000381035
0.000190557
0.000294245
0.000305173
0.00016706
0.000419308
0.00132168
0.000151184
0.000316841
0.000861797
0.000282533
0.000321652
0.000650324
0.00015967
0.000196314
0.000564285
0.000437052
0.000306022
0.000403002
0.000383641
0.000481913
0.00294348
0.000196712
0.000860515
0.000595773
0.000377574
0.000222778
9.70009e-05
0.000141091
0.00034844
0.000640205
0.000562801
0.00100244
0.000196318
0.000838746
0.000200899
0.000784392
0.000221568
0.000450205
0.000134945
0.000181172
0.000159351
0.000121439
6.32674e-05
0.000319586
0.000250537
0.000269758
0.000636133
0.000144857
0.000507883
0.0043116
0.000448173
0.0005046
0.000351279
0.000198484
0.000406334
0.000222555
0.000509215
0.000707285
0.000160052
0.000243154
0.000161639
0.000284547
0.000691113
0.000384981
0.000553609
0.000317299
0.000317709
0.00027743
0.000548721
0.00116847
0.000229296
0.000457919
0.000261478
0.00037422
0.00034693
6.58018e-05
0.000180954
0.000162124
0.000374417
0.00013221
0.000436742
0.000935164
0.000311396
0.000495461
0.000408483
0.00103072
0.000175018
0.00012958
0.000441389
0.000168841
0.000113055
0.000875529
0.00326552
0.00071166
0.000386479
1.37797e-05
0.000281003
0.000651691
0.000452481
0.000498884
8.8875e-05
0.000482021
0.000259066
0.000249767
0.000404561
0.000522191
0.000863734
0.000328003
0.00019873
0.000190115
0.000285001
0.00331251
0.000136604
9.70624e-05
0.000187964
0.000607521
6.44314e-05
0.000335733
0.000207925
0.000251998
0.000230891
0.000263909
0.000350197
0.000687866
0.000383443
0.000344619
0.000277407
0.000244333
0.000356973
0.000438651
0.000310475
0.000327505
0.000229693
0.000213983
0.000108805
0.000390201
0.000218291
0.000105712
0.000331574
0.000372288
0.000772256
0.000198914
0.000443901
0.000189012
0.000331296
0.000256463
0.000335453
9.79472e-05
0.000273391
0.000296659
0.000410102
0.000121007
0.000216566
0.000218869
0.000541938
0.00093653
0.000239321
0.000932513
0.00034625
0.000175845
0.000391359
0.000234704
0.000555104
0.000434847
0.000417226
0.000382393
0.000127586
0.00132397
0.000350183
0.000416842
0.000249031
0.000138887
0.000275535
0.000177003
0.000326666
0.000398743
0.00014526
0.000321797
0.000298232
0.000617064
0.000411188
0.000297393
0.000122881
0.000363185
0.000180378
0.00112773
0.000195305
0.000401047
0.000494953
8.44463e-05
0.000255471
0.000318289
0.000176796
0.000186405
0.000263675
0.00020595
0.000531495
0.000445873
0.000325613
0.000336485
0.000302304
0.000353423
0.000272838
0.000260687
0.000358412
0.000349858
0.000258068
0.000339777
0.000352513
0.000822694
0.000136663
0.000270889
0.0002509
0.000331646
0.00124734
0.000377599
0.00092096
0.000236904
0.000272993
0.000318227
0.00149011
0.000219271
0.00929525
0.000519077
0.000141171
0.00185459
0.000425346
0.000982781
1.09385e-05
0.000235749
0.000261735
0.000319243
0.00235879
0.000858656
0.000145651
0.000741236
0.000311243
0.00025517
0.000232215
0.00227758
7.17622e-05
0.00021647
0.000256862
0.000219339
0.000151843
0.000284819
0.000199888
0.000177961
0.000683642
0.000196782
0.000312458
0.00100868
0.000161631
0.000365696
0.000242816
0.000154027
0.000271236
0.000483684
0.000247176
0.000283698
0.000349754
0.000589793
0.00241738
0.000659747
0.000172105
0.00031585
0.000273136
6.89203e-05
0.000390443
0.00022261
0.000138349
0.000772063
0.000380238
0.000173313
0.000113072
0.000503509
0.0023993
0.000492752
0.000369204
0.000469449
0.000437424
0.000223983
0.000475894
0.000555507
0.00142168
0.000241942
0.000599089
0.000847528
0.00020837
0.000525863
0.000212697
0.00025299
0.000177764
0.000454845
0.000558852
0.000297062
0.000174254
0.000308725
0.00010919
0.00012778
0.000155184
0.000564906
0.000146072
0.000154534
0.000132855
0.000289913
0.000253281
0.00010898
0.00290951
0.000168648
0.000406831
0.000977436
0.00789464
0.000549113
0.0003151
0.000287092
0.000225741
0.000149582
0.000253158
0.000614747
0.000294036
0.000393335
0.000139929
4.82748e-05
0.000244944
0.00038634
0.000266802
0.00026653
0.000132184
0.000240421
0.000377087
0.000332942
0.000158111
0.000364732
0.000122554
0.001324
0.00075501
0.000174981
0.000307713
0.000494134
8.4116e-05
0.000178408
0.000258209
0.000216503
0.000243938
0.0012043
6.88822e-05
0.000252371
0.000685691
0.000935798
0.000513081
0.000114994
0.000284928
0.000346633
0.000575185
0.000283556
0.000283762
0.000377092
0.000146911
0.00050109
0.000453013
0.000285156
0.000477056
0.000805823
0.00213237
0.00103254
0.000556602
0.000257367
0.000323563
0.000580406
5.75022e-05
0.000342738
0.000131043
0.000379787
0.000187471
0.000215416
0.00016638
0.000335943
0.000404875
0.000519365
0.000831748
0.000386813
0.00020708
0.000322447
0.000369382
0.000175997
0.000115367
0.000288533
0.000833972
9.27676e-05
0.000833605
0.000495106
0.000111916
0.000619944
0.000919625
0.00147009
0.000686015
0.000352565
0.000268419
0.000140199
0.000291208
0.000205615
0.000120488
0.000295938
0.000186266
0.000368935
0.000493053
0.000431056
0.000257859
0.000107821
0.000470507
0.000103085
0.000456629
0.000400148
0.00021059
0.000121402
0.000637746
0.000391744
0.000424803
0.000283586
0.000323076
0.000167845
0.00410553
0.00015904
0.000978155
0.000561308
0.000436198
0.00030948
0.000381006
3.63693e-05
0.000412206
0.00013976
0.000273581
6.55098e-05
0.000315318
0.000366644
0.000350586
0.00876598
0.000303907
0.000510549
0.0002567
0.000219659
0.000348894
0.000294195
0.000265252
0.000367636
0.0124518
0.000689147
0.000143949
0.00054746
0.000113071
0.000281264
9.80822e-05
0.000563522
0.000182707
0.000324286
0.00118861
0.000232234
0.000209932
0.000312699
0.00033073
0.000663087
0.000240098
0.000239673
0.000248424
0.000145018
0.00044451
0.000176992
0.000237556
0.000331014
0.000617385
0.000151347
0.000111728
0.000142081
0.0002546
0.00890382
0.000257409
0.000135564
0.000190507
0.000611175
0.00385627
0.000931845
0.000210529
0.000318258
0.0009514
0.000687706
0.000156978
0.000686453
0.000330908
0.000322336
0.000206963
0.000197288
0.00116479
0.000204532
0.000292771
0.000266749
0.00027839
0.000317749
0.000158008
0.000222565
0.000344095
0.000147236
0.000383309
0.000178634
0.000158324
0.000153697
0.000256606
0.000250392
0.000532353
0.00032853
0.000359069
0.00227802
0.00833729
0.000658175
0.000423373
0.000418039
0.000185373
0.000378996
0.000232531
0.000171958
0.000711643
0.000371336
0.000480226
0.000194794
0.000143303
0.000480359
0.00102696
0.00023194
0.000242612
0.000372045
0.000605297
0.000487641
0.00024509
0.000199085
0.00015771
0.000281316
0.00040083
0.00012987
0.000196527
0.000211955
0.00063426
0.000806549
0.000171806
0.00053255
0.00019679
0.000230294
0.000534575
0.000201003
0.00248632
0.000402224
0.00031133
6.8978e-05
0.000231152
0.000527829
0.000478185
0.000378136
0.000275032
0.000104232
0.000496712
4.62723e-05
8.79813e-05
0.000291007
0.000601247
0.000228135
0.000162185
0.00032597
0.000295606
0.000397598
0.00276092
5.46748e-05
0.00022006
0.000717984
0.000612345
0.000273627
0.000150022
0.000220377
0.000240233
0.000177005
0.000245426
0.00077542
0.000372459
0.000401955
0.00049972
0.000459681
0.00021504
0.000275001
0.000234206
0.000176767
0.000340768
0.000232693
0.000183143
0.000269598
0.000105777
0.000358777
0.000853241
0.00032596
0.00108233
9.07986e-05
0.000180297
0.000232071
0.000142973
0.000807555
0.000933735
0.000183725
0.000110504
0.00398531
0.000115027
0.000343089
0.000195272
0.00147914
0.000397233
0.000455428
0.000137931
0.000499817
0.00019876
0.000374561
0.000271909
0.000161716
0.00627759
0.000231123
0.000213825
0.000170991
0.0185701
0.000132948
0.000615818
0.00013622
0.000180853
0.000314559
0.000161225
0.000596752
0.00063693
0.000495484
0.000616336
0.000238525
0.000357379
0.000278053
0.000289441
0.00044565
0.000228426
0.00047804
0.000284958
0.000195238
0.000402152
0.000359835
0.000249197
0.000271674
0.00220651
0.000486394
0.000924156
0.000288175
0.000139332
0.000446235
0.000325604
0.00012769
0.000175027
0.000344332
0.000303354
0.000139693
0.000219431
0.000307694
0.000374415
0.000250467
0.000782634
0.000366774
0.000154903
0.000464336
0.000291917
0.000252014
0.000183639
0.000348168
0.000339522
0.000627328
0.000111796
0.00103617
0.000235035
0.000126254
0.000263533
0.000541105
0.00028631
0.000269957
0.000379493
8.83876e-05
0.000112344
0.000152759
0.0002004
0.000162867
0.000239927
0.000286108
0.000490105
0.000518204
0.000148951
0.000463596
0.000529407
0.000237705
0.00043382
0.00111799
0.000545898
0.00111307
0.000196416
0.000189318
0.000278955
0.000538449
0.000717931
0.000322749
0.000426424
0.00023818
0.000671903
0.000487241
0.000470322
0.0002889
0.0001978
0.000315308
0.000351917
0.000175554
0.000398487
0.000223202
0.000450495
0.000720941
0.000148406
6.72516e-05
0.000206714
0.00216692
9.20225e-05
0.000415798
0.000588326
0.000220707
0.000611455
0.000653688
0.000115086
0.000116559
0.000573088
0.000908789
9.19235e-05
0.000575766
0.0001193
0.000306546
0.000118362
0.000170605
0.000589159
0.000210498
0.00044511
0.00020434
0.000101026
7.8359e-05
0.0007999
0.000331972
0.000387579
0.000882941
0.000409118
0.000184117
0.000448372
0.000390959
0.000160236
0.000271446
0.00692481
0.000658039
0.000922216
0.000219117
0.00042786
0.000209093
0.000418803
8.47096e-05
0.000253903
0.000384238
0.000330707
0.000237949
0.000317062
0.000368118
0.00018215
0.000201914
0.00041273
0.00109161
0.000257231
0.00035157
0.000226229
0.00012062
0.000258259
0.00037477
0.000215198
0.00399951
0.000386875
0.000361098
0.000462266
0.00027393
0.000286322
0.000259731
6.94562e-05
0.00021629
0.000356116
0.000269324
0.000350067
0.00018275
0.00037765
6.51911e-05
0.000161448
9.09114e-05
0.000534531
0.000121817
0.000223295
0.00035931
0.00024311
0.00022452
0.0002534
0.000339338
0.00104756
0.000334442
0.000370407
0.000351448
0.000225092
0.000344044
0.000247003
6.65073e-05
0.000166405
9.9079e-05
0.000468428
0.000733066
0.000497209
0.000121053
0.000209423
0.00017219
0.000113272
0.00106349
0.000304699
0.000123184
0.000169184
0.00014342
0.000362557
0.000463973
0.000110744
0.000426756
0.000289021
0.000174433
0.00381961
0.00035592
0.000215645
0.000162366
0.000218361
0.000437511
0.000478192
0.000316811
0.000350246
0.000264629
0.000211395
6.73158e-05
0.00619952
0.000483798
0.000254416
0.000248866
0.00107205
0.000350169
0.000350721
0.000245422
0.000102773
0.000265279
0.000129482
0.000313721
0.00013658
0.000498991
0.000407145
0.000951904
0.000347859
9.661e-05
0.000245789
0.000278405
0.000165261
0.000442435
0.000383585
0.00120767
0.000787126
0.000269139
0.00105759
0.000255694
0.000406441
0.000154525
0.000168129
0.000122698
9.39461e-05
0.000344468
0.000634305
0.000352425
0.000319824
0.00012843
0.000274595
0.000369205
0.000116862
0.00598069
0.000311439
0.000399279
0.000134655
0.000173739
0.000296727
0.000132844
0.00168519
0.00104078
0.000214471
0.000172385
0.000177553
0.000514731
0.000132067
0.000139397
0.00027371
0.000468828
0.000422951
0.000195971
0.000294042
0.000413604
0.00020909
0.000194336
0.000853259
0.000778468
0.000344806
0.000169318
0.000677364
0.000253778
0.000179789
0.000241771
0.000759248
0.0002132
0.000522293
0.000334183
0.000702677
0.000347304
0.000406932
0.000377201
0.000499554
0.000445807
0.000119254
0.000231856
0.000283476
0.000209266
0.000421996
0.000330737
0.000220781
0.000302649
0.000782403
0.00176309
0.000219238
0.000259858
0.000824775
0.00117674
0.000367909
0.000199978
0.000360005
0.000198343
0.000178212
0.000167147
0.000196614
0.000103882
0.000369066
0.00126202
0.000385613
0.000118946
0.000533806
0.00014509
0.000179424
0.000349292
0.000526232
0.000975021
0.000229086
0.000531631
0.000187623
0.000100229
0.00140322
0.000318198
0.000524461
0.000295558
0.00137055
0.000208814
0.000202988
0.000174713
0.000349
0.000388979
0.000235702
0.000328561
0.000121477
0.000259536
0.000117383
0.000436532
0.000268849
4.22772e-05
0.00047658
0.000936479
0.00019588
0.000745189
4.82954e-05
0.000312612
0.000256871
5.05882e-05
0.000917216
0.000474706
0.000175352
0.000258497
0.00101903
0.00192806
0.00059966
0.000369476
0.000400178
0.000131793
0.000191112
0.000954021
0.000383147
0.000816894
0.000449573
0.000161975
0.000439603
0.00020024
0.000289263
0.000159741
0.00011496
0.000411366
0.000460011
0.000124482
0.000582098
7.40684e-05
0.000342372
0.000253288
5.44555e-05
0.000511817
0.000183039
0.000267722
0.000458936
0.000281363
0.000208757
0.000213584
0.000750083
0.000398359
0.00034379
0.000403083
0.000157417
0.000301202
0.000947777
