0.000772751
0.00218596
0.000632237
0.000581723
0.000345029
0.000890985
0.00155676
0.000860388
0.000615028
0.000656782
0.00046563
0.000939149
0.000281532
0.000824433
0.00107105
0.00115616
0.00419519
0.000436936
0.000773499
0.000852875
0.000965166
0.00076631
0.00122928
0.00087114
0.00149647
0.000704576
0.000404839
0.00137252
0.000304622
0.000716832
0.000552166
0.000784684
0.000913828
0.00510363
0.000558806
0.000513095
0.00151763
0.000783304
0.000705777
0.000525994
0.00109354
0.000937588
0.00106787
0.000940199
0.000530632
0.000863701
0.00144139
0.001
0.000785894
0.00118127
0.000639051
0.00116214
0.00106183
0.000899298
0.000442105
0.00172321
0.00146762
0.000651854
0.00123624
0.000289083
0.00105254
0.000441829
0.000866388
0.000670508
0.000641124
0.000841997
0.00107351
0.000646733
0.000325499
0.00309113
0.00235021
0.000686241
0.0010533
0.000714333
0.000611027
0.000850561
0.000963564
0.000471575
0.010149
0.000664646
0.00088342
0.00180964
0.000590188
0.00168889
0.00101714
0.000597382
0.000632182
0.000724226
0.000675995
0.000828753
0.000748469
0.000357186
0.00063469
0.00146125
0.00112848
0.0347714
0.0013921
0.000453427
0.000231287
0.000907717
0.00127656
0.0007653
0.00146902
0.00116346
0.000596993
0.000860295
0.00145743
0.000427425
0.000877606
0.000662517
0.000619272
0.000841895
0.000492561
0.000437627
0.000331949
0.000764631
0.000377
0.000332711
0.000410521
0.000928485
0.00442361
0.000580791
0.000609251
0.00106765
0.000943806
0.00097633
0.000577654
0.00154462
0.000683358
0.000522629
0.000898738
0.000723627
0.000764721
0.000836487
0.000477832
0.00262206
0.000524979
0.000904805
0.00441701
0.00261495
0.0010186
0.000757054
0.000388005
0.00325367
0.00115569
0.000345212
0.00111266
0.000263401
0.000778394
0.000470866
0.00164123
0.000239857
0.00146051
0.000446585
0.00101423
0.000702052
0.00189663
0.00084401
0.000849017
0.00274107
0.000809294
0.000937499
0.00149992
0.00126743
0.000361497
0.00243648
0.00036443
0.00750787
0.0033255
0.0037921
0.000864609
0.00320187
0.00238747
0.00107423
0.000805037
0.00114485
0.000415779
0.0133042
0.00109072
0.000265655
0.00125401
0.000563608
0.0010867
0.00114162
0.00101402
0.000340647
0.000862988
0.00372496
0.000518839
0.00144072
0.000417207
0.00061362
0.000877918
0.000724758
0.000798375
0.00122482
0.00103262
0.000654647
0.000683503
0.00100112
0.00113232
0.000850067
0.000569336
0.00135109
0.000497573
0.00148705
0.000647397
0.000614994
0.000893862
0.00726946
0.00043968
0.00102632
0.00166918
0.000845214
0.000366044
0.00059009
0.000847547
0.00125923
0.00163365
0.00111644
0.00126341
0.000512331
0.000990621
0.00199254
0.00066462
0.00118031
0.00769251
0.00188569
0.000593359
0.00113378
0.000283999
0.000725336
0.000797757
0.00355495
0.000328351
0.000343525
0.000838007
0.000449861
0.000470301
0.000450125
0.000538765
0.00091623
0.000841512
0.00181908
0.00123868
0.00125457
0.00445325
0.00042139
0.00049844
0.00279126
0.00108735
0.000259065
0.00372595
0.00259928
0.00109581
0.000423056
0.000973869
0.000364172
0.00686397
0.000548283
0.00102507
0.000635932
0.000628958
0.00110687
0.00064268
0.000459987
0.000743036
0.000217594
0.000632273
0.00168493
0.000874994
0.00402205
0.00160356
0.0010136
0.000362123
0.00479364
0.000946791
0.000657139
0.00113145
0.000796699
0.000722182
0.000851529
0.00371684
0.000552028
0.00161729
0.000627138
0.000888701
0.0015409
0.00069264
0.00107193
0.00168715
0.000541016
0.000854527
0.000679679
0.000884852
0.000654975
0.000859639
0.000511076
0.000523987
0.00367877
0.000867367
0.000631641
0.00205114
0.00491259
0.000372307
0.00100786
0.000388838
0.000550402
0.000873668
0.00130016
0.000635566
0.000660298
0.00076715
0.00103145
0.00102764
0.011476
0.00135726
0.000874169
0.00105367
0.000816031
0.000673161
0.000468198
0.00167372
0.000321323
0.00121637
0.00306171
0.000608476
0.000127354
0.00062592
0.00137349
0.00068875
0.000721391
0.000559402
0.000562596
0.000486196
0.000554454
0.00142424
0.00189957
0.000569521
0.000394629
0.000998601
0.00059344
0.000424202
0.00110256
0.00189564
0.00065796
0.00128884
0.00367164
0.000637258
0.000207856
0.000797367
0.00103748
0.000460772
0.00124296
0.00171782
0.00110585
0.00105277
0.00132088
0.000887305
0.000611672
0.00093239
0.00106572
0.000715285
0.00048197
0.000878243
0.00094776
0.00363456
0.000440454
0.000567767
0.0029745
0.00159702
0.00168356
0.00136278
0.00206947
0.000980395
0.00120819
0.00190936
0.00095554
0.000474516
0.000964416
0.000912687
0.000772052
0.00196099
0.00175448
0.00116043
0.000598639
0.00116199
0.000247309
0.00125437
0.00114104
0.00105716
0.000338796
0.00112757
0.000840675
0.00171648
0.0010558
0.000723391
0.00100417
0.000270044
0.00108911
0.00144368
0.00192838
0.000393276
0.000598782
0.000447395
0.00331494
0.000484801
0.00656369
0.00515878
0.000702626
0.00584876
0.00189432
0.00123468
0.000970515
0.000754317
0.000703878
0.00450382
0.0012179
0.000711391
0.00635121
0.000774513
0.0010254
0.000661944
0.00559902
0.00141663
0.00127303
0.00222718
0.000476182
0.0013474
0.000781334
0.00109301
0.000342274
0.000765848
0.0195276
0.00181141
0.000577785
0.000387123
0.000474523
0.00045831
0.00122439
0.000290439
0.000451833
0.000775176
0.00155551
0.00107474
0.000751165
0.000538108
0.000856012
0.000971719
0.000582851
0.000421884
0.00045244
0.000932048
0.000664196
0.000655923
0.000687669
0.000695764
0.000695574
0.00102592
0.00062438
0.000326189
0.00138029
0.00170273
0.000740997
0.00126838
0.00219149
0.00074181
0.00109806
0.000781235
0.000141551
0.00108357
0.000991815
0.000769531
0.00125207
0.000179043
0.00308259
0.000727439
0.0095868
0.00144117
0.00712799
0.00526137
0.000433509
0.000316524
0.000916945
0.00104945
0.00069579
0.000554635
0.000698429
0.0010956
0.000286524
0.00112749
0.000713962
0.000344872
0.00135288
0.000631655
0.000656723
0.00046923
0.000507176
0.00082762
0.00103012
0.00109436
0.00115407
0.000347404
0.000933118
0.0012523
0.000785585
0.00144027
0.000774008
0.00116898
0.000667993
0.000753777
0.00733849
0.000959089
0.00133947
0.000744278
0.00122435
0.000526505
0.000619
0.00146274
0.000758642
0.000688317
0.000522744
0.000567183
0.000525668
0.0232851
0.00113596
0.0188789
0.000967036
0.00111581
0.00200542
0.000948779
0.000597991
0.00154344
0.000566105
0.00133014
0.000750219
0.0019001
0.00113175
0.000640214
0.000760064
0.000674073
0.000101172
0.0011567
0.000938673
0.000745902
0.000177904
0.00118969
0.000267874
0.0009054
0.000537081
0.000721427
0.00110757
0.00110904
0.00170416
0.000616726
0.0149442
0.000787238
0.00573214
0.000713995
0.0004107
0.000764602
0.000338974
0.00065019
0.00124326
0.000659707
0.000531045
0.000480179
0.00087904
0.00176479
0.000692843
0.000752298
0.000463731
0.000485175
0.000442223
0.000765322
0.000568716
0.00131152
0.00030217
0.000927754
0.0013681
0.000763211
0.000646407
0.00168298
0.000784135
0.000896868
0.00213321
0.000425608
0.000501504
0.00103697
0.000809982
0.00119469
0.000684317
0.000707987
0.000648359
0.00069385
0.00141908
0.00104594
0.000797697
0.00208079
0.000623077
0.00104037
0.000762992
0.000705093
0.000545827
0.604185
0.000756378
0.00111613
0.000408143
0.00105008
0.000410015
0.00103845
0.00111467
0.000762585
0.000780554
0.000723018
0.000440142
0.000308685
0.00165151
0.0173055
0.000766672
0.000220871
0.000648256
0.000787781
0.000664854
0.000351655
0.000419752
0.000626513
0.000947287
0.000524605
0.000623286
0.000740931
0.00101324
0.00125931
0.0336786
0.000675862
0.00102494
0.000673474
0.00108401
0.00150684
0.000517889
0.00175684
0.000732536
0.00111098
0.000700347
0.00196629
0.000232275
0.00037592
0.000704422
0.000502727
0.000833303
0.002263
0.000533332
0.00218047
0.00203365
0.00255434
0.000789168
0.000845653
0.000451174
0.000775321
0.000439678
0.000622366
0.000705372
0.00156102
0.000824101
0.000929122
0.000666086
0.000833201
0.00054857
0.000955638
0.000936184
0.000794872
0.00106427
0.00215953
0.00100698
0.000847267
0.00526805
0.000911497
0.00103482
0.000758375
0.00102651
0.000597798
0.0014155
0.00045159
0.000822158
0.000449102
0.00109274
0.000837025
0.00104491
0.00122393
0.000600705
0.00068869
0.000421414
0.000696404
0.00122504
0.000508066
0.000671143
0.000355457
0.000733165
0.00026745
0.00113293
0.000938092
0.000900582
0.00901052
0.00131797
0.000254604
0.000968526
0.000836681
0.00270877
0.00324455
0.00113153
0.00306145
0.000578856
0.000108902
0.0163404
0.00203644
0.000992473
0.000361512
0.000750788
0.000492745
0.000773927
0.00102011
0.00159578
0.00536609
0.000806426
0.0015881
0.00119315
0.0015006
0.00081097
0.000560021
0.000862331
0.000700295
0.00270448
0.0174082
0.00163978
0.000949964
0.000331468
0.0095284
0.000618351
0.000784556
0.00104965
0.000881758
0.000562542
0.000909549
0.00051787
0.000673507
0.00106053
0.000823614
0.000595352
0.00171318
0.000261245
0.0018543
0.000694139
0.000958134
0.00137754
0.000768501
0.000876091
0.000664615
0.00160708
0.000948749
0.000889064
0.000638772
0.00170232
0.000248889
0.000984082
0.000643986
0.00083284
0.00038411
0.000800802
0.000889013
0.000668592
0.00152454
0.00347661
0.000787399
0.000913644
0.0003997
0.000468734
0.000455609
0.000622688
0.000778727
0.000511254
0.000863951
0.000416808
0.00320044
0.000620703
0.00152869
0.00196289
0.00115936
0.000952987
0.00144671
0.00114296
0.00129533
0.000811777
0.000824213
0.0021638
0.000502526
0.000366611
0.000825989
0.000834376
0.00380616
0.00122222
0.000599563
0.000349342
0.000826904
0.00193084
0.000626422
0.00118241
0.00120818
0.00128818
0.000820803
0.00026456
0.000253747
0.00104921
0.000535874
0.00113148
0.000745119
0.00143551
0.000992002
0.000905677
0.000545305
0.000441913
0.000407033
0.000659739
0.00111151
0.000600185
0.000392929
0.00054238
0.000663556
0.000561812
0.000420642
0.000449869
0.00171794
0.000617904
0.00150241
0.00085454
0.00125334
0.0007388
0.00743469
0.00118636
0.000977405
0.00479309
0.000294628
0.000440166
0.00138057
0.000845576
0.000656033
0.000661709
0.000645174
0.000862598
0.0023592
0.000258172
0.000887083
0.000685611
0.000594916
0.00204393
0.000500186
0.000956746
0.000256153
0.000667889
0.000675789
0.00138191
0.00116669
0.000922837
0.00077829
0.000770038
0.00055725
0.000842847
0.000449328
0.00109148
0.00063691
0.000978742
0.00176423
0.0010496
0.00116636
0.00047983
0.000689421
0.00146985
0.000815889
0.000570848
0.00105528
0.00101555
0.000203035
0.0015845
0.000716137
0.00171577
0.00293971
0.000566547
0.000663455
0.000695075
0.00303604
0.00127146
0.00467652
0.00110553
0.000729442
0.0038521
0.000309893
0.000512355
0.000349516
0.000349822
0.000741181
0.00311889
0.00127304
0.000408733
0.00151519
0.000386625
0.00146705
0.00136785
0.000768834
0.000570742
0.00127136
0.00117811
0.00173899
0.000601241
0.000154554
0.000723534
0.000463569
0.000743235
0.00123783
0.00109332
0.00092876
0.000191282
0.00368267
0.000843214
0.000737013
0.000430588
0.000978346
0.00128388
0.000591469
0.00336387
0.000601152
0.00312415
0.000496844
0.00126996
0.00106833
0.00135397
0.00130973
0.00178004
0.000407606
0.00111526
0.000832503
0.000637138
0.00157855
0.00111057
0.000835371
0.0010734
0.000901778
0.000776399
0.000369444
0.000706602
0.000635434
0.000638633
0.000496325
0.000789664
0.000963948
0.000591277
0.000801663
0.000681634
0.0245766
0.000837641
0.000969443
0.0030876
0.00101785
0.000806212
0.000614406
0.000952606
0.000699874
0.000643728
0.000843949
0.000620055
0.00914001
0.00115773
0.000592145
0.00142471
0.00188411
0.00084687
0.00491278
0.000364045
0.000729611
0.000154783
0.000536829
0.000977683
0.000836206
0.000827326
0.00110331
0.000531166
0.000528908
0.000536339
0.000777626
0.000498721
0.00196409
0.00203477
0.000876411
0.000263013
0.000528572
0.00132352
0.000532033
0.00133911
0.0010204
0.00101028
0.00411085
0.00109993
0.000488153
0.00175712
0.000971622
0.000917536
0.00360142
0.000930099
0.000390219
0.000374023
0.000315894
0.000461234
0.00111226
0.0108279
0.000682467
0.000443963
0.00042195
0.0208047
0.000775364
0.00098671
0.0012864
0.000879569
0.000568168
0.00128992
0.00166047
0.000794963
0.00118996
0.00265202
0.000587513
0.00170528
0.00082504
0.000570136
0.00128851
0.000373189
0.000732457
0.00437501
0.00116591
0.000326609
0.00121194
0.0010112
0.00256975
0.00151624
0.00314322
0.000515687
0.00088665
0.000768479
0.000745871
0.000720116
0.000716582
0.000666321
0.000397434
0.000493994
0.00075402
0.00101724
0.00164998
0.000966844
0.000565574
0.00215958
0.000504784
0.0013698
0.00081027
0.00066084
0.000922567
0.000793627
0.000644016
0.000650252
0.000591267
0.000640034
0.000590488
0.00110034
0.00160938
0.000564105
0.00040243
0.000468538
0.000862322
0.00173464
0.00344519
0.000750371
0.000695857
0.000713358
0.000895336
0.0026034
0.000567925
0.000575265
0.000672274
0.000860769
0.00164931
0.000599593
0.000880584
0.000870073
0.000859908
0.000639967
0.00107387
0.00111322
0.000725931
0.00102133
0.000808627
0.00428881
0.000805985
0.000569859
0.000640905
0.000413794
0.00231052
0.00057458
0.00161499
0.000235513
0.000541398
0.000742844
0.00150322
0.000845602
0.0010468
0.00114643
0.00113707
0.000858623
0.00120175
0.00167029
0.000612962
0.000581716
0.000390541
0.00115685
0.00443129
0.000563124
0.00335048
0.00100052
0.000475305
0.00043953
0.000969794
0.00121634
0.000557752
0.000578969
0.000711037
0.000896891
0.00146588
0.00106007
0.0010673
0.000773232
0.000903809
0.000439474
0.00166796
0.000524736
0.000601773
0.000895985
0.00112652
0.00172212
0.00121929
0.00253613
0.0135682
0.000461885
0.00117679
0.000477706
0.000415961
0.000804049
0.00158145
0.00086206
0.00151811
0.00063445
0.00131253
0.000889215
0.00071103
0.0012169
0.000390732
0.000755317
0.00180509
0.000648408
0.000684169
0.000707346
0.00106474
0.000969833
0.000304485
0.000632137
0.000461101
0.000871574
0.000747026
0.000784863
0.00284445
0.00123799
0.000572404
0.00188821
0.000928994
0.00464734
0.0010784
0.00108608
0.000473594
0.000710807
0.000946779
0.00133888
0.000825398
0.000548726
0.000292331
0.000777779
0.000721442
0.00113145
0.000974619
0.0011996
0.000213625
0.000924839
0.00102376
0.000775797
0.000240874
0.00105488
0.0393074
0.00110651
0.0011134
0.00148401
0.00348724
0.000929925
0.000906189
0.0035792
0.000661295
0.000862576
0.000482648
0.000740894
0.000689653
0.000895944
0.00172638
0.0012556
0.00105245
0.000833982
0.000916731
0.000625032
0.00243873
0.00106137
0.000727168
0.000745332
0.000233351
0.000827193
0.0012128
0.00082601
0.000911139
0.000538175
0.000616254
0.000864155
0.00149752
0.000688579
0.00169798
0.00148614
0.000818328
0.00059214
0.000883645
0.00108108
0.000655722
0.000497779
0.00262625
0.00136696
0.00158259
0.000730747
0.000577414
0.000908434
0.00114116
0.000774387
0.00146108
0.000535148
0.000472125
0.00115698
0.00150535
0.000799874
0.0015152
0.000582136
0.00071431
0.000275624
0.000584596
0.00125782
0.000511379
0.000701896
0.000577309
0.000989266
0.00171915
0.000913381
0.000475454
0.000561257
0.00129106
0.000286511
0.00232999
0.000510266
0.00189925
0.000329085
0.0010427
0.000901095
0.000539371
0.000759268
0.000549511
0.00123465
0.000825253
0.00114736
0.000529991
0.000888792
0.000242969
0.00127001
0.00180078
0.000314456
0.00097715
0.0011527
0.00389579
0.000940245
0.000438444
0.00103147
0.000449439
0.000644042
0.00343705
0.000203164
0.00171817
0.000341842
0.000887203
0.000113021
0.000644127
0.000659402
0.00111721
0.000301298
0.000485724
0.00139004
0.0014422
0.000825128
0.00100853
0
0.00104072
0.000649282
0.00181311
0.00199993
0.000559634
0.000975579
0.000602984
0.000945262
0.000528542
0.000604563
0.00150951
0.000426642
0.000347313
0.00104235
0.00126459
0.0019012
0.00078904
0.000543214
0.000737117
0.00122837
0.000397927
0.00353297
0.00113714
0.00102309
0.00116837
0.00118434
0.00140883
0.000520056
0.00174103
0.000590799
0.000505848
0.0010534
0.000838688
0.00172663
0.000715165
0.00346221
0.000640384
0.00034852
0.000446521
0.00112569
0.0009859
0.00103402
0.000584656
0.000761481
0.000710375
0.00134465
0.00176658
0.00017548
0.00165781
0.00242133
0.000320878
0.00107982
0.000948466
0.000635394
0.000833765
0.0014297
0.000688259
0.000653168
0.000489775
0.000539324
0.000731464
0.00187627
0.000468816
0.00457134
0.00121685
0.00096968
0.000861413
0.000600655
0.00105617
0.00134198
0.000556508
0.000985715
0.00169833
0.00104803
0.000840558
0.00119636
0.000734572
0.00148908
0.00412354
0.000647324
0.000507788
0.00145727
0.00108729
0.00245356
0.0010272
0.00105114
0.00141751
0.00151027
0.00649527
