0.00101428
0.00220258
0.00142918
0.00174492
0.00225916
0.000926031
0.0015389
0.00157253
0.00285378
0.00190521
0.00770969
0.00248699
0.00147373
0.00217291
0.00247654
0.00253353
0.00158212
0.00303107
0.00243238
0.00165851
0.0025751
0.00323756
0.0017072
0.00281929
0.0020931
0.00169694
0.00170887
0.00134261
0.00107839
0.000571497
0.00185872
0.00112704
0.0039583
0.00276908
0.00253657
0.00266833
0.00560591
0.013675
0.00262272
0.000666946
0.00717255
0.00112917
0.000742004
0.00274738
0.0123953
0.00173157
0.00104579
0.00251211
0.00197119
0.00209835
0.00163627
0.00144516
0.00264667
0.000726191
0.00125333
0.00194036
0.00205439
0.00178153
0.00345624
0.00304653
0.000897323
0.00191861
0.00181959
0.00204837
0.00206768
0.00277494
0.00184841
0.00271893
0.454192
0.000972469
0.0027391
0.00163594
0.0020675
0.00339333
0.00161118
0.000445165
0.0014351
0.001812
0.00419075
0.00130858
0.000958933
0.00153142
0.00158523
0.00573843
0.00167539
0.00178955
0.00271951
0.00278966
0.00668467
0.00171727
0.00169247
0.00239577
0.00175058
0.00129139
0.00204401
0.00193477
0.00263841
0.00214134
0.00185016
0.00185763
0.0028685
0.00645582
0.00154804
0.00420988
0.00119217
0.00169748
0.00181162
0.00263789
0.000761387
0.00152682
0.00384405
0.00255041
0.000923895
0.00113299
0.00197094
0.00129291
0.00249584
0.00248328
0.00150095
0.00355973
0.00107701
0.00617379
0.00170946
0.00114738
0.00174422
0.00201138
0.00226444
0.0010981
0.00112795
0.00174416
0.00305403
0.00260736
0.00244484
0.000840454
0.00129276
0.00246435
0.00336309
0.00173346
0.00201409
0.00448204
0.00253231
0.00126451
0.00113411
0.000729313
0.00465473
0.00379002
0.00251259
0.00168883
0.00183658
0.00103483
0.0022677
0.00191899
0.00445994
0.00575776
0.00129698
0.0017345
0.00380725
0.0013842
0.00189523
0.00236284
0.00124003
0.00349098
0.00126006
0.00813995
0.00145598
0.00111688
0.00496433
0.00128225
0.00278505
0.00219252
0.00127028
0.00115388
0.00194573
0.00132786
0.00417606
0.00201231
0.00107865
0.00123645
0.00332967
0.0061385
0.00429711
0.00157309
0.00224161
0.0044065
0.0012761
0.00116585
0.00210584
0.00186911
0.00231068
0.00135738
0.00136309
0.00563338
0.00200164
0.00434062
0.00209584
0.00183967
0.00196039
0.00306046
0.000925688
0.00135616
0.0022668
0.00253713
0.001397
0.0129595
0.00285592
0.00375381
0.0026784
0.0023431
0.0024181
0.00271025
0.00120453
0.00097091
0.00355975
0.00142035
0.000914366
0.00443981
0.00549129
0.0057361
0.00182512
0.00180459
0.00142481
0.0015538
0.00204814
0.00418761
0.00187571
0.000788747
0.00300005
0.00136449
0.00123821
0.00423953
0.00381789
0.00162334
0.00322787
0.00445458
0.00581646
0.00162919
0.00423873
0.00166105
0.000931273
0.00159222
0.00148212
0.00170036
0.00761876
0.00168844
0.00244393
0.00125809
0.00125971
0.0017203
0.00164668
0.001408
0.0015546
0.00242302
0.00224258
0.00115743
0.00208392
0.00223553
0.00216597
0.00201726
0.00285735
0.000856315
0.0029082
0.0174113
0.0015249
0.0025758
0.00444458
0.00163436
0.00240101
0.00104172
0.00672666
0.000689569
0.00180071
0.0019416
0.00172361
0.00178162
0.00148647
0.00285358
0.00101063
0.00126408
0.00188863
0.000437466
0.00305655
0.000967045
0.00274128
0.00376177
0.00305504
0.00161319
0.00129614
0.000778453
0.00191913
0.00348563
0.0017059
0.00130182
0.00264893
0.0025721
0.00133548
0.00279932
0.00190784
0.0250431
0.00223026
0.00362792
0.0013708
0.00113583
0.00164964
0.00266048
0.00286234
0.00111209
0.00138349
0.00141674
0.00235928
0.00147978
0.00419996
0.00269434
0.00185162
0.00138253
0.00121808
0.00164955
0.000790615
0.00392495
0.00100219
0.00181539
0.0053495
0.00222911
0.00543033
0.00116885
0.00323794
0.00110917
0.00278519
0.00137968
0.0018889
0.00302146
0.00119357
0.00288797
0.0015717
0.00485094
0.00171081
0.00176143
0.00214406
0.00169318
0.00253019
0.00204448
0.0017172
0.00158927
0.00142643
0.00251223
0.00179009
0.00854872
0.00274896
0.00106377
0.00178563
0.00272236
0.00216186
0.0058376
0.000955825
0.00104547
0.00396854
0.0013569
0.00213279
0.00828829
0.00125957
0.00135183
0.00174112
0.00118886
0.00246797
0.00941579
0.00222635
0.00119506
0.00382366
0.00122309
0.00205057
0.0176617
0.00147196
0.0055698
0.00247307
0.00220624
0.00143976
0.00169679
0.00588648
0.00168708
0.00140087
0.00138604
0.00246735
0.00193438
0.00398447
0.00249804
0.00157254
0.00213485
0.00199823
0.00284517
0.00176878
0.00279841
0.00243171
0.00438155
0.00228982
0.00158286
0.00180276
0.00237991
0.00199947
0.00153844
0.0018889
0.00266772
0.00194013
0.00103268
0.001134
0.00170282
0.000944738
0.00156559
0.00215644
0.00298344
0.000904819
0.0022645
0.00228131
0.00521369
0.00207572
0.00173301
0.00201865
0.00108281
0.00262456
0.00264708
0.00178712
0.00160168
0.00105246
0.00126412
0.00116967
0.00192853
0.00495078
0.00143468
0.00123771
0.00299043
0.00251673
0.00193033
0.00194152
0.00293787
0.00312151
0.0388855
0.002834
0.00153598
0.000949452
0.000456235
0.00260024
0.00293107
0.00233287
0.00404875
0.00183687
0.0012427
0.0028163
0.00121782
0.0025034
0.00426094
0.00293988
0.00213797
0.00109844
0.00153401
0.00231747
0.00235389
0.00132763
0.00262372
0.000926882
0.00135474
0.00211331
0.0018523
0.00200681
0.0014734
0.00126007
0.00211286
0.00142312
0.00146172
0.00388216
0.000769854
0.00223178
0.0028163
0.00240013
0.00125123
0.0018371
0.00303471
0.00187012
0.00108272
0.0050414
0.00534095
0.00122248
0.000672444
0.00110863
0.0021457
0.00135317
0.0149315
0.00145895
0.0079174
0.00140327
0.00406988
0.0019817
0.00473808
0.00332876
0.00175418
0.00140116
0.00302354
0.00176542
0.0020628
0.00116735
0.00193989
0.00136238
0.00263607
0.00181236
0.0030838
0.00311834
0.001255
0.00115692
0.00118725
0.00158899
0.00546558
0.00142929
0.000735778
0.00207129
0.00275661
0.0019452
0.00247216
0.00202699
0.00808298
0.00261363
0.00193698
0.00173162
0.0021412
0.0010379
0.00134775
0.00208735
0.0016654
0.00293664
0.00229697
0.00208931
0.00160695
0.00214436
0.00187803
0.00343912
0.00434674
0.00189773
0.00166218
0.00202659
0.00182546
0.00166622
0.00159766
0.00191333
0.00133803
0.0146415
0.00141012
0.00370144
0.00186008
0.000847143
0.00206319
0.00196843
0.00142623
0.00186756
0.00366631
0.00419216
0.00168481
0.0102742
0.00195222
0.00258322
0.00222725
0.00258691
0.00191182
0.00136953
0.0015812
0.00216232
0.00144166
0.00281636
0.00303977
0.00178029
0.00762866
0.0137937
0.0030268
0.00186903
0.00152001
0.00115371
0.00215325
0.00130507
0.00237793
0.0027364
0.000865525
0.00214664
0.00213473
0.00229086
0.0069184
0.00335427
0.0135652
0.00165532
0.000792924
0.000720645
0.0017633
0.0022897
0.00253499
0.000869345
0.00137027
0.00344769
0.00297983
0.00328467
0.00142594
0.00229225
0.00589052
0.00344641
0.00202066
0.00158167
0.00160079
0.000854691
0.0025293
0.00386255
0.00268537
0.00130271
0.00225461
0.00210672
0.000846831
0.00127671
0.00177845
0.00165466
0.00187907
0.0027433
0.0022454
0.00293742
0.00312273
0.00188795
0.00340368
0.00463486
0.00198655
0.00175591
0.0019358
0.0021781
0.00107842
0.00188024
0.00483485
0.00319487
0.00247288
0.00274905
0.00186806
0.000850626
0.00478682
0.00229448
0.0016896
0.00225357
0.00145708
0.0047814
0.00114839
0.00373479
0.00126697
0.00183698
0.00294914
0.00241083
0.001269
0.00189445
0.00163491
0.00209254
0.00189981
0.00314094
0.00216408
0.00371264
0.0025285
0.00334229
0.00387164
0.000871725
0.000913951
0.00220779
0.00224989
0.00165374
0.0113351
0.00390124
0.00274773
0.00149525
0.00281551
0.00180589
0.00737114
0.00167089
0.00207452
0.00353924
0.00105027
0.00148336
0.00169052
0.00275879
0.00208545
0.00518205
0.00335105
0.014307
0.0027873
0.00372007
0.00101476
0.00194596
0.00135808
0.0017719
0.00136047
0.00144276
0.00119193
0.00290715
0.00179838
0.000754817
0.00159174
0.0017792
0.00216365
0.00135
0.00164601
0.00183122
0.00262394
0.00367028
0.00424651
0.00139867
0.00241122
0.000980206
0.0092323
0.00241172
0.003176
0.00373248
0.00108878
0.00415865
0.00148966
0.023336
0.00207254
0.00222435
0.00174948
0.00109145
0.00271901
0.00118382
0.00194756
0.00170077
0.00144659
0.000882802
0.00467987
0.00828007
0.00326151
0.00112746
0.00129144
0.00229317
0.000956274
0.00180487
0.00176285
0.00237502
0.00209211
0.00227205
0.00217884
0.00249764
0.00202972
0.00185324
0.00114897
0.00208009
0.00372049
0.00233114
0.00555469
0.000834428
0.00171271
0.00472966
0.00312239
0.00178584
0.000904609
0.00130181
0.0156116
0.00187076
0.00215984
0.00631166
0.00143963
0.00207191
0.000650879
0.00131815
0.00137397
0.00324327
0.00310545
0.00178256
0.00368045
0.00149795
0.00223327
0.00143974
0.00381964
0.00890254
0.00256401
0.00140171
0.00269002
0.00465374
0.00280894
0.00278529
0.00188989
0.00245753
0.00170095
0.000917363
0.00139331
0.00177006
0.00194629
0.00165485
0.0304165
0.00177538
0.00139698
0.00151054
0.00154382
0.000490459
0.00181091
0.00211793
0.00146856
0.00219095
0.0018298
0.000687678
0.00152021
0.00173994
0.00170581
0.00498258
0.00146578
0.00135695
0.0027759
0.000979759
0.00359824
0.00179732
0.00395166
0.00237419
0.00189368
0.00209119
0.00149886
0.00367007
0.00167695
0.00168346
0.0123252
0.00357159
0.00212223
0.00132797
0.00431512
0.00156607
0.00132068
0.00135758
0.00291207
0.001395
0.00143376
0.00352067
0.00772796
0.00174708
0.000795675
0.0206258
0.00271583
0.00230427
0.00293913
0.00321951
0.0018787
0.00150084
0.00190196
0.000642497
0.00214469
0.00125362
0.00131476
0.00230058
0.00115902
0.00313803
0.00498938
0.00543417
0.00269115
0.00167365
0.00162922
0.00473477
0.00262284
0.00156549
0.00224611
0.00728386
0.00151717
0.00109874
0.00158842
0.00140853
0.00169094
0.00064986
0.00174002
0.00356927
0.00286454
0.00196274
0.00126967
0.00181421
0.00156066
0.00296102
0.00138461
0.00222117
0.00238568
0.00271491
0.00157451
0.00090935
0.00145316
0.00204101
0.00482003
0.00238002
0.0022689
0.00139919
0.00146878
0.00304026
0.00102766
0.00270972
0.00122621
0.00232519
0.00341838
0.00188351
0.00208279
0.00825978
0.00292111
0.00157836
0.00236118
0.00283879
0.0018769
0.00320828
0.00963608
0.00249556
0.00120149
0.00161866
0.00257156
0.00380404
0.00115486
0.004249
0.00112148
0.00165842
0.000931459
0.00191154
0.00151739
0.00215152
0.00406409
0.000834745
0.000422299
0.00279778
0.00321552
0.00627707
0.00173461
0.00158919
0.00177412
0.00217299
0.00208292
0.000985631
0.0055863
0.00183176
0.00210442
0.00335719
0.00256157
0.00173718
0.0017441
0.00291625
0.00380042
0.00192475
0.00184524
0.00154409
0.00171795
0.0017869
0.000660144
0.00191275
0.00156958
0.0031277
0.00309236
0.00348311
0.00650173
0.00290523
0.00508784
0.0014482
0.00204439
0.0064497
0.00180257
0.000952903
0.00112673
0.00145122
0.00115428
0.0023475
0.00130565
0.00112881
0.0022103
0.00138888
0.00261183
0.00240167
0.00176717
0.00233715
0.00530554
0.00223762
0.00151113
0.00124505
0.00367704
0.00169217
0.00252317
0.00230921
0.00157457
0.00538625
0.00383032
0.00142293
0.00134627
0.0022366
0.00221652
0.00097196
0.0027555
0.00257576
0.00211368
0.00127753
0.0022428
0.00220503
0.00794029
0.00158386
0.003231
0.00209914
0.00163275
0.00532537
0.00126571
0.00159154
0.00135686
0.00152328
0.010346
0.00116153
0.00325473
0.00143159
0.00322695
0.000929101
0.0202103
0.00151042
0.00170328
0.00486217
0.00169181
0.00175693
0.00956166
0.00214751
0.00245144
0.00316751
0.00230853
0.00176905
0.00505034
0.00132348
0.00410698
0.00261285
0.00413957
0.0304317
0.00181619
0.015808
0.0146584
0.00374306
0.00199151
0.00611604
0.00294389
0.00141667
0.00221779
0.00248076
0.00284656
0.00206837
0.00157861
0.00156864
0.00171038
0.00198482
0.00107602
0.00201062
0.00232553
0.00222365
0.00200552
0.00242911
0.00182194
0.00162564
0.00497624
0.00208785
0.00126252
0.0217048
0.00215182
0.00190574
0.00097698
0.00471017
0.00307015
0.00223763
0.00131378
0.00308152
0.00432567
0.00182484
0.00663873
0.00326352
0.00426552
0.00362452
0.00214472
0.00140194
0.000881888
0.00504827
0.0030241
0.00088569
0.00101495
0.0044379
0.00224783
0.00231045
0.00339968
0.00210337
0.00243847
0.00240939
0.0222821
0.00139246
0.00160536
0.00178616
0.00288253
0.00147279
0.00180308
0.0030254
0.00437184
0.00103885
0.00198872
0.00232068
0.00216624
0.00107266
0.00160791
0.00175361
0.00129506
0.00156027
0.00121972
0.00173962
0.00168943
0.00222997
0.00465293
0.0027461
0.0192543
0.00241555
0.00810696
0.00192295
0.00190615
0.00186223
0.00192748
0.00165337
0.000623732
0.000646361
0.00218183
0.00222924
0.00171669
0.00225323
0.0013542
0.00199713
0.00140068
0.00244796
0.00169902
0.002686
0.0021387
0.0011769
0.00183479
0.0027774
0.00210812
0.00249311
0.00128079
0.00223624
0.00119645
0.00863058
0.00210416
0.00203576
0.00113198
0.00245124
0.00292556
0.00111205
0.00135027
0.0027452
0.00125246
0.001947
0.00215607
0.00189366
0.00103337
0.00130015
0.0012489
0.0021018
0.00285627
0.00223142
0.0013064
0.00194723
0.00302806
0.00156605
0.00165452
0.000716124
0.00149998
0.00445793
0.00277738
0.00143988
0.00116875
0.00135425
0.00270193
0.00239492
0.00181596
0.00197046
0.0022166
0.00191659
0.00212016
0.000710472
0.00328751
0.00280498
0.00161906
0.000988284
0.00111658
0.00236826
0.00127111
0.00202753
0.00179319
0.00105755
0.00170223
0.00312986
0.00223866
0.0024857
0.00252012
0.00308894
0.000535609
0.00277814
0.0021196
0.00146805
0.00346506
0.00220339
0.00455643
0.00166585
0.00195091
0.00153564
0.00119478
0.00253274
0.00207686
0.00431319
0.00270095
0.000983033
0.00206766
0.00292493
0.000754281
0.00278874
0.00331082
0.00160771
0.0059693
0.00134952
0.00240965
0.00393545
0.000903752
0.00125219
0.00141479
0.00160402
0.00144786
0.00414104
0.00284999
0.00287826
0.00571972
0.00225268
0.00393369
0.00222161
0.00184069
0.00140192
0.00704516
0.00346706
0.00212265
0.00182223
0.00505912
0.00255908
0.00279644
0.00161189
0.0036413
0.00303142
0.00160823
0.00140298
0.00151791
0.00129666
0.00199296
0.00186573
0.000548915
0.000183601
0.00130727
0.00198247
0.00304186
0.00121739
0.00238878
0.00109903
0.0024178
0.00678828
0.00277804
0.00198936
0.00176148
0.00213582
0.00210257
0.0011886
0.00164485
0.0014583
0.00282729
0.00258219
0.00125092
0.00312152
0.00183455
0.00255627
0.000913204
0.00222912
0.00121594
0.00249983
0.00292558
0.00200344
0.00208487
0.00130597
0.00691587
0.00164718
0.00176931
0.00135474
0.00332358
0.00341511
0.0150344
0.00298814
0.00232433
0.00140816
0.0026518
0.00129453
0.00200303
0.00118769
0.00177055
0.00873164
0.00228166
0.00243838
0.00292412
0.00102041
0.00148891
0.00365855
0.0060213
0.00144694
0.00123441
0.00247312
0.00217829
0.00250106
0.00225628
0.0321398
0.00251304
0.00120073
0.00229259
0.00582184
0.00306776
0.00240673
0.00123556
0.00315762
0.00181222
0.00124857
0.00296999
0.0019755
0.00160825
0.00138579
0.00214382
0.0014999
0.00127202
0.0020225
0.00197874
0.00354596
0.00162909
0.00190076
0.00236408
0.00180723
0.00276819
0.00292637
0.00304275
0.00350742
0.00166495
0.00152835
0.00223031
0.00483618
0.00418609
0.000907156
0.00282641
0.000626769
0.0025547
0.00223607
0.00186184
0.00284487
0.00126449
0.00216657
0.000536859
0.00126732
0.00109934
0.000776745
0.000942489
0.00229344
0.00277566
0.00528869
0.00180604
0.00219712
0.00242852
0.000768807
0.000823492
0.00190373
0.00152379
0.00160408
0.00236511
0.00319315
0.00136641
0.00316173
0.00212959
0.0023091
0.00127339
0.00638346
0.00158038
0.00224025
0.131838
0.00311111
0.000806334
0.0023621
0.00313314
0.00148588
0.00353221
0.0019513
0.00620591
0.00170409
0.00113151
0.00185003
0.000815046
0.0169177
0.00148746
0.238125
0.00145731
0.00122346
0.00240066
0.00374927
0.00149489
0.00655324
0.00199946
0.00478373
0.0108863
0.00258421
0.00192914
0.0027804
0.0020597
0.00987336
0.00197401
0.00288893
0.000995478
0.00244931
0.0170656
0.00198457
0.00220036
0.00112927
0.00124751
0.00318969
0.00286865
0.00309788
0.00219435
0.00141668
0.00158939
0.000967129
0.00187921
0.00239732
0.00187813
0.00145301
0.00167405
0.000315603
0.00216949
0.00128678
0.00301499
0.00128178
0.00240301
0.00159127
0.00382275
0.00188463
0.00162016
0.000988716
0.00242981
0.00205237
0.00179433
0.0014567
0.00212117
0.00242622
0.00159521
0.00162686
0.00170944
0.00256477
0.00171577
0.00231426
0.00147227
0.00478098
0.00130803
0.00178174
0.00136619
0.00223027
0.00525813
0.00442076
0.00428238
0.0139905
0.00296704
0.00221275
0.00548739
0.00219292
0.00181371
0.00150918
0.00291069
0.00153249
0.000945702
0.00195733
0.00170358
0.0017168
0.00650632
0.00448602
0.00317556
0.00180364
0.00167422
0.0032368
0.00122337
0.00172513
0.00173163
0.00898267
0.00149807
0.00319008
0.00232102
0.00223927
0.00263783
0.00168307
0.00168766
0.00222264
0.00138211
0.00237151
0.00162332
0.0041713
0.00135462
0.000798955
0.00377866
0.00257175
0.00262179
0.00196921
0.00119378
0.00178674
0.00168148
0.00232167
0.00316644
0.00225357
0.00732954
0.00171796
0.000765861
0.00155743
0.000760376
0.000843393
0.00299223
0.00273004
0.00570803
0.00857065
0.00171117
0.00201103
0.00322863
0.00260475
0.0034606
0.0026938
0.00201191
0.00315599
0.0105031
0.00501521
0.00197305
0.00168175
0.00217312
0.00345501
0.000872168
0.00219029
0.00391442
0.00466004
0.00114574
0.00211297
0.00522113
0.00238648
0.0023096
0.00233542
0.00422593
0.00143686
0.00179048
0.00170302
0.00181851
0.00242569
0.00116329
0.00401945
0.00209459
0.00163828
0.00206916
0.00139086
0.00237303
0.00320961
0.0143292
0.00214781
0.00169108
0.00148535
0.00168049
0.00506866
0.00126296
0.00259202
0.00303691
0.0024891
0.00231003
0.00331013
0.00435105
0.00164301
0.00175657
0.00213938
0.00138095
0.00155396
0.00155379
0.00118036
0.00203225
0.00323947
0.00142339
0.00129765
0.00243367
0.0019942
0.00171122
0.00234261
0.00181332
0.000979818
0.00113709
0.0010321
0.00160201
0.00179877
0.00167587
0.00131233
0.00469922
0.00180337
0.00296086
0.00119513
0.00230262
0.00135263
0.00195297
0.00300597
0.00140719
0.0016737
0.00250303
0.0015369
0.00117169
0.00235362
0.00180217
0.000976571
0.00248626
0.00491714
0.0016954
0.00187616
0.00166818
0.00188583
0.00213751
0.00241196
0.00284685
0.00385993
0.00139979
0.00383278
0.00248706
0.00261207
0.0026269
0.00376391
0.00185201
0.00234144
0.00110044
0.00194566
0.00869108
0.00104741
0.0070307
0.00184807
0.00182344
0.00207105
0.0010159
0.00172877
0.00289183
0.00382643
0.00127075
0.00458249
0.00191545
0.00169904
0.00142988
0.00155544
0.00627159
0.00108581
0.00273222
0.00160073
0.00379254
0.00211441
0.00604624
0.00183218
0.00140326
0.00172007
0.00170964
0.00110276
0.00148255
0.003017
0.00213186
0.00248276
0.0014957
0.00221125
0.000678034
0.00285532
0.00259624
0.00500387
0.00248006
0.00414818
0.00174622
0.012066
0.00149742
0.0013132
0.00259491
0.00232814
0.00278235
0.0018387
0.00159383
0.0014716
0.00141771
0.00261422
0.00137971
0.00156345
0.00175495
0.00147605
0.00282974
0.00317841
0.00266349
0.00187618
0.00337738
0.00198303
0.00264014
0.00236772
0.00147989
0.00268878
0.00285268
0.00267093
0.00503156
0.00169922
0.00141482
0.0023737
0.00170842
0.00184745
0.00140755
0.00128495
0.00275341
0.00475437
0.00307494
0.00221946
0.00104682
0.00146218
0.00134971
0.000968192
0.00160112
0.00123593
0.00236897
0.00204184
0.00225792
0.00212436
0.00272068
0.00277597
0.00432967
0.00223872
0.00175427
0.00196168
0.0040299
0.000833216
0.00175579
0.00154169
0.00142758
0.0019099
0.00163777
0.00283517
0.015179
0.00148028
0.00274467
0.00257712
0.00152669
0.00341523
0.00223281
0.00158806
0.00359323
0.0018039
0.00305834
0.00418636
0.00246208
0.00546545
0.00139417
0.00134547
0.00142416
0.00284109
0.004551
0.00168961
0.00440937
0.00140236
0.00109716
0.00326763
0.0011414
0.00383373
0.00327705
0.00190973
0.00325379
0.0132576
0.00107851
0.00103698
0.00163953
0.00126285
0.00193254
0.00121649
0.00194226
0.00265711
0.00157422
0.00193163
0.00203147
0.00169587
0.00220177
0.00283692
0.0019748
0.00343056
0.00951817
0.000771185
0.00155301
0.00171853
0.00270986
0.00294997
0.00204726
0.00255353
0.00160465
0.00229982
0.00711445
0.00156264
0.000836093
0.00394838
0.00210294
0.00338234
0.000900715
0.00257963
0.00341319
0.00211897
0.0020272
0.00158831
0.00872365
0.00076564
0.00104421
0.00282694
0.00214532
0.00193714
0.00208895
0.00180625
0.0018815
0.00307767
0.00161348
0.00378943
0.00338313
0.00280936
0.00182881
0.00224663
0.00661284
0.00166112
0.00156854
0.00201579
0.00162515
0.00187387
0.00239198
0.00137634
0.00243343
0.00142347
0.00208276
0.00208618
0.00323357
0.0156158
0.001327
0.00201883
0.0026915
0.00273565
0.00219699
0.00204823
0.00348447
0.00166833
0.00114997
0.00110132
0.00135093
0.00205899
0.00284319
0.00366153
0.0017075
0.00187971
0.00388263
0.00207913
0.00273508
0.00708758
0.00175376
0.00223531
0.00118281
0.00187845
0.00147209
0.00101864
0.00238271
0.00452802
0.0834426
0.00169541
0.00601202
0.00453219
0.00137063
0.00112224
0.00392718
0.00143549
0.0021715
0.00333448
0.00263043
0.00152298
0.00131841
0.00140317
0.0055528
0.00157659
0.00203332
0.00238451
0.00243897
0.00120195
0.00199815
0.00164863
0.00149694
0.00231963
0.00173333
0.0114035
0.00163814
0.00198599
0.00678788
0.00176941
0.000941307
0.00199682
0.00182875
0.00228555
0.0016566
0.00223175
0.00328095
0.00305755
0.00107736
0.00174968
0.00114773
0.0118707
0.00140476
0.00740911
0.00162067
0.00238975
0.00259992
0.0014813
0.00359533
0.00127974
0.00178831
0.00223461
0.0121906
0.000893616
0.00733944
0.00150019
0.00145167
0.00311995
0.00118982
0.00086559
0.00175247
0.00148932
0.00191742
0.00177998
0.00253283
0.00370967
0.00164285
0.00116149
0.00223542
0.000916172
0.00666321
0.00214413
0.00354302
0.00216946
0.00115498
0.00123273
0.000777384
0.00187701
0.000993326
0.00152102
0.00180706
0.00229544
0.00374278
0.00177484
0.00137631
0.00154645
0.00149182
0.00320078
0.0012239
0.000994903
0.00178121
0.00153949
0.00132714
0.00151999
0.00197994
0.003055
0.00152471
0.00554728
0.00218849
0.00318891
0.00221719
0.00526051
0.00893038
0.00148533
0.00240896
0.0628514
0.000998191
0.00159717
0.00192408
0.00171502
0.00924619
0.00248429
0.0028828
0.00158115
0.00154357
0.00153698
0.00215371
0.00233165
0.00203629
0.0014888
0.000536693
0.00185724
0.00217183
0.00265656
0.00347263
0.0015987
0.00173981
0.00192872
0.00229781
0.00178005
0.00121518
0.000904964
0.00237527
0.00233628
0.00157391
0.0017412
0.00226438
0.00152023
0.00165045
0.00238614
0.00112789
0.00194997
0.00127254
0.00161253
0.00713231
0.00188039
0.0015848
0.00167632
0.00161636
0.00161406
0.00151112
0.00171852
0.00209331
0.00135823
0.00934628
0.00192254
0.00196228
0.00311029
0.00275518
0.00228866
0.00176535
0.00134197
0.000777357
0.00820969
0.0031658
0.00155245
0.00100751
0.00206061
0.00315568
0.00273057
0.00263356
0.00084106
0.00620672
0.0022942
0.00246001
0.0185283
0.00197561
0.00271134
0.00350108
0.00197284
0.00340417
0.00199229
0.0298008
0.00230606
0.00187371
0.0261976
0.00318896
0.00139816
0.00243885
0.00196506
0.00134203
0.0018184
0.00334043
0.00173751
0.001577
0.00171268
0.00222931
0.00225354
