0.000369905
0.000880686
0.000383054
0.000656908
0.000231434
0.000547839
0.000366747
0.000565412
0.000282672
0.000560954
0.000372152
0.000511635
0.000925995
0.000704019
0.000823704
0.000592137
0.000428254
0.00113109
0.000520593
0.000561417
0.000569411
0.000499929
0.00065492
0.000319977
0.000479152
0.000378223
0.0010627
0.00024561
0.000548952
0.000190045
0.00179183
0.000885698
0.000688524
0.000406793
0.00859752
0.000388804
0.000448334
0.000544925
0.000459157
0.000211134
0.000148524
0.00015967
0.000635867
0.00026516
0.00115171
0.000772054
0.000922597
0.000360372
0.000132727
0.00037369
0.000439645
0.000212259
0.000358946
0.000515192
0.000431254
0.000268154
0.000628426
0.000217984
0.0005208
0.000826743
0.000308187
0.00134887
0.000721932
9.42232e-05
0.000304824
0.000387806
0.00049085
0.000374899
0.000864032
0.00087683
0.000654346
0.000317457
0.000314447
0.000317236
0.000332917
0.00103257
9.98695e-05
0.000369376
0.000372442
0.000296153
0.000433671
0.00040166
0.000627292
0.000136042
0.000455845
0.00100092
0.000468552
0.00076702
0.000696551
0.00106881
0.000381293
0.00035392
0.000607932
0.00116802
0.000257358
0.0004787
0.0016911
0.000516675
0.000486918
0.000834774
0.000273378
0.000770875
0.00604626
0.000265538
0.000118474
0.00037398
0.00234532
0.000677618
0.000244813
0.00104019
0.000262157
0.000362506
0.000242758
0.000421158
0.000422852
0.000676976
0.000328878
0.000601484
0.000199764
0.000722224
0.000527001
0.000375276
0.0146706
0.000320474
0.000711776
0.000197557
0.00205991
0.000439453
0.000379321
0.000527461
0.000414362
0.000800722
0.000239337
0.00173073
0.00037148
0.00045139
0.000398615
0.000423076
0.00234108
0.00051768
0.000273324
0.000316924
0.000261769
0.0006931
0.000487139
0.000645831
0.000735061
0.000869841
0.000131817
0.000208178
0.000180996
0.000104245
0.000616638
0.000205924
0.000605561
0.00283167
0.00038035
0.000262448
9.60156e-05
0.000383402
0.000775442
0.000457086
0.0004341
0.000262972
0.000584253
0.000365345
0.000449507
0.000175812
0.000551313
0.00134884
0.00133623
0.000736014
0.000519295
0.000149318
0.000489657
0.000285614
0.000118201
0.00137138
0.000278381
0.000275097
0.000369535
0.000163449
0.000222564
0.000276079
0.000769841
0.000235003
0.000784739
0.000219466
0.000281662
0.00110146
0.000706954
2.86403e-05
0.00112318
0.000588365
0.000632315
0.000407691
0.000249626
0.000432007
0.000229455
0.000662825
0.000607392
0.00048581
0.000380478
0.000487349
0.000404355
0.000827171
0.00040997
0.000771139
0.000306565
0.000382625
0.00164653
0.000402812
0.000383422
0.000342824
0.000655545
0.000143832
0.0017112
0.000474639
0.00356387
0.000147369
0.00103054
0.000237923
0.000359801
0.000527038
0.000600876
0.000264027
0.000364728
0.000781844
0.000400472
0.0002382
0.000844464
0.000726303
0.000561958
0.000245398
0.000416914
0.000442002
0.000466455
0.000266236
0.00276393
0.000917484
0.000249551
0.000484655
0.000429702
0.00049127
0.000884009
0.000317906
0.00105454
0.000310809
0.000281936
0.000395547
0.000595995
0.000728485
0.000706291
0.000108501
0.000427855
0.000382871
0.000328643
0.000945332
0.000491334
0.000425983
0.000143173
0.000512661
0.000386416
0.000537444
0.00109695
0.00134411
0.00406475
0.000219729
0.000930879
0.000329266
0.00237209
0.000707536
0.00165301
0.000535741
0.000320278
0.00046254
0.000483814
0.000601623
0.00508007
0.000951517
0.0003102
0.000207412
0.000206234
9.08332e-05
0.000830448
0.000380256
0.000335037
0.000246864
0.000218091
0.000535071
0.000349111
0.00037393
0.0013056
0.00260418
0.000166709
0.00037562
0.000491223
0.00152599
0.00062748
0.000842437
0.00495413
0.00132292
0.00055247
0.000154443
0.000668451
0.000328365
4.40171e-05
0.000452394
0.000434053
0.00120982
0.000161408
0.000318352
0.000425224
0.00047463
0.000509544
0.000323577
0.00022513
0.000488063
0.000441009
0.000414769
0.000423111
0.000853212
0.00014148
0.0120295
0.0012417
0.000483009
0.000883709
0.000267933
0.000483071
0.000439479
0.000384175
0.000444442
0.000616999
0.000800792
0.000415041
0.000402205
0.000327907
0.000566802
0.459341
0.00342271
0.000366231
0.000238336
0.00162684
0.000258958
0.000465748
0.00116029
0.00038921
0.00028643
8.383e-05
0.000293265
0.000368183
0.000515064
0.000454806
0.000391967
0.000383957
0.000723296
0.000246424
0.000349094
0.0011889
0.000600979
0.00108507
0.000112167
0.000602861
0.000429941
0.000526076
0.000191909
0.000286625
0.000579468
0.000324073
0.000277456
0.000216077
0.00093625
0.000843752
0.000210956
0.00034153
0.00036545
0.000201242
0.000719846
0.000401775
0.0015639
0.000104142
0.00112209
0.000438939
0.000590517
0.000281908
0.00282041
0.000609302
0.000145742
0.000893151
0.00103266
0.000713818
0.000293096
0.000258108
0.00078986
0.00028611
0.00399602
0.000495052
0.000402625
0.000296696
0.000186243
0.000116094
0.000806709
0.000342306
0.000397572
0.000263265
0.000513847
7.53507e-05
0.000371241
0.000359309
0.00038905
0.000324147
0.000275548
0.000587211
0.000933252
0.00120657
0.000683718
0.000138821
0.000481349
0.000509426
0.000303424
0.000524315
0.000622008
0.000481186
0.000402993
0.00309486
0.000137085
0.00052209
0.00037849
0.000648709
0.000499713
0.000384571
0.000332071
0.000530316
0.000473993
0.000305603
0.00057009
0.00094625
0.000393927
4.55728e-05
0.000449649
0.000341864
0.0117652
0.000237266
0.00030515
0.000348492
0.00038306
0.000416916
0.00022063
0.000348566
0.000309375
0.00191116
0.0009052
0.000402664
0.000357416
0.000210467
0.000511542
0.000341971
0.000479351
0.000303865
0.000509161
0.000753
0.000613816
0.00046922
0.00787733
0.00214794
0.00024201
0.00063271
0.000817334
0.000987071
0.000889158
0.000146749
0.000528037
0.000377087
0.000246211
0.000408306
0.000448258
7.07171e-05
0.000449427
0.000371132
0.000112071
0.000518668
0.000334821
0.00234683
0.000476096
0.00109247
0.000456246
0.000394604
0.00116443
0.000226696
0.000597912
0.000430578
0.000585046
0.000361801
0.000339175
0.00037978
0.00144434
0.000512964
0.000890086
0.000506531
0.000907065
0.000644154
0.00050704
0.000502773
0.000685832
0.00341689
0.000607199
0.000611507
0.000331394
0.000734933
0.000203536
0.000626807
7.46182e-05
0.000497658
0.000820989
0.00064067
0.000383049
0.0090138
0.00130519
0.000701237
0.00608717
0.000268154
0.000916787
0.00042961
0.000626955
0.000283754
0.000808541
0.000580783
0.000109119
0.000905784
0.000221601
0.000384947
0.00021257
0.000775374
0.00198622
9.89154e-05
0.000452547
0.000277136
0.000919631
0.000654954
0.000433679
0.000974184
0.000321734
0.00179453
0.000352781
0.000493707
0.00127428
0.00037016
0.000432128
0.00103178
0.000305155
0.000408008
0.000139972
0.000753054
0.000239984
0.000162693
0.000188431
0.000334138
0.00073185
0.000570719
0.00034246
0.000736722
0.000645481
9.04905e-05
0.000394334
0.000894975
0.000120155
0.000674487
0.000491841
0.00021704
0.0012017
0.000506988
0.00063379
0.000288272
0.000459024
0.000385806
0.00033825
0.000265883
0.000344241
0.00125468
0.000127099
0.000310652
0.00135842
0.000423642
0.000286368
0.000433121
0.000889671
0.000250432
0.000502835
0.000595924
0.00103835
0.000600424
0.00064248
0.000598583
0.000722756
0.000283549
0.000420522
0.000463894
0.000355616
0.000646794
4.19172e-05
0.000160892
0.000165268
0.000182255
9.83763e-05
0.00095037
0.000601921
0.000619919
0.000136645
0.000825585
0.000474858
0.000111741
0.00137406
0.000479052
0.00028285
0.00203805
0.000327494
0.000178714
0.000177669
0.00413928
0.00125639
0.000786294
0.000149168
0.00038564
0.000610725
0.000329544
0.000275642
0.000521336
0.000368588
0.0014275
0.000759594
0.000291863
0.000256445
0.000473915
0.000290981
0.000304261
0.000314809
0.000665342
0.000623135
0.000650177
0.000195914
0.000499609
0.00024615
0.000587134
0.0029584
0.000340282
0.000519685
0.000179182
0.000281711
0.000849899
0.000441142
0.000115379
0.000204728
0.000292256
0.000220519
0.000634174
0.00191798
5.52801e-05
0.00053108
0.00103336
0.000141625
0.000409734
0.000171118
0.000117275
0.000657602
0.000353206
0.000201566
0.00035466
0.000207707
0.00457509
0.00112901
0.000802742
0.000475344
0.000474809
0.000515395
0.00208508
0.000702413
0.00353768
0.000359482
0.000285039
0.000170433
0.00195534
0.000747831
0.0004211
0.000231523
0.00061413
0.000380009
0.000162524
0.000270826
0.00028143
0.000321446
0.000735308
0.000132375
0.000510611
0.000694553
0.00121283
0.000488879
0.000410725
0.000823271
0.000671744
0.00128259
0.000418193
0.000299274
0.000405636
0.000345811
0.00170583
0.000175399
0.000294917
0.000518941
0.000244713
0.000539396
0.000413338
0.000498753
0.000385987
0.000383555
0.000290995
0.000314606
0.000420713
0.000431732
0.000322423
0.00145951
0.000399353
0.000965455
0.00179039
0.000282986
0.000481058
0.000288734
0.000939295
0.000525662
4.44363e-05
0.00067721
0.00014495
0.00045567
0.000393858
0.000407539
0.00132151
0.00059026
0.000647847
0.000933223
0.000248284
0.000234428
0.000121556
0.00033245
0.000565193
0.000342676
0.000364418
0.00028871
0.000648062
0.00024656
0.00025551
0.000457918
0.000354399
0.00180981
0.00133988
0.000305969
0.000288489
0.000457361
0.000637599
0.00102496
0.000365224
0.000752833
0.000146425
0.000361414
0.000804806
0.00458293
0.000396623
0.000136323
0.000500579
0.0004862
0.000358583
0.000246617
0.000396848
0.00128124
0.000297524
0.000399954
0.000415486
0.000246521
0.000372876
0.00179542
0.000712849
0.000249024
0.000480025
0.00047228
0.000370682
0.000114664
0.00142311
0.000311222
0.000520792
0.000865247
0.000101023
0.000148259
0.000218271
0.000420178
0.00123646
0.000288556
0.000213005
0.000409123
0.000295698
0.000413962
0.000183922
0.00039064
0.00169838
0.000774083
0.000435856
0.000491014
0.000524418
0.000400849
0.00033918
0.000491394
0.000969257
0.000216295
0.000663833
0.000350369
0.00063567
0.000663424
0.000695294
0.000590846
0.000972688
0.000244253
0.000436193
0.000709568
0.000190648
0.000343825
0.000338617
0.000366904
0.000707652
0.000253878
0.000315216
0.000343377
0.000259366
0.00082683
0.00041575
0.00227425
0.000290898
0.000570204
0.000265524
0.000344801
0.000671894
0.000367395
0.000280206
0.00113112
0.000814876
0.000372756
0.000480334
0.000210884
0.000391798
0.000482549
0.00179277
0.000406588
0.000266789
0.000359077
0.00015353
0.000181846
9.74901e-05
0.000224436
0.00138685
0.000594744
0.00110961
0.00039972
0.000495478
0.000438562
0.000345371
0.000609986
0.00411565
0.000547223
0.00041937
0.000260595
0.00016389
0.000370136
0.00137408
0.000248386
0.000605309
0.000382029
0.000554166
0.000301442
0.00113885
0.000229983
0.00103453
0.000433197
0.0012625
0.000504101
0.000286312
0.000433611
0.000619541
3.79492e-05
0.000835224
0.000497403
0.000241006
0.000385704
0.000822208
0.000331764
0.000432409
0.000108734
0.000443953
0.000396052
0.000592328
0.000461215
0.000215525
0.000329382
0.000611026
0.000328365
0.00045271
0.000469674
0.000461012
0.000993842
0.000434837
0.000402893
0.000378827
0.000342944
0.0137336
0.000472016
0.000290795
0.000629525
0.0208953
0.000199925
0.000450523
0.000899124
0.000805977
0.000601936
0.000426613
0.0053533
0.000579067
0.000254589
0.00235257
0.000235512
0.000715269
0.000288406
0.000486828
0.00080038
0.000936538
0.000749227
0.000300033
0.000806259
0.00280493
0.0150926
0.000615016
0.00053502
0.000567535
0.000342115
0.000286418
0.000370686
0.000412421
0.000159904
0.000457312
0.000250887
0.00101303
0.000113271
0.000580236
0.000295236
0.000374938
0.000359573
0.00030643
0.00221396
0.000683212
0.000600203
0.000533578
0.000237362
0.000344833
0.000312075
0.000184445
0.000404321
0.000481848
0.000290284
0.000167475
0.000326501
0.0013098
0.000402979
0.000382321
0.000150922
0.000308943
0.000494204
0.000732515
0.000285035
0.000381033
0.000366307
0.000312086
0.00105853
0.000411125
0.000302493
0.000299241
0.000349614
0.000330631
0.000304085
0.000209099
0.000913482
0.000688853
0.00521825
0.000590913
0.000233678
0.000477192
0.00156435
0.000340062
0.000329564
7.70007e-05
9.21511e-05
0.000255702
0.00030247
0.000205983
0.000644645
0.000293962
0.000478135
0.00177619
0.00155052
0.00120991
0.000880015
0.000312836
0.000562296
0.000234608
0.000572364
0.00218137
0.000657565
3.90478e-05
0.000405199
0.000316185
0.000640178
0.000271172
0.00069343
0.000267448
0.000315977
0.000617948
0.000605451
0.000615869
0.000449655
0.000339086
0.000181068
0.000274907
0.000473646
0.00109296
0.000452732
0.00306067
0.000559257
0.00084904
0.000192094
0.000415533
0.000879345
0.00102649
0.000705368
0.00077246
0.000226733
0.00012975
0.00032582
0.00100282
0.000571193
0.000206766
0.000347347
0.000302971
0.000666288
0.000210814
0.00122841
0.000351664
0.000327018
0.000727417
0.000402183
0.000377411
0.000404149
0.000205408
0.000311352
0.000355726
0.00997756
0.00057661
0.000656502
0.000351573
0.0028644
0.000260471
0.000350714
0.000296668
0.00134348
0.000206304
0.000470328
0.0004605
0.00030375
0.000207363
0.000665283
0.000369099
0.00585912
0.000500542
0.000389572
0.000430513
0.00028424
0.0011553
0.000333508
0.000326439
0.000364798
0.000542755
0.00116029
0.00060175
0.000321964
0.000320838
0.000601991
0.000248379
0.000105846
0.000379756
0.000258562
0.000832958
0.000451939
0.000364905
0.000219207
0.000799405
0.000260477
0.00053688
0.00554352
0.00018129
0.00257338
6.91028e-05
0.000355165
0.000427654
0.000379069
0.000301164
0.000618426
0.000437295
0.000629231
0.00124378
0.000348813
0.000623338
0.000923037
0.000431216
0.000444328
0.000511833
0.000408217
0.000915769
0.0074771
0.000203485
0.00058206
0.00104725
0.00162919
0.000279833
0.000232566
0.000422372
0.0164395
0.000239359
0.00125662
0.000492427
0.000564274
0.000499605
0.000468809
0.000212832
0.000254442
0.000734034
0.000262134
0.000425514
0.000216244
0.00123646
0.000227782
0.000255186
0.00409561
8.61223e-05
0.000262044
0.00500904
0.000425554
0.000702542
0.000464636
0.000206098
0.000395625
0.000200356
0.0008805
0.00148295
0.000287898
0.000869217
0.000741737
0.000614997
0.000461561
0.000661312
0.00112912
0.000530014
6.38032e-05
0.000597916
0.00111361
0.00072957
0.000288942
0.00154293
0.000371825
0.000413749
0.000527493
0.000492066
0.000300289
0.00044083
0.0013379
0.000297533
0.000709638
0.00046171
0.00225094
0.00056172
0.000310904
0.000722975
0.000164781
0.000460965
0.000475704
0.00056722
0.000934091
0.00106788
0.000595173
0.000438631
0.000825585
0.000557174
0.000516719
0.00140421
0.000507588
0.000307087
0.000396947
0.000180787
0.000781333
0.000618374
0.00363716
9.24345e-05
0.000313699
0.000730295
0.000701545
0.000289517
0.001116
0.000282768
0.000835497
0.000329088
0.000473461
0.000402021
0.000257733
0.00140494
5.27453e-05
0.000298051
0.000602263
0.000135252
0.000184589
0.000341335
0.000487957
0.000337291
0.00680518
0.00047584
0.000314107
0.00041909
0.000451457
0.000766778
0.000134958
0.000944255
0.000383866
0.000328618
0.000262881
0.000421061
0.000366571
0.000244124
0.000245712
0.000369888
0.000606116
0.00104869
0.000496174
0.000292813
0.000731088
0.000546697
0.000925316
6.05636e-05
0.000651549
0.000267087
0.000645093
0.000166674
0.000363238
0.000402079
0.00408449
0.000463558
0.000874033
9.70155e-05
0.00198903
0.000213748
0.000605924
0.00135187
0.00067344
0.000163925
0.000429287
0.000382456
0.000713082
0.00091068
0.000587256
0.000880522
0.000314175
0.000406949
0.000600345
0.00035068
0.00054316
0.000677714
0.000579298
0.000344739
0.000231515
0.000122466
0.000461664
0.000574808
0.000291751
0.00173975
0.0024307
0.000346929
0.000366987
0.000288798
0.000448505
0.000405423
0.000454167
0.000511017
0.00125775
0.000446857
0.000248055
0.000113489
0.000307397
0.000732198
0.000347418
0.000992083
0.000300926
0.000354878
0.000258831
0.000383789
0.000439479
0.000673492
0.000579715
0.000293685
0.000417219
0.000258203
0.000624013
0.000657039
0.000420109
0.00100825
0.000496438
0.000577965
0.00013626
0.000259377
0.00135418
0.000740735
0.000538102
0.000902936
0.00198566
0.000342726
0.000692975
0.000535368
0.00026281
0.000256951
0.000930018
0.000796961
0.00142798
0.000452202
0.00048205
0.000617076
0.000337331
0.000264601
0.000492535
0.000189038
0.000784627
0.000231485
0.00031838
0.000565862
0.000487477
0.000521168
0.000308248
0.00145324
0.000468514
0.000558728
0.000499437
0.000485974
0.000449885
0.000863498
0.000512722
0.00470116
0.00121709
0.000285631
0.000305182
0.000305996
0.000914893
0.00087072
0.00292819
0.0011028
0.000402803
0.000120281
0.000609749
0.000827184
0.000356173
0.000245315
0.000173462
0.00135683
0.00364284
0.000287102
0.000560549
0.000273983
0.000113921
0.00101659
0.00101378
0.000299472
0.000405243
0.000506979
0.000334309
0.000301558
0.000284183
0.000151121
0.000323725
0.000470989
0.000787798
0.000300788
7.89406e-05
0.000300694
0.000272116
0.000395768
0.00044413
0.000331802
0.000419744
0.00385268
0.000684789
0.0005268
0.0003737
0.000359668
0.00317836
0.000402071
0.00031262
0.000318099
0.000585
0.000225338
0.000468736
0.000372767
0.000667667
0.00119744
0.00057401
0.000142326
0.00131421
0.000438497
0.000108751
0.000229517
0.000344346
0.000571817
0.000549592
0.000193109
0.000688963
0.000616341
0.000244149
0.00047625
0.00180639
7.46835e-05
0.000271708
0.00044727
0.000344443
0.00014157
0.000711848
0.00044601
0.000349936
0.00261301
0.000300816
0.000377679
0.000519378
0.000543344
0.000818077
0.000216684
0.00173784
9.63193e-05
0.000424359
0.000364595
0.000493193
0.000754878
0.00047583
0.00335272
0.000158167
0.00146451
0.000355378
0.00177355
0.000774988
0.000250765
0.000538933
0.000616578
0.000622878
0.000296009
0.000322617
0.00548542
0.00059155
0.00086926
0.000355727
0.000363878
0.000159957
0.000671046
0.0005401
0.00020355
0.000274322
0.000520135
0.000213916
0.000609029
0.000177172
0.000427903
4.19963e-05
0.000504376
0.000586016
0.000230834
0.00113975
0.000966269
0.000711358
0.0012248
0.000560622
0.000187852
0.000197098
0.00071989
0.000280435
0.0181135
0.000394704
0.000146567
0.00522662
0.000389431
0.00206866
0.000218061
9.48838e-05
0.000240862
0.00176667
0.000732465
0.00149118
0.0004978
0.000312597
0.00384856
0.000175248
0.00024355
0.000773959
0.000459422
0.000460863
0.000374478
0.000163248
0.000540917
0.000207258
0.000781395
0.000349285
0.000205568
0.00103946
0.000380552
0.000380698
0.000227512
0.000318484
0.000375776
0.000489113
0.000447687
0.000504683
0.000967107
0.000734249
0.00101188
0.000522929
0.000885828
0.00371202
0.000388503
0.000205419
0.000697316
0.000476596
0.00244012
0.000511656
0.000399372
0.000487239
0.000321967
0.000250139
0.000356487
0.0004334
0.000674334
0.000427483
0.000906329
0.000367707
0.000306772
0.000317589
0.00028183
0.000296832
0.000658872
0.00141762
0.000729332
0.000539395
0.000200709
0.000829433
0.00052111
0.000541194
0.000677575
0.000584897
0.000463488
0.000517438
0.000590171
0.000583251
0.0262792
0.000388978
0.000352764
0.000549133
0.000419815
0.000444554
0.000620206
1.84831e-05
0.000780959
0.000399191
0.000984421
0.000263103
0.000465866
0.000525412
0.000164916
0.00109575
0.000225271
0.000519418
0.000244398
0.0001396
0.000546601
0.00097456
0.00050357
0.00152855
4.66297e-05
0.000317621
0.000429131
0.000651162
0.000406599
0.000791993
0.000155374
0.00089279
0.000407324
0.000442407
0.00048028
7.94506e-05
0.000937951
0.000308127
0.00337461
0.000130235
0.000246348
0.000378757
0.00192627
0.000417777
0.000454743
0.00061205
0.000440661
0.000414611
0.000307276
0.00044349
0.000342439
0.00438748
0.000652348
0.000609215
0.000417717
0.000267154
0.000256061
0.00020814
0.000118005
0.000467407
1.25862e-05
0.00047582
0.000529881
0.000504939
0.000460261
0.000213418
0.000650567
0.000256393
0.000315773
0.00095503
0.000327
0.00180099
0.000721542
0.000187825
0.000336303
0.00185566
0.00051415
0.000182318
6.07949e-05
0.000136401
0.000335288
0.00132149
0.000287442
0.000355602
0.000204932
0.000690474
0.000294353
0.000455104
0.000386807
0.0761177
0.000238544
0.00272785
0.00153332
0.000275216
0.000649066
0.000222058
0.000440911
0.000368897
0.000388388
0.000260573
0.000550865
0.000995467
0.000533274
0.00049376
0.000408142
0.000311161
0.000881698
0.000543109
0.000423849
0.000552937
0.00030184
0.000245799
0.000425936
0.000245768
0.000308335
0.000710526
0.00014509
0.000998552
0.000863483
0.000395229
0.000223821
0.00050053
0.000179104
0.000880726
0.000338995
0.000422835
0.0002713
0.000443946
0.000447326
0.000375489
0.000212424
0.000280686
0.00057556
0.000484337
0.000536872
0.000310697
0.000532614
0.00019403
0.000558137
0.00149228
0.000482978
0.00032852
0.000739794
0.000193456
0.000276202
0.000968037
0.000557171
0.000351683
0.000619596
0.000167534
0.0015194
0.000276138
0.000668308
0.000632773
0.000779453
0.000240862
0.000349317
0.00042779
0.000343325
0.000389265
0.000229258
0.00116794
0.000290988
0.000444277
0.000859204
0.00157579
0.000332034
0.000431752
0.000684534
0.000394294
0.000417825
0.000533105
0.000760378
0.00024406
0.000509834
0.000617403
0.000526687
0.000353852
0.000286119
0.000269068
0.000854574
0.000689329
0.000470488
0.000399231
0.000280566
0.000770558
0.000975603
0.000504139
0.000244707
0.00108982
0.000270117
0.000449959
0.000326
0.000446737
0.000346545
0.000376671
0.00040601
0.00038866
0.000153292
7.10129e-05
0.000535878
0.000166302
0.000451845
0.000400506
0.000401548
0.00100536
0.00010293
0.000516215
0.000140596
0.000305473
0.000282923
0.000633777
0.00102871
0.00118354
0.00028702
0.000713201
0.000668179
0.000623408
0.00033483
0.000439714
0.000200769
0.000408644
0.000802243
0.000334689
0.000517646
0.000237684
0.000547463
0.0006267
0.000451646
0.000184245
0.000393573
0.000271831
0.000268148
0.000976359
0.000228838
0.000372246
0.00016358
0.000985402
0.000361744
0.000230957
0.000193359
0.000429453
0.000235461
0.000394382
0.000510834
0.000432204
0.000671936
0.0010517
0.000324537
0.000326758
0.000310195
0.000934892
0.000603773
0.000145575
0.000276891
0.000345915
0.000186295
0.00012288
0.000371312
0.000231341
0.00273295
0.000405776
0.00205833
0.000367538
0.00147131
0.000359065
0.000517488
0.00033502
0.000378562
0.000685097
0.000277097
0.000430611
0.000581954
0.000392611
0.000765449
0.000198001
0.00077127
0.000280347
0.000333383
0.000377678
0.00152
0.00038683
0.000364996
0.00028019
0.000177502
0.000938978
0.000516432
0.000113314
0.000335553
0.000270985
0.000312533
0.00015345
0.00113772
0.000579873
0.000538876
0.000463204
0.00101177
0.000350205
0.00224823
0.000686695
0.000239102
0.00135864
0.000220063
0.000313932
0.000792098
0.00132758
0.000300046
0.000307729
0.000445431
0.000158
0.00171265
0.000688271
0.000716603
0.000129354
0.00227355
0.000558543
0.000520714
0.000592718
0.000660083
0.000155511
0.001097
0.000148491
0.000366815
0.000390203
0.000733777
0.000690527
0.000269194
0.000253302
0.000660557
0.000348062
0.000643241
0.000733871
0.000185562
0.000947486
0.000401242
0.000380311
0.000538594
0.000226436
0.000791763
0.00036324
0.000303033
0.000604575
0.000203091
0.00126299
0.000458766
0.000321176
0.000466919
0.000290575
0.000260163
0.0028653
0.000535415
0.000580062
0.00068465
0.000397261
0.000723264
0.00025079
0.000652935
0.000250084
0.000373133
0.000283107
0.000189547
0.000340879
0.000405731
0.000174085
0.000215736
0.000361109
0.000517217
0.000446588
0.000283702
0.000610942
0.000260999
0.000250524
0.000606667
0.000279792
0.000979752
0.000345939
0.000423509
0.000447971
0.000486209
0.000118854
0.000480513
0.000568387
0.000570146
0.00037376
0.000159285
0.000354602
0.00048205
0.000577173
0.000242932
0.000344438
0.000259221
0.00328588
0.000404113
0.000492286
0.000300226
6.71389e-05
0.000396195
0.00154437
0.000425956
8.23826e-05
0.000262218
0.000385037
0.000296503
0.000356621
0.00043891
0.00122369
0.000428841
0.000697029
0.000286423
0.000250457
0.000326751
0.000788616
0.00060422
0.000313579
0.000264542
0.000641314
0.000221298
0.000400247
0.00074848
0.000470319
0.000161496
0.000825877
0.00090073
0.0003366
0.000754459
0.000387049
0.000114813
0.000455566
0.000245719
0.000247852
7.81077e-05
0.000444876
0.00251559
0.000457428
0.000333115
0.00134915
0.000157781
0.000383436
0.000533725
0.000257126
0.000153067
0.000500575
0.000377897
0.000523604
0.000988099
0.000574745
0.00020301
0.000486687
0.00269487
0.000412465
0.000496059
0.000271524
0.000600063
0.000791996
0.000351692
0.000510244
0.000140582
0.000316515
0.00236211
0.000718282
0.000112101
0.000442384
0.00043493
0.000414652
0.00017567
0.000482779
0.000219494
0.000245629
0.000295894
0.00136443
0.00103358
0.000606334
0.000489739
0.000454541
0.00029977
0.000333878
0.000367034
0.000338946
0.00049093
0.000515436
0.000784085
0.000196937
1.23616e-05
0.000429846
0.00114536
0.000349771
0.000329018
0.000397957
0.000516106
0.000623665
0.00050462
0.000401053
0.000948511
0.000517746
0.000487782
0.000884126
0.000411257
0.000574023
0.000400286
0.000293007
0.000230694
0.000445856
0.000205485
0.000653769
0.000340546
0.000620669
0.00103955
0.000952982
0.000466242
0.00108137
0.000312592
0.000673983
0.000513358
0.00300687
0.000109401
0.000353591
0.00234466
0.00049247
0.000572264
3.4691e-05
0.000373169
0.000125917
0.000646204
0.000221912
0.00032758
0.000222973
0.0123943
0.000374665
0.000838404
0.000837579
0.000398048
0.000776114
0.000337365
0.000923136
0.000399923
0.000516922
0.000329941
0.000641554
0.000592023
0.000584539
0.000475491
0.00654135
0.000252551
0.00134291
0.000618221
0.000482128
0.000321778
0.000721033
0.000337427
0.000449944
0.000163076
0.0251741
0.000269493
0.000272297
0.000745827
7.87811e-05
0.000106169
0.000743503
0.000484423
0.000478727
0.000464494
0.000541175
0.00028412
0.000920799
0.000328079
0.000631067
0.000805689
0.00380611
0.000672336
0.0003375
0.000418579
0.000325834
0.000565525
0.000114563
0.000633213
0.000637908
0.00156576
0.000346055
0.00069699
0.000285639
0.000243989
0.000293885
0.000141156
0.000652907
0.000962745
0.00125957
0.000404097
0.000926427
0.000341321
7.88067e-05
0.000508563
0.00044933
0.000226628
0.000296413
0.000111787
0.00055157
0.0010996
0.00036704
0.00030361
0.000238967
0.000341012
0.000680302
0.00127816
0.00109199
0.00130392
0.0013185
0.000445819
0.00042294
0.000109677
0.000409762
0.000245839
0.000485833
0.000885102
0.000696053
0.000110606
0.000396439
0.00078219
0.000566128
0.00041983
0.000280504
0.000234759
0.000599364
0.000571446
6.25992e-05
0.000327111
0.000514078
0.0001156
0.000498774
0.000211257
0.000683275
0.000216041
0.000511749
0.000209659
0.000150248
0.000783775
0.000296922
0.000555365
0.00155658
0.000323684
0.000272021
0.000362174
0.000628446
0.00134043
0.000435903
0.00106851
0.000252891
0.000433067
0.000356485
0.000401852
0.000548223
0.000547022
0.000261507
0.000287946
0.00165482
0.000259776
0.000887019
0.000484569
0.00031879
0.000496831
0.000786629
0.000282832
0.000784465
0.00103509
0.000282242
0.000516446
0.000430508
0.000179735
0.00014712
0.000688039
0.000243167
0.00036581
0.0021486
0.000508298
0.000624017
0.000437257
0.000361922
0.000330616
0.000670587
0.000324495
0.0015892
0.000422762
0.000123825
0.00123209
0.000680275
0.000415207
0.000572408
0.000359376
0.000587672
0.000333756
0.000258426
0.000376283
0.00027987
0.000984244
0.00018442
0.00104131
0.00105111
0.000737491
0.000512885
0.000181435
0.000615784
0.00156242
0.00123493
0.000300636
0.00108561
0.00036546
0.00063665
0.0005102
0.000403651
0.000535638
0.00117601
0.000588722
0.00312952
0.000384515
0.00035828
0.000876576
0.000241026
0.000529147
0.000527181
0.000294743
0.000264062
0.000523798
0.000271152
0.000722878
0.000277511
0.00124035
0.000361676
0.000355097
0.000478925
0.000185256
0.000658988
0.00028082
0.000546677
0.000240426
5.39145e-05
0.000855604
0.00078491
0.000954995
0.000245211
0.00050483
0.000582527
0.00104336
0.00025226
0.000489286
0.000342823
0.000543464
0.000639242
0.000680483
0.000192312
0.000447937
0.000518246
0.000661501
0.000559664
0.000445511
0.000688479
0.00151239
0.000199115
0.000664551
0.000671146
0.000327419
0.000566802
0.000137629
0.000662593
0.00083465
0.000747396
0.00135673
0.000513154
0.000582626
0.000526657
0.00136962
0.000268571
0.000536696
0.000536878
0.000107377
0.00078219
0.000236246
0.000864067
0.000210398
0.000549916
0.00444232
0.00067275
4.99444e-05
0.000368572
0.000476185
0.000321754
0.000934604
0.000724053
0.000309525
0.00012132
0.00035846
0.000385785
0.000904961
0.000202351
0.00212139
0.000359112
0.000674894
0.00435541
0.000528423
0.000422965
3.79716e-05
0.00048396
0.000784945
0.00381899
0.000493991
0.000228889
0.00022705
0.000675739
0.00110826
0.000801023
0.000717198
0.00209821
0.000152296
0.000449581
0.000489506
0.000452786
0.000361872
0.000237974
0.000341514
0.000152293
0.000981806
0.00052179
0.000457256
0.00051819
0.000268645
0.000867123
0.000185548
0.000580411
0.000417673
0.000221901
0.000495673
0.000894061
0.0010189
0.000367741
0.00251955
0.00430237
0.000292826
0.00139927
0.000117998
0.000221121
0.000240972
0.000179094
0.000361222
0.000307924
0.000245006
0.000610537
0.0225006
0.0006049
0.000259567
0.000256307
0.000338425
0.000427841
1.7113e-05
0.00108132
0.000467547
0.00026129
0.000480449
0.000400475
0.000385261
0.000737067
0.000325333
0.00044013
0.000173208
0.00076047
0.000246784
0.00105106
0.000143869
0.000861133
0.00143865
0.000439993
0.00049178
0.000379097
0.000576559
0.000519027
0.000711043
0.000471952
0.000307963
0.00046216
0.000214885
0.000523285
0.000277942
0.000575
0.00113971
0.000819265
0.000357011
0.000382842
0.000264281
0.000669659
0.000404728
0.00093426
0.000281769
0.00143644
0.000230445
0.000472059
0.000468039
0.00501391
0.000520672
0.000314923
0.00128763
0.000160378
0.000689413
0.000365736
0.000311532
0.000673708
0.00044852
0.000521335
0.000391479
0.000148998
0.000984811
0.000218263
0.000626243
0.000350133
0.000225808
0.000311685
0.000536206
0.000248223
0.000449633
0.000677552
0.000321026
0.00170468
0.000340161
0.000306714
0.00187154
0.000712037
0.000506895
0.000266162
0.00217604
0.000207108
0.000460879
0.000360362
0.000143853
0.00182047
0.000310655
0.000785548
0.00034904
0.000166131
0.00140261
0.0002984
0.000501028
0.000691054
0.00053416
0.000375282
0.000383458
0.0015348
0.000457248
0.000680481
0.00018237
0.000592845
0.00510938
0.000414067
0
0.000236874
0.000196221
0.000415164
0.000312711
0.000153333
0.000174634
0.000550963
0.000326164
0.000249582
0.000591553
0.000418512
0.00188334
0.000689448
0.00134764
8.12259e-05
0.000369768
0.00115574
0.000629827
0.000353219
0.000213015
0.000291228
0.000506005
0.00107568
0.000381642
0.000681153
0.000235273
0.000535485
0.00102557
0.000478582
0.000200772
0.000188357
0.000793876
0.00520104
0.00166077
0.000353307
0.000463342
0.000440509
0.000635084
0.000831493
0.000151514
0.000477693
0.000432708
0.00072279
0.000318004
0.000542322
0.000676001
0.000317571
0.000740749
0.000257538
0.00037829
0.000698413
0.00057735
0.000303214
0.00123518
0.00043139
0.000499425
0.00135493
0.000207849
0.000192465
0.000378447
0.000269377
0.000249973
0.000319794
0.000124675
0.000367263
0.000526281
0.000920807
0.000780064
0.00014649
0.000476687
0.000754508
0.000968869
0.000716744
0.00112042
0.000534055
0.000360609
0.000196567
0.0004874
0.000530214
0.0146331
0.000181644
0.00459827
0.00092228
0.000436586
0.000283158
0.000952552
0.000451905
0.000428089
0.000122249
0.00171093
0.000293584
0.0011623
0.000223736
0.000399667
0.000341898
0.000308191
0.000376923
0.000274855
0.00131536
0.000180067
0.000643604
0.000347253
0.000385563
0.00021566
0.000689562
0.000443483
0.000329388
0.000673791
0.000548707
0.000323007
0.000168046
0.000707742
3.0306e-05
0.000677181
0.000280015
0.000613178
0.00100595
0.000336606
0.000311348
0.000447178
0.000485448
0.000371567
0.000826069
0.000434559
0.000447401
0.000192591
0.000325733
0.0010297
0.000556121
0.000828471
0.000291546
0.000829045
0.000237346
0.000942865
0.000839296
0.000402014
0.00031857
0.00049134
0.000341493
0.000441999
0.000325744
0.00386013
0.000789745
0.000282073
0.000567597
0.000348532
0.000341809
0.000423022
0.000528746
0.000250735
0.000573174
0.000192958
0.000420231
0.000473966
0.000556408
0.000277382
0.000722676
0.000420353
0.000316523
0.000497065
0.00107061
0.000509964
0.00039423
0.00171801
0.000570846
0.000379851
0.00034581
0.000544366
0.000721279
0.00099035
0.000667312
0.000707906
0.00323369
0.000461967
0.000526893
0.000610281
0.000740414
0.000736365
0.000273968
0.000960808
0.000281354
0.000460195
0.000522511
0.000296173
0.00159288
0.000786578
0.000409715
0.000563335
0.000700812
0.000835913
0.000625079
9.88416e-05
0.000549466
0.000527028
0.000332862
0.000555258
0.00147548
0.0006268
0.000489734
0.000356446
0.000528974
0.000360176
0.000527137
0.000396192
0.000470452
0.000184235
0.000451329
0.000300545
0.00216221
0.000423767
0.000705148
0.000146343
0.000670169
0.000242198
0.0010601
0.000294419
0.000476888
0.000163444
0.000358945
0.000345115
0.000382087
0.000427365
0.000411716
0.000643029
0.000498653
0.000494139
0.000418754
0.000770046
0.00119446
0.00027002
0.000244972
0.000463353
0.000333391
0.000306304
0.000397055
0.000973938
0.000482235
0.000416071
0.000466624
0.000623838
0.00863638
5.56882e-05
0.00105378
0.000826669
0.00178835
0.000538573
0.000302216
0.000474403
0.000239012
0.000836577
0.000205292
0.000533396
0.00024945
0.00017105
0.00375628
0.001042
0.000710159
0.000485849
0.000456507
0.000143123
0.000550338
0.00074444
0.002077
0.000221782
0.000351924
0.000188081
0.000420378
0.000421849
0.000263189
0.000478258
0.00111216
0.000432552
0.000249308
0.000600992
0.00011547
0.000664007
0.000549125
0.000298995
0.000520994
0.000530215
0.0013435
0.000282594
0.000253735
0.0101435
0.000193968
0.00136667
0.0015647
0.00040366
5.78967e-05
0.000482528
0.000245314
0.000184296
0.000214283
0.000372435
0.000518979
0.000979624
0.000394821
0.00115999
0.000641077
0.000215892
0.000134005
0.000501215
0.000568741
0.000308195
0.000639476
0.00205195
0.000100042
0.000175802
0.000699279
0.000359362
0.000259223
0.000453047
0.000380294
0.00115042
0.00772269
0.000721589
0.00018036
0.000641069
0.000628202
0.000282766
0.000181255
0.000175755
0.000284403
0.000619882
0.000352512
0.000349514
5.04358e-05
0.000115227
0.00070943
0.00550664
0.000611617
0.00015607
0.000474216
0.000243619
0.00137932
0.000250117
0.000298433
0.00123924
0.000424842
0.000509069
0.000432964
0.00024734
0.000390419
0.000169791
0.00174804
0.000124738
0.000380921
0.000527068
0.00423088
0.000568095
0.000488167
0.00100576
0.000519145
0.000318116
0.000419574
0.000260644
0.000542248
0.000511199
0.00221623
0.000423233
0.000739776
0.000513598
0.000278814
0.000480204
0.00103769
0.000164443
0.000813965
0.000886622
0.000223515
0.000422054
0.000307204
0.000309962
0.000449209
0.000430675
0.000521175
0.000965805
0.000385223
0.00146601
0.000420396
0.000807924
9.25096e-05
0.000345062
0.000386201
0.00668669
0.000466972
0.000494264
0.000491052
0.000172252
0.000216938
0.000442573
0.00077266
0.000159752
0.000513552
0.000331303
0.000504276
0.000520564
0.000516162
0.000695565
0.000578381
0.000298999
0.00282469
0.000496666
0.000319768
0.000766759
0.000697398
0.000564484
0.000122644
0.000665259
0.00119687
0.000230634
0.000466441
0.000289359
0.000584855
0.000388345
0.00128074
0.000329796
0.000670368
0.000277794
0.000693389
0.000720051
0.000666582
0.000562638
0.000547649
0.000407364
0.000396578
0.000387056
0.000440528
0.000384502
0.00038244
0.000279144
0.00052805
0.000485168
0.000333518
0.000517568
0.000338846
0.000720979
0.000521249
0.000405807
0.000124826
0.00148788
0.000827814
0.00101238
0.000146944
0.000513843
0.00031828
0.000517698
0.000243345
0.000415901
0.000204378
0.000395031
0.0011729
0.000592366
0.000457876
0.00311567
0.000634537
0.000545211
0.0010167
0.00079553
0.0056729
0.000287855
0.000235224
0.00037585
0.00046524
0.000551578
0.000308025
0.00027978
0.000366922
0.000434358
0.000752917
0.000603415
0.00126865
0.000543513
0.000225312
0.000467416
0.000603168
0.000525402
0.000528422
0.000322901
0.000295403
0.000238451
0.000238594
0.00071128
0.000682449
0.000831416
0.000380269
0.00021124
0.000807531
0.000572199
0.000428876
0.000138575
0.000121894
0.000486136
0.000680584
0.000612698
0.000417733
0.000303932
0.000921443
0.000341049
9.23089e-05
0.000311903
0.00013389
0.000299625
0.000210778
0.000414581
0.000759086
0.000586083
0.000389338
0.000695078
0.000524288
0.00906172
0.000123485
0.000900518
0.446875
0.000462842
0.000109377
0.000379924
0.000275592
0.000429369
0.000502044
0.000259955
0.00102547
0.00025915
0.000188949
0.000416999
0.000367633
0.000483102
0.000285663
0.000470265
0.00022133
0.00083138
0.000435415
0.000718879
0.0028383
0.000367749
0.00101998
0.000302243
0.00150228
0.000130766
0.000294744
0.00350191
0.000516197
0.000581219
0.000379484
0.000224568
0.000391618
0.000431585
8.37231e-05
0.000683826
0.000677808
0.00142489
0.000518398
0.00270185
0.000230346
0.000289623
0.000360639
0.000410283
0.00042938
0.000429325
0.000359663
0.000346429
0.000166202
0.00214443
0.000435652
0.00117084
0.000311585
0.000279443
0.000428532
0.000159649
0.000354377
0.000385121
0.000242565
0.000530681
0.000368686
0.000257557
0.00038798
0.000743414
0.000411162
0.000631922
0.000620358
0.000338896
0.000293127
0.000515649
0.000426662
0.000505843
0.000243553
0.000225096
0.00225912
0.000344367
0.000297493
0.000685295
0.000550704
0.000256974
0.000319947
0.000148196
0.000287008
0.000611307
0.000225217
0.000577135
0.000255775
0.000818977
0.000259168
0.000722414
0.00134417
0.000519093
0.000746688
0.00023576
0.000584677
0.000614466
0.000720932
0.000453405
0.000983872
0.000275459
0.000421124
0.000863974
0.000547264
0.000231213
0.00025336
0.000426723
0.00427849
0.00422263
0.00095886
0.000369159
0.0071429
0.000621717
0.000289712
0.000747257
0.00033601
0.00276327
6.56294e-05
0.000397306
0.000189566
0.000422582
0.00122857
0.000385553
0.000245185
0.000565831
0.000620909
0.000395348
0.000422242
0.00272677
0.000299694
0.000341722
0.000488023
0.00041787
0.000817266
0.0049789
0.000169194
0.000294776
0.00102372
0.000591467
0.000606473
0.000278316
0.000237407
0.000205421
0.000160579
0.000504169
0.000241027
0.000364023
0.000471731
0.000299316
0.000452754
0.000307541
0.000136801
0.000294739
0.000335921
0.000141214
0.000767918
0.000675433
0.000594164
0.000430688
0.000442869
0.101464
0.000108926
0.000415505
0.000676664
0.000193978
0.000885174
0.000911067
0.000616361
0.00046728
0.000645694
0.000811542
0.000929256
0.000477122
0.000853886
0.000277067
0.000159708
0.000709477
0.000187779
0.000386896
0.000291496
0.000205686
0.00026253
3.98402e-05
0.00219116
0.000621425
0.000242379
0.000272764
0.000278674
0.000883925
0.000264188
0.000510985
0.000262097
0.000158795
0.00024002
0.000519063
0.000802784
0.000220698
0.00048607
0.000205337
0.000448553
0.000291342
0.000584397
0.000136247
0.000330943
0.000259619
0.000170249
0.000533193
0.000333992
0.000804834
0.00013474
0.00059989
0.000558429
0.000524686
0.000176091
0.000781243
0.000494566
0.00164542
0.000974184
0.000583624
0.000615649
0.000167059
0.00068592
0.000306953
0.00046351
0.000413843
0.000316064
0.000714068
0.000359805
0.000722757
0.00159838
0.000824132
0.000523987
0.000274599
0.000459103
0.000231482
0.000470242
0.0183399
0.000514782
0.000433781
0.0010511
0.000249392
0.000502195
1.45537e-05
0.000384774
0.000158039
0.0021619
0.000470423
0.00014089
0.000293256
0.000439825
0.000237234
0.000529054
0.000242362
0.000255313
0.000663815
0.000739252
0.0013301
0.000509517
5.75562e-05
0.000838305
0.00101749
0.000110839
0.000402022
0.000373697
0.000583067
7.26349e-05
0.000457844
0.00104593
0.000550519
0.000267846
0.000519853
0.000514717
0.000671155
0.000442346
0.000327872
0.000371524
0.000379901
0.000644687
0.000313618
0.000381665
0.000601214
0.000616447
0.000466474
0.000231677
0.00591781
0.000542409
0.000970479
0.000435409
0.00148184
0.000699421
0.000282672
0.000439283
0.000893943
0.000200323
0.000543159
0.000548512
0.00059007
0.00564848
0.000386318
0.000401059
0.000149942
0.000294836
0.000627587
0.000175357
0.000542931
0.00039451
9.43379e-05
0.000144758
0.000520786
0.00017629
0.000677612
0.000600481
0.000880953
0.000206005
0.00103525
0.00134291
0.000453546
0.00066162
0.00048067
0.000787256
0.00169165
0.000778309
0.000306375
0.00069183
0.000418035
0.000547168
0.000502047
0.0006129
0.000682949
0.000634218
0.00089633
0.000702725
0.000657863
0.000531402
0.000538272
0.000106234
0.000903839
0.00843351
0.000256794
0.000373071
0.000330478
0.0176385
0.000360312
0.000991473
0.000555694
0.000581698
0.000477826
0.000616815
0.000551025
0.000505488
0.000358865
0.00066511
0.000196878
0.000504327
0.000519691
0.000684537
0.000340779
0.0010101
0.000357406
0.000208765
0.00040873
0.000296631
0.000271358
0.000193791
0.000696423
0.000456841
0.000655416
0.000107497
0.000441385
0.000413416
0.000399629
0.000273168
0.000653139
0.000449023
0.000159449
0.000704113
0.000553131
0.000419531
0.000349082
0.000301855
0.000565048
0.000499365
0.000451723
0.000548942
0.000627015
0.000724912
0.00113431
0.000246101
0.000304075
0.000573994
0.000269963
0.000726159
0.00067757
0.000441978
0.000216022
0.00180027
0.000736265
0.000748348
0.000165593
0.000250709
0.000703018
0.000370555
0.000652643
0.000314397
0.000507942
0.000614455
0.000232671
0.00036098
0.000340176
0.000576305
0.000363418
0.000321048
0.000292143
0.000542975
0.000378299
0.000412604
0.000381975
0.000452779
0.000438007
0.000459635
0.000673532
0.00084749
0.00141114
0.000296947
0.000313355
0.000309479
0.00212908
0.00136859
0.00124754
0.000408837
0.000342103
0.000119717
0.000356384
0.00142292
0.000715645
0.000352522
0.000483673
0.000395405
0.000355707
0.000525274
0.000734814
0.000581555
0.000278175
0.000406765
0.0010401
0.000315145
0.000896435
0.000288219
0.00119794
0.000137013
0.00300343
0.000576692
0.000398184
0.000279099
0.000437158
0.000568872
0.0159658
0.00024126
0.000525956
0.000299503
0.00103329
0.000637537
0.000691771
0.000263985
0.000386503
0.000169268
0.000511572
0.000312715
0.000336137
0.000616323
0.000331767
7.34536e-05
0.00427464
7.56284e-05
0.000539335
0.000208604
0.000213124
0.000379653
0.000409804
0.00116056
0.000555845
0.000533437
0.000438033
0.000173873
5.10541e-05
0.000399516
0.000344973
0.00100308
0.0010942
0.00176927
0.000334254
0.000490048
6.85203e-05
0.000551953
0.000261954
0.000966605
0.00100956
0.000314316
0.000908647
0.000170535
0.00108886
0.000694208
0.000637604
0.00125908
0.000532199
0.000666001
0.000839859
0.000549308
0.000707233
0.000707013
0.000753116
0.000268583
0.000432398
0.000299566
0.000627596
0.000522686
0.00133172
0.000451232
0.00089122
0.000782745
0.000331648
1.60925e-05
0.000223014
0.000663585
0.000862093
0.0006409
0.000666063
0.000148861
0.00031995
0.000697072
0.000176707
0.0005637
0.000909064
0.00138243
7.28611e-05
0.000307755
0.00028195
0.00311655
0.000640187
0.000778155
0.000990693
0.000701398
0.0119009
0.00022199
0.000170964
0.00036946
0.000355744
0.000321818
0.000350219
0.000694754
0.00058732
0.00100109
0.000522646
0.000695372
0.000280523
0.000526149
0.00106794
0.00052588
0.000548006
0.000586922
0.000315486
0.000384739
0.000267833
0.00059339
0.00100338
0.000165804
0.000274351
0.00110407
0.000614417
0.00117481
0.000386985
0.000964849
0.000596188
0.000911547
0.00071964
0.000299694
0.000440315
0.000377295
0.000717774
0.000226219
0.000512729
0.000285049
0.000335273
0.000401207
0.000612092
0.000168313
0.000694805
0.000222088
0.000725323
0.000330456
0.000372983
0.000695613
0.000652592
0.000409086
0.000650518
0.00024564
0.000324018
0.000804802
0.000506115
0.000156015
0.000706189
0.00107427
0.000426528
0.000399532
0.000645215
0.000812097
0.000298934
0.000510431
0.000382359
0.00146446
0.000839748
0.00585593
0.000253602
0.000292615
0.000419323
0.000320205
0.000215795
0.000509034
0.000267197
6.20237e-05
0.000309658
0.000832028
0.000515964
0.000694086
0.000361102
0.00028206
0.0010875
0.000327829
0.00021922
0.000456756
0.00152037
0.000187852
0.000140759
0.000150805
0.000190472
0.000443339
0.000851041
0.000253212
0.00158744
0.000379442
0.000606826
0.000448961
0.000485656
0.000168764
0.000413098
0.00016606
0.000158347
0.000557571
0.000216624
0.000158827
0.000580361
0.000748598
0.00160697
0.000990794
0.00282967
0.000511549
0.000702717
0.000613753
0.000503415
0.000213341
0.000862412
0.000570255
0.000388485
0.000425309
0.000263261
4.34994e-05
0.00151612
0.000630348
0.000173794
0.000157949
0.000107618
0.000594746
0.00336716
8.92903e-05
0.000173187
0.000705577
0.000428364
7.91652e-05
0.000485709
0.000342695
0.000577091
0.000349314
0.000760373
0.000378344
0.00099822
0.00088192
0.00010181
0.000314209
0.000369401
0.0022459
0.000215154
0.000377079
0.00147455
0.000481087
0.000367476
0.00050451
0.000424657
0.000478806
0.00076517
0.00021064
0.000335868
0.000177588
0.00182131
5.8741e-05
0.000252512
0.00071413
0.000427399
0.000194445
0.000292035
0.000520563
0.000841995
0.00044088
0.000363813
0.00295598
0.000499874
0.000461372
0.00062202
0.000494121
0.000332655
0.000311142
0.000547486
0.000283383
0.00103983
0.000443428
0.000478769
0.000314717
0.000292102
0.000462609
0.000515089
0.00160735
0.000684462
0.000370677
0.000921063
0.000695872
0.000113612
0.000844921
0.000433669
0.000342575
0.00010595
0.000260818
0.000587361
0.000760447
0.000658767
0.000614427
0.000957098
0.000129013
0.000536168
0.000378381
0.00118151
0.00114407
0.003617
0.000114608
0.000772044
0.000496525
0.00104601
0.000239447
0.000472844
0.000820079
0.000697844
0.000455082
0.000281543
0.000783544
0.000258235
0.000236048
0.0004676
0.000142307
0.000632156
0.000830747
0.000283807
0.000654207
0.000411005
0.000636684
0.000156627
0.000496287
0.000594166
0.000439077
0.000291591
0.000289121
0.000569932
0.000403003
0.000575622
0.000231974
0.000389905
0.000562918
0.00074729
0.000242905
0.000635776
0.000894477
0.000132528
0.000495868
0.000252429
0.000174686
0.000180353
0.000601174
0.000997861
0.00033329
0.00172103
0.000283176
0.000307792
0.000476717
0.000524402
0.000197531
0.000819681
0.000367302
0.000811427
0.000166457
3.52374e-05
0.000814721
0.000304116
0.00018311
0.00012622
0.000907415
0.000218461
0.000442766
0.000587496
0.000616353
0.000375515
0.000772228
0.00120253
0.00172653
0.000221199
0.000860625
0.000352257
0.000131084
0.000239567
0.000713609
0.00280673
0.000358733
0.00039807
0.000216215
0.000338103
0.000796759
0.000305587
0.00120033
0.000225615
0.000453202
0.000961391
0.000327981
0.000248662
0.000686371
0.000186485
0.000430817
0.000339664
0.000555487
0.000282776
0.000757653
0.000191292
0.000175168
0.000483874
0.000822266
0.000119327
0.00033674
0.001497
0.000370602
0.000950534
0.000703524
0.000820521
0.000619249
0.000326156
0.000560504
0.00073569
0.000484328
0.000488823
0.000395148
0.000328979
0.00138043
0.000744327
0.00102926
0.000380354
0.000461001
0.000671329
0.000483359
0.000400593
0.000205697
0.00301288
0.000119647
0.000698232
0.000404742
0.000125676
0.000832542
0.000244285
0.000577715
0.000309134
0.000572336
0.000252048
0.00119025
0.00209382
0.000166617
0.000627567
0.000563964
0.000533678
0.000323263
0.000306298
0.000667933
0.000475058
0.000504148
0.000365727
0.000717555
0.000635888
0.000664671
0.000729889
0.000300592
0.000798678
0.00053576
0.000395261
0.000222939
0.000456374
0.000347074
0.000695058
7.31974e-05
0.00109208
0.000579088
0.000430656
0.000471069
0.000277455
0.000508092
0.000966336
0.00469533
0.00081667
0.000226751
0.000439104
0.000346523
7.76181e-05
0.000601975
0.000297435
0.000714428
0.000444352
0.000583115
0.000475814
0.000608392
0.000464352
0.000338542
0.000681018
0.000827554
0.000631534
0.000636289
0.000199699
0.000430899
0.000563607
0.00060806
0.00112627
0.000324073
0.000993608
0.0002454
0.00032257
0.000299862
6.45444e-05
0.000658927
0.000179635
0.000584871
0.000466626
0.000369064
0.000299849
0.000312539
0.000465029
0.00365546
0.000553268
0.000438522
0.000647075
9.16965e-05
0.000359841
0.000198411
0.000416016
0.000252641
0.000616429
0.000685416
0.000129096
0.000301669
0.000590757
0.000366953
0.00150122
0.000190476
0.000552805
0.000372687
0.000120056
0.000425392
0.000151273
0.000420109
0.000270448
0.00105176
0.000967196
0.00152011
0.000451968
0.000524282
0.000595808
0.000720743
0.00879372
0.000230873
0.00033162
0.000181115
0.000779271
0.00132819
0.00380587
0.000297142
0.000409641
0.000413306
0.00052562
0.000240622
0.000141217
0.000528508
0.000545974
0.000961898
0.000187994
0.000537009
0.000260902
0.000152648
0.000187109
0.00046391
0.000485605
0.000737948
0.000541821
0.000375526
0.00442804
0.000522188
0.00028278
0.000292102
0.000319045
0.000606044
0.000954209
0.000476042
0.000784774
0.000199968
0.00099358
0.000233401
0.000692228
0.000870204
0.000579411
0.000351097
0.000326741
0.000818088
0.00032878
0.000426379
0.000398827
0.000491208
0.00029138
0.000122972
0.000717166
0.000268366
0.000499453
0.000190323
0.000628227
0.000776113
0.000383858
0.00047224
0.000265888
0.000264788
0.00136581
0.000458769
0.000381563
0.00183913
0.000794665
0.000276889
0.000876565
0.00490623
0.00024045
0.000899796
0.00414053
0.000365258
0.000806903
0.000666057
0.000128263
0.000584
0.000469187
0.00038201
0.000382402
0.00037035
0.000660073
0.000329498
0.000410785
0.000643765
0.000374518
0.000318025
0.000626292
0.000215555
0.000842734
0.000222317
0.00020977
0.000104496
0.000219041
0.000520567
0.000317254
0.00109719
0.000311427
0.000167568
0.000392335
0.000702015
0.000450817
0.00010971
0.000329432
0.000183852
0.00037799
0.000188879
0.000300185
0.000265856
0.000718769
0.00662784
0.000429125
0.000776769
0.0004289
0.000432611
0.000394786
0.00115139
0.00038809
0.000888384
0.000261541
0.000539772
5.48197e-05
0.000673731
0.000575067
0.000436873
0.000406563
0.000460162
0.000326394
0.000271118
0.000133318
0.000963019
0.000344296
0.000265243
0.000273461
0.000434641
0.000312554
0.000986117
0.000351752
0.000513196
0.00167584
0.00155554
0.000714735
0.000711931
0.00088439
0.000172516
0.000281712
0.000152928
0.00039321
0.000492692
0.000190776
0.000506975
0.000631473
0.000187498
0.00035416
0.000585526
0.000119656
0.0002527
0.000578585
0.000600232
0.000267547
0.000587109
0.000341706
0.000525281
0.000324719
9.81172e-05
0.000352408
0.00120324
0.000616097
0.000469812
0.000373084
0.000349876
0.000190982
0.000481354
0.000554395
0.000652242
0.00081848
0.0131804
0.000301556
0.000280564
0.000672563
0.000655862
0.000478189
0.000433501
0.000335145
0.00139522
0.000172278
0.000421489
0.000875052
0.000150381
0.00424241
0.000373777
0.000717439
0.0745665
0.000217723
0.000738066
0.000188882
0.000517973
0.000680047
0.000603571
0.0011463
0.000338535
0.000562199
0.000197397
0.000243337
0.000782252
0.000509106
0.000723881
0.000933909
0.000325472
0.000553956
0.000575917
0.000423574
0.000360433
0.00018261
0.00144956
6.83387e-05
0.00106459
0.000351191
0.000462448
0.000267583
0.000667679
0.000594562
0.00183511
0.000662484
0.000400404
0.000346239
0.000358772
0.000195254
8.08902e-05
0.00019867
0.000976888
0.0035138
0.000768101
5.0093e-05
0.000314801
0.000536221
0.000326917
0.000464094
0.000230361
0.00076518
0.000132981
0.00028657
0.00011154
0.000182631
0.000253368
0.000745093
0.0004807
0.000852081
0.00110022
0.000528442
0.000363943
0.000510242
0.000453769
0.000346405
0.000290716
0.000354236
0.000267139
0.000352405
0.000799582
0.000521676
0.000707774
7.29589e-05
0.000380116
0.000814437
0.000657036
0.000415609
0.00079666
0.00013238
0.000395253
0.00032856
0.000233373
0.000564275
0.000731379
0.000517457
0.000201394
0.00151745
0.000953692
0.000767872
0.000370374
0.000296648
0.000452278
0.000461891
0.000395842
0.000398097
0.000762685
0.000287727
0.000345741
0.000452232
0.00104651
0.000471919
4.61159e-05
0.000472134
0.000348043
0.00037763
0.000960905
0.000527219
0.000292229
0.000280528
0.000332414
0.000375618
0.000219262
0.000443889
0.000348699
0.000425023
0.000839885
0.000559401
0.000633718
0.000525168
0.00103075
0.000258588
0.0003519
0.000140274
0.000566822
0.000608168
0.000159354
0.000419774
0.000650668
0.000252502
0.000235562
0.000658621
0.00064758
0.000562766
0.000384636
0.00101409
0.00064569
0.000310822
0.000252062
0.000610691
0.000412419
0.000188573
0.000225554
0.000417921
0.000520421
0.000954727
0.000628206
0.000410341
0.000414642
0.000380039
0.00117863
0.000521802
0.000440964
0.000477187
0.00040744
0.000400105
0.00012255
0.000365052
0.000689532
0.000157441
0.000344682
0.000482909
0.000545371
0.000115289
0.000608547
0.000495065
0.00336577
0.000482698
0.000368726
0.000102418
0.00171215
0.000682227
0.000448638
0.000521161
0.000314952
0.0003659
0.000516058
0.000773324
0.00082149
0.000235094
0.000564774
0.000174143
0.000705918
0.00157816
0.000102665
0.00125113
0.00065558
0.000400867
0.000161652
0.000398787
0.000233007
0.00079292
0.000132612
0.000450338
0.000556151
0.000285547
0.000910892
0.000346758
0.00054417
0.000332268
0.000713421
0.000447246
0.000176114
0.000623405
0.000562021
0.000972181
0.000139473
0.00082559
0.000723716
0.00044149
0.00372062
0.000513695
0.00037893
0.000270161
0.000229115
0.000674588
0.00057185
0.000407448
0.001212
0.000952395
0.000216687
0.000637593
0.000191312
0.00104326
0.000213642
0.000377328
0.000276201
0.000298899
0.000252807
0.000362332
0.00114463
0.000155788
0.000158097
0.000346978
0.000344348
0.000411686
0.00168767
0.000275784
0.000318011
0.000377595
0.000209878
0.000419575
0.00056233
0.000553238
0.000596286
0.00111258
0.000305211
0.000370611
0.000204613
0.000867576
0.00107323
0.000798068
0.000282228
0.000366021
0.000160017
0.00150391
0.000521504
0.000587845
0.000198919
0.00128664
0.000223136
0.000837383
0.000647824
6.57869e-05
0.000515533
0.00297983
0.000372868
0.00128735
0.00247959
0.000172961
0.000620248
0.000354311
0.00052288
0.000407444
0.00149018
0.000434149
0.000413008
0.000383109
0.000283373
0.000178223
0.000449647
0.00088249
0.000330151
0.00205239
0.000391904
0.000376441
0.00241059
0.00159952
0.00141025
0.00181585
0.000349499
0.00024055
0.00013005
0.000662656
0.000419899
0.000141743
0.00029582
0.000122366
0.000508967
0.00020485
0.000221135
0.000351108
0.000150483
0.000422878
0.000313641
0.000182623
0.000339478
0.000235886
0.00021398
0.000426877
0.000312076
0.000146807
0.000492905
0.000572222
0.000391876
0.000377739
0.000153437
0.00033831
0.000165194
0.000342285
0.000252465
0.000415772
0.000228017
0.000672322
0.00126574
0.00032252
0.000289124
0.000846891
0.0017089
0.00465664
0.000678471
0.000636641
0.000325542
0.000606363
0.000834651
0.000638624
0.000315567
0.000360416
0.000523395
0.000800034
0.00046437
0.000273284
0.000829668
0.000701713
0.00436024
0.000413281
0.00010653
0.00060499
0.000175937
0.000526273
0.000496516
0.00055856
0.00104435
0.00140468
0.000137232
2.99052e-05
0.0108624
0.000139964
0.000318636
0.000557422
0.000478572
0.000245841
0.000194655
0.000389903
0.00053103
0.000575454
0.000475626
0.000859152
0.000515009
0.000329933
0.000490158
0.000549188
0.00027049
0.00020837
0.00048696
0.00070234
0.000622765
0.000378793
0.000411193
0.000352896
0.00130286
0.000309604
0.000472819
0.000323294
0.000535479
0.000282521
0.000272581
0.000395526
0.000392762
0.000487652
0.000413563
0.000482756
0.00103494
0.00033488
0.00113059
0.00048778
0.000330956
6.32736e-05
0.000225287
0.000356576
0.000465548
0.000391283
0.000609898
0.000340532
0.000347493
0.000296998
0.000335238
0.00025824
0.00135423
0.000660097
0.00126128
0.000169313
0.00091295
0.000491792
0.000785126
6.04392e-05
0.000330402
0.000761004
0.000824569
0.000177763
0.000950234
0.00032255
0.00049234
0.000790688
0.00043078
0.000390958
0.000252118
0.000193165
0.000265661
0.0001197
0.000804794
0.000222987
0.000711207
0.000528792
0.000787667
0.000637606
0.00061624
0.000560282
0.000394514
0.000559094
0.0002409
0.000346424
0.000584828
0.000536326
0.000197459
0.00038719
0.000402106
0.000380439
0.00103713
0.000500687
0.000185506
0.00039926
0.000164952
0.000514501
0.000534899
0.000940564
0.000506047
0.000356601
0.000434543
0.000742981
0.000205899
0.000393216
0.00043911
0.000210058
0.000859915
0.000324365
0.000292963
0.000483732
0.00134331
0.000975245
0.000702379
0.000501727
0.000254507
0.00053976
0.000593975
0.000454262
0.000424775
0.000430525
0.000788313
0.000449197
0.000241022
0.000257535
0.000259402
0.000472381
0.000617837
0.000381197
0.000693775
0.00027813
2.92882e-05
0.000404868
0.000389973
0.000232648
0.000552597
0.000978497
0.00238205
0.000327323
0.000742069
0.00177145
0.000664885
0.000554865
0.000449903
0.000447555
0.00122376
8.47981e-05
0.000749791
0.00129254
0.00058865
0.000739902
0.000652974
0.00035416
0.00743691
0.00077283
0.000824244
9.34027e-05
0.000277562
0.000403645
0.000577211
0.000368486
0.000796354
0.000446092
0.000464232
0.0002048
0.000503888
0.000225138
0.000377718
0.000285484
0.000142401
0.00067941
0.00164349
0.000126381
0.000135298
0.000422757
0.000178622
9.19178e-05
0.000334925
0.000565806
0.000408568
0.00104552
0.00074314
0.000758624
0.00513172
0.000560535
0.000873233
0.000695817
0.000967855
0.000231198
0.000303325
0.000212715
0.000610797
0.000345749
0.000583064
0.00476669
0.000583698
0.000353003
0.000491674
0.000590223
0.000628668
0.000337474
0.000384707
0.0012263
0.000471916
0.000825605
0.000672226
0.000248495
0.00111915
0.000512888
0.000586412
0.000395228
0.00055473
0.000496215
0.00035635
0.000597338
0.000469847
0.000443934
0.000909592
0.000150237
0.000456866
0.000302062
0.000266715
0.000333002
0.00020992
0.000308062
0.000526254
0.000362923
0.000197122
0.000508711
0.000781184
0.000580857
0.00088055
0.00045163
0.000251574
0.00108177
0.000366496
0.000547441
0.000843954
9.6329e-05
0.00111797
0.000499421
0.000411406
0.00167308
0.000410891
0.000147199
0.00568022
0.0039178
0.000728684
0.000300532
0.000400454
0.000737648
0.000439586
0.000274646
0.000513708
0.000247208
0.000926858
0.000958796
0.000685373
0.000714783
0.00498075
0.00136919
0.000366609
0.000491917
0.000673136
0.000350629
0.000753965
0.000243795
0.000489818
0.000797979
0.000300136
0.000506231
0.000263469
0.000218769
0.000577674
0.000356689
0.000330203
0.000776315
0.000167357
0.000698597
0.00039517
0.000333437
8.50554e-05
0.00416238
0.000436321
0.000252918
0.000576936
0.000501104
0.000464395
0.00600878
0.000770542
0.000372998
0.00110415
0.000478722
0.000463336
0.000183246
0.000272583
0.000594552
0.000658866
0.000319928
0.00254179
0.000307087
0.000642118
0.000192715
0.000784071
0.000134651
0.000530618
0.000377577
0.000550884
0.000379383
0.00039363
0.000418922
0.000769507
0.000634307
0.00052022
0.000447873
0.00354288
0.000392657
0.0179232
0.000766783
0.000142326
0.000514541
0.000722541
0.00243564
0.000215906
0.000676904
0.000431651
0.00842899
0.000233034
0.000542479
0.000361356
0.000171993
0.000386873
0.000504207
0.000548715
0.000382785
0.00029786
0.00031874
0.000527834
0.000722241
9.46703e-05
0.000520599
0.000342551
0.000130431
0.000399341
0.000135349
0.000724725
0.000335493
0.000320568
0.000508957
0.000435726
0.000348231
0.000417185
0.000427645
0.000978145
0.000313328
0.000361706
0.000669304
0.000319658
0.00109493
0.000110312
0.000216258
0.000678872
0.000488064
0.000352386
0.000659242
0.00114532
0.000424616
0.000354817
8.81829e-05
0.000526096
0.000196785
0.000311424
0.000195651
0.000789737
0.00024671
0.00037618
0.000224803
0.000603501
0.000682996
0.000663594
0.000337525
0.000315801
0.000375282
0.000633756
0.000600726
0.00025278
0.000503897
0.000208244
0.000201918
0.000942508
0.000789532
0.000134763
0.000360835
0.000441977
0.00036974
0.000236433
0.000518862
0.000463346
0.000298575
0.000664229
0.000803694
0.000271823
0.00151886
0.000393322
0.000390005
0.000909853
0.000323488
0.000483627
0.000481919
0.000771126
0.000346993
0.00392906
0.000231708
0.00110597
0.000872584
0.000418722
0.000252615
0.000440018
0.000493676
0.000674412
0.000429168
0.000681461
0.00193143
0.000489333
0.000438237
0.000256313
0.000231567
0.00213857
0.000173056
0.000177783
0.000323188
0.000606551
0.000681408
0.000269292
0.000565266
0.000395147
0.000302406
0.000263904
0.00111016
0.000460376
0.000408368
0.000590434
0.00206268
0.000479618
0.000278513
0.000302139
0.00061104
0.000542518
0.000558418
0.00103642
0.000612446
8.67521e-05
0.000675695
0.0020987
0.00134342
0.000390126
0.000230639
0.000188182
0.000568003
0.000258865
0.00132947
0.000254055
0.000489356
0.000520253
0.00049362
0.000404095
0.000145871
0.00138986
0.00293441
0.000347337
0.00031786
0.000386297
0.000491327
0.000346607
0.000306822
0.000304527
0.000124386
0.000339943
0.000799688
0.000167963
0.000203889
0.000804224
0.000408655
0.000280232
0.000144118
0.000214196
0.000280683
0.000471201
0.000715971
0.00044272
0.000524979
0.00387203
0.000426006
0.000378168
0.00050934
0.000437892
0.000290119
0.000262542
0.000698812
0.000742005
0.000620684
0.000672463
0.00183075
0.00037325
0.00133278
0.000401823
0.000323504
0.000422803
0.000500463
0.000896423
0.000397744
0.000630991
0.000283149
0.000537292
0.00047636
0.000672851
0.0047073
0.000544264
0.000618759
0.000349131
0.00019274
0.000510342
0.000515379
0.00030404
0.000263853
0.000454532
0.000531131
0.0006209
0.000399849
0.000301539
0.00529459
0.000425959
0.000374731
0.000344894
0.000444006
0.000566842
0.00114057
0.000323144
0.000435977
0.000295929
0.000720432
0.000507177
0.00048655
0.000255806
0.000398687
0.00088944
0.00142845
0.00139943
0.000773753
0.000392715
0.000587842
0.044389
0.000416669
0.000603023
0.000406524
0.00115604
0.000680642
0.000397187
0.000350495
0.000206731
0.000444751
0.00049693
0.000430286
0.000454524
0.000112498
0.000311038
0.00064477
0.00011936
0.000577635
0.000572958
0.00048621
0.000271944
0.000359997
0.000681017
0.000458167
0.000175179
0.000435891
0.000129712
0.000941082
0.00124954
0.000528028
0.000276642
0.000351579
0.000415329
0.000436875
0.000574304
0.000426118
0.0011295
0.000571798
0.00167635
0.000795297
0.000432964
0.00450232
0.00051901
0.000747434
0.0011197
0.00033588
0.000426148
0.000446744
0.000245359
0.000757646
0.000267907
0.000767454
0.00105224
0.00220406
0.000155138
0.000711433
0.00059092
0.000537501
0.000404212
0.000325769
0.000423747
0.000366791
0.000258181
0.000545142
0.000429032
4.78279e-05
0.000736091
0.00110447
0.000697383
0.000331384
0.000744595
0.000637313
0.000503757
0.000719141
0.000414703
0.000218547
0.000466707
0.000814385
0.000357795
0.000312739
0.000290067
0.00061729
0.000206741
0.000200158
0.000339994
0.000527305
0.000199721
0.00019924
0.000210615
0.000152548
0.000150102
0.000474459
0.00242714
0.000399301
0.00030421
0.000497991
0.000463967
0.00096825
0.000399819
0.000283271
0.000598004
0.00110361
0.000582163
0.000307299
0.000551644
0.000437573
0.000939408
0.000299172
0.00141077
0.000564864
0.000529386
0.0131883
0.00138596
0.000626458
0.000497874
0.000257865
0.00116115
0.000550623
0.00035739
0.00022618
0.000383933
0.000362818
0.000118431
0.000366698
0.000427373
0.000662106
0.00031663
4.65243e-05
0.000961121
0.000636347
0.00040059
0.000203759
0.00090887
0.000392956
0.000417874
0.000195892
0.00015764
0.000425791
0.000150377
0.000344125
0.000483328
0.000347613
0.00136565
0.00118253
0.000925028
0.00036927
0.000313146
0.000623806
0.000707272
0.000281799
0.000576711
0.000655233
0.000753071
0.0379078
0.000421998
0.000457844
0.000379581
0.000403868
0.000216198
0.000607477
0.000210544
0.000415314
0.000461364
0.000463248
0.000556073
0.000231405
0.000297072
0.000867321
0.000564617
0.000522765
0.000930738
0.000407286
0.000196289
0.000274626
0.000325808
0.000304288
0.000767885
0.000402993
0.000980114
0.000360423
0.00166491
0.00390517
0.000543611
0.00093833
0.000724664
0.000348504
0.00036445
0.000555723
0.00100462
0.00085898
0.000125172
0.000136917
0.000609003
0.000385852
0.000330734
0.000196801
0.000657417
0.000326877
7.38953e-05
0.000635779
0.000505443
0.000527818
0.000256072
0.000262026
7.22381e-05
0.000511969
0.000472246
0.000377843
0.00565955
0.000394277
0.000306083
0.000435723
0.000714208
0.000748128
0.0216905
0.00061718
0.000181949
0.000118198
0.00107744
0.0021891
0.000520129
0.00105716
0.000621573
0.00074279
0.000631526
0.000201196
0.000381991
0.000846498
0.000231206
0.00039206
0.00160301
0.000466337
0.000505755
0.00332686
0.000149566
0.000658142
8.84338e-05
0.0012944
0.000330982
0.00133799
0.000493502
0.000540698
0.000365698
0.000241843
0.000544322
0.000805106
0.000567819
0.00116797
0.00029459
0.000485562
0.000440612
0.000552102
0.000773827
0.000802352
0.00138041
0.000916275
0.000365056
0.00881197
0.000409442
0.000655358
0.00125718
0.000197678
0.0005376
0.000145041
0.000521437
0.000278789
0.00779259
0.000317799
0.00048646
0.00067989
0.000873609
0.000437139
0.000295224
0.000333195
0.000506305
0.000831619
0.000478695
0.00049109
0.000257049
0.00111097
0.000706913
0.000916228
0.000154793
0.000711485
0.00156333
0.000342086
0.000265424
0.000616989
0.000667805
0.000510036
0.000708046
0.000541851
0.000207508
0.000559585
0.000425583
0.000379451
0.000132061
0.000619714
0.000291857
0.000320299
0.0012575
0.000396473
0.000447615
0.0004643
0.000543832
0.00012504
0.00032626
0.00225242
0.000422139
0.000260543
0.000335427
0.000570849
0.00111131
0.00342394
0.000592166
0.00355774
0.000129066
0.000187485
0.000676183
0.00024787
0.000189136
0.000297933
0.000439854
0.000406651
0.000416851
0.000285731
0.00029705
0.000286643
0.00058247
0.000570068
0.000380662
0.000420792
0.000444736
0.000376751
0.000675596
0.000444797
0.000493071
0.000561428
0.000899943
0.000408026
0.000251914
0.000557127
0.000767249
0.000756289
0.000412751
0.000355847
0.000220507
0.000561443
0.00079191
0.00076533
0.00327155
0.00101737
0.000505599
0.000488826
0.000185952
0.000169693
0.000278534
0.000365814
0.000386284
0.00753827
0.000236294
0.0005313
0.0234966
0.00144773
0.000507835
0.0129107
0.000128864
0.00037319
0.00095038
0.000126504
0.000166539
0.000355522
0.000736853
0.000483486
0.000258644
0.000808672
0.00034684
0.000349954
0.000342264
0.000274781
0.000300872
0.00047364
0.000504264
0.000415724
0.000470175
0.000233644
0.000422643
0.000514091
0.000667462
0.000467486
0.000738453
0.000707261
0.00027471
0.00040055
0.000224543
0.000415184
0.000654491
0.000287803
0.000737807
0.000710616
6.88436e-05
0.000354836
0.0012172
0.000136274
0.000834481
0.000355805
0.000652705
0.00139954
0.000512261
0.000406215
0.000795893
0.000422003
0.000208719
0.000341219
0.000485477
0.000497088
0.000418321
0.000221843
0.000445403
0.000608045
0.000246137
0.000785193
0.00666002
0.00069936
0.000393756
0.000436382
0.000393269
0.000226437
0.000250478
0.000632472
0.000522312
0.000465158
0.000221324
0.000353467
0.00263864
0.000718076
0.000226961
0.000341276
0.000877439
0.000495616
0.00064147
0.000295216
0.00244851
0.000525515
0.000551933
0.000504838
0.00102397
0.000595252
0.000227874
0.000122403
0.00061734
0.000323027
0.000691236
0.0010744
0.000340291
0.000262736
0.000183087
0.000285271
0.000124583
0.000395847
0.000248733
0.000329267
0.000545068
0.000392456
3.48551e-05
0.000313846
0.000495875
0.000858261
0.000254763
0.00105476
0.000392816
0.000454776
0.00036554
0.00060137
0.00511492
0.000826185
0.000677932
0.000312335
0.00266522
0.00064309
0.000543319
0.00049087
0.000697989
0.000663286
0.00051754
0.00153377
0.000189027
0.00152493
0.000184913
0.000438864
0.000509565
0.000710132
0.000192972
0.000364721
0.00013674
0.000378161
0.000353924
0.000584537
0.000600822
0.000313097
3.69844e-05
0.00052246
0.000833414
0.000344847
0.000292837
0.000327148
0.000595201
0.000271692
0.000401849
0.000279361
0.000269948
0.000428349
0.000429338
0.000701168
0.000320423
0.000190154
0.000166842
0.000681358
0.000210586
0.000487165
0.000221599
0.0008254
0.001246
0.000369631
0.00016464
0.000330198
0.000809501
0.000137476
0.000137233
0.000302378
0.000304698
0.000231152
0.00105822
0.000269863
0.000235234
0.000734773
0.000681645
0.000443068
0.000338942
0.00106681
0.000300856
0.000415204
0.000744586
0.000404889
0.000252315
0.000451835
0.000391821
0.000541829
0.000444622
0.00116591
