0.000525829
0.0014277
0.000105249
0.000698529
0.000781211
0.0011568
0.000506987
0.00038806
0.00058573
0.000429212
0.000553205
0.000636538
0.000106129
0.00226083
0.000770714
0.00089127
0.000523133
0.00100863
0.000781707
0.000416935
0.000413464
0.000328075
0.00083086
0.00088281
0.000619609
0.000505617
0.000955697
0.000561743
0.000943706
0.00103441
0.00119199
0.000960028
0.000381371
0.00368698
0.00165332
0.000214315
0.000515289
0.000911867
0.00112925
0.000767876
0.000332507
0.000305318
0.000590585
0.000834755
0.000773567
0.00050281
0.0010501
0.0003142
0.00122287
0.000742011
0.000151007
0.000325368
0.000721569
0.000178598
0.00081221
0.000814373
0.000361171
0.00073721
0.000602204
0.000840693
0.000498378
0.000500207
0.000802225
0.000553995
0.000609139
0.000965795
0.00379242
0.000890525
0.00228695
0.000538976
0.00184703
0.000647666
0.000570332
0.000441037
0.000472701
0.000416224
0.000162202
0.000636674
0.000630328
0.000355386
0.000188088
9.64632e-05
0.000377564
0.00104806
0.00021599
0.000509522
0.000861778
0.000409668
0.000406274
0.00047254
0.0011055
0.000540202
0.00261314
0.00124407
0.000620585
0.000371506
0.000317956
0.000399262
0.000586978
0.000594632
0.00751903
0.00051594
0.000300388
0.00282023
0.00117437
0.000390739
0.000513865
0.000372728
0.000385054
0.000683775
0.000721217
0.000325003
0.00386055
0.00108533
0.000282074
0.000671215
0.000412999
0.000584802
0.000921979
0.000720371
0.000884402
0.000943513
0.000464406
0.00021173
9.83192e-05
0.000543261
0.000388112
0.000635033
0.000427962
0.000602127
0.00186368
0.000692727
0.00153497
0.000600401
0.000475913
0.000616137
0.000430004
0.000371493
0.000387848
0.000528695
0.000533437
0.000716942
0.000313293
0.000133923
0.000333733
0.000397853
0.000750453
0.00054702
0.000344483
0.00107312
0.000345172
0.00125407
0.00146528
0.000514032
0.00038001
0.000775081
0.00152131
0.00116448
0.000529038
0.00100826
0.000816899
0.00086472
0.000837946
0.00116516
0.000770551
0.000844872
0.000314591
0.00100584
0.000848418
0.00048435
0.000701524
0.000274173
0.000768687
0.000161399
0.000772124
0.000350126
0.00082118
0.00139758
0.000675927
0.000263879
0.0176099
0.00234836
0.000752217
0.000267353
0.000129603
0.000955805
0.000453572
0.00111389
0.00105311
0.0016225
0.000502347
0.000849788
0.000585317
0.000394679
0.00044459
0.000747925
0.000369004
0.00108093
0.000641275
0.000564624
0.000394594
0.000776811
0.00139814
0.000496269
0.000725869
0.000145922
0.000657743
0.000582994
0.000219459
0.000387793
0.00101974
0.000389078
0.000265583
0.0007721
0.000189259
0.000674115
0.00155854
0.000452818
0.000303351
0.000419376
0.000183862
0.00035094
0.00022246
0.00101062
0.000503478
0.000501265
0.000218551
0.000287496
0.000387863
0.000609768
0.00029299
0.00131195
0.000979352
0.000384853
0.000533796
0.000651479
0.00126922
0.00248308
0.000611973
0.000372385
0.000465996
0.000579995
0.000568954
0.000973325
0.000150471
0.000930209
0.000450005
0.000608019
0.00103492
0.000328856
0.00159829
0.00031238
0.00098372
0.00100038
0.0010198
0.000979999
0.00860177
0.000696899
0.000351671
0.000942369
0.000812854
0.0137845
0.000320131
0.000677506
0.000729663
0.000495169
0.000715027
0.00045693
0.00602588
0.000330329
0.000828288
0.000234543
0.00111484
0.000964339
0.000755589
0.000969387
0.00032544
0.00221922
0.0116473
0.000744808
0.00138949
0.00071755
0.000339536
0.000708054
0.000576827
0.000499875
0.000474186
0.000663463
0.000310556
0.000402929
0.000330686
0.000305448
0.000440013
0.000477198
0.000333459
0.00232379
0.000668328
0.000747218
0.000501145
0.000210906
0.000271134
0.000267497
0.000839675
0.000321037
0.000934165
0.00258366
0.00362289
0.000407999
0.000649603
0.000744307
0.000698604
0.000587242
0.00186703
0.000386359
0.000257198
0.000703381
0.00177497
0.00152919
0.000734954
0.000416759
0.000738412
0.000258274
0.00064596
4.77401e-05
0.000343409
0.000334449
0.00106296
0.000443467
0.000311894
0.0130826
0.000385891
0.0017245
0.000234605
0.000509735
0.000796468
0.0027022
0.00530706
0.00122105
0.00140419
0.00188615
0.000316011
0.00051076
0.000407813
0.0007791
0.000556514
0.000636453
0.000355823
0.000333151
0.000948444
0.00122238
0.00110122
0.000425583
0.0245146
0.000703641
0.00684468
0.000734025
0.000592721
0.00190546
0.000563659
0.00139872
0.0122695
0.000417161
0.000888382
0.000470556
0.000360304
0.00069173
0.000868678
0.000715007
0.000603109
0.000672218
0.000458169
0.000438096
0.00147612
0.00103006
0.00029849
0.00152618
0.00200318
0.000276063
0.000336407
0.000460737
0.000533304
0.000304522
0.000912942
0.000392244
0.000478901
0.000509723
0.000653817
0.00116216
0.00176481
0.000559688
0.00133233
0.000661707
0.000458104
0.00157269
0.000568425
0.000914007
0.00110592
0.00073424
0.00150079
0.000378462
0.000349642
0.00128503
0.00150416
0.000178782
0.00101818
0.0385998
0.000652841
0.000265894
0.000634462
0.000431064
0.000616453
0.00163405
0.000837772
0.000518433
0.000531053
0.000386846
0.000498907
0.000214399
0.000384972
0.00107327
0.00196177
0.000296504
0.000475345
0.000925738
0.000826262
0.000745017
0.00035999
0.000639829
0.000628356
0.00102193
0.000419412
0.000670413
0.000676942
0.000560086
0.00231548
0.000563993
0.000375639
0.000424185
0.000682688
0.000776472
0.000563423
0.000485626
0.000430579
9.78146e-05
0.000634449
0.000601389
0.000737685
0.000171884
0.0006497
0.000540939
0.0204975
0.00195829
0.00215185
0.00073218
0.000915197
0.000405341
0.00060258
0.000917177
0.00024701
0.00089596
0.00314075
0.000431474
0.000805323
0.000611426
0.00110169
0.000670175
0.000917081
0.000913245
0.000729221
0.000636966
0.000592367
0.0069608
0.000717237
0.000869756
0.000376392
0.000905127
0.000103555
0.000672938
0.00109502
0.000744545
0.00218693
0.00112066
0.000744754
0.000692449
0.00123068
0.000457519
0.00050897
0.000744988
0.000281646
0.000854845
0.000549696
0.00148536
0.000925984
0.000272992
0.000323994
0.000521375
0.00117882
0.000733569
0.000916632
0.000521205
0.000435532
0.000337158
0.0015525
0.000758198
0.000330966
0.000692283
0.00135751
0.000789517
0.000368519
0.00143648
0.00118438
0.000701325
0.000303882
0.000826323
0.000669224
0.000586452
0.000869865
0.0005462
0.00121597
0.000842489
0.000336979
0.000197659
0.000745247
0.000743415
0.00049196
0.000484885
0.000538614
0.00039266
0.000265574
0.000257634
0.000579837
0.000738684
0.000847138
0.000543117
0.000817401
0.0604671
0.000577917
0.00103824
0.000908343
5.34183e-05
0.0012626
0.00204271
0.000413154
0.000543271
0.000272848
0.00062256
0.000184214
0.00084594
0.000640468
0.00081267
0.000666901
0.000616632
0.000156951
0.000383235
0.000363088
0.000538668
0.000542366
0.000513312
0.00595866
0.0010329
0.000137162
0.000712198
0.000613237
0.00133124
0.00053962
4.92761e-05
0.00073647
0.00101442
0.00021259
0.000912801
0.000412171
0.000523193
0.000697329
0.000556109
0.000541282
0.00079933
0.000353153
0.000427718
0.00566253
0.000924845
0.00100285
0.000552251
0.000441387
0.000311701
0.000528967
0.000684814
0.00104808
0.000600966
0.000474728
0.000456231
0.000901846
0.00407047
0.000566247
0.000395853
0.00176137
0.000967565
0.000935816
0.000485349
0.000718151
0.00127647
0.000788154
3.89086e-05
0.000665571
0.000893714
0.000527255
0.000539808
0.000958785
0.000623022
0.00056756
0.000760465
0.000624194
0.000917446
0.0301209
0.000367159
0.00133134
0.000192985
0.00295345
0.000929695
0.000567972
0.000668911
0.000456928
0.000471278
0.00157194
0.00139928
0.00104646
0.000718999
0.00100538
0.00130155
0.00129838
0.000170858
0.000389926
0.000305018
0.00077841
0.000337555
0.000700268
0.000698373
0.00125007
0.000867083
0.00116473
0.00106646
0.000156983
0.000577926
0.00027786
0.00069092
0.000439752
0.00107888
0.00252756
0.000553418
0.000767597
0.000513261
0.00100916
0.000451153
0.00144769
0.000892061
0.000440528
0.000366998
0.000693416
0.000535536
0.000925083
0.000299061
0.000619772
0.000842361
0.00875993
0.000329969
0.000526797
0.00110744
0.000676953
0.000852913
0.000469784
0.000302632
0.000432142
0.000562314
0.00167907
0.000336788
0.00435757
0.00566308
0.000748717
0.0013211
0.000721767
0.000702157
0.00278263
0.000519212
0.000701227
0.000598031
0.000528304
0.00304631
0.00033761
0.000466393
0.000374682
0.00102096
0.000603071
0.00071445
0.00099277
0.00129024
0.000677508
0.000969566
0.000788738
0.00216211
0.000120337
0.00039139
0.00100376
0.00112549
0.000418576
0.000868629
0.00106051
0.000448922
0.00107549
0.000513669
0.00110995
0.00113722
0.000511279
0.00124059
0.000541754
0.000561831
0.000741408
0.00052083
0.000386549
0.000913998
0.000613069
0.000355875
0.000360116
0.000935248
0.00356376
0.00321368
0.00601765
0.000290073
0.00128043
0.000467799
0.000761296
0.000699542
0.000638544
0.00179793
0.00101209
0.000631057
0.000513023
0.000934918
0.000972938
0.00056778
0.000308934
0.000699411
0.0011647
0.000546819
0.000272777
0.000410962
0.00045703
0.000365878
0.000979969
0.00186198
0.000556346
0.000972932
0.000524616
0.000502358
0.000592752
0.000590779
0.000315404
0.00132517
0.000930768
0.000388624
0.000141505
0.000955791
0.000298893
0.000553066
0.000603605
0.000820853
0.00123426
0.022979
0.000343878
0.000587055
0.000464563
0.000638666
0.000561955
0.000143527
0.000270624
0.000756778
0.000534664
0.000561789
0.000656155
0.000289462
0.000466446
0.00136605
0.000509224
0.00074586
0.000530506
0.000916526
0.000550544
0.000735177
0.000821703
0.000621173
0.00123765
0.00102146
0.000676316
0.000182508
0.00131918
0.000477641
0.000885465
0.00074451
0.000426715
0.00211065
0.000531541
0.000718497
0.000784394
0.00033055
0.000878078
0.000403547
0.000378397
0.000344472
0.000186081
0.000610225
0.000535616
0.00152051
0.000623369
0.000724705
0.000396993
0.000403276
0.000756114
0.000588527
0.00113195
0.000488181
0.000850641
0.000405917
0.000675062
0.000414527
0.000382635
0.000543142
0.000686572
0.00143859
0.0399177
0.00295717
0.000647678
0.000269159
0.000471985
0.00106925
0.000954024
0.000708362
0.000750717
0.000677345
0.000644915
0.000639483
0.000348161
0.000911277
0.000646407
0.000766211
0.000571817
0.000664547
0.000628321
0.00220632
7.21723e-05
0.000524994
0.00107788
0.000445835
0.00144432
0.000619085
0.000595532
0.000649259
0.000344898
0.00046637
0.000425621
0.000542292
0.0111839
0.00018101
0.000844633
0.000406387
0.00094894
0.000306541
0.0003394
0.00126356
0.000283907
0.000642804
0.000346792
0.000692051
0.000634343
0.00013132
0.000302573
0.00150224
0.000164721
0.00166381
0.000655993
0.00028001
0.000269911
0.000474982
0.000193674
0.000463977
0.00342285
0.000539445
0.000736782
0.000413228
0.000546038
0.000314214
0.000263032
0.000603865
0.000312934
0.00038804
0.000678398
0.000432393
0.000419394
0.000759213
0.000388357
0.00379396
0.000388701
0.000674199
0.000801055
0.000561004
0.000594329
0.000737481
0.00146247
0.000927601
0.000735945
0.000677192
0.000929844
0.000926407
0.00108569
0.00138935
0.000897607
0.000489858
0.00153091
0.000837328
0.00119851
0.000989168
0.000568538
0.000451485
0.000545728
0.00058264
0.000412849
0.000473077
0.00093187
0.000480377
0.000247748
0.000580256
0.00108849
0.000385977
0.000582038
0.000276547
0.000567346
0.000783583
0.00178725
0.000840195
0.00077761
0.0017571
0.00029802
0.000525962
0.000688005
0.000161076
0.000866267
0.00094467
0.000259833
0.000314726
0.000852188
0.000452756
0.00075412
0.00156569
0.000454081
0.000340619
0.001826
0.000221933
0.000518002
0.000581147
0.00507511
0.000456827
0.000530076
0.00191105
0.000295643
0.000506325
0.000682014
0.00116931
0.000446541
0.00064062
0.000268805
0.000488363
0.000320522
0.000909151
0.000857516
0.00113053
0.000719218
0.00037841
0.0014542
0.00667772
0.000678272
0.000790933
0.000779439
0.00173779
0.000348315
0.000296093
0.00193503
0.000871645
0.00234442
0.000319281
0.000421532
0.00066706
0.000958279
0.00168457
0.000493348
0.000666888
0.000398895
0.000104978
0.000757517
0.00112925
0.00176965
0.000119283
0.00116407
0.011761
0.000537688
0.00110215
0.000818974
0.000391722
0.000615056
0.000465472
0.00111464
0.00116775
0.00107896
0.000798588
0.00182498
0.00032948
0.00101275
0.000827709
0.00154589
0.00323074
0.000563069
0.000435823
0.000788138
0.000492208
0.000610621
0.000534294
0.000800638
0.00105856
0.000357913
0.000223029
0.000579994
0.000702741
0.000488772
0.00166215
0.000819649
0.000768729
0.000612423
0.000362592
0.000525259
0.000790092
0.000800432
0.00116344
0.000335044
0.000674999
0.000764462
0.000146238
0.000674021
0.000532954
0.00176807
0.00177851
0.00102548
0.000706399
0.000683078
0.000360511
0.000340363
0.000526403
0.000173824
0.00111631
0.000849069
0.000354339
0.00411494
0.000396881
0.00174032
0.000885878
0.00070321
0.000326023
0.00053066
0.00144945
0.000883964
0.000238504
0.000577508
0.0028681
0.000726854
0.000885609
0.000443188
0.000225992
0.000809121
0.000817996
0.000406004
0.000697758
0.000949219
0.00108821
0.000412035
0.000313328
0.000882756
0.000541425
0.000536703
0.00586876
0.000698204
0.000400203
0.000154981
0.000795713
0.000454192
0.000386989
0.000218933
0.0140209
0.000813503
0.000524485
0.000994606
0.00114872
0.000799125
0.000302817
0.00110737
0.000518623
0.00174398
0.000417689
0.000503871
0.000850534
0.000648319
0.000960195
0.000436199
0.000644792
0.000851981
0.0012309
0.00046513
0.000587373
0.00169114
0.000671282
0.00032001
0.000892579
0.005892
0.000700429
0.0010311
0.000624293
0.000854792
0.000605045
0.00137073
0.00106023
0.000697246
0.000666011
0.00023081
0.000331708
0.00396394
0.000437435
0.000512598
0.00118338
0.000431258
0.000271825
0.000498398
0.00036733
0.000738005
0.000935023
0.000425271
0.00515997
0.000502377
0.000301272
0.000423024
9.1533e-05
0.00118031
0.000541203
0.00183402
0.000487574
0.00071603
0.0103213
0.000621446
0.000293532
0.000889078
0.000111205
0.000767367
0.000572722
0.000733217
0.000542645
0.000484237
0.000812152
0.00064761
0.000230847
0.00114629
0.00162838
0.00109275
0.000787355
0.00111479
0.000531116
0.000683752
0.0010873
0.0008995
0.000709672
0.000732579
0.0006817
0.000490462
0.000731633
0.000268276
0.000657512
0.000249424
0.000499293
0.0005586
0.000499022
0.000248705
0.0020286
0.000479665
0.000553106
5.80213e-05
0.000644079
0.000564148
0.000838138
0.00187345
0.00030104
0.000858352
0.000818188
0.00091594
0.000797569
0.000914675
0.000490862
0.000844554
0.000540567
0.000515418
0.000632206
0.000642776
0.000218277
0.00107504
0.000487311
0.000623017
0.000143455
0.000715453
0.000482598
0.000852181
0.000715261
0.000531401
0.000581486
0.00106275
0.000618253
0.000747459
0.00586066
0.00116539
0.000557692
0.000803876
0.00153652
0.000615229
0.000886489
0.00167391
0.00367417
0.000655245
0.00152129
0.00107355
0.000393949
0.000283613
0.000144088
0.000154189
0.000270129
0.000448413
0.000657264
0.000493479
0.000524935
0.000764088
0.000678652
0.000529054
0.000811485
0.000393383
0.000668393
0.00087434
0.000162292
0.000293729
0.000125832
0.000662088
0.000659571
0.000776099
0.000380327
0.000328601
0.0289141
0.000764242
0.000365448
0.00037959
0.00025665
0.00139114
0.000679704
0.000800151
0.000113957
0.000844095
0.000421914
0.000657144
0.000921066
0.000315796
0.00543277
0.000983433
0.000516988
0.000650852
0.00204868
0.000741376
0.000555644
0.00151688
0.000563427
0.0010073
0.000648149
0.000357769
0.000610372
0.000843874
0.00103051
0.00103138
0.00032884
0.000368002
0.00110163
0.000192781
0.00178195
0.000466679
0.000995758
0.00103892
0.000471114
0.00187629
0.000608975
8.1737e-05
0.000245085
0.0016097
0.0246131
0.000567782
0.00116361
0.000196899
0.000380297
0.00067256
0.00133318
0.000794032
0.0014952
0.00080773
0.00102886
0.000571104
0.000387545
0.000415255
0.00164367
0.000910609
0.000214427
0.000591967
0.00359424
0.000417983
0.000332145
0.000632185
0.000536937
0.000728133
0.000565534
0.000910495
0.000783658
0.000456724
0.000329966
0.00107108
0.000194593
0.00133364
0.000441051
0.000394022
0.000834738
0.000606442
0.000387434
0.000692721
0.000431433
0.00103364
0.000402645
0.000378268
0.00121571
0.000834451
0.000350374
0.00106517
0.000506525
0.000230827
0.000895489
0.000553711
0.000335591
0.000905849
0.000793937
0.00091522
0.000657034
0.00016848
0.000496456
0.000256713
0.000339124
0.00067064
0.000406812
0.00125136
0.00162862
0.000617962
0.000787081
0.000597156
0.000384751
0.000658883
0.000564597
0.000434647
0.000916468
0.00328722
0.000744547
0.000620325
0.00105978
0.000727232
0.000482331
0.000395321
0.000735181
0.0011513
0.000791696
0.000773364
0.000615342
0.00155568
0.000645014
0.000550658
0.00136071
0.00072442
0.000773118
0.000529863
0.000378525
0.000579408
0.000522089
0.000553101
0.000177757
0.000508068
0.000166268
0.000384317
0.000557968
0.000211078
0.00103907
0.000567922
0.000356209
0.000305085
0.000603065
0.000749515
0.000737565
0.000419482
0.000417998
0.000728808
0.00105809
0.000476455
0.000767926
0.00156772
0.000272557
0.000271112
0.000914583
0.000831126
0.000573262
0.00033897
0.000671913
0.000441221
0.000704548
0.000943428
0.000865324
0.000463345
0.000246183
0.000467729
0.000395363
0.00109174
0.00340199
0.000734645
0.00237019
0.00181036
0.00047783
0.00149911
0.000700167
0.000314294
0.00128711
0.000912599
0.00271675
0.000502434
0.000307803
0.00399508
0.000500552
0.00041745
0.00160206
0.000795163
0.00055149
0.000834348
0.000442283
0.000909013
0.000450975
0.000693072
0.000509014
0.000566226
0.000193162
0.00106213
0.00196483
0.00486029
0.000889506
0.000654598
0.000421975
0.000393208
0.00174801
0.000496488
0.00223184
0.000416021
0.000759449
0.000586575
0.00197177
0.000408934
0.00044999
0.0034796
0.000214967
0.00119014
0.000349897
0.000154031
0.000948744
0.000535771
0.00185814
0.000248379
0.000659686
0.000936761
0.000415576
0.000503942
0.000728554
0.000794406
0.000965216
0.0012423
0.00117362
0.000359715
0.00042556
0.000578549
0.000576837
0.000852623
0.00114334
0.000402487
0.00104438
0.000829402
0.00309578
0.00132264
0.000617672
0.000615304
0.000622107
0.00117566
0.00192332
0.000423936
0.000274904
0.00177225
0.000195082
0.000757634
0.000375963
0.00125153
0.000529914
0.000726435
0.000702145
0.00115498
0.00095534
0.000352562
0.00144069
0.000307455
0.00145525
0.00027253
0.00057622
0.000321119
0.000966611
0.00146529
0.00296381
0.000660179
0.000508996
0.000342211
0.000616754
0.000541795
0.000256054
0.000418252
0.000900796
0.000598731
0.000470181
0.000479832
0.00390193
0.00113064
0.000513738
0.000756032
0.00036528
0.000392217
0.000484521
0.000416489
0.000293952
0.00150362
0.00058089
0.00072662
0.0013697
0.000493942
0.00162852
0.0056211
0.000618424
0.000485401
0.000456025
0.000430125
0.0010077
0.00179956
0.00125361
0.00142524
0.000578822
0.0005003
0.00036611
0.000482322
0.000239707
0.000434703
0.000577257
0.000789045
0.000769099
0.000844278
0.00102595
0.000287922
0.000493091
0.00139163
0.000834087
0.000680923
0.000522877
0.000427361
0.00245652
0.000146825
0.000496828
0.000361316
0.0013466
0.000372529
9.58653e-05
0.000594923
0.00055354
5.27611e-05
0.000312272
0.00049639
0.000343921
0.000814908
0.00107039
0.000737852
0.000380827
0.000989335
0.000403421
0.000600576
0.000393478
0.000269646
0.00132269
0.00127254
0.00105532
0.00768433
0.000944292
0.00213476
0.000616669
0.000586098
0.000611012
0.000804597
0.000303059
0.000303214
0.00562256
0.000278891
0.000430967
0.000455425
0.00106927
0.00205637
0.000510083
0.000737485
0.000598057
0.00116486
0.00076115
0.000250937
0.000719276
0.00585334
0.00137199
0.000225083
0.0010703
0.000568905
0.000461522
0.000507161
0.000410896
0.000714897
0.000862024
0.000695077
0.000539929
0.000624344
0.000246317
0.00059983
0.000729438
0.000882618
0.000394661
0.000712946
0.000133052
0.00125784
0.000218773
0.00139268
0.00051815
0.000831358
0.000987015
0.000771183
0.000490645
0.000805201
0.000653566
0.00051747
0.000737949
0.000693386
0.00107634
0.000699975
0.00108123
0.000741146
0.00144096
0.0015026
0.00183557
0.00162853
0.000904324
0.000504871
0.00090452
0.00103978
0.00111303
0.000593943
0.000376339
0.000260708
0.000679114
0.000566703
0.000109868
0.000771209
0.00188032
0.000733673
0.000604472
0.000709633
0.000558626
0.00031984
0.000806496
0.000720471
0.00064667
0.000382805
0.000382034
0.000718669
0.000436028
0.00159688
0.000433855
0.000499567
0.00100624
0.000577699
0.00144714
0.000605124
0.000585544
0.00119536
0.000424732
0.00121422
0.00407646
0.000951105
0.000531916
0.000449987
0.00669107
0.000542333
0.000621095
0.00104882
0.00100306
0.000367807
0.000349403
0.00049192
0.000802039
0.000515085
0.000599095
0.000551129
0.000237166
0.000476276
0.000361238
0.000576786
0.00414079
0.000605812
0.0004405
0.000612393
0.00031214
7.99879e-05
0.00189254
0.00177987
0.000980165
0.000689193
0.000580523
0.000515098
0.00139951
0.000837556
0.000471912
0.00067318
0.00425143
0.00136522
0.000209588
0.0011105
0.000439722
0.0155694
0.000509178
0.000375432
0.00265577
0.00222314
0.000561892
0.000269829
0.000660453
0.00116409
0.00061427
0.0013174
0.000914572
0.0408467
0.000665006
0.000480555
0.00126101
0.0001041
0.000830303
0.00659909
0.00081756
0.000374219
0.000950789
0.000446005
0.000720773
0.000541742
0.000556618
0.000410181
0.00207418
0.00077324
0.00081901
0.00104268
0.000359327
0.00171253
0.00039516
0.000563592
0.000817942
0.00214917
0.00252628
0.000977752
0.000871947
0.00068856
0.000606486
0.000707654
0.00197921
0.000456224
0.000555626
0.000283763
0.000636252
0.000490133
0.000564421
0.000681472
0.00178913
0.000576279
0.0019631
0.00139392
8.86642e-05
0.000432299
0.000749949
0.00049333
0.000556817
0.000980178
0.0012334
0.00585548
0.000737549
0.00116359
0.000454944
0.000480414
0.000811931
0.00142227
0.00125965
0.00084972
0.000481224
0.000466259
0.000442838
0.000396575
0.000753943
0.000407012
0.000828142
0.000609707
0.000730181
0.000385376
0.000455001
0.000443648
0.00262153
0.000363794
0.00108097
0.001607
0.0016174
0.000475465
0.000786942
0.000643692
0.00587559
0.000570709
0.00110787
0.000470374
0.000429689
0.000577921
0.00126022
0.000253544
0.000836592
0.00073824
0.00131739
0.000707029
0.000717982
0.000793978
0.00118416
0.00045384
0.000947952
0.000746197
0.000894775
0.000107735
0.000338156
0.000444536
0.000517194
0.000309092
0.000979263
0.00169836
0.000539976
0.00105303
0.000720575
0.000490618
0.0010431
0.000515605
0.000695267
0.000458836
0.00028528
0.000520469
0.00128458
0.000659752
0.00317645
0.0013048
0.000356564
0.000598679
0.000440189
0.000528405
0.00132821
0.000764946
0.000397269
0.00051077
0.0024779
0.000924858
0.00172528
0.00029912
0.000641345
0.00769085
0.000264965
0.000757432
0.000491192
0.00043336
0.000382767
0.000451911
0.00119567
0.000713335
0.00079348
0.00053749
0.000657054
0.000911163
0.00094416
0.00067077
0.000893234
0.000321882
0.000500386
7.10505e-05
0.000611605
0.000848421
0.000426695
0.000687352
0.000493899
0.000909748
0.00097031
0.000406991
0.00181031
0.000455326
0.000128241
0.000897208
0.00142662
0.00162251
0.000739201
0.000562912
0.000388756
0.000528145
0.000532747
0.000399384
0.000374214
0.00113824
0.00156891
0.000364578
0.00966797
0.000321595
0.00162148
0.000509675
0.000532284
0.000351682
0.000431977
0.000462086
0.00179845
0.00106625
0.000979727
0.000766787
0.0005762
0.000583128
0.000385251
0.000334814
0.000625968
0.000529922
0.000793286
0.000216204
0.000503391
0.000379586
0.000764021
0.000520194
0.00051121
0.000590532
0.000637954
0.000290413
0.00739314
0.000619556
0.000768576
0.00162507
0.000526084
0.00104342
0.00103073
0.00086528
0.0047254
0.000483065
0.000531869
0.000620507
0.00201538
0.000745547
0.000475571
0.000789747
0.000549411
0.000191392
0.000369816
0.000991499
0.000388635
0.00112825
0.00114605
0.00111314
0.00064615
0.000550247
0.00166353
0.000911139
0.00149015
0.000316236
0.000842128
0.00034689
0.00053994
0.000897597
0.000970785
0.00068356
0.000697743
0.000391903
0.00170963
0.000406454
0.000626483
0.00145383
0.000370204
0.000705861
0.000949033
0.000118785
0.00105753
0.000409623
0.000886408
0.000218917
0.000533232
0.00235009
0.000580394
0.00075979
0.000657366
0.00106021
0.000606624
0.00111239
0.00132868
0.000151355
0.00030401
0.000851218
0.000292191
0.000952506
0.000503589
0.0017971
0.00121454
0.000978498
0.000720291
0.00153839
0.000455831
0.000830421
0.000388914
0.00479433
0.0026004
0.000897208
0.00111256
0.00167385
0.00156097
0.00141525
0.00202117
0.000558384
0.00116133
0.000241591
0.00145108
0.00105798
0.000414676
0.000499152
0.000879156
0.000441978
0.000650623
0.000655683
0.000715927
0.00116569
0.000664172
0.000551348
0.000556581
0.000434968
0.000807787
0.000384726
0.00191117
0.000360625
0.000510278
0.000522219
0.00055809
0.00070353
0.000433079
0.000912936
0.000636464
0.00102559
0.000631096
0.000535114
0.000856442
0.00371979
0.000276817
0.000525924
0.00047439
0.000630083
0.0003986
0.000646437
0.000775709
0.000735776
0.000614886
0.000375078
0.00184451
0.00186229
0.00257067
0.000702446
0.000498796
0.000565366
0.00210404
0.000493948
0.0032927
0.000803284
0.000740704
0.000571551
0.000974538
0.00260925
0.000370221
0.00429067
0.000622837
0.000487447
0.000592004
0.000707402
0.000569159
0.00180937
0.000309974
0.000216394
0.000203248
0.00050226
0.000757041
0.000397327
0.000888437
0.000669001
0.000704599
0.00455937
0.00055037
0.000265519
0.000514336
0.00061036
0.000910465
0.0019106
0.000133768
0.00036665
0.000559026
0.00085627
0.00125404
0.000313834
0.000371396
0.000383925
0.000930528
0.000281557
0.000648931
0.00126195
0.000266318
0.000563962
0.000367796
0.00153807
0.000565325
0.00371469
0.00024222
0.00139726
0.000520628
0.000597749
0.000454574
0.000347935
0.00134249
0.00108045
0.000711603
0.000562406
0.000385611
0.00101133
0.00265468
0.000787451
0.000477326
0.00215977
0.000420857
0.000745369
0.000432105
0.00130024
0.00105578
0.000776487
0.00037636
0.000308402
0.000327959
0.000897144
0.000429287
0.000481312
0.00055885
0.000547508
0.00151693
0.00114872
0.000620595
0.00619803
0.000960034
0.00752961
0.000595306
0.00065591
0.000909132
0.000110312
0.00025753
0.000568525
0.00073771
0.00131545
0.0034109
0.000563124
6.11421e-05
0.00153442
0.00143906
0.000604732
0.000417015
0.00126157
0.00780948
0.000939994
0.000398607
0.000408108
0.00101915
0.000655801
0.000361005
0.00137321
0.000357759
0.000489719
0.00481922
0.000533671
0.000502861
0.000662216
0.000287258
0.00173544
0.00265822
0.00136841
0.000609452
0.000657512
0.00047605
0.000126478
0.0002051
0.000516118
0.000554421
0.000158743
0.00078332
0.00107153
0.000958139
0.00106332
0.000754376
0.000443417
0.000652165
0.000386693
0.000701182
0.000464714
0.000899545
0.000723353
0.000568497
0.0011718
0.000765793
0.00153866
0.000552038
0.000742593
0.000722002
0.00136592
0.000642162
0.000810678
0.000707361
0.00030327
0.000964334
0.000605829
0.000238219
0.000180247
0.00039099
0.000345695
0.000661527
0.000517055
0.000627048
0.000859774
0.0011152
0.000107751
0.00106838
0.00111148
0.00098889
0.000730561
0.000468884
0.000407704
0.000617676
0.000726675
0.00040876
0.00118206
0.00112416
0.000321676
0.000880713
0.000648214
0.000935371
0.000906249
0.000568219
0.000415878
0.000673401
0.000278967
0.000793049
0.000490935
0.000418698
0.000858717
0.000593965
0.000620529
0.00615115
0.00109779
0.000886555
0.000383944
0.000492813
0.00127328
0.00127993
0.000749571
0.000558965
0.00047005
0.000603671
0.000270395
0.00206622
0.000319399
0.000831504
0.000499584
0.000262335
0.00077504
0.00171239
0.000748751
0.000728069
0.000448352
0.00125089
0.00044531
0.00099498
0.00056231
7.23837e-05
0.000256903
0.000456006
0.0011813
0.000398744
0.000444635
0.000586568
0.00019779
0.00047526
0.000297987
0.000943345
0.000486309
0.000636576
0.00208187
0.000929394
0.000256887
0.00151668
0.000795874
0.00122901
0.000303754
0.004338
0.00089873
0.00223476
0.000876047
0.000635579
0.000488541
0.000554951
0.0119139
0.000191039
0.000583495
0.000482799
0.000584435
0.00181955
0.000441352
0.000898446
0.000896489
0.00146228
0.00051677
0.000841078
0.000801749
0.000356272
0.000692348
0.000812319
0.000297497
0.00600893
0.000425919
0.000318666
0.000622917
0.000731383
0.000444597
0.000525561
0.000719139
0.000612388
0.00195716
0.0012766
0.0011619
0.000546038
0.000877062
0.000311954
0.000959146
0.000414708
0.000449545
0.000479439
0.000959537
0.000643434
0.00135841
0.000559752
0.00211615
0.000634644
0.000684483
0.000489672
0.00345745
0.00094974
0.000882786
0.000535916
0.000563905
0.00151466
0.000438766
0.000786592
0.000591247
0.000599391
0.00071986
0.00143784
0.000678007
0.000404359
0.00442157
0.000643552
0.000722865
0.00166431
0.00149186
0.000608471
0.000795255
0.000955794
0.000460231
0.00087349
0.0014586
0.0022005
0.00596623
0.000467859
0.000383993
0.00059154
0.000365725
0.001036
0.000479361
0.000636077
0.000583495
0.000415436
0.000715325
0.000319517
0.00052684
0.000347519
0.000441391
0.000813448
0.00115155
0.00041778
0.000901005
0.000470911
0.00067023
0.000674207
0.000833123
0.000781262
0.000868838
0.00049146
0.0025609
0.000513229
0.00126151
0.000329023
0.000452532
0.000526279
0.000382748
0.000566353
0.000615309
0.000508786
0.000444653
0.000147599
0.000399372
0.00112585
0.000703106
0.000461246
0.000593508
0.00378241
0.000564426
0.000689563
0.000690716
0.00061466
0.00042157
0.000683133
0.0009074
0.000723225
0.000868668
0.00074518
0.000124629
0.000173334
0.00115101
0.000684839
0.000444838
0.00106321
0.00104032
0.00014358
0.00737278
0.000367541
0.000848432
0.000575897
0.000479491
0.00035077
0.0031278
0.000419553
0.00063374
0.000567278
0.000386577
0.000308896
0.000466761
0.00114492
0.000820726
0.000516044
0.00119372
0.000797418
0.000827493
0.000688213
0.00243392
0.000409919
0.00111151
0.000255227
0.00148618
0.000474192
0.0002616
0.000209424
0.000598509
0.000328822
0.00120617
0.00062876
0.0005017
0.00105534
0.000798961
0.000918829
0.000449868
0.00125988
0.000447548
0.000929352
0.00361591
0.000309631
0.000574426
0.000969205
0.00125389
0.000798472
0.000817382
0.000380397
0.000716613
0.000608625
0.00113032
0.00136991
0.000283195
0.000752055
0.00195962
0.000628761
0.00046692
0.00140343
0.00165632
0.000471319
0.000737118
0.000402977
0.00145207
0.000567555
0.00053587
0.00239188
0.000564942
0.000219502
0.00039141
0.000466445
0.000665944
0.00072427
0.000635389
0.000376509
0.00115328
0.000880546
0.000384146
0.000611584
0.000719045
0.000366882
0.00109941
0.00255405
0.000233534
0.000431622
0.000411684
0.00149744
0.00076551
0.00109453
0.00140803
0.000654479
0.00567486
0.000596329
0.000391889
0.00119056
0.00131974
0.00173865
0.000726034
0.000615389
0.000265443
0.00151406
0.000757477
0.000545155
0.00032024
0.000902146
0.0013532
0.00127961
0.000426915
0.00261758
0.000636116
0.000393896
0.00115704
0.000537611
0.00111816
0.000721652
0.000653918
0.000573929
0.000691309
0.000448884
0.000335565
0.000918797
0.000741575
0.000657219
0.00047117
0.000528744
0.000389286
0.000489249
0.00161994
0.00218335
0.00128597
0.00258623
0.00517721
0.00173221
0.000597011
0.000899742
0.000438202
0.00082582
0.000535737
0.000820009
0.00177238
0.000465162
0.000566213
0.00026564
0.000539018
0.000504086
0.000502384
0.00043552
0.000692755
0.00946806
0.00104666
0.000455078
0.000579231
0.000571972
0.00436573
0.000533827
0.00060053
0.000874846
0.000786937
0.0013018
0.000490203
0.000408666
0.000393241
0.000380239
0.000762356
0.000206311
0.000543458
0.000802245
0.000681889
0.000608199
0.000477018
0.00130016
0.000474682
0.00114083
0.000746889
0.00055907
0.000581969
0.00102752
0.00120343
0.00086011
0.000492271
0.00595113
0.000267693
0.00168809
0.00458197
0.00081522
0.000364072
0.00401832
0.000626006
0.000759464
0.0011071
0.000396053
0.00033602
0.000428996
0.000248169
0.00091929
0.00184483
0.000471303
0.000656238
0.000936137
0.000468701
0.000469188
0.000512729
0.00155096
0.000735187
0.000323549
0.00038754
0.000595536
0.000557193
0.000857073
0.000699813
0.000984698
0.000613124
0.00112466
0.00155328
0.000580454
0.000736532
0.000685545
0.000479381
0.000539592
0.000422689
0.000532951
0.000380407
0.000384701
0.00103997
0.00109901
0.000186598
0.000715663
0.000250457
0.000249538
0.00122319
0.000897547
0.000169163
0.000472005
0.00123667
0.000790304
0.000380127
0.00065655
0.000618319
0.000361241
0.000684105
0.0040548
0.000830785
0.000337738
0.000412178
0.000788371
0.000469669
0.00136355
0.000746749
0.00114184
0.00117112
0.000522624
0.0524652
0.00188948
0.00041294
0.00290722
0.000735253
0.00192562
0.000236138
0.000577864
0.000350299
0.000399749
0.000897553
0.000613513
0.000556957
0.000988936
0.000656136
0.000769892
0.00377884
0.000272835
0.000731283
0.00024968
0.000405414
0.00254
0.00505091
0.000309907
0.000559353
0.000347103
0.00105539
0.000382571
0.00037697
0.000624415
0.0011625
0.000937921
0.000241385
0.00040077
0.000856772
0.00787649
0.000540243
0.00108086
0.000349784
0.000789738
0.00069843
0.000525099
0.00271951
0.00588527
0.000664175
0.00242102
0.00164464
0.000700825
0.00027136
0.0026662
0.000685856
0.00217375
0.000715718
0.000495506
0.00043648
0.00102612
0.000909156
0.000239138
0.000182635
0.000596992
0.000312414
0.000681311
0.000550606
0.000624957
0.000822965
0.00130764
0.00060609
0.000531951
0.000782415
0.00164227
0.000200681
0.000363896
0.000415268
0.000679104
0.00076853
0.000551548
0.000309601
0.000673396
0.000348623
0.000480922
0.00129704
0.00078432
0.000303611
0.000538154
0.00128734
0.0010763
0.00142346
0.00132393
0.000499495
0.000746936
0.000603816
0.000576148
0.000472184
0.000605491
0.000331396
0.000301321
0.000639551
0.000503794
0.000632728
0.000509907
0.00196216
0.000535359
0.00082116
0.000184274
0.00060077
0.00048417
0.00109877
0.000375748
0.000588849
0.000286532
0.000867378
0.000754058
0.000478939
0.007344
0.000150362
0.000416988
0.00075056
0.00110064
0.000675591
0.000733584
0.000449906
0.00143947
0.000211162
0.000588396
0.000825268
0.000646411
0.000372774
0.000477082
0.000265877
0.000127811
0.000547019
0.000295131
0.000716919
0.000627038
0.00369125
0.000236886
0.000655881
0.000418706
0.000771303
0.000875616
0.000443224
0.000327218
0.00031615
0.000922023
0.000588844
0.000693808
0.000466746
0.000994103
0.000464999
0.000656553
0.000317245
0.000483719
0.000251042
0.000377815
0.00130887
0.00106485
0.000553768
0.000449864
0.000401932
0.000451657
0.000591555
0.000529032
0.000934483
0.000573742
0.000448914
0.00104733
0.00126809
0.000281414
0.00113419
0.000408222
0.000542964
0.000449434
0.000334453
0.000578845
0.00150689
0.000273203
0.000600938
0.000598595
0.000887952
0.000855112
0.00939953
0.000432383
0.000440203
0.00119038
0.000360759
0.000511028
0.000414292
0.00070215
0.000238105
0.00071362
0.000552783
0.000310887
0.000515095
0.00107623
0.000470054
0.00030838
0.000691263
0.000798245
0.000546196
0.00024271
0.00276531
0.000266485
0.0016883
0.000616797
0.00059741
0.000748989
0.00246101
0.000564618
0.000448033
0.000354198
0.000636725
0.00140709
0.00139439
0.000428311
0.000302997
0.00134333
0.000890156
0.00153296
0.000409849
0.00065694
0.000202647
0.000706881
0.000414853
0.00056568
0.00175004
0.000527105
0.000845758
0.0055365
0.00207109
0.000401606
0.000578127
0.000265398
0.000635655
0.000646529
0.000421205
0.000270941
0.000456424
0.00052355
0.000565866
0.000431161
0.00112635
0.000492827
0.000640561
0.0024204
0.00453305
0.000676572
0.000385203
0.000852705
0.000345695
0.00123467
0.00277914
0.00188853
0.00083082
0.00712945
0.00046138
0.000497859
0.000828583
0.000109506
0.000745159
0.000491122
0.00440807
0.00051907
0.000912057
0.000606753
0.000931862
0.00161906
0.000663126
0.000726452
0.000247527
0.000579754
0.00108705
0.000515117
0.000417427
0.0016018
0.0007146
0.000573001
0.00176404
0.000607429
0.00118552
0.000538408
0.000390933
0.00777944
0.000586172
0
0.000428912
0.000546809
0.000530822
0.00094916
0.00109882
0.000358505
0.000593526
0.000334581
0.000224314
0.000481299
0.000628293
0.000919139
0.00113888
0.000946902
0.00233311
0.00155131
0.000821914
0.000715479
0.000456049
0.000548658
0.000212336
0.000476533
0.00106012
0.00148211
0.000348493
0.000378558
0.000511499
0.000416501
6.82737e-05
0.000567798
0.00144823
0.000554153
0.000643988
0.000392581
0.000558481
0.00059009
0.00069578
0.000333524
0.00140776
0.000276728
0.000500461
0.000880435
0.000771851
0.000379727
0.00129378
0.00061824
2.77396e-05
0.000739505
0.000374579
0.000742817
0.0020451
0.000633854
0.000775866
0.00105997
0.00516521
0.000703763
0.00335187
0.00395079
0.00112716
0.000741123
0.000973322
0.000461683
0.00127061
0.000108487
0.00435334
0.00092631
0.000124561
0.000418293
0.000665315
0.000154462
0.0078833
0.000418164
0.000592334
0.000439734
0.00287862
0.00108604
0.00534461
0.000322369
0.000433636
0.000600607
0.000348012
0.00386176
0.000454105
0.000202213
0.000550945
0.00081313
0.000992633
0.0072097
0.00037504
0.000713214
0.0013547
0.000998169
0.000160128
0.000622471
0.000315476
0.000445752
0.000353907
0.000499469
0.000833418
0.00110549
0.000257615
0.000970287
0.000467356
0.00116403
0.00117066
0.000275292
0.00217707
0.000584624
0.000722083
0.000267504
0.000627603
0.000599058
0.00098851
0.00123231
0.000751153
0.00150788
0.000762307
0.000411181
0.000545135
0.000625148
0.00106911
0.00195242
0.000664073
0.000305414
0.000369868
0.002848
0.000650615
0.000874719
0.00210905
0.000743356
0.000639477
0.000278465
0.000503614
0.000243851
0.000133296
0.000508318
0.000471843
0.0016534
0.000576323
0.000434516
0.000630606
0.000712611
0.000777108
0.000761395
0.00155648
0.000451371
0.000593917
0.000241351
0.000565561
0.00047512
0.00108886
0.00058469
0.000484384
0.00504636
0.000641472
0.000715973
0.0003419
0.00676486
0.000919365
0.000565958
0.00039288
0.00058051
0.000871469
0.000786318
0.00086051
0.000556915
0.000485891
0.000444562
0.000523035
0.00214513
0.000696777
0.000274304
0.000757302
0.00069225
0.00310198
0.00122956
0.00102637
0.000615169
0.000577795
0.000543389
0.000582781
0.000431528
0.000484277
0.00245272
0.000301664
0.00163471
0.000231421
0.00225035
0.000356677
0.00131936
0.00279289
0.000921052
0.000411319
0.000778584
0.00165054
0.00102164
0.000630796
0.000244127
0.000822143
0.00266522
0.000723777
0.000334599
0.000717815
0.0013679
0.000274226
0.000484235
0.000519388
0.000583932
0.000650184
0.000514942
0.000829333
0.00323148
0.000728498
0.00244153
0.0012062
0.000529361
0.000459261
0.000471893
0.000556554
0.000891341
0.00154516
0.0013671
0.00148244
0.00053467
0.000457559
0.000564671
0.000885968
0.000829507
0.000611925
0.000589617
0.000690633
0.001083
0.000464464
0.000922879
0.000454009
0.000292273
0.000388798
0.00145378
0.000617232
0.000419451
0.000623583
0.00132514
0.000781464
0.000776451
0.000652759
0.00143075
0.000336607
0.000339494
0.000637617
0.000609287
0.000554084
0.000684674
0.000498794
0.000253885
0.000583244
0.000458257
0.000722285
0.00044246
0.000599313
0.000278835
0.000363854
0.000742598
0.00107204
0.000508604
0.000410115
0.00063024
0.000531655
0.000951434
0.000398698
0.000461209
0.0026258
0.000748777
0.00056545
0.000931085
0.00110474
0.00079779
0.000696956
0.000813178
0.000529994
0.000820417
0.000937537
0.000224334
0.000468262
0.00194501
0.000453041
0.000760526
0.000650411
0.00076577
0.000866301
0.000562835
0.000883442
0.00038644
0.000367141
0.00263869
0.000431302
0.00044627
0.000368763
0.000632961
0.000374839
0.00173621
0.000484404
0.00182952
0.000874941
0.000518406
0.00117169
0.000933148
0.0010061
0.000339876
0.00268599
0.000397437
0.000999313
0.000450261
0.000233428
0.00162262
0.000356241
0.0005167
0.000226041
0.00222358
0.000353099
0.000419563
0.000270175
0.000370167
0.000708842
0.000627443
0.000307939
0.000187555
0.000471546
0.000646896
0.000747394
0.000961105
0.00141825
0.00123426
0.000860726
0.000859213
0.000903267
0.00102462
0.000640673
0.000461979
0.00281676
0.000388365
0.000246764
0.00043317
0.00107187
0.000344051
0.001201
0.000526421
0.000655934
0.00029197
0.000381255
0.000831807
0.000600892
0.000245961
0.000480779
0.000449824
0.000718054
0.000724696
0.00100208
0.000526017
0.000491102
0.0013166
0.000438057
0.000812695
0.00243105
0.000523252
0.000318875
0.000357291
0.000389612
0.000626481
0.000285644
0.000469653
0.0034021
0.000727657
0.000769179
0.0026533
0.000504626
0.000449248
0.00154336
0.000682551
0.000392168
0.000696856
0.000439318
0.000586245
0.000927324
0.00037794
0.00232398
0.000708926
0.000573488
0.00097626
0.00046299
0.00138189
0.00091641
0.000525198
0.00901163
0.00113161
0.000424154
0.00176951
0.000552385
0.0056323
0.000644132
0.000569165
0.000495567
0.000678382
0.000799467
0.000687446
0.000527204
0.00144382
0.00174422
0.0004927
0.00039257
0.00105709
0.00376507
0.00109685
0.000181085
0.00109741
0.000883431
0.000569447
0.00119346
0.000517825
0.000467607
0.000740816
0.000339246
0.00051916
0.00108645
0.0102383
0.000687799
0.000493138
0.000886468
0.000317173
0.000260772
0.000701119
0.00118367
0.00029849
0.000977964
0.000337331
0.000302456
0.000751978
0.000463821
0.000612459
0.00121329
0.00105108
0.000429801
0.000579701
0.000724588
0.000456195
0.00132842
0.000382658
0.00124973
0.00130943
0.000579467
0.000673459
0.000728218
0.000740928
0.00151927
0.000940437
0.000338572
0.000357162
0.000949044
0.000526287
0.00118012
0.000861402
6.51188e-05
0.00104904
0.000597135
0.000574302
0.000613945
0.000542172
0.00229675
0.000394843
0.000504504
0.000537716
0.00109177
0.000761425
0.000891556
0.000830407
0.000573961
0.000227689
0.000153634
0.00283609
0.00034379
0.000640121
0.000783949
0.00109422
0.000384911
0.000409361
0.000277384
0.000403821
0.00115343
0.0010233
0.00109139
0.000211806
0.000700959
0.000457011
0.00402628
0.00168322
0.000408344
0.000286179
0.00139499
0.000792835
0.000576911
0.000410759
0.000447512
0.000609334
0.000649689
0.000430116
0.000629789
0.00049016
0.000818303
0.000893935
0.000798805
0.000343113
0.000509573
0.000511844
0.000485357
0.000658182
0.000401309
0.000184799
0.00188352
0.00053137
0.000530649
0.000489172
0.000445025
0.00114412
0.00110833
0.000789847
0.000954201
0.000606865
0.000428964
0.000474216
0.00093695
0.00035022
0.000692197
0.000506956
0.000877043
0.00126043
0.000940484
0.000462941
0.00547342
0.00187108
0.000355524
0.00107207
0.000789364
0.000419675
0.000274552
0.00048938
0.000594979
0.000971778
0.00032619
0.000534904
0.000634111
0.000229339
0.000322516
0.00169952
0.00151043
0.000779542
0.000489083
0.000676757
0.000548083
0.000803199
0.000560396
0.000313856
0.000457202
9.54287e-05
0.000374058
0.000897185
0.000870552
0.00283091
0.000525447
0.000682238
0.00220512
0.000321074
0.00148041
0.0007344
0.000906908
0.000832308
0.000963085
0.000446651
0.000519271
0.000364294
5.10003e-05
0.000935709
0.000702303
0.000249301
0.00058873
0.000954844
0.000611412
0.00550296
0.000164743
0.000585957
0.000541762
0.000545119
0.00020606
0.00172478
0.000556911
0.000411308
0.000745874
0.000824275
0.000659213
0.00023598
0.00101642
0.000644126
0.000358122
0.000402899
0.000841061
0.000719221
0.000543782
0.000589341
0.000519963
0.0208571
0.000725423
0.00309577
0.000305506
0.00120589
0.000327558
0.000640411
0.00054457
0.000403985
0.000948079
0.000593929
0.000809669
0.000536725
0.000926406
0.000843572
0.000823492
0.000618908
0.00028181
0.00419323
0.000379654
0.000252459
0.000851161
0.000657924
0.000449729
0.000241126
0.000944261
0.00102411
0.000686974
0.000327695
0.000659957
0.00123798
0.000511125
0.00102551
0.000714353
0.0011128
0.0015959
0.000583435
0.000427934
0.000509883
0.00118143
0.00137335
0.00058738
0.000413175
0.000447371
0.000844871
0.000412466
0.000550319
0.000137401
0.000443632
0.000514069
0.00182143
0.00043498
0.000889663
0.00128341
0.000314088
0.00450708
0.000710403
0.000407025
0.000452268
0.000598371
0.000955189
0.0065798
0.000344924
0.000467466
0.00102909
0.000562116
0.000235343
0.0017583
0.000365215
0.000872909
0.000664385
0.000878903
0.000641953
0.000543614
0.000705144
0.000229385
0.000575068
0.000836368
0.000501069
0.000460815
0.000318578
0.000973999
0.000309752
0.000323855
0.000627182
0.000320572
0.0004444
0.00138586
0.000522702
0.000508684
0.000409344
0.000438682
0.00081584
0.00100874
0.00021265
0.000178447
0.000591731
0.000348984
0.00140845
0.000185911
0.000761982
0.000486045
0.00177996
0.00061968
0.000371336
0.000311157
0.000350771
0.000430015
0.000678782
0.00156036
0.000572295
0.000504447
0.00279678
0.000505157
0.001249
0.00153732
0.000473834
0.000220624
0.000577785
0.000762044
0.000529279
0.000835143
0.00023505
0.000899277
0.000855189
0.0221908
0.001873
0.000557907
0.000299104
0.000382382
0.000608837
0.00167031
0.000153852
0.00098597
0.00163072
0.00642496
0.000833574
0.000361282
0.000325989
0.00114079
0.00148089
0.000207789
0.00100933
0.00134912
0.000641056
0.00056947
0.000722748
0.00181519
0.00577903
0.000623973
0.00133892
0.000585095
0.000975209
0.000525739
0.00071125
0.000694659
0.00062226
0.00296467
0.00119018
0.000804897
0.00330876
0.000551932
0.00525255
0.000636994
0.00225658
0.000499691
0.00129965
0.000913639
0.000709303
0.000678491
0.000850149
0.00315467
0.00087071
0.00126841
0.00118493
0.000590417
0.00112341
0.00225289
0.000317071
0.00314918
0.000862151
0.00126084
0.000688448
0.000716308
0.0095037
0.00040643
0.000705904
0.000759072
0.000629452
0.000985221
0.000461922
0.000550879
0.000398461
0.000218345
0.00125904
0.00121241
0.000533406
0.0126152
0.00074525
0.000439187
0.000816499
0.000927384
0.000444967
0.00138872
0.000153227
0.000447002
0.000656996
0.000229103
0.000693925
0.000659351
0.000894073
0.00105463
0.00249915
0.000409523
0.00073035
0.000523722
0.000907147
0.000293566
0.000251435
0.000579105
0.00037964
0.00080937
0.000248449
0.000480696
0.000769166
0.000381232
0.00136704
0.000528551
0.000474612
0.000634982
0.000348465
0.000261487
0.000567778
0.000429378
0.000368102
0.000154245
0.000930329
0.000379825
0.00134646
0.000574775
0.000515756
0.000551494
0.000753792
0.000919993
0.000590381
0.000434528
0.000444402
0.00113914
0.00251718
0.000646246
0.00113469
0.00104636
0.00195788
0.000492278
0.000920217
0.000406387
0.000800612
0.00167369
0.000873495
0.000991915
0.00296641
0.00137398
0.00132995
0.000976593
0.000469363
0.000918413
0.000547926
0.000830811
0.000778994
0.000879234
0.000131926
0.00104925
0.00101201
0.000429661
0.0331499
0.000585962
0.000541055
0.000570245
0.000683245
0.000303809
0.00062861
0.000770864
0.00105757
0.000364681
0.000559217
0.000487316
0.000379687
0.000618521
0.000422282
0.000711171
0.00076761
0.000465216
0.00222692
0.000739733
0.000991308
0.00040033
0.000386932
0.000562366
0.000636062
0.00108528
0.000672268
0.00122778
0.000403535
0.00115006
0.000896754
0.000277278
0.00104236
0.00087391
0.000302193
0.000459527
0.000992197
0.00110331
0.00155509
0.00102954
0.000509887
0.00105925
0.000765704
0.001107
0.00270046
0.000354866
0.000555774
0.000544072
0.000709399
0.000391666
0.000789405
0.000717337
0.000560967
0.000499613
0.000418828
0.000599488
0.000237
0.000922876
0.000779339
0.000614831
0.000520634
0.000528418
0.000518663
0.000152745
0.000245175
0.00715531
0.00076247
0.000247492
0.000569514
0.000959264
0.000724962
0.000623181
0.000382295
0.00066864
0.000400333
0.00249246
0.000804402
0.000921562
0.000613699
0.000830989
0.000520558
0.00114792
0.00178243
0.000326623
0.000506646
0.000386642
0.000350457
0.00195814
0.000924704
0.000393507
0.000465906
0.000792275
0.000500418
0.000467837
0.000523333
0.00021621
0.000511332
0.000112968
0.0162521
0.00352671
0.000521786
0.000694487
0.000570118
0.000103642
0.00206484
0.000606989
0.000395054
0.000591382
0.00127062
3.48092e-05
0.000405676
0.000306448
0.00222134
0.000781476
