0.000341673
0.000104609
0.00109474
0.000183367
0.000298118
0.000928075
0.000309162
0.00380769
0.00023869
0.00042125
0.000177009
9.25604e-05
0.000302661
0.000418427
0.000896898
0.0131399
0.000245204
0.000211485
0.000121784
0.000513025
8.34041e-05
0.000574929
0.0001726
0.000311675
0.000277803
9.6753e-05
0.000203919
0.000166578
0.000313482
0.00034703
0.000212861
0.000154639
0.000547318
0.000204373
0.000192789
0.000884224
0.000639066
0.000142655
2.96e-05
0
0.000249911
0.000582201
0.000407855
0.000298564
0.000100657
0.000339837
0.000165121
0.000190409
0.000674809
0.000316604
0.00140717
0.00016886
0.000109815
0.000139694
0.000243972
0.000287843
0.000223828
5.81146e-05
0.000470064
0.00012744
0.000529165
0.000375354
0.000517834
0.000179866
0.000134282
0
0.000442219
0.000221055
0.000153697
0.000233741
0.000589027
0.000170724
0.000155814
0.000535576
0.00018751
0.000350283
0
0.000256368
8.8039e-05
0.000192873
0.00060004
0.000895291
0.000162873
0.000284379
0.000287211
0.000648454
0.000869127
5.66939e-05
0.00399935
0.000213295
0.000180094
0.000144778
0.000390165
0.000326209
0.000237772
0
0.00023837
0.000914325
9.20377e-05
0.00012819
0.00104285
0.00203915
0.000282359
0.000312534
9.95933e-05
0.00016851
0.000575108
0.000257973
0.000783909
0.000218044
0.000175802
0.00016128
7.96346e-05
6.68993e-05
0.000217704
0.000134621
0.000420935
0.000310495
0.000153909
0.000144111
0.000252584
6.34792e-05
0.000261196
0.000553034
0.000244557
0.000490524
0.000252262
0.000136349
0.000145328
5.23187e-05
0.000256982
0.000431769
0.000311963
0.000369618
0.000341078
1.95788e-05
0.000312145
0.000237022
0.000165414
9.03528e-05
0.000390242
0.000126225
0.00016796
0.00018966
0.000296922
0.00047622
0.000304266
0.000863273
0.00019071
0.00204353
0.000198393
0.000137657
0.000150978
0.000173565
0.000189278
0.000113403
0.000331934
0.000249219
0.000297241
0.000354311
0.000113906
0.000152351
0.000118397
0.000255544
0.000119162
0.000205182
0.00332106
0.000213839
0.000290232
0.000934912
0.000178686
0.000321904
0.000403503
0.000190047
0.000341384
0.000836764
4.62936e-05
0.000316576
0.000264931
0.000213596
0.000887095
0.000320345
0.000252437
0.000265607
0.00133832
0.000510245
0.000211896
0.000325569
0.000158467
0.000319751
0.000255838
0.00012018
0.00100816
0.000293387
0.000540057
0.000849291
0.000174364
0.000296565
0.000243426
0.000385424
0.000646342
0.000285995
0.000321885
0.000384277
8.96154e-05
5.15899e-05
0.00180796
0.000195855
0.000116805
0.00020256
0.000491929
0.000290879
8.01767e-05
0.00021818
0.000279679
0.000165344
0.00476282
0.00297617
0.00137602
3.76932e-05
0.000616545
0.000373838
0.000512617
0.000376704
0.000276121
0.00119137
0.000777872
0.000209632
0.000254176
0.000122267
0.000289253
0.000194885
0.00026621
0.000215635
0.000314928
0.000167899
0.000736292
0.000110862
0.000471193
1.01264e-05
2.87218e-06
0.000168463
0.000237161
0.000220455
0.000149136
0.000848989
5.84698e-05
0.000638502
0.000200032
0.000167267
0.000613124
0.000164243
0.000462899
0.000325614
0.000173227
0.000278883
6.7994e-05
0.000334668
0.000162833
0.000346602
0.000237862
0.000301689
0.000218295
0.00045042
0.000170625
0.000261104
9.66585e-05
0.000356084
0.000512388
0.000533392
0.000451466
0.00122779
0.000288017
3.16087e-05
0.000190031
0.000139855
0.000457564
0.000147634
0.000126636
0.000156216
9.66327e-05
0.000236993
0.00047183
0.000235498
0.000307819
0.000453805
0.00023798
0.00023369
0.000802126
0.000117506
0.000651128
8.0637e-05
0.000697822
0.000610554
0.000183602
0.000362738
0.00013051
0.000127869
0.000244643
0.000348454
0.000516435
0.00016236
0.000292775
0.000109013
0.000219549
0.00018562
0.000858767
0.000513343
0.000286992
0.000702124
0.000281482
0.000202452
0.000412037
0.000175648
3.58455e-05
0.000546536
0.00016353
4.66146e-05
0.000235078
0.000322479
0.000275254
0.000146723
0.000274483
0.000276282
0.000451198
0.000134965
0.000351548
0.000714092
6.36929e-05
0.000983005
0.000585563
0.000392428
0.000150993
0.000197875
0.000105681
0.000125103
0.000136172
0.000258235
0.000109984
5.83032e-05
0.0035527
0.000105034
8.1171e-05
0.000191079
0.000244206
0.000281679
0.000294857
0.000166607
0.00018925
9.63089e-05
0.000263504
0.000153603
0.000555315
2.93703e-05
7.80304e-05
8.4836e-05
0.000211698
0.00108751
0.0047438
0.00032282
0.000189668
0.000125077
0.00116674
0.000129855
0.00023039
0.000250817
5.05756e-05
0.000456409
0.00028831
0.000203883
0.000361867
0.000169783
0.000489879
0.000546561
0.000218309
0.000405489
0.000229493
0.000295706
0.000109342
0.000346402
9.2022e-05
0.000198072
0.000364225
0.000282075
5.88621e-05
5.43457e-05
0.000219168
3.55062e-05
0.00034674
0.00047904
0.00015109
0.000222688
0.00043638
0.000200124
0.000245022
0.000211821
0.000297775
0.000161697
0.000210167
0.000149183
0.00022658
0.000799994
0.000279948
0.000259169
0.000257902
0.000471958
0.000200073
0.000118994
0.000251607
9.23489e-05
0.000143326
0.000146659
0.000137009
0.000372873
0.000253216
0.000408452
0.000478875
0.000547197
4.5097e-05
0.00168995
0.000303245
0.000198688
0.00033414
0.000224189
0.000264771
0.00023007
9.87181e-05
0.000335798
0.0002626
8.62328e-05
0.000527499
8.73378e-05
0.000145934
0.000208838
0.00024435
0.000135552
6.46978e-05
4.86248e-05
0.000256727
0.000226692
0.00145443
0.000195309
0.000713155
0.000533482
0.000943593
0.000183591
0.000141878
0.000228445
5.32679e-05
0.00033115
0.000366034
0.0001328
0.000168957
0.000368851
0.000167143
0.000436767
0.000213944
0.000195262
0.00275631
0.000293662
7.29499e-05
0.000125091
0.000134082
0.000863666
6.72505e-05
0.000260712
0.000366346
0.00013512
0.000231911
0.000129316
0.000379175
0.000279904
0.00192557
0.000414536
6.99749e-05
0.000289291
0.000479469
0.000395031
0.000326661
0.000351467
4.36607e-05
0.000222547
0.000253813
6.4798e-05
0.000165541
0.000176514
0.000718096
0.000227636
0.000467663
0.000313173
0.00028352
0.000159535
0.000181694
0.000200945
0.000985609
0.000164939
9.42797e-05
0.000598433
0.00071607
0.000236517
0.0501791
0.0001579
0.000306188
3.23114e-05
0.000556281
3.23359e-05
0.000612508
8.44597e-05
0.00020192
0.000955966
9.55077e-05
0.000583569
0.000354999
0.000115975
2.47658e-05
7.46312e-05
0.000205264
0.000136411
0.000519236
0.000267952
0.000216734
0.000612857
0.000365928
0.000347997
6.23718e-05
0.000348313
0.000267984
0.000179917
8.98874e-05
0.000312126
0.00127698
0.000323993
0.000247018
0.000189247
0.000166485
0.00129198
0.0001899
0.000935399
0.000333083
0.000343568
0.00030597
0.000295077
0.000259931
0.000253026
0.000132245
8.13239e-05
0.000182722
0.000365924
0.000158361
0.000296381
0.000142063
0.000152919
0.000331157
0.000230621
0.000899523
0.000215864
0.000126537
0.000268495
0.000211567
0.000155588
0.00179312
0.165087
0.000228356
0.000391088
0.000380068
0.000309056
0.000129875
0.000251231
0.00386516
0.000621367
0.000135418
0.000168553
0.000111827
0.00529181
0.000250621
0.000228636
0.000516905
0.000254882
0.000284578
0.000201825
0.00111566
0.000150763
9.66559e-05
0.000154809
5.14706e-05
5.17774e-05
0.000269374
0.000466488
0.000611545
0.001501
0.000256929
0.000146562
0.00317091
0.000103456
0.000229386
1.25249e-05
0.000350679
0.000359927
3.73006e-05
0.000263822
0.000363812
0.000224089
0.000144195
0.000351849
0.000703197
0.000111354
9.92567e-05
0.000556846
0.000240788
8.21944e-05
0.000444757
0.000154708
0.0019864
6.01153e-05
6.37555e-05
0.000166286
6.88308e-05
0.000207284
8.70991e-05
0.000653035
0.00094293
0.000153636
0.000275459
0.000715555
0.000465629
0
0.000495798
0.000384745
0.000192614
0.000948223
2.50285e-06
0.000213106
0.000225402
0.000150887
0.000351636
0.000214854
0.000203742
0.000186506
0.000249994
0.000186351
0.00041949
0.00018339
0.00570173
0.000356028
0.00018132
0.000116735
0.000120014
0.000537565
0.000440936
0.0014334
0.000140279
0.000362134
0.00121984
0.000174605
0.000343311
2.95599e-07
0.00014098
0.000321275
0.000194988
2.0345e-05
0.000408653
0.000338608
0.000588359
0.000543316
0.000608796
0.000259859
0.000177257
0.000213774
0.000341389
0.000807392
0.000148494
7.24741e-05
4.52307e-05
0.000206278
0.000293527
0.000746113
1.28478e-05
0.00144535
0.00029467
9.36382e-05
0.000463753
0.000314511
8.6466e-05
0.000180751
0.000395001
0.000110874
0.000349737
0.000189751
0.000372483
4.9511e-05
0.000121493
0.00014996
0.000277199
0.000173159
0.000122558
0.000247508
0.000236262
0.000266409
0.000117205
0.000240841
0.000258321
0.000260676
3.6191e-05
0.000469954
0.000531018
0.000146233
0.00573005
0.000296299
0.000657484
9.85413e-05
0.000801395
0.000169324
0.00020268
0.000190102
0.00010934
0.000154982
0.000183683
0.000257177
0.000378506
0.000414966
0.00022322
0.000265524
0.000207922
0.000318917
0.000132942
0.000119649
0.000358759
0.000247878
0.000797216
3.53471e-05
0.000260578
0.000320752
0.000660258
0.00023117
0.000268859
8.22389e-05
0.00024063
0.000174998
0.000216204
0.000304862
0.000159425
0.000263419
0.000392295
0.000259983
0.000259497
0.000709116
0.000306051
0.000393922
0.000118166
0.000214225
0.000256829
0.000920501
0.000259762
0.000124002
0.000412598
4.80964e-05
0.0119989
0.000364904
0.000234257
0.000443763
0.000156218
7.73237e-05
0.000176833
0.000151368
0.000356712
0.000254654
7.56677e-05
0.000743845
3.8438e-05
0.000147263
0.000125632
0.000168638
0.000556437
0.000251007
0.000279518
9.56251e-05
0.000298404
0.000206888
0.000137703
0.000266152
0.000206452
0.000178624
0.000174648
0.000127048
0.00030452
0.000328455
0.000149801
0.000168951
2.59767e-05
0.000360876
0.000433411
0.000188815
0.000222491
0.00121717
0.000134912
0.000253223
0.000301499
0.00239427
0.000335934
0.000300648
0.000120075
0.000346766
6.95064e-05
0.000761086
0.000226488
0.000356943
0.000194317
0.000330517
0.0001256
0.000349383
0.000500802
0.000353902
0.00019232
0.000271482
0.000162011
1.09933e-05
0.00021769
0.00149263
0.000360002
0.000237864
5.93151e-05
7.07002e-05
0.000177649
8.81167e-05
5.94227e-05
0.000305038
0.000934727
0.000454452
0.000313452
0.000150482
0.000134814
0.000241984
0.000295728
8.11265e-05
0.000101724
0.000149951
0.000388786
0.000193337
0.000244523
0.000193031
7.57629e-05
0.000122861
0.000270108
0.000234053
0.000284003
0.000237265
0.000215337
0.00073568
0.000317339
0.000845642
0.000270975
0.000283811
0.000781295
0.000169438
0.00344066
0.000308447
0.000186925
0.000298793
0.000142371
0.00255578
0.000300399
1.59669e-05
0.000368669
4.36569e-05
0.000145014
0.000483261
0.000231587
0.000811262
0.000241912
0.00047227
0.000189689
0.00010181
0.000183407
0.000279294
0.000140729
0.000239887
0.00206343
0.000306242
4.5668e-05
0.000781264
0.000339535
0.000805747
0.000182176
0.00110425
0.000270368
0.000136661
0.000306595
0.00025611
0.00020633
0.000204664
0.000319705
0.000276651
0.000454963
0.000108628
1.92032e-05
5.29326e-05
0.00014065
0.00018512
6.76578e-05
0.000231876
0.000103739
3.13089e-05
0.000151803
0.000338599
0.000344482
0.000560992
0.000183255
0.0012849
0.000563783
0.000148946
0.000395925
0.000753391
0.000223541
0.000227062
0.000307947
0.000254128
0.000109811
0.00026476
0.000192933
0.000100436
0.000154434
0.000161542
0.000282979
0.000115675
0.00042687
0.000164022
0.000395149
0.000222272
0.000367405
0.000163514
0.000261356
0.00029817
8.39858e-05
0.000880649
6.68303e-05
0.00594417
0.000154664
0.000121319
0.000300823
0.000131141
0.000268904
0.000437642
0.000297505
0.000984687
0.000420404
0.000117515
0.000184364
0.000481575
0.000800845
7.58504e-05
0.000218518
0.00113226
5.41582e-05
0.000215945
0.000646119
5.92312e-05
0.000436936
0.000233493
0.000106804
0.000123412
0.000396208
0.000139295
0.000165623
0.000171959
0.000129261
0.000433357
0.000333159
0.000296453
0.00033216
0.000183238
0.000115648
0.000354056
0.000440753
0.000160676
0.000204223
0.000213139
0.000317916
0.000296137
0.00420704
0.000182081
0.000290972
0.000125212
0.000632416
0.000158304
3.54515e-05
0.000465911
0.000107936
0.000228118
0.000258001
0.000387033
0.000201822
0.00051221
0.000147727
0.000158337
6.98495e-05
0.000455427
0.000439317
0.000181277
0.00013195
0.000162987
0.000171178
0.000149445
0.000445164
0.00202752
0.000451645
0.000295838
0.000496326
0.00014524
0.000191815
0.000214534
0.000155557
0.000169462
0.000209398
4.81675e-05
0.000604105
0.000102914
0.000734787
0.000152993
0
0.000957235
0.000201803
0.000137697
6.5973e-05
0.000102913
0.000220561
0.000157968
0.000790185
0.000305288
0.00020197
0.00108713
0.000170184
0.000209097
0.000117818
7.09956e-05
0.000228278
0.000393219
8.80288e-05
0.00243404
0.00061577
0.000161956
0.000286928
0.000419126
0.00223048
4.21427e-05
0.00015594
0.000392066
9.2594e-05
8.39002e-05
0.000305661
0.000163287
0.000219327
0.00014022
0.000101942
0.000251756
0.000385399
0.00285853
0.000284358
0.000309938
0.000229808
0.0001807
0.00309297
0.000117471
0.000248138
0.000328253
0.000491387
0.000207696
0.000648904
0.000174414
0.000303081
0.000214877
0.00026885
0.00025083
0.000477202
0.00129451
0.000277824
0.000242825
0.000151866
0.000682739
0.000479883
0.000110202
0.000361616
0.000242992
8.26517e-05
0.00043809
0.000293514
0.000365192
0.000605371
0.000441594
0.000338855
0.000139251
0.000163574
0.000246581
4.71383e-06
0.000148876
0.000379502
0.000123294
0.00014524
0.000241049
0.000424148
8.36044e-06
0.000284435
0.000109629
5.3002e-05
0.000106844
0.000410876
0.000237368
0.000264018
0.000113739
0.000183308
0.00030176
0.000746257
0.000115193
0.000422783
0.00114857
0.000281142
0.000166206
0.00186351
0.000156005
0.000322327
0.000649153
0.000222232
0.000136435
0.000303274
0.000449458
0.000182659
0.000355231
0.00522939
0.000125696
0.000566526
0.000196472
0.000114248
0.000231469
5.20576e-05
0.000151514
8.93913e-05
0.000487973
0.000158634
0.000740122
0.00032358
0.000454104
0.000236496
0.000296011
7.32815e-05
0.000616973
7.08767e-05
0.000342857
0.00128684
0.00592238
0.000152963
9.0861e-05
0.000483001
0.000227961
4.13584e-05
0.000167642
0.00036592
0.000281737
0.000108977
0.000585871
0.000187525
0.00028957
0.000133253
0.00247182
1.48174e-05
9.99473e-05
2.50114e-05
0.000378944
0.000421625
0.000293162
0.000565483
0.000212376
6.6156e-05
0.0113541
0.00044189
0.00050999
0.000171457
0.000341917
0.000316887
0.000170267
0.000344199
0.000129351
9.66603e-05
0.000358055
0.000123264
9.86564e-05
0.000304571
0.000607952
0.00119242
2.08388e-05
0.000331882
0.000641196
0.000285056
0.000257422
8.3469e-05
0.000238642
0.000224918
0.000834853
0.000288027
2.39556e-05
0.000366046
0.000199086
0.000177618
0.000692915
0.000209793
0.000141187
0.000112432
0.000225756
0.00049117
0.000148759
7.53467e-05
8.59798e-05
0.000193944
0.000168161
0.000334418
0.000406099
0.000421554
0.000239966
0.000160683
4.08774e-05
0.000310802
0.000416894
2.65351e-05
0.00047618
8.02175e-05
0.000404641
0.000206264
7.54907e-05
0.000408493
7.82649e-05
0.000189626
0.000329813
0.00030984
0.000218117
0.000174949
0.000666242
0.000542483
0.000171835
0.000124549
0.0002395
8.27457e-05
0.000168494
9.27703e-05
0.000138703
0.000246004
5.86042e-05
0.000385345
0.000238655
0.000580037
0.00113102
0.00321617
2.85927e-05
0.000394388
0.000420618
0.000108762
0.000681242
0.00030306
0.000149099
0.000352046
0.000677516
0.000200379
0.000171344
0.00080092
0.000369946
0.000416783
0.000232599
0.000292184
0.000147016
0.000182102
0.000151833
0.000272333
0.0003748
8.71381e-05
0.00014383
0.000294225
0.000241425
0.00025539
0.000396821
0.000121067
0.000275322
0.000297324
0.000290164
0.000280694
0.000622292
0.000740837
2.89599e-05
0.000159595
0.000430915
0.000321039
0.000110371
0.000140192
0.000172695
0.000231773
0.00012702
0.000140991
0.000489664
0.000199323
0.000138359
0.000332655
0.000706615
0.000178639
0.000196312
0.000741163
0.000241703
0.000196105
0.000134835
0.000356368
0.000437335
0.000241862
0.000159195
8.67547e-05
0.000241499
0.000166487
0.000124637
0.000315537
0.000416217
0.00028821
0.000174968
0.000235109
9.22487e-05
0.000581771
0.000253272
0.000769951
0.000668735
0.00010577
0.000214478
0.000255322
0.000288703
0.000193531
0.000264022
0.000319337
0.00015584
0.000272635
0.000353893
0.000148151
0.00030334
0.000108473
0.000219896
0.00018774
0.000410284
0.000218001
0.000756197
0.000102401
0.000118004
3.36141e-05
0.000295411
0.000542012
0.000251775
0.000117683
0
0.000134885
0.000271103
0.000134323
0.000225456
0.000201963
0.000167899
0.000123812
0.000395894
0.000192937
0.000399927
0.000240467
0.000449025
0.000259972
0.00118965
0.00034756
0.000295205
0.000292608
4.32428e-05
9.84372e-05
9.0369e-05
0.000345907
0.00120751
9.346e-05
0.000106944
0.000202105
0.000277426
0.0005848
0.00049117
0.0022115
0.00012787
0.0315889
7.85978e-05
0.000273407
0.000388619
3.79346e-05
0.000185087
2.65193e-06
0.000136696
6.27091e-05
0.000550845
0.000227529
0.000369763
0.000476301
0.0324858
0.000261149
0.000129029
0.000254196
0.000402214
0.000250776
0.000219819
0.000126352
0.000194217
0.000276029
9.54121e-05
0.000161309
0.000269451
0.000323244
8.22697e-05
0.000585537
0.000191208
0.000278481
0.000355292
0.000351962
0.000922864
0.000310979
0.000258843
0.000196042
9.90799e-05
0.000361928
0.000138754
0.000374465
0.000396216
0.000237675
0.000173006
0.000172603
0.00019697
0.000647629
0.000276022
0.000153452
0.000194651
0.000241074
0.000676734
0.00015584
0.000212077
0.000144564
0.000375377
0.000188472
0.000176401
0.000114005
9.20102e-05
0.000211196
0.000301172
0.000167598
0.00030889
0.000402303
0.000148528
0.000131988
0.000187753
0.000185003
0.000365229
0.00141823
8.31558e-05
6.0379e-05
0.00016018
7.90505e-05
0.000606876
0.000563752
0.000190271
3.84568e-05
0.000369603
0.00061345
0.000133719
0.00146661
0.000517743
0.000105121
0.000309741
0.000434864
0.000264353
0.000167238
0.000353411
0.000364378
0.000367477
0.000612463
0.000189845
0.000195648
0.000119555
0.0001736
0.000346753
0.00152314
0.000371209
0.00038711
0.000231742
0.00085347
0.000427082
0.000158695
0.00019494
0.000320009
0.000124381
0.000307155
0.000331952
0.000356611
0.000406883
0.000222601
9.0996e-05
0.00123413
0.000108199
0.000143457
0.000213681
0.000343296
0.000119374
0.000288886
0.000406476
0.000453391
0.000207666
0.000112855
0.000311912
0.00402257
0.000134072
0.000156767
0.000139216
9.50067e-05
0.000401315
0.000590908
4.77044e-05
0.000241447
0.000254008
0.000363462
0.000216101
4.22928e-05
4.46868e-05
0.000239219
0.000180483
0.000388177
0.000178342
0.000235085
0.000288404
0.000161273
0.000626072
9.79968e-05
0.00018635
0.000222663
6.769e-05
0.00063531
0
0.00012172
0.000120182
0.000151376
0.0001565
0.000488772
0.00027566
0.000162275
0.00052706
7.05348e-05
0.000181575
0.000207082
9.84911e-05
0.000334526
0.000853822
0.00262942
0.00436945
0.000218664
0.000290744
0.000298894
0.00036728
0.000241605
0.000189649
0.00028833
9.25202e-05
0.000168894
8.28577e-05
0.000339925
0.000175693
0.00059195
0.000522971
0.00160752
0.00147356
0.000351137
0.000251048
0.000135835
0.000355196
0.000108182
0.00017366
0.000473943
0.000151896
0.000345982
0.000132384
0.000194835
1.21126e-05
0.000300798
0.00340242
0.000189728
0.000104732
0.000382547
0.000272563
0.000224735
0.000118295
0.000106482
0.000163702
6.74537e-05
0.00198699
0.000195166
0.00081608
0.000219884
4.19946e-05
0.000496354
8.75989e-05
0.00028381
0.00398225
0.000169529
0.00147925
0.000247648
0.0001668
0.000239662
0.000475569
6.26153e-05
0.000185492
0.0198819
0.000425909
