0.00148323
0.00165728
0.00667124
0.00106557
0.00128198
0.0090971
0.000899708
0.00142151
0.000564385
0.000487278
0.000639639
0.000987862
0.000674272
0.00112729
0.000929916
0.000600275
0.000874376
0.000851622
0.00129772
0.000244483
0.000479765
0.000777044
0.000485543
0.000642299
0.00150553
0.000210625
0.0018021
0.00274156
0.00193606
0.00136663
0.0009912
0.000676138
0.000811795
0.00185638
0.000632448
0.00308772
0.000733698
0.000967596
0.00192464
0.000820083
0.000646975
0.00116945
0.00121381
0.0026964
0.000523234
0.00192832
0.00103511
0.000105739
0.000381516
0.00535027
0.000182231
0.000623345
0.000538569
0.000742434
0.0010474
0.000104523
0.000334941
0.000981176
0.00139834
0.000798598
0.000734699
0.000756714
0.000364382
0.000984828
0.000851077
0.00332624
0.000755918
0.00028507
0.000424788
0.000942386
0.000690537
0.00103738
0.000389174
0.000503698
0.000683575
0.000547337
0.00113695
0.000765975
0.000718727
0.000643999
0.000296753
0.00146969
0.00087806
0.000227192
0.000475624
0.00101632
0.000720195
0.000543278
0.00339595
0.00117284
0.00122455
0.00122013
0.000389973
0.000916157
0.000654873
0.000763253
0.00127502
0.00634788
0.00116905
0.000579742
0.000578197
0.00148334
0.000226959
0.00249388
0.000685091
0.000541902
0.000917051
0.00131493
0.000834648
0.000315591
0.000644808
0.000484251
0.00166651
0.00404125
0.00066963
0.00064803
0.000327627
0.00144509
0.000387379
0.000801231
0.00141474
0.000554416
0.0210133
0.00155194
0.000803384
0.000835819
0.00057553
0.000396229
0.000652529
0.00111231
0.00160596
0.000599706
0.00114219
0.00114401
0.00103228
0.000495017
0.000327122
0.000889736
0.000418955
0.0011098
0.000976953
0.000678162
0.00116094
0.00297652
0.00050492
0.000378868
0.000969629
0.000843537
0.00155949
0.000675219
0.00102627
0.000873251
0.00198684
0.000676998
0.000587748
0.000942209
0.00115988
0.00168296
0.0143529
0.000352204
0.000281156
0.00043014
0.00328688
0.00102405
0.00332022
0.00106925
0.000651531
0.00252646
0.00057145
0.000908773
0.00174149
