0.000268683
0.000405674
0.000218575
0.00204685
9.24817e-05
0.000281878
0.000675303
2.63566e-05
0.00755455
0.000533531
0.000318969
0.000262233
5.33137e-05
0.000113072
0.000349966
0.000514431
0.000202214
0.00013039
0.00332138
0.000125568
0.000144531
0.000273403
0.000601091
0.000117657
0.000336524
0.000240486
5.70573e-05
0.00027396
9.19975e-05
0.000200357
0.000111469
0.000264117
0.00025315
0.000314038
0.000134679
7.95722e-05
8.66145e-05
0.000209329
0.000402858
0.000136842
0.000685394
0.000907638
0.000254742
0.000367967
0.000139261
0.000634174
0.000252097
0.000251892
0.000224159
0.000155667
0.000433139
0.000312885
0.000454285
0.000791636
0.000296008
0.000411808
0.000140172
0.000656433
0.000406069
0.000565682
0.000163378
0.000120327
0.000307297
0.000215815
0.00143097
0.000361334
0.000306846
0.000502523
0.000221298
0.000365932
0.000162952
0.000185397
9.80102e-05
0.000298271
0.000229638
0.000104749
5.96948e-05
0.000350674
0.000203673
0.000148657
0.000547622
9.38969e-05
0.000247993
0.000433174
0.000232992
0.000522739
0.000279996
0.000281452
8.73711e-05
0.00042912
0
7.59898e-05
0.000145901
0.000183053
2.22337e-05
0.000330197
6.41533e-05
0.000198965
0.000147071
0.000313983
0.000250279
0.00018797
0.00144483
0.000191403
0.00020857
0.000112415
0.00027488
0.000272084
0.000146941
0.000270699
0.000113467
3.66186e-05
0.000149686
0.00027898
0.000176014
0.000161083
0.000372116
0.000262723
0.00021536
0.000401029
0.000271223
0.000124021
0.000260965
5.4193e-05
6.96348e-05
0.000511512
0.000512545
0.000315598
0.000365331
0.000307826
7.0305e-05
0.000129278
0.000179891
0.000110705
0.000136109
0.000119453
0.000481497
9.58107e-05
0.000476135
0.000287215
0.000283289
0.0019094
0.000233616
8.7108e-05
0.00015046
6.41421e-05
0.000148058
0.000169781
0.00019031
0.000642767
0.000271427
0.000267365
0.00027533
0.00020531
0.00250744
0.00024658
0.000120985
0.000258551
0.00054765
0.00011315
0.000259891
0.000116064
0.000223043
0.000506734
9.90492e-05
6.58138e-05
0.000642881
0.000237012
0.000103905
0.000113867
0.000597419
0.000292359
0.000130675
0.000138263
0.00014735
0.000265681
0.00022662
5.2581e-05
0.000519819
0.000373793
0.00038478
5.66952e-05
0.000217887
0.000152101
9.37421e-05
0.00067992
0.00470417
0.000912907
0.000834897
0.00019143
0.000139917
0.000362853
0.00049897
0.000368569
0.000151817
0.000214061
0.000281126
0.000193609
0.000252596
0.000143131
0.000213169
0.000225564
0.000130323
0.0001231
0.000239135
0.000712099
0.000229162
0.0011499
0.00734871
0.000686927
0.000129569
0.000491574
0.000268441
0.000302868
0.000168276
0.000497137
0.000343844
0.000156959
0.000184933
0.000204814
0.000207555
0.000364519
0.00011409
0.000281047
0.00405937
0.000211121
0.00482156
0.000381486
1.55793e-05
5.33233e-05
0.000298283
0.000156448
0.000110576
0
0.000104475
0.000126051
0.000371035
0.000235996
0.000137641
0.000482488
0.000204329
0.000111089
0.000173586
0.000313157
0.000163837
0.000146335
0.0001769
0.00385588
0.000162774
0.000334976
0.000411569
0.000148852
0.00013693
0.000422448
0.000345175
0.000155212
3.5626e-05
0.000252091
0.000179641
0.000311142
0.000293005
0.000255811
7.60835e-05
0.00190558
0.000205952
0.000416737
0.000159793
0.000168496
0.000193028
0.000131994
0.000245031
0.00022244
6.44921e-05
0.000203948
0.000121076
0.000229105
0.000126668
0.000519311
0.00015103
0.000382463
0.000206418
0.000139193
0.000426658
0.00025866
4.85176e-05
0.00014616
5.83814e-05
0.000156026
0.000226913
0.000519608
0.000107674
0.00022805
0.000622332
0.000220638
0.000284414
0.00664178
0.000241844
0.000182381
0.000288953
0.000141201
0.000132426
0.000298474
0.000213765
0.00874007
0.000281065
0.000444537
0.000311685
2.58512e-05
0.000398381
0.000225196
0.000401998
0.000222028
0.000362696
7.9882e-05
0.000166329
0.000233516
0.000184426
0.000370292
0.000188641
8.56541e-05
0.000141597
0.000294987
0.000105901
0.000215359
0.000120879
0.000112797
0.000368175
0.00020311
0.000403474
0.000116848
0.000299259
7.76547e-05
0.000169768
0.000331225
0.000136929
0.000220756
0.000234823
0.000247772
0.000141413
0.000245625
0.000368305
0.000120138
4.94664e-05
0.000211571
0.00049795
0.000152222
8.70759e-05
0.000157796
4.37861e-05
0.000352689
3.20256e-05
0.000305762
0.000350874
0.000410945
0.000186254
0.000425821
0.000204297
0.000553012
0.000276873
0.000105306
0.000147649
0.000220749
0.000192184
0.000178434
0.000657555
0.000262054
0.00039824
4.92071e-05
0.00245398
5.17381e-05
0.000346795
0.000218714
0.000338599
7.62433e-05
0.000335852
0.000335506
0.000369136
0.000404936
0.000285873
0.000725184
0.000479784
0.000196252
0.000102331
0.000229275
0.000650404
4.04429e-05
9.04844e-05
5.96167e-05
0.000218099
0.000236602
0.000255348
0.000118078
7.43718e-05
0.00015972
0.00137556
0.000255907
0.000105744
0.000150322
4.59413e-05
0.000120077
0.000222456
0.00308453
0.000286997
0.00017462
0.000838604
6.83884e-05
0.000218803
0.000272962
0.000472531
6.10327e-05
7.21885e-05
0.000175094
0.000188606
0.00509875
0.000367881
2.61962e-05
0.000445418
0.00038088
0.000206159
0.000590141
0.0113125
0.000142499
0.000212408
0.000141975
0.000517728
0.000534857
0.000603482
0.00260262
0.000244471
0.000113963
9.74624e-05
0.00016989
0.000336884
0.000191855
0.000422437
0.000460558
0.000413589
7.71929e-05
0.000157746
0.000151336
0.000231685
7.17591e-06
0.000231569
0.000615419
0.000197932
0.000371459
0.000214639
0.000206626
0.000218139
0.000261831
9.23274e-05
0.000320812
0.000892979
0.000676983
0.000187942
0.000166488
0.0002026
2.0076e-05
0.000191608
0.000180082
0.000121734
0.000319248
0.000123104
0.000305079
0.000410452
0.000203302
0.000195974
0.000294897
9.53412e-05
3.67314e-05
0.000171332
8.87448e-05
0.000190475
5.4881e-05
0.000192775
0.000103938
0.000623603
0.000125258
0.00318264
0.000365821
0.000308281
0.000215367
0.000319807
0.00033159
0.000473207
4.67024e-05
0.000703464
0.000230262
0.00027087
0.000235527
0.000320562
0.000226633
0.000692003
0.000322225
0.000191252
0.00104363
0.000691074
0.00304677
0.000128395
0.000120677
0.00360328
0.000271975
0.000194026
0.000466058
0.000234057
0.000243093
0.000265005
0.000377761
0.000147792
0.000494743
5.30696e-05
0.000377439
0.000171087
0.000337833
0.000483422
0.00018499
0.00020538
0.0002391
0.000303311
0.000140061
0.000215652
2.15616e-05
0.000199892
0.000180953
0.000427457
0.00206309
0.00400277
0.000404538
0.000867105
0.000610045
3.74488e-05
0.00016234
0.000132861
0.000229456
0
0.000287867
0.000202986
0.000354327
0.000876895
0.000928635
0.000145586
0.000461025
0.0001159
0.000221816
0.000137198
0.000773911
0.000312854
8.02606e-05
0.000295938
0.000251075
0
0.000206749
0.000303654
0.000162898
0.000270546
0.000278199
0.000152441
0.000191539
0.000168282
0.000156922
0.000136256
0.00103971
9.65049e-05
8.43204e-05
0.000131135
0.000320804
0.00030358
0.000168818
0.00231314
4.76318e-05
0.000133261
0.000180963
7.53985e-05
0.00107788
0.000527109
0.000171898
0.000149453
0.000295516
0.000389907
0.000653283
0.00014901
0.00134927
0.000224934
3.83815e-05
0.000255697
1.26044e-05
9.34088e-05
0.00087423
0.000992241
0.000337339
0.000135159
0.000720781
0.000377106
0.000157411
0.000105964
0.000111288
0.000767966
0.000383946
0.000184933
5.05373e-05
0.000413796
0.000342571
0.0001782
0.000181617
0.000174844
0.000893071
0.00011803
0.0005931
0.000175056
0.000899271
0.0001342
0.000193867
0.000296906
0.000744261
0.00023389
0.000141981
0.000108324
0.0009656
6.1282e-05
0.000188668
0.000152699
0.000712227
0.000157504
0.000565121
0.000938457
0.00021955
3.72248e-05
7.81636e-05
0.000223647
0.000282777
0.000119831
0.000142173
0.00023359
0.000124007
6.38143e-05
9.89388e-05
0.000470546
0.000184263
0.000506393
0.000398214
0.000415028
0.000526158
3.5339e-05
0.000423512
0.000347036
0.000368654
0.000485674
0.000983546
0.000257454
0.000116379
0.000163929
0.000257227
0.000253769
0.000143994
0.000183933
0.000174861
0.00024917
0.000144382
0.000377238
0.000286397
0.000649771
0.0030455
0.000420801
0.000180241
0.000197545
0.000241787
0.000423896
0.000658423
0.000246722
0.000258566
0.000272865
0.000509412
0.000249396
0.000491844
0.000576452
9.69736e-05
0.000185907
0.000345157
0.00495943
7.1919e-05
0.000369184
8.15098e-05
0.000336312
0.00034923
4.87033e-05
0.00138566
0.000205735
0.000115033
0.000283456
0.000222362
0.000117393
0.000143767
0.000450814
7.22492e-05
0.000158047
0.00011583
0.000307244
0.000137755
0.00029214
0.000486923
0.000109476
0.000736478
0.000186463
0.000540067
0.000789023
0.000300422
0.000178331
0.000116006
0.000710574
0.000248127
9.53421e-05
9.76344e-05
0.000251781
0.000175275
0.000438065
0.000393643
3.4392e-05
9.89798e-05
0.000144861
0.00017107
0.000235012
0.000345483
0.000261703
0.000161731
0.00013207
2.20008e-05
0.00014736
0.000146598
0.00019117
0.000458966
0.000240254
0.00022142
0.000469517
0.000144829
0.00017344
0.00011799
0.00211388
0.0003092
8.88403e-05
0.000203048
9.82478e-05
0.00774945
0.000153669
0.000300878
0.000206006
0.000259997
0.000372076
0.000101428
0.000296291
0.000174087
5.38077e-05
0.000206454
0.000226035
0.000196522
0.000158775
0.000253728
0.000136165
0.000340453
0.000175604
0.000406052
0.000100264
0.000268546
0.000362153
0.000699454
0.00026126
0.000254163
0.00106169
0.00210076
0.000456867
0.000201415
0.000707479
0.00323025
0.000241408
0.000167706
0.000696704
0.000214954
0.000211663
0.000125447
6.2633e-05
7.96739e-05
0.000733425
0.000666035
0.00020079
0.000357566
0.000204691
0.000222523
0.000290512
0.00117589
8.50184e-05
0.000781048
3.40779e-05
0.000723763
0.000572319
0.000160819
0.000183511
0.000232633
0.00671044
9.21865e-05
0.000174227
0.000405337
0.000251573
0.000479168
8.58874e-05
0.000153615
0.000124198
0.00155487
0.000163469
0.00276308
0.00025517
3.34085e-05
0.00129785
0.00335417
0.000188317
0.000851177
0.000705357
0.000188497
0.000169544
0.000215368
0.00308374
0.000197149
0.000420204
0.000106849
0.000313003
0.000124769
0.000250739
0.000754354
0.000356925
0.000262056
0.000339562
0.0001803
0.000320076
0.000199531
8.94622e-05
0.000152687
0.00163199
0.000434496
0.000326996
0.000169215
0.000500078
0.000135321
0.000365605
0.00031348
0.000631954
0.000306272
0.000243867
0.00017371
0.000430011
0.000340641
0.000723366
0.000340607
0.000352995
2.54239e-05
0.000266515
0.000426275
8.71606e-05
0.00271137
9.76869e-05
0.000673794
0.000444877
0.00234657
6.44892e-05
0.000317755
0.00023215
0.000131134
0.000431696
0.000333647
0.0010756
0.000375395
0.000145217
0.000883581
0.000315401
0.00130838
8.6011e-05
0.000249977
0.000221843
0.000346386
0.000182845
0.000317292
0.000305818
0.000406222
0.00045017
0.000322812
0.000561018
0.000120999
0.000322472
0.00023783
0.000344252
0.000289519
0.000206058
0.000127271
0.000186769
7.88481e-05
0.000555148
0.00102487
0.000176493
0.000136446
0.000496975
0.000925002
7.60591e-05
0.000195838
0.000418464
0.000697424
0.000130068
0.00017712
0.000240931
0.000110665
0.000141563
0.000809993
0.00060454
0.00018318
0.000215858
0.000207581
0.000385226
0.000197721
0.000189452
0.000216523
0.000240033
0.000111088
0.000123806
0.000169212
0.000295474
0.000304369
0.000179808
0.000130507
0.000146495
2.88871e-05
0.000304352
7.22944e-05
0.000164373
0.000254757
0.000287523
0.000316125
0.000736255
0.000152153
0.000217813
8.47369e-05
0.000184857
0.000305906
0.000307042
0.000298928
0.000146101
0.000270723
0.000360034
0.000459666
8.25581e-05
0.000195605
0.000198534
8.92971e-05
8.5986e-05
0.00030766
0.000267663
0.000104998
0.000419972
0.00015293
0.000160815
8.14828e-05
0.00021831
7.54339e-05
0.000234063
0.000260741
0.00022145
0.000197615
0.000125487
6.90072e-05
0.000552351
0.00022749
0.000247426
7.04604e-05
0.000176756
8.06971e-05
0.000594119
0.000206605
0.000172688
0.00032657
0.000299551
0.000176784
9.56987e-05
0.000208728
0.00025058
0.000190282
0.000206431
8.12513e-05
0.0027151
0.000267034
0.000178609
0.000826602
8.26881e-05
0.000145798
7.19498e-05
0.00028842
0.000179656
0.000124253
0.000111939
0.000238888
0.00470861
7.47876e-05
0.000285563
0.000158481
0.000113072
0.000587237
0.000240716
0.000441915
0.000204749
0.00040703
0.000287749
0.000282111
0.000252207
0.00047056
0.000215824
6.16945e-05
0.000227807
0.00116823
0.000257052
0.000118621
0.000265053
0.000458491
0.000363668
0.000103511
0.000173569
3.28528e-05
0.000212762
0.000213806
0.00122567
0.000155435
0.000156492
7.13688e-05
0.000172765
0.000246334
0.000419535
0.000205117
8.25322e-05
4.06083e-05
0.00016236
0.000220656
0.000162777
0.000105488
0.000338817
0.00090534
0.000146477
0.000205946
0.00013844
0.000420221
0.00111545
0.000193052
0.000107917
0.000307775
0.00139128
0.000241151
0.000299522
0.000135347
0.000405134
0.000277401
0.000212336
0.00123711
5.38272e-05
0.000161892
0.000554158
0.000130519
0.00041097
0.000346297
0.000620371
0.000609331
0.000126668
0.000278804
7.00201e-05
0.000480624
6.10444e-05
0.000128089
0.000547189
0.000131118
0.000312605
0.000218786
0.000208729
8.01308e-05
7.25371e-05
8.96377e-05
0.00043101
0.000127484
0.000111391
0.000309179
0.000105343
0.00025237
0.00777684
0.000269272
0.000142562
0.000614004
0.000303145
0.000108738
0.000182081
0.000832246
0.00036487
9.39568e-05
0.00026253
0.000239252
0.000222327
0.000236131
0.000163616
0.000110729
0.00011977
0.000192582
5.51978e-05
0.000180426
0.000380341
0.0011506
0.000319198
0.000339116
0.000125447
0.000211035
8.37626e-05
0.00306461
0.000169378
0.00040734
0.000383162
0.000179767
0.000196654
1.52478e-05
0.000153602
0.000482693
0.000191961
2.98752e-05
0.000358985
0.000101936
8.73161e-05
0.000157793
8.79094e-05
0.000154442
0.00091713
0.000510277
0.0062312
0.000234382
0.000289839
8.1385e-05
7.2584e-05
0.000326679
0.000119846
0.000179806
0.000279036
0.000406884
0.000405531
0.000174811
0.000241623
0.000114951
0.0001949
0.000292281
0.000113383
0.000230642
0.000234101
7.23964e-05
0.000125321
0.000262849
0.000138818
0.000151417
0.000210283
0.000222039
0.00052025
0.000280378
0.000167959
6.46137e-05
4.25459e-05
4.06239e-05
0.000232083
0.000262004
0.000407738
6.71338e-05
0.000340031
0.000449001
0.000620242
0.000225279
0.000170014
0.000186626
6.1595e-05
0.000200732
0.000153295
0.000146114
0.000339969
0.000217468
0.000290864
0.000111905
0.000253057
0.00207141
0.000149061
1.63944e-05
0.000286085
0.000182751
0.000193859
0.000176557
4.11018e-05
0.000114421
0.000247906
0.000882062
0.000287807
0.000340973
0.000154539
0.000293355
0.000111189
0.000233838
0.000161545
0.000264001
0.000181177
0.000263899
0.000140176
0.000262968
0.000583891
0.000151629
0.000643511
0.000304223
0.000341739
0.000189882
0.000352344
0.000414285
0.000504114
2.76778e-05
7.33473e-05
0.000255422
0.00141544
0.000281236
0.00041983
0.000321553
0.00012497
0.000168598
0.000290656
0.000462406
0.000424625
0.000220618
0.00107331
0.000587977
0.00032673
3.31497e-05
0.000375458
0.000140372
0.000199426
0.000353895
0.000344174
0.00010169
0.000165151
0.00024448
0.000578491
0.000245908
0.000285456
0.000482812
0.000313609
0.000366678
0.000101365
0.000327628
7.01383e-05
0.000244349
0.000154347
0.000452278
0.00029721
6.0998e-05
7.9113e-05
5.17057e-05
0.000462736
0.000265268
0.00152048
0.00158652
0.000469854
0.000406423
0.000152632
0.000464068
0.000517793
0.00102916
0.000114958
0.000193984
0.000125837
0.000322851
0.000521163
3.41462e-05
0.000184089
0.000186677
0.000326933
0.000407171
0.000381893
5.95967e-05
0.000108168
0.000820533
0.000247693
0.000700645
0.000278031
0.00017203
0.00033739
0.00015063
0.000113099
0.000155504
0.000466997
8.46615e-05
0.000170445
0.000288679
6.17565e-05
0.00056233
0.000281757
0.000169225
0.00026951
0.000379768
0.00109016
0.000369204
0.000135322
5.99158e-05
0.00046917
0.00060509
0.00070348
0.000337446
0.000208941
0.000246594
0.00020814
0.000163557
0.000362005
5.71067e-05
0.000245209
0.000207907
0.00016085
0.000678015
0.000145913
0.000196275
0.000192618
0.000583193
0.000525381
0.000702917
0.000147622
0.00030538
0.000203645
0.000267318
0.000322336
0.00898083
0.000427785
0.000224651
0.0029989
0.000510254
0.000581498
0.000292751
8.98142e-05
0.000823948
0.000152202
9.02747e-05
0.0002471
6.82915e-05
0
0.000172265
0.000349846
0.000538679
0.000236036
0.000145473
6.84749e-05
0.000275569
0.000224516
0.000152411
0.000211972
0
0.000254393
0.000181325
0.000108199
0.000197087
0.000247722
0.000193309
0.000229289
0.000260032
0.000121849
0.000870173
0.000735787
0.000284209
0.000278161
0.000205683
0.000109852
0.000714748
0.000315855
0.000507318
0.000456221
0.000175886
0.000353444
0.000280656
0
0.000226234
0.000130262
0.000487868
0.000563315
2.93902e-05
0.000165725
2.79168e-05
0.000327719
0.000105058
0.000105676
0.000183137
0.000128306
0.000280448
0.000561477
0.000121452
0.000301611
0.00022705
0.000182755
0.000287198
0.000306959
0.00150652
0.000284483
0.000506755
0.000134719
0.000487801
0.00031548
0.000309661
0.000534307
0.000188098
0.000193021
0.00410669
2.76308e-05
0.000214645
0.000169324
0.000290109
0.000308728
0.00014843
0.000117294
0.000119809
0.000186304
0.000337963
0.000226113
0.000211885
0.000178049
0.000314736
0.000137494
0.000281717
0.000216828
0
0.000125294
0.000141398
0.000142454
0.000303781
0.000388079
0.000364031
0.000565875
0.000144582
7.73074e-05
0.000159102
0.00018206
0.000116272
0.000658983
0.000766803
5.57688e-05
0.000154383
0.00256542
8.31912e-05
0.000310205
0.000219034
0.000104799
0.000824195
0.000285891
0
0.000233371
0.000102259
0.000227198
0.000261957
0.000183879
0.000111147
0.00170722
0.000536624
6.80415e-05
0.000353116
8.11216e-05
0.000406343
8.29458e-05
0.000127046
0.000560857
0.00018844
0.000312117
7.30744e-05
0.000182974
0.000383444
0.000437444
0.000362231
0.000316734
0.00352161
0.000232341
0.00322853
0.000190183
0.000567845
0.000664025
0.000361995
0.000349547
0.00015917
6.76676e-05
0.000245101
0.000514126
0.000304236
7.36672e-05
0.00015318
8.02653e-05
0.000218083
0.000194553
0.000470201
0.000196673
0.000285269
0.000132954
0.000188865
0.00017034
0.000633803
0.000274148
0.000254548
0.000279937
0.000164942
0.000174498
0.000561406
0.000165613
0.000168766
0.000256471
0.00156092
0.000333114
0.000391187
0.0001469
0.000261705
0.00033941
0.000337819
0.000118016
0.000146488
0.00021857
6.26744e-05
0.000175551
0.000105331
0.000202024
0.000202443
0.000168664
0.000136577
0.000157124
0.000610849
8.71608e-05
0.000176323
0.000444521
0.000176242
0.000196805
2.66611e-05
0.00031529
0.000166866
9.29529e-05
0.000153285
0.000353648
0.000352355
0.000492479
0.000702052
8.79546e-05
0.000134808
0.0001615
0.000102436
0.000511771
0.00010299
0.000288588
0.000527101
0.000325755
0.000354183
0.000236784
0.000248946
0.000234689
9.18411e-05
0.000127402
0.000300872
0.00044834
0.0001165
0.000276808
0.000179675
0.000121477
0.000107688
0.000266447
1.19885e-05
0.000304099
0.000312627
0.000325612
0.000284836
0.000160003
0.000246989
7.87304e-05
0.000157544
0.000179008
0.000232961
0.000274446
0.000197612
0.000123208
0.000117589
0.000647618
0.00014569
3.46187e-05
0.000194794
0.00107918
0.000323436
0.000206635
0.000627652
6.26734e-05
0.000117479
0.000323973
0.000856197
0.000174002
0.000799858
0.000328302
0.00254604
0.000220359
0.000190018
0.00013294
6.03353e-05
0.000310633
8.33047e-05
0.000228751
0.000175036
0.000219133
0.00163907
0.000487177
0.000297527
0.000246408
0.000570843
0.000267986
0.000241188
0.000101836
0.00048461
0.000503483
0.000130774
0.000528966
0.000145548
0.000408439
0.000214013
0.000131722
0.00017952
0.000189439
0.00030545
0.000263711
0.000130093
0.000204771
0.000336662
0.000471915
0.000218015
0.00040136
0.00062888
0.00523109
0.000503843
0.000405422
0.000576636
0.000489636
0.000446843
0.000216615
0.000190032
0.000156724
0.000112155
0.000267818
0.000100691
0.000513066
0.000361187
0.000551361
0.000186203
0.000587606
0.000192125
0.000812704
0.000231944
0.000203027
0.000152987
0.00018365
0.000113188
0.000393142
0.000182717
8.77824e-05
0.000228348
0.00052149
0.000177324
0.000194327
0.000193072
9.46112e-05
0.000377273
0.000109829
0.000273761
0.000960152
0.000267114
0.000763186
0.00020425
0.000280144
0.000950757
0.000130608
0.000228893
0.000245484
0.00047624
0.00015564
0.00138896
0.000275668
0.000321607
0.000291001
0.000205898
0.000279412
0.000176305
0.000145087
3.93546e-05
0.000451985
0.000534139
0.000278145
0.000156642
0.000344588
0.00018945
0.000430307
9.66118e-05
0.000210381
0.000113942
0.000181877
0.000227955
0.000205651
0.000276856
0.00110779
4.11367e-05
0.000258556
0.000176541
9.31287e-05
0.000161846
0.000294518
0.00128135
0.000142356
0.000416174
0.000109531
0.000277453
0.000261293
0.000363497
0.000179552
0.000213314
0.000278179
0.000380432
0.000172034
0.000452279
0.000189664
0.000171031
4.7407e-05
0.000330913
0.00030673
0.000280222
0.0018121
0.000272457
7.47175e-05
0.000347989
0.00013476
0.000121776
2.985e-05
0.000597992
0.000130603
8.30066e-05
0.000216313
0.000391668
0.000783655
0.000348733
0.000395756
0.000117173
0.000716316
0.00011752
0.00060895
0.000145096
0.000154803
0.000377084
0.000805443
0.000284116
0.000579527
0.000301443
0.000338639
0.000589209
0.000132704
0.0432755
0.000213222
0.000674638
4.64422e-05
0.000402438
0.000114223
0.000180941
0.000302457
0.000445338
0.000352141
0.000185626
0.000277984
0.00356469
0.000582434
7.75015e-05
0.000420755
0.000447035
0.000285848
0.000206261
0.000404044
0.00030908
0.000272512
0.000233512
0.000689318
0.00067645
0.000867704
0.00025031
0.000338831
3.69095e-05
0.000165697
0.000135369
0.000139843
0.000271832
0.000325239
0.000143336
0.000467092
0.000141267
0.000291405
0.000151497
0.000225467
0.000164365
0.000459132
0.000677541
0.000233269
0.000376387
0.000433039
0.000472522
0.000698678
0.000217749
0.000218822
1.08512e-05
0.000825289
0.000695383
0.000489745
0.00014229
0.000259388
0.00550349
9.157e-05
0.000110419
0.000205832
0.000482311
0.000305445
0.000170173
0.000211992
0.000144153
0.000161734
0.000538102
0.000374669
3.59362e-05
0.00187607
0.000179911
0.000380279
0.000454546
4.09972e-05
0.000225806
0.00138
7.06885e-05
0.000181154
0.000136101
0.000149486
9.33713e-05
0.000240283
0.000351388
0.000315268
0.000420872
9.82112e-05
0.000218974
0.000109992
0.000691517
0.000208249
0.000163665
0.00011784
0.000185107
0.000179418
0.000357129
0.000143948
0.000287071
0.000265584
3.39328e-05
0.000285143
0.000154188
0.000238649
0.007466
0.000139411
0.000356356
0.000169943
0.000243476
0.000557282
0.000198718
0.000351502
0.0030632
0.00014975
0.000227138
0.000461666
0.000206075
0.000236344
0.00971961
0.000687758
0.000349667
0.000208549
0.00152876
0.000139164
0.000345688
0.000161923
0.000423344
0.000381702
0.000506705
0.000596372
0.000137791
0.00010743
0.000144532
0.000239447
0.000448326
0.000312559
0.000112284
0.000738147
0.00029596
0.000329442
0.000175838
0.000129683
0.000642438
0.000241753
0.000338097
0.000163996
0.000791134
0.000403767
0.000656329
0.000104128
0.000146159
0.000168695
0.000133766
0.000188059
0.00562885
0.000224424
0.000210269
0.000186017
0.0144582
0.000330236
0.000947295
0.000161673
0.000292023
0.00019223
0.000172026
0.000366697
0.000326168
0.000252762
0.000469074
0.000162752
7.76827e-05
0.000425363
0.00119608
0.000464655
0.000162768
0.000190773
0.00104004
0.000438348
0.000239522
9.21512e-05
0.000465858
0.000142461
0.000450256
0.000230434
0.000112732
0.000128581
0.000148346
0.000329176
0.00028587
0.000536249
4.09163e-05
0.000381533
2.01013e-05
6.55746e-05
0.000280249
0.000208573
0.000660307
0.000182684
0.000351713
8.736e-05
0.000118486
0.000243438
0
0.000121265
8.77258e-05
9.28798e-05
0.000221971
0.00489692
0.000145726
0.000217388
0.000161264
0.00017647
0.000180321
0.00069322
0.000242811
0.000426119
0.000462524
0.000499871
0.000370996
0.000290131
0.000210265
0.00022191
0.000123076
4.73192e-05
0.000148084
0.00108325
0.000335079
0.000221418
0.00198239
7.25909e-05
8.21169e-05
0.000111521
0.00256093
0.000547842
0.000166545
0.00234466
0.000272233
0.000231602
0.000334238
0.000193352
0.000150982
0.000123856
0.000185598
0.000244329
0.000263791
0.000212108
0.000112614
0.000121413
0.000159698
0.000174085
0.000314288
0.000305236
0.00049184
0.000299155
0.000212277
0.000127703
0.000197549
0.00013771
0.000280046
0.000291779
0.000435797
0.000235625
0.000183488
0.000457456
0.000146697
2.60586e-05
0.000291723
0.000997728
0.000175195
0.00868851
0.000850407
0.00014083
0.000126099
0.00010782
0.00140776
0.000409258
0.00024214
0.000354628
0.00010859
0.000220792
0.000750371
0.000209424
0.0011823
0.000263253
0.000304992
0.000121085
0.00135701
0.000223368
8.79084e-05
0.000155524
4.95522e-05
0.000752749
0.000104274
0.000179279
0.000243777
0.00029809
0.000154737
0.000292904
0.000598659
0.000245137
0.000122086
7.61736e-05
0.000396355
0.00202735
0.000308375
0.000171254
0.000919143
0.00019253
0.000874891
0.000310063
4.38492e-05
0.00110219
0.000205658
0.000691531
0.000185007
0.000105031
0.000190718
0.000187958
0.000379675
0.000353513
0.000152924
0.000271
0.000163808
0.000176935
0.000179267
0.000397412
0.00023298
0.000478837
0.000443937
0.000253611
0.000215719
0.00015507
5.10213e-05
0.000276784
7.79118e-05
0.000226326
0.000527674
0.00041335
2.94533e-05
0.000413573
0.000575206
0.000107052
0.000723968
0.00022106
0.00114369
0.000360146
0.000276756
0.000157491
9.89203e-05
0.000239576
0.000133383
0.000184593
0.000190216
0.000242916
0.000177287
0.000230767
0.00020243
0.00107047
0.000306806
0.000172953
0.000101676
0.000186569
0.000180062
0.000351591
0.000366272
0.000211819
0.000162809
0.000229734
0.000342545
0.000225742
0.00043728
1.07153e-05
0.000430504
0.00040638
0.000153166
0.000750078
0.000224866
0.000226184
0.000401126
0.000220917
0.000229563
0.000314867
4.99016e-05
0.000305141
0.000179829
7.52523e-05
0.000225823
0.000100019
0.00016685
0.00025048
0.000219857
0.000480125
0.00017123
0.000664751
0.00016824
0.000410115
0.000154683
1.84043e-05
0.000229065
7.36724e-05
0.000903734
0.000102888
0.000669453
0.000209535
0.000331613
0.00177189
3.91057e-05
0.000440403
0.000561948
0.000158715
0.000291262
0.000430825
0.000690053
0.000184823
0.000165147
0.00019308
0.000129522
0.000149834
0.000217804
0.00035296
8.41471e-05
8.73983e-05
5.0915e-05
0.000312331
0.000234459
0.00015373
0.000232301
0.000174962
0.000138518
0.0012084
0.00010344
9.79465e-05
0.000161989
0.000176696
0.000444196
0.00032989
0.000315052
4.34061e-05
0.000192174
0.000141655
9.50131e-05
0.000407986
0.000218896
0.000118706
0.000396094
7.70004e-05
0.000237015
7.32302e-05
0.000141138
0.00154785
0.000509547
0.00012478
0.00018568
8.48981e-05
0.000220048
0.00387868
0.00046659
0.000329897
1.19547e-05
0.000336691
0.000228199
0.00024141
0.000546512
0.000275509
0.000626542
0.000170123
0.000124371
8.17786e-05
0.000385481
0.000164221
0.003194
0.000303985
0.000183905
0.000176697
0.000163616
0.000174905
0.0001321
0.00115533
0.000188269
0.000225821
0.000239655
7.6436e-05
0.000145778
7.79317e-05
0.000289735
5.55854e-05
0.000149591
0.000329161
0.000290626
0.000263013
8.13504e-05
0.000237648
0.000255135
0.00042005
0.0175005
0.000124123
0.000491756
0.000133048
9.47316e-05
0.000163184
0.000433532
0.000246777
0.000299315
0.000218844
8.29896e-05
0.000486498
0.000162112
7.85235e-05
0.000130685
0.000154419
4.07763e-05
0.000614497
0.00019104
0.000487653
0.000245669
0.00015224
0.000272515
0.000279919
0.000205301
0.000350992
0.000695343
0.000210091
0.000148762
0.000159759
0.00928348
0.000280875
0.000147251
0.000174374
0.000362174
0.000104734
0.000315777
0.000207752
0.000376561
0.000259502
7.3247e-05
6.94966e-05
3.65547e-05
0.000152462
0.00021446
0.000448117
0.00052535
0.000684838
9.13617e-05
0.000138722
0.000330067
0.000259134
0.000286679
0.000372064
0.000185879
0.000215994
0.000124648
0.000567513
0.00047006
0.000199118
0.000310863
0.000696819
0.000223277
0.000136234
0.000596968
0.00028668
0.000371427
9.6831e-05
0.0015902
6.81113e-05
0.000158012
0.000421581
0.000286674
0.000114922
0.00013513
0.000206303
0.000105224
0.000514315
0.000269684
0.00029429
0.000228694
8.89558e-05
0.000240404
0.000150526
0.000109564
0.000283301
0.000210896
0.000360839
0.000128677
0.00359537
0.00144663
0.000364844
5.75035e-05
0.000222604
6.02137e-05
0.000581326
0.000141088
0.000457693
0.000347825
0.000953721
0.000373508
0.000115123
0.000701101
0.000139999
0.000243101
0.000458855
0.00082074
0.000114668
8.55924e-05
0.000191354
0.000261815
8.69081e-05
0.000158806
0.000366655
0.000332592
0.000118301
0.00069077
0.00167769
0.000243213
0.000249945
0.000152271
0.00194577
9.71932e-05
0.000206474
0.000179114
0.000170944
0.000179757
0
0.000229965
0.000640079
0.000247267
0.00273696
0.000121424
0.000300319
0.000522544
0.000362344
0.000359513
0.00193381
0.000201959
0.000104908
0.000334896
5.38173e-05
2.22572e-05
0.000103505
7.59112e-05
0.000130907
0.000224567
0.000289882
0.000525361
0.000311461
3.2969e-05
0.000117233
0.000450762
0.000475447
0.000235008
0.000461701
0.000229513
0.000354263
0.000138862
0.000108055
0.000450007
0.000243559
0.000361875
6.46134e-05
0.00051757
0.000197363
0.00021866
0.000249791
0.000270225
5.3699e-05
0.000265775
0.000355598
0.0001781
0.000393707
7.7479e-05
0.000172213
0.00145112
0.000224398
0.000240691
0.000486708
0.000165843
0.000274528
7.17254e-05
0.000258347
0.000255179
0.000180751
0.000442777
0.000154282
0.000268145
8.18925e-05
0.000263596
0.000222893
0.000342612
0.000452185
0.000130004
0.000245033
3.52055e-05
6.17286e-05
0.00028843
0.00584963
0.000368306
0.000194894
0.000508354
0.000144767
0.000692197
0.00024924
0.000317198
0.000150719
0.00323805
0.000283896
0.00026717
0.000189595
0.00643086
0.000134645
0.000370612
0.000246029
0.000414126
0.000217391
0.00230355
0.00018473
0.000102237
0.000301301
0.00017152
0.000406998
0.000309725
0.000143355
0.000189644
0.000355117
0.000241961
0.000158167
0.000253703
6.08395e-05
0.000524899
0.000246783
0.000239826
0.00034674
0.000333231
5.31729e-05
0.000443383
0.000277617
0.000115113
0.000315458
0.00011206
0.00178717
0.000127462
6.5767e-05
0.00100078
0.000213965
0.000178461
0.000191402
0.00035318
0.000398568
0.000221088
0.000297803
0.000456475
0.000131111
0.000146949
0.000244294
0.000559298
0.000238088
0.00152339
0.000291134
0.000208066
0.000498558
0.000276518
0.000331515
0.000268558
0.000392787
2.50731e-05
0.00155677
0.000151491
0.00039969
0.000131278
0.000464401
0.000202011
0.000316003
0.000159009
0.000391262
0.000275521
0.000132277
0.000216488
0.000182644
0.000122584
0.000109774
0.000632586
0.000246216
0.000124467
0.000366611
0.000810268
7.49678e-05
0.000165438
0.000239409
0.00022079
0.000184246
0.000302129
0.000136416
0.000262095
0.000294046
0.000421547
0.000446834
0.00113486
0.000354142
0.0003018
0.00186688
0.000230369
0.000249713
6.33623e-05
0.000372905
0.000137922
0.000144381
0.000291296
0.000958005
0.000250817
0.00043534
7.0069e-05
0.000152904
0.00185163
0.000614903
0.000159674
0.000117302
0.000347298
0.000652478
0.000295619
0.000360642
0.000127844
0.000166741
0.000164547
0.000207941
0.000111218
0.000263217
0.000187838
0.000343842
0.000367184
0.000660837
0.000361014
0.000190758
0.000219318
0.000122094
0.000213686
0.000405164
0.000122772
0.000877836
0.000342999
0.000324706
9.58516e-05
0.000616966
0.000413396
0.000204507
0.000235321
0.00156331
0.000186495
0.000326677
6.02798e-05
0.000331234
0.000134769
0.000173958
0.000210583
0.000392141
0.000111342
9.49563e-05
0.00022036
0.000376239
0.000111823
0.000289096
0.00012138
0.000723177
0.000230187
0.000112641
0.000199537
0.000112608
0.000347686
0.000150005
0.00019628
0.000177225
0.000242853
0.000350696
0.000629487
0.000215627
8.63857e-05
0.00037295
0.00035436
0.000935389
0.000140382
0.000105156
0.000807892
0.000466
9.66031e-05
0.000350657
0.000551523
0.000301424
0.000234617
0.000153282
0.000391065
0.000318436
0.000123939
0.000110562
0.000665948
0.000336696
0.00021029
0.000181799
0.000427686
0.00022077
9.26995e-05
0.000386268
0.000129939
0.000380012
0.000164687
0.000194721
0.000529675
8.5777e-05
0.000192747
9.33113e-05
0.000221691
0.000168664
0.000275545
0.000136264
0.000144526
0.00018506
0.000878577
0.000162634
0.000147579
0.000106147
0.000926426
0.000213819
0.000150452
0.000172022
2.65332e-05
0.00138768
0.000143283
0.000180095
0.000295093
0.000232466
0.000246593
0.00015534
0.000167945
0.000185611
0.000110556
0.000255695
0.000123426
0.000122789
0.00032626
0.00016853
0.000251748
8.37491e-05
0.000535576
0.000190503
0.000151685
0.000125951
0.000213185
0.000355613
0.000601984
0.000103995
0.000108679
0.000348126
0.000153879
0.000121326
0.000311501
6.80669e-05
0.000336389
0.000232549
0.000385654
0.000832475
0.000179765
0.000150971
0.000123623
0.000544536
0.000215698
0.000142327
0.000140492
0.000231076
0.000294589
0.000227473
0.00041919
0.00021098
0.000988859
0.000443495
0.000176276
0.000718893
0.000222089
0.000443902
3.85592e-05
0.000285782
0.00029828
0.00129696
0.000202147
0.000253595
0.000206581
0.000359068
0.000373862
0.000223293
0.000414743
8.40929e-05
0.00153577
0.000428622
7.3967e-05
0.000235876
0.000331559
0.000104453
0.000632376
0.000302665
0.000257559
0.000552712
0.000355211
0.000176632
0.00040142
0.000351857
0.000142115
3.54794e-05
1.54706e-05
0.000427462
0.000194113
0.000286411
0.000262427
0.00027246
0.000269263
0.000353718
0.000397146
0.000107232
0.000132039
0.000450065
0.000108946
0.000465671
0.000188794
0.000254652
0.000262502
0.000285313
0.000195522
0.00446092
0.00010021
0.000329474
0.00017243
0.000284527
0.000226447
0.000112615
0.000175108
0.000208803
0.000194062
0.000103746
0.000172665
0.000587626
8.18866e-05
8.84957e-05
0.00026876
9.72572e-05
0.000151059
0.000214213
0.00318496
0.000393542
0.000455761
9.72471e-05
0.000131356
0.000591961
0.000291331
0.00027484
0.000280431
0.000344668
0.000102497
0.000332431
0.000184441
0.000118662
0.000987483
7.43208e-05
0.000155415
0.000703148
0.000211247
0.000923896
9.28069e-05
0.000139485
0.000267448
0.000424282
0.000203443
0.000629666
0.000430582
0.000269637
0.00023769
0.000850871
0.000311581
0.000920733
7.62182e-05
0.00163512
0.000217209
0.000116412
0.000226824
0.000149658
0.000185998
0.000218082
0.000282064
9.63631e-05
0.000209753
0.000135611
0.000234836
0.00035596
0.000311611
0.000474006
0.000362799
0.000259327
6.71253e-05
0.000149583
0.000206673
0.000204113
0.000365568
0.000796403
0.00010584
0.000145201
0.000177748
0.00042496
0.000240409
0.000230786
0.00037772
0.000145733
3.25114e-05
0.000239776
0.000319462
0.000136884
0.00020781
0.000365872
0.000364991
3.68756e-05
0.000409395
0.000371673
7.25248e-05
0.00039213
7.353e-05
0.000147994
0.000216015
0.0001816
0.000249943
0.000317242
0.000877168
0.000224734
0.000227565
0.000126926
8.81036e-05
0.000321075
0.000313345
0.000366316
0.00129225
0.000241545
0.000139871
0.000244991
0.00181409
2.49169e-05
0.00133912
0.00011264
0.00034432
0.000115419
0.00100141
0.000111288
0.000272294
0.000325342
0.00032243
0.000226564
0.000131814
0.000268803
0.000526455
0.000263292
0.000323397
0.00016305
9.51043e-05
0.000217439
0.000121433
2.28549e-05
0.000331279
0.000262229
0.000245597
0.000515385
0.000226253
0.000127206
0.000761841
0.000203412
0.000421939
0.000103231
0.000199093
0.000167555
0.000201327
0.00131403
0.000481851
0.000263993
7.26679e-05
0.000154352
0.000120199
0.000106985
7.85648e-05
0.000400376
0.00016993
0.000115562
0.000154708
0.000286743
9.70973e-05
0.000116456
0.000157753
7.49909e-05
9.65008e-05
0.000363636
0.000155489
0.000128345
0.000255132
0.00016222
0.000252728
0.000408108
0.000179557
5.23204e-05
0.00069525
0.00037582
4.62568e-05
0.000292944
9.86749e-05
0.000205911
0.0003161
0.000408403
0.000292349
0.000133173
0.000112908
0.000225919
0.000195925
0.000247669
0.000131074
0.000193113
3.89089e-05
0.000230903
0.000138512
0.000112529
0.000187249
0.000185799
0.00026246
0.000160291
0.000150159
0.000274325
0.000385492
0.000370247
0.000409823
0.000363031
0.000264081
0.000272602
0.00169258
0.00279299
0.000243123
0.000282241
0.00010191
0.000181865
0.000346905
0.000158266
9.68343e-05
0.000320345
0.000208371
0.000293589
0.000358135
0.000391677
0.000175851
0.000384087
1.08257e-05
0.000283912
0.000157155
0.000292573
0.000411251
0.000242108
0.000120831
0.000288846
7.64642e-05
0.000406702
0.000197123
0.000176622
0.000322894
0.000253164
0.000186474
0.000145015
0.000146402
4.91412e-05
0.000187994
8.26826e-05
0.000549375
0.000195669
0.0016157
0.000236653
0.000961231
0.000167957
9.02649e-05
0.000193995
0.000351462
0.000172614
9.81345e-05
0.000133136
0.000322052
0.000364
0.0010977
0.000480652
0.000291261
0.000164368
0.000232119
0.000247615
0.000537188
0.000121434
0.000153843
8.20399e-05
0.000448241
0.00186369
0.000120339
0.000286447
0.000242184
6.63151e-05
0.00024421
0.000144477
0.000178044
0.000319838
0.000230156
0.0124898
0.000193415
0.000550657
0.00015604
0.00025723
0.000461772
9.98161e-05
0.000149017
0.000139409
8.73391e-05
0.0003822
0.000246983
9.48276e-05
0.00030592
0.000137566
0.000450118
0.000103116
0.000161124
0
0.000224671
0.00238521
0.000207244
0.000189555
0.000153334
0.00033263
6.08448e-05
0.000164476
0.000222827
0.000247055
6.58086e-05
0.000100202
0.000270018
8.31268e-05
0.00280489
0.000592209
0.000213064
0.000105814
0.000230992
0.000207491
8.0373e-05
1.18951e-05
1.6371e-05
0.000276925
0.000145569
0.000190714
0.000300182
0.000472198
7.26909e-05
0.000103865
0
0.000311244
0.000127244
0.000732947
0.000338292
0.000173697
0.000181318
0.000290342
0.000125587
0.000145717
0.00022009
0.000226925
1.12643e-05
0.000274723
9.53152e-05
0.000155434
0.000276966
0.000166676
0.000181417
0.000220682
0.000362694
0.000107232
9.48039e-05
0.000196127
0.000224389
9.9405e-05
0.000187426
5.771e-05
0.00068985
0.000222851
0.00215883
0.000726783
0.000231652
0.000120356
0.000267935
0.000953067
4.76382e-05
0.000388667
0.000404292
0.00029232
0
0.00079759
0.000521515
0.000215551
0.000234179
9.99331e-05
0.000429271
0.000141737
0.000213415
0.000280639
0.000336741
9.17181e-05
0.000130964
0.00012155
0.000690361
5.87636e-05
0.000299735
4.13788e-05
0.000162259
4.92627e-05
0.000359131
0.000240077
0.000569618
0.000276051
0.00528143
0.00127254
0.000394299
0.000266794
8.67037e-05
0.000217811
0.000815377
1.11443e-05
6.80785e-05
0.000107121
0.000457271
0.000339064
9.16442e-05
0.00153945
0.000322668
0.000297876
0.000422062
0.000244979
2.0255e-05
0.000748732
0.000251077
0.000133522
0.000305996
0.000131295
0.00254812
2.50556e-05
0.000195492
0.000178804
0.000235078
0.000128992
0
0.000374021
0.000164738
0.00010763
0.000179475
0.000142749
0.000100784
0.000195929
0.000125857
0.000120301
0.000386641
0.00030381
0.000922485
0.00021193
0.000233856
0.000125224
0.000238697
0.000394424
0.000198616
0.000325006
0.000255277
9.71023e-05
0.000101592
4.78842e-05
0.000114402
0.00048761
0.000261272
0.000341607
0.000227065
0.0002041
0.000124548
0.000120343
0.000288783
0.000365772
0.000210828
0.000222027
0.000255529
0.000104188
0.000143705
0.000295827
0.000785921
0.000245064
0.000111402
0.000374631
0.000110319
0.000296506
0.000194226
0.0016211
0.000276967
0.000278509
7.27409e-05
0.000955071
5.36595e-05
0.000377075
0.000115161
0.000361069
0.000198352
0.000188376
8.08729e-05
0.000790048
0.000126985
0.000169811
0.000143996
0.000336314
0.000220042
6.35637e-05
0.000139526
0.00200791
8.31713e-05
8.26995e-05
0.000468949
0.000228637
9.24333e-05
0.000344957
0.000102415
0.000281341
0.000376907
0.000508535
0.000173047
0.000289325
0.000369936
5.27402e-05
0.000366511
0.000426823
0.000181604
0.000119943
0.000278048
0.000210027
0.000339706
0.000327169
0.000262333
0.000357033
0.00024336
0.000312875
0.000653863
0.000239408
0.000235132
0.000350301
0.000397528
1.00058e-05
0.000176763
0.000236886
0.000188453
8.47439e-05
0.000177924
0.000441937
0.00042543
0.000110403
0.000133665
0.000184565
0.000205138
0.000276375
0.000121753
9.53788e-05
0.000237111
0.000212834
0.000675473
8.47262e-05
0.000151167
9.48053e-05
0.000314374
0.000353185
0.00135645
0.000119768
0.000258367
0.000377816
0.000460999
0.000621138
0.0274372
0.000373864
0.00010692
0.000382538
0.000629962
0.000303461
0.000321486
0.000486528
0.000144211
0.000155317
0.000626189
0.000167958
0.00048339
0.000502774
0.00090023
0.000160646
0.00024473
0.000190454
0.000160562
1.16636e-05
0.000300435
0.0002311
9.48103e-05
0.000298234
0.000145558
0.000378419
0.00254552
0.000164556
0.000221522
4.60278e-05
1.4813e-05
0.000304626
0.000331088
0.000273006
0.000533477
0.000167961
0.000113818
0.0002498
0.000151882
0.000274423
5.74354e-05
0.000112405
0.00057031
0.0001076
0.000316301
8.81198e-05
0.000445178
0.000170379
0.000163613
9.16373e-05
0.000104022
0.000320518
0.000335751
0.000179982
0.000252289
0.000208916
6.19672e-05
0.000379094
9.49599e-05
0.000508254
0.000189479
0.000384892
0.000232801
0.000438182
0.000402123
0.000437706
0.000988451
0.000233417
0.000113428
0.000358771
5.205e-05
7.21403e-05
0.000114721
0.000152197
0.000147179
0.000492868
0.000136481
0.000214979
0.000320351
0.000196361
0.000372495
0.000327265
0.000425765
0.000278407
0.000273145
0.000302372
0.000362727
0.000159634
0.000273451
0.000299497
7.58468e-05
0.00013675
0.000223244
0.000322271
0.000151317
6.48216e-05
0.000384899
7.21384e-05
0.000124404
0.00027813
0.00170515
0.000154715
0.00182049
5.13344e-05
0.000151325
0.000155407
0.000287716
0.000336164
0.000857676
0.00160552
0.00014205
0.000322827
0.00107614
0
0.000193791
0.000107354
0.000304978
0.000153835
0.000198276
0.000254273
0.000220051
0.000287535
0.000175121
0.00013502
7.92829e-05
0.000108182
0.000341409
0.0015054
0.000169646
0.000276729
0.00033398
0.00038069
0.000140821
0.000129469
6.48935e-05
0.000126649
0.000374725
0.000218788
0.000245362
0.00118633
0.000635339
0.00034798
0.000413683
0.000183862
0.000260771
0.000596458
0.000112631
2.39317e-05
0.000109866
0.000201944
8.98522e-05
0.000265632
0.000423256
0.000965203
0.000125802
0.000204929
7.12889e-05
0.000302981
0.000209948
0.000379781
7.40246e-05
0.000239727
0.000170937
0.000729668
0.000686128
0.000393858
0.000335551
0.000134887
0.000116584
5.72687e-05
0.000157443
0.00163477
0.000146806
8.08754e-05
0.000166895
0.000183713
0.000124778
0.000308935
0.000115089
0.000143982
0.000191806
0.000264057
0.000104753
0.00022535
0.000358984
0.000145569
0.000274373
0.0002373
0.000770008
0.000340013
0.00035558
0.000201805
0.00013952
0.000129801
0.000246423
0.000267702
5.05925e-05
7.17624e-05
0.000132675
0.000202684
0.000149093
0.00074267
0.000368657
0.000221967
0.000136719
0.000165572
0.000173765
0.000191028
0.000286784
0.00019195
0.000122991
0.000156061
0.000149466
0.000139282
0.000173579
0.000254866
0.000109515
0.000121066
0.000219689
0.000405637
0.000674003
0.000335832
0.000229111
0.000306763
4.43389e-05
0.000357903
6.52304e-05
3.04581e-05
7.10448e-05
0.000262325
0.000550202
0.000425289
0.000153553
0.00021828
0.000314317
0.000322033
0.000266876
0.00102209
0.000428876
0.000235057
3.22889e-07
0.000577953
0.00011409
0.000170497
0.000137951
0.000153357
0.000187161
0.00012683
0.000291397
0.000263205
0.00018998
0.000427661
0.0140011
0.000334179
0.000237139
0.000165425
0.000218633
0.000217716
0.000266116
5.19296e-05
0.000486048
0.000163738
0.000316714
0.000188675
2.56195e-05
0.000130671
8.81643e-05
0.000149056
0.000125354
0.000168277
0.000303722
0.000403953
0.00590171
0.000123492
0.000379026
0.000230778
0.000161109
0.000365136
0.000311767
0.000314351
0.000129386
0.000249958
0.000486693
0.000135298
0.000220739
3.66019e-05
0.000165056
0.000333121
0.000333148
0.000181622
0.000406465
0.000411024
0.000220275
0.000773135
0.000144886
0.000355309
0.000263041
0.000159023
5.76837e-05
0.000182773
0.000358633
0.000283659
0.000171286
0.000138762
0.000250669
0.000171097
0.000139678
0.000142857
0.00026523
0.000122
0.000113764
0.000189759
0.000933838
0.000189789
6.4147e-05
3.23334e-05
0.000353442
0.000116705
0.000162044
0.00036416
0.000574472
8.25656e-05
0.000112201
0.000160607
0.000380142
0.000328025
0.000432015
0.000301434
0.000281318
0.000193054
0.000208359
0.000536687
0.000500048
5.82239e-05
0.000402922
0.000254937
0.000222021
0.00055298
0.000394413
0.000504395
0.000190031
5.6171e-05
0.000360868
0.000599773
0.000378385
0.000460046
0.000271516
0.000138176
0.000207615
0.000258438
0.000356625
0.00190648
0.000186135
0.00064743
0.000200427
0.000142942
0.000210396
0.000189432
9.95086e-05
0.000367327
7.50697e-05
2.67523e-05
0.000130281
0.000299301
0.000538826
0.00317158
0.000319007
0.000226069
0.000137983
0.00174753
0.000176666
0.000725257
0.000545743
0.000276686
0.000286334
0.000300089
0.000526319
8.45802e-05
0.00107041
0.000236015
0.000268091
5.4687e-05
0.000734387
0.000249937
0.000116588
0.000630268
0.000325221
0.000153015
0.00022661
8.72987e-05
0.00041031
0.000148901
0.000119351
0.000257921
9.92866e-05
0.000147843
0.000156271
0.000349722
0.000194053
0.000792129
0.000268298
0.00019599
0.000215603
0.000427078
0.000102683
0.000172366
7.27234e-05
0.00015566
0.000141825
0.000240044
0.000325969
0.000346816
9.85288e-05
0.000126926
0.000613198
0.000508906
0.000808045
0.000177746
0.000478163
6.23364e-06
9.76738e-05
7.08217e-05
0.000161638
0.00123732
0.00025564
0.000209638
0.00191256
0.000256098
0.000195306
0.000740397
0.000288602
0.000186658
0.000136115
0.000177098
0.000177598
0.000165043
0.000581801
8.79228e-05
0.000350274
0.000861534
8.67474e-05
0.000267593
0.000221819
5.91116e-05
0.000153064
0.000321185
0.000206852
0.000200409
0.000427044
3.20282e-05
0.000152831
0.00015211
0.000270701
0.00084289
0.000429051
0.000564698
0.000290773
0.000197049
0.000205325
0.000374058
0.00045213
0.000183608
0.000380383
3.00996e-05
0.000558384
0.000253667
0.00117693
0.000232328
0.000237035
6.83093e-05
6.85506e-05
0.0001684
0.000200078
0.000477509
0.00176297
0.000189176
0.000200882
0.000493503
0.000283323
0.000167979
0.000452436
0.000138688
0.00245493
0.000214774
0.000204086
0.000126394
0.00429748
5.18586e-05
0.000132679
0.000232228
0.000125709
0.000259757
0.000267558
0.000169831
0.000207738
0.000662981
0.000236675
0.000288111
0.000401684
0.000299372
0.000337362
0.000315243
0.000216042
0.00048241
0.000157507
0.000203482
5.47947e-05
0.000149985
0.0003016
3.92468e-05
0.000475202
0.000345029
0.000158988
0.000618226
0.000169599
0.00055679
0.000395806
0.000295443
0.000479001
0.000240378
0.000799718
0.000396703
0.000309175
0.000297129
0.000276607
0.000356032
0.000179891
0.000314188
0.000519792
0.000180131
7.91216e-05
0.000808202
0.000245756
0.000507097
0.000133682
0.000168751
0.000173306
0.000384594
0.000867003
0.000212639
0.000280151
0.000116541
0.00022851
0.000332446
0.00035093
0.0002383
4.06959e-05
0.00014762
0.00014663
0.000258964
0.000175868
0.000338454
0.000219967
0.000185692
0.000248314
0.000118072
0.000232388
0.000100383
0.000177545
1.268e-05
0.000364788
0.000266289
0.000154027
0.000193659
0.000134779
0.000317468
8.56249e-05
0.000288732
0.000162618
0.000337573
0.000105377
0.000488977
0.000270665
0.000201053
0
0.000149233
0.000194609
0.000133205
3.49807e-05
0.000361051
0.000199563
0.000112193
0.000207433
0.000406407
0.00014393
0.000140285
0.000102134
0.000212885
0.000369231
0.000350386
0.000254505
0.00045938
0.000300506
0.000173007
0.000228058
0.000156129
0.000354094
0.00026031
0.000267568
0.000292549
0.00183225
7.24925e-05
0.000144795
0.000173268
0.00066038
0.000244322
0.000279029
0.000174085
0.000249256
0.00012732
0.000197336
0.000507174
0.000158225
0.000416655
0.000132974
0.00073338
0.000506115
6.82419e-05
0.000341271
0.000377999
0.000295342
0.00015241
0.000205541
0.000431921
0.000347455
0.000524005
0.000108747
0.000146562
0.000122521
9.69453e-05
0.000159619
0.000658568
3.06796e-05
3.75331e-05
0.000335713
0.000288108
0.000396295
0.00200113
0.000678745
0.000224794
0.000163852
0.000134444
0.000282974
9.57494e-05
0.000367586
0.000231463
0.000384048
0.0005522
0.000239255
0.000216158
0.000261523
0.000167818
0.000371235
0.000186096
3.68017e-05
0.000160292
0.000131396
0.000171792
0.000171652
0.000115274
0.000233505
0.000173138
0.000365433
0.000397115
0.000805603
2.88531e-05
0.000562883
0.000609843
0.000180942
0.000572855
0.000135155
0.000238842
0.000263271
0.000133484
1.09379e-05
0.000467814
0.000193056
0.00020375
2.90783e-05
0.000263542
0.00306782
0.00013828
0.000637868
0.000117828
0.000222035
0.000125808
0.000385323
0.000133642
0.000128992
0.000133956
0.000752215
0.000102945
0.000274013
0.000187537
0.000222616
0.000396793
9.86004e-05
0.00011666
0.000243381
0.00016028
0.00020158
0.000175378
0.000370024
0.000465025
0.000326092
0.0249113
0.00024411
0.000356956
0.000367489
9.56736e-05
0.000160162
0.000170087
0.000257351
0.000409102
7.02926e-05
6.92786e-05
0.000187152
0.000121766
7.33613e-05
0.000126272
0.000159418
0.000299005
0.00023796
0.000409296
6.2293e-05
0.000281764
0.00052219
0.00026367
0.000352068
0.000193274
0.000284736
5.80223e-05
0.00063433
0.000309685
0.000419964
0.000351579
0.000163351
0.000233257
0.000188009
0.00018456
0.000140046
0.000336867
0.00050654
5.03323e-05
4.8927e-05
0.000391501
0.000198611
0.00018475
0.000210421
0.000201057
0.000324491
0.000944817
0.000223188
0.000389326
7.96236e-05
0.000249536
0.000302647
0.000236519
0.000399624
0.000101906
6.75758e-05
0
0.000402373
0.000191848
0.00039544
0.000188714
0.000185552
0.000175882
0.000313497
4.02787e-05
0.000504808
3.52592e-05
0.000265035
0.000176145
0.000176598
4.60952e-05
0.000225777
0.000190353
4.72391e-05
7.27473e-05
0.000154799
0.000128146
0.000192225
0.0002388
0.000171108
5.92768e-05
0.000149843
0.00015392
0.000109792
0.000150603
0.00106047
0.000155908
0.000192264
0.000571006
0.000479283
0.000375442
0.00023228
0.000196491
9.98586e-05
0.00058678
0.000310083
0.000100955
6.85092e-05
0.00023772
4.45339e-05
7.77735e-05
0.000129201
0.00045497
0.000470562
7.34169e-05
0.000171033
0.00447187
0.000106625
0.00134937
0.000184447
0.000202214
8.50366e-05
0.000163014
0.000363925
0.000268472
0.000407823
0.000426358
0.000382531
0.000185454
0.000474098
0.000113838
0.000114036
0.000281212
0.000220224
0.000143413
0.000282386
0.000518708
9.0188e-05
0.000308293
2.82912e-05
0.000197615
0.000119943
9.36856e-05
0.000294146
0.000395872
0.00030352
0.000607832
0.00183045
0.000681151
0.000447886
0.000316538
0.00113959
8.18523e-05
0.000696457
0.000197626
0.000436128
0.000123149
0.00031722
0.00027425
0.000135198
0.000374276
0.000172263
0.00017444
0.000210982
0.00027411
0.00012162
9.26126e-05
0.000686873
0.0001111
0.000111297
0.000189691
7.79052e-05
0.000218314
0.000429112
0.000230025
0.000202822
0.00014935
0.000504345
0.000417796
8.14956e-05
0.000154067
0.000205543
0.000108926
7.87126e-05
0.000256989
0.000234929
0.00025309
0.000290834
2.5629e-05
0.000157836
0
0.00019096
0.000191042
0.000276904
0.000190133
0.000265086
7.33928e-05
0.000275304
0.000217624
0.00184414
0.00011674
0.000127889
0.00275448
0.000184327
9.43677e-05
0.000154849
0.000312861
0.000167201
0.00038006
6.20784e-05
2.96651e-05
9.44041e-05
0.000745908
0.000994239
0.000183185
0.000209051
0.000333428
2.8049e-05
0.000192985
0.000165749
7.66492e-05
0.000298444
0.000212595
0.00149671
6.16962e-05
0.000200957
0.000318217
0.000161253
0.000319524
0.000512315
0.000194557
0.000172342
0.000332113
0.000437836
0.00029451
0.000192205
0.000105729
0.000896011
0.000354379
0.000185117
0.000434462
0.000386283
6.85392e-05
0.00026477
0.000414032
0.000185827
0.000475731
0.000370642
0.000558136
0.000305094
0.000287742
0.00038275
0.000181639
0.000382542
0.000178153
5.809e-05
0.00036161
0.000194781
0.000257758
5.67975e-05
0.000183583
0.000133491
0.000573446
0.000218029
0.000139185
8.36516e-05
1.70303e-05
0.000343471
4.10674e-05
9.30536e-05
0.000127977
0.000487875
0.000505455
0.000219508
0.000114695
0.000124658
0.000184796
9.81144e-05
0.000660329
0.00013139
0.000443284
0.000340497
0.000217677
0.000202813
4.40941e-05
0.00086686
0.00172917
0.000253937
0.000146522
0.00116775
0.00396939
5.84844e-05
0.00221748
2.80639e-05
8.70387e-05
0.000134026
0.00201383
0.000148524
0.000285736
0.000156808
0.000103245
0.000297423
0.000252665
5.3864e-05
0.00046006
6.04412e-05
0.000157544
0.000100644
0.000154138
0.000313531
9.76388e-05
0.000174201
0.000344971
0.000371157
0.000786316
0.000240388
0.000139662
0.000273706
2.98793e-05
0.000212471
0.000359793
3.26395e-05
0.000130592
4.6797e-05
0.000267928
0.00021722
1.11368e-05
0.00326004
0.000189364
0.000155131
0.000203927
0.000591388
0.000103506
0.000362702
0.000215313
0.000228217
0.000133434
0.000964454
0.000189585
0.00016424
0.000201748
8.96616e-05
0.000232074
0.000167612
0.000297996
0.00047099
0.000894237
8.86051e-05
0.000442503
8.79446e-05
0.000210192
0.000272436
0.00061318
0.000391485
0.000266027
0.000397985
0.000267903
0.000222881
0.000148421
0.000107436
0.000263088
0.000417356
0.000168826
0.000320379
0.000196805
0.000186017
0.000258474
0.000354378
0.000149472
0.000256307
0.000114733
0.0112372
8.06254e-05
0.000261412
0.000178314
0.000273398
0.000637061
0.000169207
0.000136545
8.53003e-05
2.60324e-05
0.000451594
0.000628553
0.000184418
0.00029322
0.000182201
0.000169343
0.00144384
0.000120685
0.00105191
4.0148e-05
0.000133212
0.000370101
0.000175121
0.000131223
9.24924e-05
0.00025417
0.0003159
0.00179884
0.000235333
0.000102316
6.26035e-05
0.000110973
0.0101134
0.000162756
0.000139882
0.000313533
0.000393212
0.000520562
0.000230223
0.00053336
0.000135423
0.000146532
0.000613628
0.000458294
0.000300924
8.0355e-05
0.000286578
7.01208e-05
2.58436e-05
0.000272008
0.000317337
0.00012695
0.000562186
6.83157e-05
0.000164371
0.000100403
0.000322874
0.000283101
0.000122772
0.000155768
0.000509347
7.38635e-05
0.000707747
0.000109753
0.000103291
0.000195366
0.00140564
0.00015619
0.000348356
0.000753471
0.000346105
0.000249589
0.000243169
0.000335739
0.00100509
0.000275481
0.00050209
0.000362327
0.000265941
9.63664e-05
0.000226701
0.000299203
0.000200951
0.000216572
0.000132259
0.000147747
0.000202132
0.000213634
6.27775e-05
0.000276013
0.000134267
7.49475e-05
0.0003326
0.000964732
0.000990427
0.000217686
0.000303773
0.0002151
0.000147607
0.000165912
0.0013878
0.000142971
0.000228552
0.0012308
0.000177753
0.0014202
8.09783e-05
0.000204417
0.000310205
4.96776e-05
0.000113649
0.00031424
0.00015108
0.000299189
0.00052725
0.000219399
0.000172161
0.000166667
0.000235492
3.14878e-06
7.75366e-05
0.000249271
0.000302833
0.000191259
0.00021414
0.000391874
0.000157695
0.000201548
9.68697e-05
0.000163454
7.74656e-05
0.00016528
0.000523334
0.000186077
0.000212327
0.000344303
0.000386128
0.000248675
6.4429e-05
0.000532647
0.000248962
0.000371003
0.000190238
0.000473414
0.000432563
0.000222394
0.000296584
9.76189e-05
0.000228012
0.000110747
0.000178382
0.00016929
7.81226e-05
0.000356052
9.40387e-05
6.74934e-05
0.000156818
0.000212434
8.45577e-05
0.000777302
4.87909e-05
0.000240606
0.000440691
0.000143982
0.000342021
0.000223952
4.68468e-05
0.000372948
0.000188545
0.00051595
0.000182063
0.000335325
0.000261925
0.000239204
0.000201067
0.00034139
0.000182539
0.000217375
0.000168881
8.95259e-05
8.86101e-05
0.000348288
0
0.000238299
0.000101448
0.000164505
0.00041592
0.000154696
0.000315177
0.000439626
0.000288345
0.000279575
0.000914406
0.000318505
0.000166488
0.000244998
0.000253104
0.00029192
0.000147316
0.000365644
0.000223481
0.00233173
0.000161057
0.000205234
0.000403292
0.00277186
8.34379e-05
0.000194567
0.000237365
0.000155535
0.000524015
0.000593175
0.000214648
0.000502025
0.000211277
0.000522179
0.000407818
0.000599321
0.000165863
0.000365816
0.000210064
0.000183957
0.000254103
0.000229961
0.000108226
0.000295895
0.000182802
0.000449539
0.000248224
9.50233e-05
5.85779e-05
0.000527448
0.00018558
0.000179617
0.00023774
6.26664e-05
0.000142316
0.000264764
6.75199e-05
0.000261702
0.000141514
0.000105622
0.000175775
0.000463213
0.000150122
0.000349299
0.000650233
0.000190796
0.000137333
9.03135e-05
0.00198165
0.000786906
0.000342208
5.16298e-05
0.000197615
0.000264631
0.000112946
0.000240089
0.000220806
0.000304966
0.000162371
7.8147e-05
0.00479606
0.000271964
0.000261855
0.000195625
0.000605605
0.000332898
0.000416513
0.00095214
0.000269722
0.000133279
0.000253573
0.000251493
0.000411365
0.000109847
7.01731e-05
0.000232626
0.000202853
0.000518772
0.000323869
0.000167389
0.000440069
0.000387427
0.000149684
0.000110134
0.00038714
0.000223888
0.000214534
0.00338102
0.000281959
0.000165456
0.00034525
0.000309626
0.000561681
9.87035e-05
0.000387363
0.0001334
0.000213847
0.000248372
0.000426533
0.000198341
0.000201621
0.000159103
0.000142064
0.000134314
0.000282338
0.000198115
0.000282951
0.000340748
0.000305436
0.000596302
0.000226422
0.000234185
0.000247136
0.000568348
0.000354242
0.000379651
0.000887765
0.000128669
4.54202e-05
0.000586516
0.000233507
0.000312196
0.000203886
0.000221092
0.000161741
7.15202e-05
8.6512e-05
0.000490898
0.00040748
0.000119466
0.000168977
0.000300592
9.07721e-05
0.00026395
0.000200823
0.000259044
0.000116417
0.000253762
9.43087e-05
0.000292462
0.000547568
0.000151525
0.000358134
0.000135738
0.00039005
6.98298e-05
0.000130966
0.000385147
0.000255383
9.12997e-05
0.000373545
0.000551137
0.000321128
4.1759e-05
0.000217564
0.000148136
0.000257437
0.000475749
5.74153e-05
0.000502355
5.03322e-05
0.000598823
0.000459828
0.000679166
0.000239154
0.000214527
0.000336116
0.000490207
0.000411027
0.000379239
0.000284223
0.000265285
0.00013444
0.00431708
0.00027743
0.000852827
0.000322333
0.000337934
4.59435e-05
0.000301013
0.000100677
0.00012986
0.000315588
0.00045285
0.000190163
0.000173621
0.000207726
0.000516192
0.000335667
0.000153803
0.000362063
0.000191715
8.38336e-05
0.000130302
0.000347607
0.000304636
0.00024806
1.30381e-05
0.000217167
0.0010404
0.000443134
0.000296072
0.000242303
0.000179104
0.000309135
0.000157741
0.000356177
0.00024325
3.23915e-05
7.59156e-05
0.000225533
0.000203192
0.000165436
0.000165589
0.000278376
0.000295133
0.000742458
0.000467937
0.00021537
0.000642517
0.00140956
0.000189137
0.000114525
0.000198974
0.000174918
0.000128109
0.000516309
0.000367106
0.000240587
0.000217615
0.000260729
0.000102937
0.000103922
0.000193821
0.00104764
6.24695e-05
0.0003878
0.000299193
0.000120553
0.00134229
0.000163131
6.98905e-05
0.000358816
0.000957357
0.000132549
0.000350247
0.000365548
0.000350282
0.000131677
0.000154415
0.000209633
0.000159442
0.000236888
0.000227692
0.00088506
0.000412213
0.000287811
0.00015868
0.000137622
0.000975445
0.000194264
0.000193597
0.000221235
0.000999252
0.000214358
0.000155188
0.000344719
7.86621e-05
0.000130641
0.000352633
0.000196401
0.000219626
0.000480007
0.000145208
0.000806589
0.000205188
5.31283e-05
0.000266276
0.000238515
0.000213451
5.2195e-05
0.000493414
0.00026196
0.000258615
6.64158e-05
0.00011521
0.000218466
0.000617182
0.000378706
0.000227806
0.000455586
1.38259e-05
2.68164e-05
0.000387506
0.000299359
0.00025022
0.000254496
0.000252043
0.000269739
8.03325e-05
0.00157661
0.000360386
0.000251894
0.000155066
0.000198959
0.000262052
0.000569451
6.05082e-05
9.62894e-05
0.000298228
0.000141678
0.000229051
0.000291462
0.000174624
0.000204715
0.00114888
0.000593021
0.000106862
0.000299549
0.000297273
0.000148591
0.00040553
0.000279825
0.000473001
0.00015097
0.000405539
7.06006e-05
0.000179103
0.000938179
0.000124614
0.00165388
7.49482e-05
0.00048121
0.000313968
0.000474374
0.000450777
0.000241791
0.00025203
0.000141829
0.00019549
0.000429094
0.000202308
0.000334942
0.00114789
0.000340571
0.00010467
0.000107947
0.000312906
0.000325111
0.000182806
0.000204106
0.000710363
0.000133859
0.000225348
0.000268466
0.000123858
0.000149486
0.000194245
0.000133504
7.08615e-05
0.000355116
0.000422212
0.00055852
0.000349667
0.000435478
0.00063957
0.000201829
0.000209349
0.000364805
0.000151322
8.70337e-05
0.00013883
0.000482651
0.000294871
0.000101562
0.00441962
0.000258183
0.000145897
0.000465851
1.46356e-05
6.29258e-05
0.00239007
0.000433109
0.000198131
6.50406e-05
0.000185554
5.58795e-05
7.41638e-05
0.000174112
0.000132998
0.00041233
0.000158508
0.000207046
0.000277381
0.0012227
0.000577898
0.000517062
0.000147117
0.000188952
0.00010455
0.000166507
0.000242379
0.000124964
0.00036763
0.000156255
5.31924e-05
0.000339493
0.000125171
4.45082e-05
0.000158621
0.000368379
0.0003426
0.000189537
0.000142701
0.000327833
0.000393213
6.03665e-05
0.00102555
0.000305499
0.000327698
0.000310484
0.000134657
0.000185079
0.000264988
0.00141493
0.000302155
0.00022038
0.000539045
0.000297222
0.000392421
0.000131733
0.112715
0.000618379
0.00121451
0.000414547
0.000152804
0.000162396
0.000868952
8.28959e-05
0.000178312
0.000189646
0.000174255
0.000298343
4.37146e-05
0.000165645
0.000326797
0.000116143
0.000487058
0.00121966
0.000298196
0.000278339
0.000342432
0.000323993
0.000213836
0.000280565
0.000368931
0.000333722
0.000240957
0.000111342
0.000358485
0.000385044
0.000293365
0.000177744
0.000104689
0.000286312
0.000255908
0.000288635
0.000225939
0.000859535
0.000260676
0.000237639
0.000154494
0.000328991
0.000228298
0.000237842
0.000314841
0.000137943
6.07441e-05
0.000396309
0.000325001
0.000257358
3.44919e-05
0.00016051
0.000383056
5.51969e-05
0.000156324
0.000337494
0.000108384
0.000419095
0.000162518
0.000549337
0.000192573
0.000124888
0.000248132
0.000245917
9.95989e-05
0.000108715
0.000175073
0.00020747
8.99779e-05
0.000480711
0.00557902
0.000132528
0.00091582
9.8983e-05
0.000162775
0.000158005
0.000155773
0.000189146
0.000275966
0.000179332
0.000248664
0.000385451
6.27084e-05
0.000365241
0.000270419
0.000114131
0.000916674
0.000319412
0.000431375
0.000223252
7.73595e-05
0.000254499
0.000215107
0.000530689
0.000389045
0.000270724
0.000251453
0.000148323
0.000363005
0.000145282
0.000847696
0.00145635
0.000313966
0.000151993
0.00036845
0.000176269
0.000134833
0.000113851
0.000422123
0.000264243
0.000212833
0.000206255
0.000149544
0.000708491
0.00065842
0.000145459
0.00246057
0.000332345
0.000682032
0.00019139
0.000273177
6.5708e-05
0.00013868
3.65387e-05
0.00017832
0.000118494
0.00110835
0.000127194
0.000504409
0.00233155
0.000293586
0.00019422
0.000350677
0.000459333
0.000394422
0.00042253
0.00038336
0.000242267
0.000170387
0.000265622
0.000154761
0.000137702
0.000373369
0.000923702
0.000184073
0.000189501
0.00014
5.93816e-05
0.000244199
0.00122982
0.000236263
0.000816532
0.000171288
0.000175401
6.77166e-05
0.000262507
2.08422e-05
6.85918e-05
0.000574604
0.000188596
0.000144269
0.00018341
0.000324996
8.96495e-05
0.000353799
0.000125142
0.000525517
0.000967477
0.000247873
0.000265692
6.79652e-05
0.000262202
0.000317474
0.000767909
0.000274636
0.000121893
0.000210213
0.000351147
0.000282368
0.000385037
0.000179867
0.000217906
0.000598547
0.00018443
0.000206301
9.22083e-05
0.000174636
0.000324814
0.000194848
0.000331517
0.000638044
5.80546e-05
0.000250956
0.000542647
0.000559896
0.000240713
0.000209057
0.00063489
0.000364454
0.00020256
0.00036753
0.00020926
5.01351e-05
0.000276316
0.000129131
0.000116096
4.75366e-05
0.000111425
0.000197381
8.51416e-05
7.32311e-05
0.00023372
0.00063243
7.03787e-05
0.000132154
0.000345469
8.24263e-05
0.000504659
0.000502597
0.000250109
0.000287375
1.1201e-05
0.000218661
0.000120858
0.000150818
0.000201894
0.000386073
0.00022701
0.0010817
3.71486e-05
0.000596901
0.00039587
0.000323139
0.000196767
0.000138008
6.59187e-05
0.00277735
0.000549194
0.000172415
0.000693441
0.000403045
0.000397282
0.000469952
0.00020404
9.85892e-05
0.000147873
0.000154769
0.000163797
0.00151452
0.00026347
0.000160795
0.000337473
0.000564635
0.00017968
0.000148249
0.000173704
7.00974e-05
9.1188e-05
0.000235413
0.000114415
9.66184e-05
7.7137e-05
0.000289088
0.000176241
0.000127443
0.000128206
0.00078039
0.000185402
0.000233846
7.73911e-05
0.000328829
0.000300185
0.000316536
8.11004e-05
0.000120415
0.000167256
0.000257941
0.000230725
0.00027229
0.000252186
0.000248209
0.000186287
0.000131551
0.000194511
0.00243013
0.000130293
0.000453403
0.000484644
0.000493511
0.000444705
8.90429e-05
0.000385193
0.000299506
0.000328693
8.57078e-05
0.000353679
0.000359833
0.000227724
0.00130822
0.000515123
0.000307137
0.000354405
0.000138311
0.000177214
0.000327887
0.000167594
5.70306e-05
0.000219833
0.000598893
0.00066298
0.000429062
6.76038e-05
0.000288101
8.89424e-05
0.000153065
0.000192849
0.00020241
0.000130796
0.000174651
0.000295619
0.000130619
0.000493971
0.000152207
0.000448629
0.000180931
5.29169e-05
0.000217615
0.000936845
0.00052648
0.000304238
0.000216067
0.00011251
9.87955e-05
0.000294465
0.000402065
0.000216221
0.000361863
0.000965542
0.000431165
0.00026929
9.36316e-05
0.000166024
0.000149567
0.000321099
0.000568642
0.000174505
0.000237223
0.000155102
9.40412e-05
0.000590812
0.000232615
0.000163417
0.00117324
0.000159313
0.000212355
0.000526366
0.000148375
0.000345323
0.000164941
4.02055e-05
0.000119978
2.69383e-05
0.000122071
0.000277978
0.000138915
0.000595008
0.0020635
8.82872e-05
0.000189736
0.000365251
0.000348037
0.00158786
0.000210585
0.00053106
7.50306e-05
0.000770459
8.28618e-05
0.000312029
0.00028725
0.0003142
7.31119e-05
0.000172072
3.73461e-05
0.000185605
0.000280663
0.000353569
0.00040903
0.000158234
0.000223291
4.63723e-05
0.000360191
0.000264501
0.000160628
0.000271636
4.46663e-05
0.000366122
0.000376398
0.000125949
0.000738437
0.000198448
0.000465184
0.00766323
0.000255069
0.000103766
0.000281303
0.000322577
0.000119018
0.000135887
0.00078948
0.000457991
0.00116694
0.000286612
0.000155533
0.000345541
0.000392899
0.000229448
0.00106921
0.00016359
3.29137e-05
0.0001202
0.00016693
0.000365768
0.000464609
0.000888137
0.000107985
0.000270866
0.000339585
7.27242e-05
0.000135235
0.000409829
0.000374255
0.000107487
0.000156431
0.000252548
0.00107115
0.00042194
0.000194619
0.000188046
5.26106e-05
6.6966e-05
0.000101123
0.000197672
0.000226824
0.000210901
8.5835e-05
8.76611e-05
0.000136615
3.39963e-05
0.0001467
0.000154058
0.000340707
0.000567716
0.00022062
0.000147719
0.000133933
2.14623e-05
0
9.74617e-05
5.66869e-05
0.000199754
2.77889e-05
0.000298659
0.000310079
9.26838e-05
0.000429325
0.000117936
0.0012027
0.000207833
0.000175338
0.000631996
0.00035243
0.000400089
0.000692689
0
0.000213563
0.000256856
0.000708185
0.000340681
0.00045028
0.00014417
0.000240183
0.000107717
5.24064e-05
0.000134301
0.00110085
0.000191751
0.000333047
0.000226355
0.00157378
0.000135264
0.000137135
0.000227886
0.000216305
0.000268532
0.000255376
0.000250659
0.000245125
0.000266828
0.000241754
5.80328e-05
0.000324551
0.000499182
0.00019546
0.000220518
7.49046e-05
8.69193e-05
0.000209317
7.88683e-05
0.000219699
0.000292921
0.000126436
8.12824e-05
0.000177719
0.000299463
0.000257226
0.000115114
0.000537867
0.000651049
0.000196464
0.000276881
0.000116238
0.000801129
0.000709291
0.00390282
0.000696872
0.000136398
4.63521e-05
0.000362782
8.59726e-05
0.000292251
0.000453573
0.000324418
8.96401e-05
0.000203209
0.000666753
0.00289494
0.000586584
0.000404956
0.000253767
0.000233085
9.22858e-05
0.000460302
0.000211545
9.87289e-05
0.000238047
0.000552478
0.00017304
1.06322e-05
0.000191374
0.00023541
0.000865549
0.000371325
0.000318769
0.000725059
0.000144301
0.000363196
4.26669e-05
0.000122389
0.000194462
0.000371273
0.000182802
0.0202666
0.00148504
0.000242787
0.000211767
0.000163071
3.04071e-05
0.000149061
0.000211318
0.000285336
0.000405385
0.000266955
9.76517e-05
0.000192746
0.000120993
0.000195103
0.000507167
0.000189356
0.000131514
8.03156e-05
0.000218176
0.000406462
0.00102335
0.000169607
0.000137459
0.000676303
0.000223911
0.000942088
0.000294074
0.000237224
0.000407862
0.00018599
0.000634773
0.000261755
0.000674733
0.000157956
0.000125323
0.000120593
0.000694761
0.000360656
0.00019631
0.000529332
0.000416762
0.000782972
0.000199105
0.000180822
2.87547e-05
0.000105488
7.5706e-05
0.000378081
0.000719395
0.00293092
0.000255562
0.00399264
0.000235109
0.000275492
0.000262072
0.000219565
0.00019499
0.000245205
0.00011206
0.000569263
0.000206266
0.000417349
0.00015064
0.000185425
0.000333781
0.000658622
0.000192702
7.30658e-05
0.000351128
7.48564e-05
0.000343155
0.000123439
0.000312749
0.000204289
0.000366771
0.000432743
0.000142666
0.000137483
0.000360733
0.000103189
0.000101175
0.000171157
0.000252069
7.4583e-05
0.000202583
0.000438286
0.000108929
0.00103403
0.000266555
0.000349097
0.000511438
0.0004249
0.000327465
0.000115305
0.000436797
1.0031e-05
0.000169464
0.00018059
0
0.000164832
9.08393e-05
0.000190216
0.000317259
0.000149227
0.000252676
0.000148669
0.000295134
0.000321547
0.000161222
0.000211465
0.000335407
0.000193049
0.000645225
0.000175136
0.00060958
0.00108605
6.12026e-05
0.000302392
0.000274426
0.00018997
0.000101476
2.60874e-05
0.000245474
0.000333188
0.000362541
0.000205711
0.000103246
0.000300074
0.000331728
7.45398e-05
0.000137363
0.000301069
0.000127269
0.000162621
0.000398181
0.000395916
0.000166245
9.31333e-05
0.000582126
0.000122173
0.000285135
0.000324739
0.000426371
0.000914122
0.00052373
8.55314e-05
0.000470626
0.000629086
0.000380178
0.000893902
0.000124959
0.000263899
0.000247951
0.000215975
0.000449146
0.000183255
0.000158089
0.000502132
0.000189452
4.67101e-05
3.86319e-05
0.000363847
0.000361473
0.000318663
0.000208776
0.000116465
0.000327346
0.00034727
0.000127916
0.000172884
0.000174824
0.000596119
0.000214064
0.00276621
0.000476869
0.000131806
0.000167278
0.000228057
0.000811589
0.000291719
3.411e-05
0.000326592
0.000384543
0.000119864
9.29347e-05
0.00020957
0.000100538
0.000118086
0.000277866
0.000230462
0.00012956
0.000111737
0.000155056
0.000694611
0.000391897
0.000406847
0.000126262
0.000152353
9.39731e-05
0.000138863
0.000145085
0.000492151
0.000139098
0.000122814
9.97853e-05
0.000303606
0.000661354
0.000209994
0.000211036
0.000287994
0.000218871
0.000245845
0.000164379
6.03582e-05
0.00577553
0.000287597
0.000282146
0.000336764
0.000236479
0.000560225
7.85784e-05
0.000133301
0.000166837
0.000135632
0.000181684
0.000615317
0.000136762
0.00013742
0.000170422
0.000512199
0.000155083
0.000189874
9.30552e-05
9.49895e-05
0.000143169
0.000180816
0.000403101
0.000172957
0.000238633
0.000406208
0.000164608
1.07891e-05
0.000144747
0.000161782
0.000404237
0.000270977
8.72726e-05
0.00019431
8.99732e-05
0.00220151
0.000439845
0.000289045
0.000124466
0.000728804
0.000177249
0.00023729
0.000223135
0.000394302
0.000107988
0.000334412
0.000948634
0.000122852
0.000103322
0.000274783
0.000412811
0.000299394
0.0001881
7.57262e-05
0.000198379
0.00148949
0.000297836
0.000208435
0.000301772
0.000818151
0.00054288
9.47755e-05
0.000302084
0.00021928
0.000434627
0.000542136
0.000199272
0.000618333
0.000869361
0.000252847
0.000240506
0.000153843
0.000287189
0.000144476
0.000181552
0.000799395
0.000258088
0.000230928
7.22559e-05
6.91003e-05
0.000362787
8.28411e-05
0.000267083
5.45101e-05
0.00112961
0.000116144
0.000762138
0.000184731
0.000295071
0.000111438
8.18757e-05
0.00152458
0.000274864
0.000208672
7.84226e-05
0.000117739
0.000184586
0.000718694
0.000290409
6.96755e-05
0.000460447
9.59462e-05
0.000361874
0.000156642
0.000334829
0.000156406
0.000358192
0.000253965
0.000232335
0.000158251
8.40216e-05
0.000247816
0.000515777
0.000283552
0.000127748
0.00016534
0.000454692
0.000744422
0.000690866
4.83337e-05
0.000267011
8.90864e-05
0.000162187
0.000220427
0.000335867
0.000538317
4.49535e-05
0.000205276
0.000111189
0.000217008
0.000357995
0.000121862
0.000114587
9.6521e-05
0.000367094
0.000195357
0.000515797
0.000149876
0.000265051
0.000258897
5.76929e-05
0.00821373
2.11686e-05
0.000335701
0.000210669
0.000237802
0.000113052
0.000370153
5.2606e-05
0.000124948
1.80213e-06
0.000222474
0.000350089
0.000172859
0.00144991
0.000124147
0.000268474
0.00049824
0.0002977
0.000250905
0.000140173
0.000169218
0.000256556
0.000314587
0.000233879
0.000581899
0.000280109
0.000270209
0.000374431
8.9219e-05
0.000177944
0.000297866
0.000319141
0.000141536
0.000261085
0.000287619
0.000207852
0.000322814
0.000645349
7.35962e-05
0.0001493
0.000366328
0.000145828
0.000162344
0.000251017
0.00022402
0.00146809
0.000109925
0.00038003
0.00037332
0.000164079
0.000426255
9.79632e-05
9.67723e-05
0.000224631
7.73664e-05
0.000442552
0.000764794
0.000155908
7.59459e-05
0.000101197
3.68213e-05
0.000511992
0.00034838
0.00029557
0.000169338
0.000231891
0.000238881
3.35817e-06
0.000733586
0.000324958
0.000765832
0.0002819
0.000460545
0.000156283
0.000212101
0.000134817
0.000388076
0.000138908
0.000100458
0.000243121
0.000133243
0.000280825
9.47998e-05
0.000145646
0.000238854
0.000295355
0.000494882
0.000272262
0.000814555
0.00020467
0.00022975
0.000336654
0.000305797
0.00033978
0.000125132
0.0003209
0.00104283
0.000327625
0.000122267
0.000181054
0.000325079
0.000249961
7.76538e-05
6.06306e-05
0.000771763
0.000484188
0.000198987
0.00011561
0.000134202
0.000834014
0.000198357
0.000752569
0.000335671
0.000206372
0.00051815
0.000443795
0.00184834
0.000309374
0.000697041
5.69744e-05
0.000142511
0.00133634
7.36762e-05
0.000234907
0.000481065
0.000113376
0.00043919
0.00011498
4.6294e-05
0.000416158
0.00040961
0.000173149
0.000197532
0.00034363
0.000289444
0.000282506
0.000118354
0.000237077
0.000237543
0.000245729
0.000101114
0.000204951
0.00635176
0.000138359
0.000321429
0.000439205
0.000261539
8.43384e-05
0.000268422
0.000513644
0.000982192
0.000724055
0.000491077
0.000227303
0.000147108
0.000180613
0.000222921
7.79927e-05
0.000679644
0.000109826
0.000460105
0.000156592
0.000583135
0.000212847
0.000136992
0.000328738
0.000145808
1.15898e-05
0.000449962
9.62071e-05
0.000177349
9.45794e-05
0.000246927
0.000160774
0.000170979
0.000202659
8.98571e-05
0.000152114
0.000119635
0.000243356
0.000225769
0.000170121
0.000117146
0.000117008
0.000120728
0.000172855
0.000247428
3.63123e-05
0.00023359
0.000314747
0.000173942
6.35047e-05
0.000391843
0.000267889
0.000248492
0.000274175
0.000392861
0.00017172
0.000182841
0.00012258
0.000306195
0.000211733
9.87151e-06
1.24347e-05
0.000227959
0.000590092
0.000250156
0.000314151
0.000199303
0.000193848
0.000590974
0.000245679
0.000274325
3.60158e-05
0.000346151
0.000103477
0.000278304
0.000170731
0.000505774
0.000276348
0.000338089
0.00012705
0.000132004
0.000288708
0.00016755
0.000319011
0.000178466
3.21322e-05
0.000442977
0.000296262
0.00036658
0.000250579
0.000355175
0.00014659
0.000328978
0.000273491
0.000283305
6.98096e-05
0.000259479
0.000489771
0.000223567
0.00051229
0.000222483
0.000195249
5.34338e-05
0.000153446
0.00281682
6.44173e-05
0.000316672
0.000330886
0.000164208
0.000287145
0.000484207
0.0001314
0.00026089
0.000215322
0.000156266
0.0006244
0.000206868
8.61407e-05
0.000766665
0.0019456
0.000255391
0.000244046
3.39168e-05
0.000169931
7.36596e-05
0.000182171
0.000257443
0.000256879
0.000217169
0.000105881
0.000156166
0
0.000426127
0.000201289
0.000339674
0.000169943
0.000159026
0.000410999
0.000166077
9.1005e-05
0.000103032
8.34382e-05
9.61548e-05
0.000235317
0.000140995
0.00014538
0.000399777
0.000225506
0.000170538
8.61522e-05
0.00013507
8.63239e-05
0.000150267
0.000147417
0.000320144
0.000172197
0.00037222
7.67165e-05
0.000207969
0.000119258
7.26738e-05
8.00781e-05
0.0178019
7.13843e-05
0.000567388
0.00030004
0.000104897
0.000115455
0.00021558
0.000215418
0.00170811
0.000820845
5.51377e-05
0.000146795
0.000281607
0.00155045
0.000400036
0.000145705
0.000306754
0.000298366
0.000850064
0.000187628
0.000370906
0.000299041
0.000146915
0.000136532
0.000101242
0.000409371
8.95853e-05
0.000574884
0.000239517
0.000284929
0.000303095
0.00018105
0.000152187
0.000358314
0.000291861
0.000569685
0.000210718
0.000159895
0.00172001
0.000199938
3.81198e-05
0.000101894
0.000201954
0.000263381
0.000315953
0.000231961
6.23537e-05
0.000720271
0.000388
0.000197537
0.000314391
0.000295371
0.000274688
0.000935634
