0.000357297
0.00153776
0.000562769
0.000621423
0.000464832
0.000649751
0.000964328
0.000973878
0.00100878
0.00765388
0.00139364
0.000607354
0.000800591
0.000759332
0.000826842
0.000427695
0.00121701
0.000729316
0.000633736
0.00375561
0
0.00128347
0.00159079
0.000530877
0.00107616
0.000594017
0.000554709
0.000432284
0.000746327
0.000417193
0.00173608
0.00049737
0.00454921
0.000850182
0.00108499
0.00254241
0.00490248
0.000647949
0.000773281
0.000926782
0.00091422
0.000948695
0.00110922
0.000588561
0.000414823
0.00122227
0.000844025
0.000392364
0.00067478
0.000650405
0.000567455
0.00103893
0.00238532
0.000692181
0.00320884
0.000999724
0.00169044
0.000672212
0.000572001
0.000790877
0.00364743
0.00283409
0.000163079
0.00193249
0.000587271
0.000918414
0.000244613
0.00177518
0.000981216
0.000642008
0.000264283
0.00144199
0.00117902
0.00090315
0.00157873
0.00588157
0.00077218
0.000629349
0.000681753
0.00109364
0.00109234
0.000352878
0.000636121
0.000516314
0.000722252
0.000812023
0.000223662
0.000808075
0.000752908
0.00112439
0.00234525
0.000729148
0.000571286
0.00321426
0.000872288
0.000275554
0.00196546
0.000827313
0.000714035
0.00128026
0.00028827
0.000608182
0.00025742
0.000775496
0.000261905
0.0014197
0.0319093
0.00104638
0.000546385
0.000886338
0.000765093
0.000552858
0.000970017
0.000416247
0.000636779
0.00121186
0.000832475
0.000694494
0.00128982
0.000752623
0.000976551
0.000877456
0.000740604
0.000684628
0.00107007
0.000755804
0.000910918
0.000546842
0.000867025
0.00160321
0.00200111
0.000773404
0.00238122
0.00202046
0.00110566
0.00103472
0.000482704
0.00160223
0.00158554
0.000738924
0.00065023
0.000433007
0.000297713
0.000270257
0.000584482
0.00254188
0.000912442
0.00146867
0.000326037
0.00129586
0.000803059
0.000417391
0.000979334
0.000460964
0.000730683
0.000579112
0.00701345
0.000793533
0.00163773
0.000864105
0.00424122
0.000790498
0.000454326
0.000571774
