0.00043478
0.0010662
0.000492146
0.000395084
0.000193863
0.000238349
0.000335017
4.99161e-05
0.000410569
0.000308881
0.000435443
0.000307699
0.00111364
0.000484151
0.00122332
0.000296763
0.000637983
0.000593196
0.00026925
0.000232156
0.000290936
0.00100279
0.000519306
0.000364777
0.000561884
0.000189512
0.000151214
0.000275877
0.000534777
3.85251e-05
0.000685861
0.00065649
0.000191009
0.00077465
0.000399822
0.000237902
0.0013443
0.00054485
0.000301999
0.00334998
0.00043142
0.000359496
0.000188738
0.000284189
0.000665144
0.00270708
0.000368458
0.000276139
0
0.000818465
0.000310727
0.00118697
0.000487165
0.000925067
0.000240994
0.000185547
0.000344197
0.000357443
0.00130301
0.000644915
0.000564407
0.00060932
0.000453863
0.000334843
0.000145207
0.00111403
0.000176838
0.000387548
0.000278525
0.000424879
0.000537334
0.000136618
0.000585126
0.00019251
0.00226518
0.000555512
0.000256258
0.000907667
0.000116926
0.000815398
0.000354002
0.000555801
0.000278842
0.000186638
0.000610236
0.000318857
0.00031718
0.000223279
0.000265947
0.000811244
0.000715625
0.000578715
0.00027949
0.000232997
0.000107911
0.000502471
0.000923589
0.000484807
0.000430819
0.00015199
0.00126845
0.000351458
0.000116839
0.00118742
0.000394585
0.000691469
0.000736184
0.000285266
0.000337938
0.000269676
0.000137923
0.000254456
0.000157417
0.00042384
0.000354506
0.000343997
5.82953e-05
0.000353814
0.000148993
0.000797912
0.000826827
0.000268448
0.00035453
0.000352734
0.000211129
0.000545604
0.000385195
0.000476567
0.000232106
0.000576871
0.000192138
0.000553096
0.000542157
0.00067417
0.000275537
0.000268992
0.000207544
0.0020354
0.00237418
0.000685022
0.000474067
0.000385552
0.000609541
0.000296817
0.000160738
0.000973196
0.00085833
0.000508084
4.44528e-05
0.000483409
0.000138565
0.000164614
0.000416974
0.000114573
0.000304085
0.000936675
0.000153941
0.00030861
0.000508267
0.000536384
0.000445808
0.00054626
0.000586576
0.000328353
0.000277963
0.000972193
0.000485003
0.000345299
0.000776986
5.44211e-05
0.000472983
0.000249487
0.000330891
0.000160123
0.000401661
0.000413201
0.00060334
0.000462054
0.000375355
0.000324473
0.000623025
0.000371072
0.000234306
0.00229323
0.000373148
0.000213544
0.000340355
0.000191741
0.000216046
0.000374819
0.00023932
0.000602123
0.000566423
6.69312e-05
0.000322627
0.000444885
0.000398181
0.00101293
4.67537e-05
0.000360308
0.000301469
0.000436818
0.000877613
0.000299004
0.000432336
0.000602003
0.000471197
0.000418702
0.000495219
0.000141658
0.000826102
0.000202634
0.000319247
0.000271718
0.000208832
0.000471429
0.000364441
0.000549094
0.000717488
0.000194462
0.000227899
0.00018349
4.80239e-05
0.000423198
0.000379547
0.000726676
0.000613511
0.000296478
0.000135415
0.000723599
0.000462067
0.00110846
0.00126459
0.000422663
0.000375045
0.000298536
0.000185257
0.000335998
0.00063196
0.000447526
0.000289055
0.000163467
0.000150138
7.41256e-05
0.00043855
0.000404403
0.000341782
0.000700362
0.000216177
0.000531973
0.000536546
0.000285496
0.000383773
0.000583522
0.000631283
0.000156006
0.000306874
0.000806913
0.000176894
0.000596059
0.000442949
0.000725609
0.000311512
0.000383376
0.00020202
0.000354971
0.000500306
0.000418699
0.000234852
0.000197109
0.000386166
0.000217409
0.00102807
0.000140108
0.00071356
0.000183908
0.000277944
0.00116562
0.000342106
0.000973268
0.00046711
0.00206833
0.000714934
0.000417961
0.0014496
0.000257857
0.000244275
0.000248445
0.000524833
0.000657539
0.000250626
0.000533284
0.00048712
0.000174858
0.000280507
0.000310512
0.000380582
0.000279356
0.000835492
0.000534621
0.000217387
0.000228617
0.000147757
0.000227802
0.00114593
0.000627382
0.000137982
0.00178804
0.000738996
0.000399806
0.000337895
0.00118198
0.000315328
0.00190604
0.0001976
0.000480355
4.22043e-05
0.000129639
0.000456734
0.000473534
0.000234268
0.000532185
0.000345354
0.000204777
0.00523542
0.000381197
0.000367034
0.00103881
0.000437023
0.000302375
0.000254943
0.000544997
0.000450416
0.000185673
0.000241016
0.000277794
0.000223502
0.000503237
0.000259966
0.000293095
0.000342231
0.000733184
0.000432684
0.000268726
0.00014758
0.000515082
0.00036573
0.000287942
0.000211969
0.00017049
0.000582102
0.000329747
0.000272836
0.000267273
0.000320814
0.000472283
0.000500299
0.000568982
0.00123648
0.00338921
0.000600724
0.000743864
0.000732719
0.000655771
0.000344094
0.00219663
0.000488553
0.00112805
0.000575915
0.00185856
0.000192033
0.000495266
0.000357604
0.000464143
0.000727313
0.000200245
0.00109741
0.000430242
0.000894933
0.000938742
0.000332541
0.000370568
0.000352482
0.00305357
0.000453511
0.000240348
0.000117696
0.000261251
0.000581213
0.000446797
0.000113116
0.000100142
0.000279024
0.00049992
0.000348006
0.000423353
0.000553889
0.000499746
0.000417323
0.000258846
0.000280347
0.000336948
0.000284017
0.000447775
0.000457964
0.000746381
0.000295225
0.000593592
0.000460374
0.000955454
0.000577253
0.000263129
0.000776331
0.000305358
0.000328683
0.000481326
0.000851956
0.000567396
0.000848048
0.000519934
0.000276815
0.000616556
0.000985463
0.000480494
0.000459686
0.000208564
0.000345517
0.000267088
7.96456e-05
0.000618037
0.00041789
0.00108997
0.000343683
0.000684634
0.00060667
0.000586642
0.000444169
0.000522524
0.000333715
0.000285541
0.000354268
0.000111385
0.000523733
0.00525955
0.000247727
0.00092237
0.000137647
0.000336504
0.00062064
0.000480009
0.000648009
0.000459061
0.00141577
0.000794609
0.000106443
0.000706962
0.000882658
0.000386236
0.000328014
0.000155209
0.000271595
0.000796666
0.000292449
0.00105847
0.000456517
0.000488193
0.000513413
0.000784502
0.000287039
0.00020339
0.0003664
0.000789278
0.00155145
0.000605042
0.000425802
0.00030133
0.000700796
0.00307023
0.000269948
0.000439221
0.000494712
8.67992e-05
0.00203752
0.000253244
0.000421113
0.0010531
0.000239693
0.000374581
0.000216752
0.00396794
0.000449319
0.000515191
0.000408712
0.000624013
0.00154285
0.000325087
0.000877486
0.00173439
0.000119402
0.00025457
8.77074e-05
1.24471e-05
6.98215e-05
0.000267032
0.000262178
0.000960533
0.000840133
0.000176695
0.000352562
0.00046722
0.000715631
0.000499887
0.000628491
0.00047727
0.00182261
0.00044169
0.00060467
0.00036799
0.000964544
0.000270652
0.000909385
0.000750139
0.000125692
0.00014987
0.000955587
0.000273546
0.000508483
0.000491571
0.000336348
0.000168447
0.000230654
0.000377539
0.000371583
0.000220824
0.00101861
0.000575546
0.000550504
0.000303395
0.000247641
8.95455e-05
0.000509255
0.000266082
0.000276168
0.00054908
0.000423484
0.000313636
0.000195295
0.000135346
0.000492106
0.000521487
0.000232478
0.000153033
0.000550575
0.000482733
0.000554774
0.000182104
0.000327149
0.000540532
0.000199733
0.000616935
0.000181614
0.000183197
0.000141518
0.000635387
0.000273817
0.000680684
0.000212544
0.000500134
0.000391837
0.000310303
0.000349207
0.000182895
0.000195221
0.000457463
0.000595298
0.000305559
0.000160109
0.0013792
0.000372655
0.000518708
0.000509716
0.000342846
0.000274044
0.000243467
0.000243177
0.00211924
0.00269312
0.000826926
0.000322608
0.000397148
0.000299568
0.00025521
0.000430366
0.000590369
0.000405887
0.000157088
0.000967214
0.000312201
0.000171037
0.0004154
0.00128947
0.000271677
0.000317025
0.000518904
0.00011252
0.000406836
0.000545562
0.00016544
0.000101732
0.000507016
0.000116553
0.000417774
0.000609158
0.00030293
0.00035705
0.000242713
0.0004235
0.00071639
0.000657323
0.000601925
0.000499081
0.000478412
0.000342649
0.00020674
0.000270596
0.000433233
8.69825e-05
0.000317241
0.000376288
0.00152638
0.000326227
0.000165878
0.000554768
0.000132936
0.000354092
0.000295493
0.000658933
0.000378546
0.000696377
0.00418762
0.000102169
0.000166697
0.000380053
0.000120162
0.000510386
0.000917699
0.000297997
0.0002661
0.000900707
0.000524462
0.00031682
0.000562069
0.000447665
0.034562
0.000481529
0.000745409
0.000375104
0.000405992
0.000473985
9.71196e-05
0.000431736
0.000534863
0.00123326
0.000449392
0.000409292
0.000225383
0.00010551
0.000138217
0.000451281
0.00113348
0.000529928
0.000258697
0.000768066
0.000259279
0.00095524
0.000361345
0.000329695
0.000355416
0.000362073
0.000284092
0.000205041
0.000357949
0.000535054
0.000207371
0.000244061
0.000425042
0.000700062
0.000623201
0.000165108
0.00265492
0.000501233
0.000851841
0.000368302
0.000235125
0.00034718
0.000492288
0.000579032
0.000285693
0.000176409
0.000403207
0.000638832
0.000605342
0.000257346
0.000693431
0.000536785
0.000532833
0.00090513
0.000291944
0.00027163
0.000183501
0.000334558
0.000105876
0.000185732
0.000677023
0.00176226
0.000647448
0.00027858
0.000183583
0.000291112
0.000446022
0.00091751
0.000302525
0.000911155
0.000455108
0.000365288
0.000243488
0.00184873
0.000332544
0.000234421
0.000536903
0.000385712
0.000263252
0.000766125
0.000534928
0.000602333
0.00022779
0.000452524
0.000218845
0.000346819
0.000142306
4.98414e-05
0.000379762
4.81212e-05
0.00175
0.000181341
0.000344398
0.000391932
0.000669312
5.75772e-05
0.0004838
0.000628431
0.000547152
0.000647696
0.00759433
0.000709935
0.00013751
0.000386859
0.000161943
0.000369348
0.000354703
0.00126179
0.000518563
0.000186605
0.000542652
0.000301078
0.000503374
0.00056027
0.000757514
0.00083082
0.000743811
0.000859906
0.000323133
0.000675541
0.000441319
0.000857496
0.000427909
0.000288426
0.000641299
0.00035629
0.000742098
0.000389208
0.000215602
0.000558409
0.000606514
0.000975912
0.000794061
0.000371239
6.41422e-05
0.000146252
0.000426252
0.000266321
0.000496266
0.00029047
0.00419238
0.0001395
0.000580372
0.000121113
0.000454737
0.000623762
0.000170795
0.000270952
0.000462956
0.000331654
0.000458989
0.000175606
0
0.000346914
0.000193213
0.000178763
0.000351002
0.00099688
0.000620349
0.000804532
0.000149873
0.000319767
0.000491385
0.00064853
0.000639987
0.000666232
0.000348862
0.00154587
0.000459899
0.000169796
0.000567878
0.0451676
0.000338556
0.00042327
0.000159336
0.000453877
0.000614874
0.000689629
0.000340044
0.00059925
0.00161834
0.00040751
0.000134745
0.000304451
0.000249232
0.000379813
0.000299024
0.000444975
0.000373
0.000161246
0.000254978
0.000538971
0.000645779
0.000477251
0.000570733
0.00030347
0.000265997
0.000517425
0.000729268
0.000642569
0.000471196
0.00013599
0.000477905
0.00515034
0.000741172
0.000388769
0.00169491
0.000483768
0.00038997
8.20263e-05
0.000537313
0.000404751
0.000117431
0.000203961
0.000508299
0.000188183
0.000584253
0.000108124
0.000182208
0.000701473
0.000177259
2.62459e-05
0.000348518
0.000261128
0.000319382
0.000374557
4.14657e-05
0.000275759
0.000419862
0.000330338
1.68237e-05
0.000226663
0.0102259
0.000257512
0.000813679
0.00065978
0.000457547
0.000868954
0.0004959
0.000496926
0.000191593
0.000317213
0.000264139
0.000674124
0.00152362
0.000353234
0.000401728
0.000436112
0.000318612
0.000304684
0.000328688
0.000535156
0.000497527
0.000318963
0.000403263
0.000278249
0.000470235
0.000222523
0.000558385
0.000369561
0.000368207
2.10179e-05
0.000419417
0.00144612
0.000498338
0.000224452
0.000476226
0.000382838
0.000519822
0.00037786
0.000365573
0.000332263
0.000313009
0.000161226
0.000998697
0.00104435
0.000426267
0.000427204
0.000423054
0.000444079
0.000778519
0.000647653
0.00035889
0.000233995
0.000383153
0.000462564
0.000707762
0.000275769
0.00104172
0.000972278
0.000956658
0.000677479
0.000350169
0.000783619
0.000304685
0.000297065
0.000828034
0.000170269
0.000279427
0.0037172
0.000388445
0.000303283
0.000342235
0.000497152
0.000262693
0.000481658
0.000473391
0.000382083
0.000287986
0.000142244
0.000232819
0.000627755
0.000301592
0.000482005
0.000162121
0.000705242
0.000173256
0.000310991
0.000230878
0.000339056
0.000227127
0.00044259
0.000290478
0.000477227
0.000855845
0.000746621
0.000260213
0.000339882
0.000690478
0.000224456
0.000513891
0.000344293
0.000571393
0.000203821
0.000273699
0.000401429
0.00055508
0.000375338
0.00250559
9.91907e-05
0.000155826
0.000429353
0.000295085
0.000459945
0.000167682
0.000524932
6.3429e-05
0.000336502
0.000310895
0.000188466
0.000271274
0.000216596
0.000821228
0.000854069
0.000367441
0.000299307
0.00012451
0.000293793
0.000346719
0.000162292
0.000343215
0.000324861
0.000610454
0.000359729
0.000470823
0.00106324
0.000340513
0.000875944
0.000359804
0.000674291
0.000594837
0.000136107
0.000146143
0.000547755
0.000363596
0.000595452
0.000185029
0.000503776
0.0145658
0.000646008
0.000424288
0.000763833
0.000850938
0.000627041
0.00282444
0.0037814
0.00109587
0.000411967
0.000728869
0.000231953
0.000227979
0.00102841
0.000464223
0.000408516
0.000510036
0.000612705
0.000727183
0.000223261
0.000656488
0.000486338
0.000589877
0.00199134
0.000319843
0.000236493
0.000184507
0.00062247
0.00024702
0.000249663
0.000370703
0.000582254
0.000400967
0.000404407
0.00033219
0.000334374
0.00124947
0.000321294
6.00012e-05
0.000649181
0.000262157
0.000133277
0.000379148
0.000496266
0.000280477
0.000601576
0.00091355
0.000448657
0.000138651
0.000403839
0.00026892
0.000280249
0.000206944
0.000249008
0.000392043
0.000672055
0.000377198
0.000178704
0.000461567
0.000112345
0.000403322
0.000671549
0.000338774
0.000423407
0.00051063
0.000480094
0.000658715
0.000709907
0.000195988
0.00028012
0.000511608
0.000559807
0.000175173
0.000684545
0.0177382
0.000215931
0.000791522
0.000271562
0.000487526
0.000405123
0.000503235
0.000339923
0.000431489
0.000402197
0.000132231
0.000304293
0.000444847
0.000501137
0.000325554
0.000267902
0.000485822
0.000243054
0.00105862
0.00110251
0.000305715
0.000206234
0.000636779
0.000513441
0.000241576
0.00120098
0.000442896
0.000234911
0.000124471
0.000553629
0.000314137
0.00144535
0.000519771
0.000487299
0.000374672
0.000406431
0.00130545
0.000224581
0.000465282
0.000150008
0.000408152
0.000254
0.000578865
0.000656354
0.000428137
0.000683864
0.000200209
0.000826356
0.000381074
0.000607303
0.000333509
0.000239213
0.000143338
0.000301906
0.0100464
0.000373721
0.000541574
0.000485542
0.000353268
0.000341275
0.000224542
0.000543748
0.000209573
0.000530812
0.000118952
0.000306578
0.000509928
0.000275729
0.000541493
0.000341137
0.000576487
0.000255887
0.000167295
0.000331042
0.000386179
0.000265157
0.00116244
0.000317107
0.0011739
0.000239709
0.000413419
0.000351686
0.000173307
0.0115002
0.000145226
0.000302106
0.000321172
0.000450072
0.000929746
0.000506733
0.000337915
0.00619682
0.000263471
0.000405919
0.000126966
0.000222645
0.000394134
0.000446001
0.000322494
0.000163941
0.000678983
0.000168646
0.000282677
0.000601522
0.000926219
0.000466182
0.000209225
0.000213007
0.000269861
0.00020807
0.000620201
0.000313953
0.000730818
0.000184968
0.000457382
0.000463832
0.00192361
0.000345448
0.000338025
0.00113311
0.000778056
0.000433027
0.00186638
0.00048285
0.000272538
0.000728336
0.000588944
0.000543345
0.000283248
0.00067072
0.000375617
0.00143746
0.000677992
0.00332323
0.000742845
0.000428515
0.000259208
0.00206319
0.00158259
0.000296412
0.000463972
0.000404229
0.000235949
0.000573808
0.000279735
0.000476533
0.000774048
0.000263764
0.000243866
0.000224843
0.000412783
0.000374659
0.000573669
0.000299197
0.000174442
0.000389794
0.00275336
0.000267898
0.000215525
0.000268414
0.000229799
0.000364707
0.000488281
0.000408019
0.000787492
0.000481849
0.00130558
0.000437501
0.000277516
0.000320435
0.000543429
0.000529813
0.000581828
0.000198413
0.000742542
0.000345482
0.000288048
0.000353997
0.000266931
0.000334756
0.00047272
0.000196307
7.5782e-05
0.00126103
0.000755501
0.000351416
7.71206e-05
0.000219125
0.00104193
0.000557518
0.000385998
0.000418251
0.00243121
0.000704739
0.000447144
0.000472901
0.000498401
0.000808411
0.000311152
0.000308814
0.000416482
0.000461
0.000242444
0.000582903
0.000901465
0.000103713
0.000575917
0.000163919
0.00113724
0.000518847
0.000190707
0.000299306
0.000377509
0.000111544
0.00072687
0.000263037
0.00068264
0.000453577
0.000148247
0.000247689
0.000590256
6.61882e-05
0.000726982
0.000311516
0.000470291
0.000647814
0.000202663
0.000362298
0.000343692
0.000312167
0.000213318
0.000252187
0.00046199
0.000315687
0.000486132
0.000561566
0.000291955
0.000216926
0.000100077
0.000374523
0.000576986
0.000297087
0.00496248
0.000901768
0.00103345
0.000232
4.10588e-05
0.000375234
0.000149267
0.000163544
0.000398824
0.000200929
0.000365362
0.000585121
0.000755018
0.000144104
0.000171406
0.000525294
0.000162994
0.000289455
0.000486713
0.000208977
0.000371425
0.000252775
0.000413596
8.33212e-05
0.00075809
0.000250555
0.000192088
0.00111129
0.000482514
0.000111957
0.00246308
0.0004386
0.00130529
0.000439003
0.000325484
0.000257648
0.000327995
0.000378877
0.000351701
0.000309757
0.000538114
0.00724299
0.000171211
0.000710141
0.000173849
0.000397086
0.000478431
0.000630237
0.000721315
0.00171182
0.000821104
0.00027538
0.000353957
0.000331832
0.000749066
0.000375006
0.000200693
0.000396969
0.000589302
0.00021081
0.000448576
0.000262245
0.000441244
0.000148229
0.00124133
0.000287611
0.000274045
0.000676318
0.000688913
0.000409026
0.000288423
0.000400892
0.000123976
0.000357883
0.000244463
0.000170644
0.000394575
0.000689732
0.000446711
0.000317938
0.00031491
0.000129287
0.000522007
0.000253735
0.00108937
0.000365656
0.000256429
0.000768576
0.000203166
0.00145897
0.000389978
0.00015342
0.000506023
0.00176451
9.88971e-05
0.00106641
0.000356368
0.000404008
0.000245148
0.000350358
0.000754663
0.000204093
0.000378541
0.000259143
0.000411926
0.000278204
0.000442334
0.000500198
0.000648379
0.000248533
0.0081281
0.000262465
0.000291212
0.000369367
0.000616599
0.000308498
0.00061267
0.00138106
0.000586017
0.000310166
0.00113627
0.000653704
0.000455237
0.000360697
0.000469186
0.000135781
0.000639911
0.000450005
0.000168024
0.000358235
0.0108045
0.000118353
0.000311929
0.000392688
0.000566319
0.000458923
0.000244585
0.000167235
0.000403009
0.000154582
0.00032777
0.000288274
0.000319298
0.000295203
0.000646238
0.000498674
0.000840704
0.000513492
0.0003136
0.000531262
0.000252645
0.0182822
0.000234906
0.000399302
0.000354761
0.000263385
0.00117335
0.000807572
0.000603166
0.000497506
0.00148609
0.000230127
0.000242802
0.000457832
0.000357243
0.000337476
0.000257497
0.000207031
0.000514443
0.000720605
0.000178724
6.023e-05
0.000227458
0.000709062
0.000300937
0.00052476
0.000623758
0.000278347
0.000344317
0.000233096
0.00122024
0.000678111
0.000438631
0.000321516
0.00030061
0.000343358
0.000240867
0.000560379
0.000295762
0.000563992
0.000401176
0.00120614
0.000187249
0.000518834
0.000231975
0.000864917
0.000384151
0.000694666
0.000173027
0.000411577
0.000433488
0.000591981
0.000194518
4.80777e-05
0.000254999
0.000548121
0.000339131
0.000266417
0.00104222
0.000373995
0.000770541
0.000363718
0.00425943
0.00024866
0.00094069
0.00019892
0.000321078
0.0011821
0.000175782
0.000435171
0.000570721
0.000483458
0.000249667
0.000484543
6.40047e-05
0.00028168
0.000219257
0.000132069
0.000443702
0.000704544
0.000202429
0.000242811
0.000171252
0.000472404
0.000798274
0.00013679
0.000230377
0.000156538
0.000278081
0.000445302
0.000457987
0.000192201
0.000437873
0.000214447
0.000400797
0.000131766
0.000762069
0.000229398
0.000219478
0.000321611
0.00123718
0.000878112
0.000541249
0.000541302
0.00145194
0.000317126
0.00273422
0.000300158
0.000186975
0.00129179
0.000199326
0.000304094
0.000294488
0.000468636
0.00050006
0.000298588
0.000822655
0.000372688
0.000516572
0.000546372
0.000556197
0.000467359
0.000693263
0.000254957
0.000647718
0.000402492
0.000244858
0.000236984
0.000186257
0.000637318
0.000410058
0.000291108
0.000786918
0.00013721
0.000380788
0.000391323
0.000432396
0.00076935
0.000327938
0.000433507
0.000319539
0.000629908
0.000627926
0.000356626
0.000295898
0.000195817
0.000219036
0.000227522
0.000153683
0.000319032
0.000601087
0.000560405
0.000190727
0.000262765
0.000450594
9.69078e-05
0.000228712
0.000512353
0.000452292
0.000381017
0.00199072
0.000641881
0.000413426
0.000289457
0.000473831
0.000365834
0.000147514
0.000381178
0.000580526
0.000424302
0.000735477
0.000330593
0.00144897
0.00117371
0.00145498
0.00053032
0.0001666
0.000193975
0.00178552
0.000588625
0.000832489
0.000293539
0.000278954
0.000227043
0.000678812
0.000577107
0.000369735
0.00025047
0.000254999
0.000282116
0.00174927
0.000680185
0.000303201
0.000345702
0.000553279
0.000126202
0.000270863
0.000777488
0.000148877
0.000579653
0.000116674
0.000299009
0.000153526
0.00137642
0.000880797
0.00039037
0.000315515
0.000258338
0.000475582
0.000673657
0.000185699
0.00792825
0.000679372
0.000567157
0.000269274
0.00135934
0.00148754
0.00017448
0.000278432
0.00017952
0.000144406
8.12671e-05
0.000508353
0.000717342
0.000540991
0.000190051
0.0176786
0.000342123
0.000204637
0.000306363
0.00151237
0.000172554
0.000271839
0.000226935
0.000394817
0.000630675
0.000702181
0.00110098
0.00179751
0.000387543
0.000411806
0.000542176
0.000432914
0.000166943
0.00019692
0.000241772
0.000225357
0.000292323
0.000361636
0.00288587
0.000502292
0.000327687
0.00043566
0.000171209
0.000784751
0.000473923
0.000437647
0.000178988
0.000256399
0.000397422
0.00103788
0.00021174
0.000470026
0.000180615
0.000262566
0.000339405
0.000531944
0.000267076
0.000460297
0.000234216
0.000994376
0.00035122
0.000364523
0.000352466
0.000652656
0.000334052
0.000403323
0.00143203
0.000335822
0.00030188
0.000214408
0.000281109
0.000753971
0.000885512
0.000342137
0.000340634
0.000542406
0.000375396
0.00036841
0.000489821
0.000495248
0.000425279
0.0016334
0.000381923
0.000145621
0.00110582
0.000324396
0.000261411
0.000252576
0.000541014
0.00110931
0.000328756
0.000634223
0.00038288
0.000332561
3.76773e-05
0.000882844
0.00383107
0.000795474
0.000482426
0.000120555
0.000768923
0.000457022
0.000214898
0.000201883
0.000346234
0.00156695
0.00045951
0.00044504
0.000979444
0.000463012
0.000322207
0.000456376
0.000131453
0.000510434
0.000887408
0.000395141
0.000216849
0.00107707
0.000317341
0.000223455
0.000218799
0.000377553
0.000459169
0.00232307
4.337e-05
0.000303836
0.0035643
0.000336923
0.00042513
0.000523904
0.000387442
0.000998222
0.000138995
0.000341983
0.000131577
0.0004026
0.000336924
0.000501654
0.000476227
0.000137109
0.000783122
0.000744598
0.000138409
0.000237667
0.000465615
0.000201093
0.000693074
0.000356883
0.000121657
0.000338083
0.000206605
0.000388919
0.000892858
0.000183588
6.19445e-05
7.99877e-05
0.0004466
0.000379699
0.000341007
0.00056769
0.000301601
0.000454488
0.000476202
0.000267712
0.00081165
0.000395593
0.00268674
0.000299369
0.000555445
0.00022216
0.000303106
0.000304573
0.000582385
0.000579294
0.000338489
8.41099e-05
0.00901214
0.00100066
0.00024413
0.000340436
0.000220932
0.000424064
0.000479712
0
0.000221589
0.00028702
0.000337876
0.000436102
0.000576282
0.00103549
0.00144026
0.000484836
0.000847376
0.000381223
0.00029736
0.000389797
0.000457326
0.00114681
0.00024457
0.000446306
0.0212664
0.000551
0.000324025
0.000706017
0.000754273
0.000400498
0.00052854
0.000505857
0.0113409
0.000194265
0.00039043
0.000495469
0.000139914
0.000550472
0.00065824
0.000292815
0.000328727
0.000235053
0.000558251
0.000543744
0.000328383
0.000278508
0.000333894
0.000896456
0.000424724
0.00047969
0.000590232
0.000574177
0.000336659
0.000460311
0.000402136
0.000262343
0.00038162
0.000215021
0.000264839
0.000282419
0.000470764
0.000194143
0.000128299
0.000502006
0.00035912
0.000399699
0.000152976
4.86242e-05
0.00654048
0.00056751
0.000177868
0.000689775
0.000297575
