0.000363502
0.000318211
0.00158699
0.00136847
0.00127107
0.000915224
0.00151542
0.000458224
0.00208507
0.0033112
0.000844736
0.00133819
0.0021629
0.0014133
0.000576872
0.00121265
0.00598441
0.000892494
0.00105709
0.00168174
0.00276874
0.00165829
0.00178986
0.000749821
0.000747418
0.00207984
0.00223491
0.0417313
0.000835421
0.00100039
0.000881076
0.00127519
0.00086023
0.00057719
0.000905189
0.0011791
0.000663843
0.00040755
0.000822022
0.00106433
0.000697758
0.0030667
0.00157395
0.000501033
0.000792509
0.00233686
0.000524529
0.000539963
0.000727241
0.000374737
0.000688581
0.00204028
0.000413416
0.000912886
0.000785747
0.000673596
0.000504288
0.000782235
0.000712474
0.00117989
0.00254523
0.00062643
0.00107773
0.00157599
0.00153503
0.000728831
0.000349965
0.000468073
0.00118834
0.00143882
0.000397828
0.00100052
0.00124746
0.000676639
0.000704021
0.00174265
0.000486752
0.00048819
0.00261667
0.00122739
0.000666589
0.00109457
0.00150643
0.00106765
0.000445253
0.000437829
0.000608372
0.00207875
0.000783303
0.000363722
0.000671306
0.000841014
0.00105406
0.000996809
0.00157606
0.0170294
0.000607719
0.000968227
0.000415923
0.000462603
0.0017896
0.000405877
0.000631375
0.0015842
0.000962261
0.0012333
0.00146265
0.00186909
0.00151919
0.000723323
0.00114857
0.000788126
0.000513471
0.000718127
0.000894452
0.00559087
0.000969902
0.00162819
0.000407065
0.00128606
0.000669917
0.00141065
0.000483726
0.000842762
0.000870164
0.000810571
0.00114447
0.000735171
0.000453483
0.00121231
0.00110552
0.000657504
0.000533776
0.00101365
0.00909909
0.000523334
0.000693541
0.00215271
0.00116696
0.00139159
0.00172172
0.000779592
0.000306689
0.000785388
0.00158747
0.00127447
0.00162058
0.000839504
0.00217109
0.000941029
0.000896687
0.00168702
0.000981918
0.0128623
0.00283614
0.000799883
0.00160268
0.00457779
0.000625507
0.00179155
0.00102859
0.000603225
0.00135643
0.00226436
0.00109764
0.00125236
0.00134894
0.00108126
0.00049546
0.000900355
0.000692267
0.000748879
0.00106376
0.00350473
0.000851355
0.00263174
0.000362836
0.000940332
0.000758548
0.000594025
0.000598681
0.000803509
0.000689625
0.00104945
0.000929366
0.00475177
0.00137272
0.00372799
0.000783385
0.000750629
0.000787243
0.000763945
0.00132833
0.00267497
0.00110542
0.00150786
0.001552
0.00125279
0.00105371
0.00218023
0.000768045
0.00127807
0.000546608
0.000934075
0.000708969
0.00175738
0.00570756
0.00067763
0.000558328
0.00105254
0.00130882
0.000613234
0.000425024
0.000732829
0.000757381
0.000884377
0.000780052
0.00181951
0.00230239
0.000936659
0.000487091
0.000427203
0.000829235
0.0165539
0.00082556
0.00136444
0.00319827
0.0011545
0.00129125
0.00130798
0.00126909
0.00116493
0.000899264
0.00128161
0.00251065
0.00102152
0.00126986
0.00626878
0.00122124
0.000274035
0.000639588
0.00168898
0.00104746
0.00234042
0.00295622
0.000794388
0.00176506
0.000598787
0.00088281
0.000246246
0.00134673
0.00126814
0.00130852
0.00218618
0.00108586
0.000699999
0.00234674
0.000646438
0.00383453
0.000458244
0.00154366
0.00119735
0.00162892
0.00101934
0.000913946
0.000401706
0.0013205
0.00137276
0.00288728
0.00206517
0.00063035
0.000918573
0.00114562
0.0010687
0.000840305
0.00124426
0.000580752
0.0014616
0.000345398
0.00104752
0.000851337
0.00075067
0.00168729
0.00107558
0.00108238
0.00103087
0.000878908
0.000983532
0.00246149
0.000505293
0.000834439
0.00234637
0.00088839
0.000396051
0.00134188
0.000318631
0.00165177
0.00175942
0.000761188
0.000897341
0.000493914
0.00110504
0.00095242
0.00183278
0.000770582
0.00112798
0.00167811
0.00108044
0.000337675
0.00108707
0.000368422
0.000739045
0.000857037
0.0116946
0.000547625
0.000805202
0.00117739
0.000618897
0.000824445
0.00165558
0.00164087
0.000608705
0.0011401
0.000609537
0.00272301
0.00102966
0.00132552
0.00151145
0.00074108
0.000421096
0.000660803
0.00183029
0.000662944
0.000723488
0.000818593
0.00116555
0.00154661
0.0235891
0.000952652
0.00114564
0.00103733
0.000514756
0.00158961
0.00068382
0.00114011
0.000569331
0.000783872
0.00108505
0.000892827
0.00130701
0.00126001
0.0005628
0.00150855
0.000576695
0.00168973
0.000697209
0.00118068
0.00042228
0.00177525
0.000257173
0.00193972
0.00351499
0.00104233
0.00139229
0.00145782
0.000361214
0.000691935
0.00116195
0.00120229
0.00178097
0.000817723
0.00106108
0.00255207
0.00143033
0.000758709
0.00689776
0.00100341
0.00127914
0.000440976
0.000165362
0.00186827
0.00125265
0.00271021
0.00124645
0.000877204
0.0145973
0.00033757
0.00184188
0.00131683
0.00146022
0.000686854
0.00125699
0.00194155
0.000610039
0.00123701
0.00140601
0.00518324
0.0019635
0.000989542
0.000671156
0.000311995
0.000365391
0.0017239
0.000740491
0.000399336
0.000499471
0.00123851
0.000529144
0.00222638
0.000737623
0.00140473
0.00100469
0.00101122
0.00190319
0.000554834
0.000977047
0.000876901
0.00267004
0.00210543
0.000894478
0.00104794
0.000833096
0.000457743
0.00629731
0.00464325
0.000548741
0.000717181
0.000498812
0.000457558
0.00158094
0.00163158
0.000582787
0.000835279
0.00163532
0.000590456
0.000975076
0.00165866
0.00171323
0.000778012
0.00121624
0.000855815
0.00147024
0.00190907
0.000800363
0.000432632
0.00130438
0.00111751
0.000833847
0.00125021
0.00232587
0.00118192
0.000861419
0.000309015
0.00139568
0.000456273
0.000276275
0.00081342
0.00128768
0.00103069
0.000708616
0.00146051
0.00162088
0.00080708
0.00224069
0.000529117
0.000756159
0.00106183
0.000659726
0.00123904
0.00082337
0.0010488
0.00050874
0.000864072
0.000336491
0.00193985
0.00501469
0.000599058
0.000919103
0.00106355
0.000479669
0.00156203
0.000978563
0.00100547
0.000522269
0.000680738
0.000880155
0.000959539
0.00083272
0.00109021
0.00154872
0.00153503
0.000611574
0.00332198
0.000445101
0.000807052
0.000763237
0.000544894
0.000802142
0.00163834
0.000888705
0.00206791
0.0031338
0.00058441
0.000659103
0.00100714
0.00106188
0.00100872
0.00113267
0.00654425
0.00057056
0.00125448
0.00084106
0.00244358
0.000750606
0.00080563
0.000693504
0.000376095
0.00161789
0.00133044
0.00102237
0.000721743
0.000532517
0.00121699
0.00139693
0.00135883
0.000547546
0.00355221
0.000668191
0.00113457
0.00129174
0.000942978
0.000851051
0.00091569
0.000198576
0.00133005
0.000670927
0.00569134
0.00103051
0.00125507
0.00100867
0.000495665
0.000849376
0.000618941
0.00131351
0.000917355
0.000600936
0.000731056
0.000647577
0.00491522
0.000757374
0.000253088
0.000570071
0.000860718
0.00447611
0.00137108
0.00100991
0.00462183
0.00086127
0.000758404
0.000506458
0.00107919
0.00149768
0.000823128
0.000766541
0.000565517
0.000802823
0.000933824
0.00109158
0.000567018
0.00069562
0.00177771
0.000781994
0.00407999
0.000826705
0.00116895
0.00117121
0.00131781
0.000351449
0.000899485
0.000538047
0.00118129
0.00274802
0.000530703
0.00597497
0.0013593
0.00225415
0.00141422
0.0010119
0.00043335
0.0017155
0.000150596
0.00152557
0.000626869
0.00138583
0.000878623
0.00257885
0.00173373
0.00111861
0.000961254
0.001129
0.00114287
0.00124018
0.00245809
0.000861701
0.000687763
0.00762373
0.00135325
0.00129586
0.00123987
0.000500015
0.00147122
0.0010725
0.00114564
0.00358775
0.000669174
0.00347113
0.00114198
0.00105694
0.000731251
0.000788208
0.000582581
0.00172833
0.000980379
0.000972832
0.00292736
0.000760082
0.00162773
0.000867738
0.000795949
0.00101406
0.000926773
0.000677253
0.000540918
0.000376991
0.00117616
0.000766319
0.000930859
0.00155578
0.00193544
0.00338716
0.00082942
0.000677769
0.000649522
0.000418091
0.00236064
0.000889762
0.000516962
0.000755308
0.000694193
0.000931216
0.0012029
0.00441587
0.00098235
0.000578497
0.00112827
0.000542444
0.00209622
0.00124112
0.00064872
0.000772323
0.000633599
0.000446036
0.00111762
0.00153759
0.00104473
0.00104737
0.00114168
0.000894617
0.00136382
0.0421659
0.0010212
0.000344304
0.000714513
0.00153734
0.00355528
0.000515153
0.000957357
0.00961381
0.00117731
0.00186391
0.0012627
0.00124098
0.0011498
0.000632453
0.000794032
0.00215486
0.00159584
0.00166236
0.000584843
0.000488413
0.00188772
0.0010224
0.000620844
0.00125385
0.00104282
0.00734793
0.000542175
0.00038096
0.000351929
0.00208751
0.000251563
0.000181112
0.000721871
0.000668493
0.000852927
0.000631182
0.000749433
0.00111517
0.000724599
0.000981663
0.00306195
0.00091597
0.00138987
0.00116263
0.000736986
0.000730645
0.00102646
0.00105082
0.00166982
0.00114732
0.000814289
0.00100024
0.00118779
0.000769851
0.000836749
0.000711532
0.00667426
0.000560344
0.00118083
0.0007641
0.000673997
0.00111837
0.000799835
0.0018623
0.00125303
0.00341766
0.000583485
0.00149423
0.000885907
0.00265748
0.000822669
0.000873091
0.000832344
0.000747137
0.00102136
0.000702639
0.000909692
0.00123816
0.00115555
0.00125494
0.000584306
0.000574983
0.00138071
0.000752383
0.000627627
0.000791258
0.00154344
0.00107327
0.00136398
0.00100449
0.00141448
0.000999808
0.00118405
0.00136968
0.000312751
0.000691583
0.000934438
0.0031775
0.00064719
0.00132353
0.000567848
0.00127415
0.000365889
0.00129358
0.000552763
0.000834455
0.000281434
0.00145628
0.0013585
0.000522953
0.000109412
0.000622324
0.00128489
0.00141675
0.000972285
0.000863279
0.0006475
0.000776717
0.000746298
0.000820259
0.000524085
0.00122638
0.000986598
0.00111599
0.00132025
0.001424
0.00133335
0.00411157
0.00238148
0.000608664
0.000991172
0.000777112
0.000833223
0.00245362
0.00116005
0.00234595
0.000454483
0.00170647
0.000734232
0.000901742
0.000355779
0.00091841
0.00183232
0.00072204
0.000898492
0.00077096
0.00129312
0.00154581
0.00333404
0.0012556
0.00171229
0.00052555
0.0024722
0.000905359
0.00122317
0.00138223
0.00206218
0.00195453
0.000781415
0.00123048
0.00089999
0.0152768
0.000711056
0.00144915
0.00201249
0.00133102
0.00199531
0.00102012
0.000354352
0.00205007
0.00112009
0.000559117
0.00094899
0.000599641
0.00118362
0.000573168
0.00113011
0.00529852
0.000853293
0.000612364
0.00125879
0.000768399
0.000930207
0.00036479
0.00100836
0.00223693
0.000858479
0.00180409
0.000939481
0.000876507
0.000679126
0.00250679
0.000490907
0.00249545
0.00136249
0.000733035
0.000677619
0.000711536
0.000619221
0.00134025
0.00189233
0.000828641
0.00155488
0.000558519
0.00169606
0.00183656
0.00143591
0.000257916
0.000582144
0.00124222
0.000645563
0.000694367
0.00166071
0.00164928
0.00222709
0.000903218
0.000798009
0.00104897
0.00244393
0.00123354
0.000948639
0.000505453
0.000586388
0.00141417
0.000621665
0.000697618
0.00073324
0.000890023
0.00396801
0.00096231
0.00059174
0.00118855
0.000298299
0.00109988
0.000439864
0.000831575
0.00179296
0.001267
0.000326429
0.0014019
0.000664901
0.00101012
0.000346869
0.000784974
0.000980759
0.0038366
0.000917147
0.000192424
0.0018509
0.000758691
0.000366684
0.00142649
0.00140749
0.000656144
0.00178326
0.000551951
0.00423313
0.000688584
0.000292521
0.000554914
0.00156816
0.00416351
0.00115883
0.000690393
0.0235534
0.00097008
0.00169735
0.000959849
0.00119608
0.000824442
0.000540885
0.000341001
0.0013354
0.000927794
0.000609655
0.00363777
0.00137453
0.000666999
0.00292784
0.00096262
0.000992971
0.000484774
0.00129325
0.00279703
0.00102807
0.00151375
0.00197392
0.000563875
0.00206079
0.00170343
0.000277978
0.000832821
0.0013814
0.00113769
0.000894014
0.00171987
0.00107713
0.00182384
0.000128284
0.00160051
0.000664091
0.00131401
0.000902163
0.000798604
0.00112768
0.00109355
0.00124354
0.00819065
0.00104798
0.000600173
0.00130434
0.000608169
0.00056433
0.000998696
0.000947965
0.000461319
0.000836519
0.00138949
0.00120072
0.00141136
0.000925619
0.00222303
0.000223679
0.000745704
0.000858986
0.0017674
0.000760978
0.000511428
0.000567617
0.00117262
0.000983656
0.000838741
0.00125402
0.0132685
0.000508907
0.00108043
0.00147658
0.00123583
0.0010861
0.000588803
0.00627563
0.00146276
0.00435989
0.000801826
0.000886784
0.000832727
0.000263762
0.000562576
0.000575179
0.000595236
0.000902103
0.000868694
0.000688501
0.000609225
0.00100885
0.000576326
0.000686582
0.00140673
0.00166202
0.000995747
0.000852915
0.00140129
0.000893492
0.000821156
0.000605788
0.000831979
0.000766711
0.000654584
0.000934456
0.00129422
0.00178795
0.00152202
0.00105859
0.00109277
0.000823916
0.00132542
0.000798299
0.000222484
0.000702986
0.00160909
0.00091111
0.00128053
0.000336521
0.00113333
0.0014574
0.000318931
0.000679238
0.000940348
0.000584716
0.00136005
0.000505634
0.00109083
0.00402351
0.000795361
0.00072306
0.00225899
0.000476068
0.000810986
0.000628381
0.0007045
0.00139472
0.000809222
0.000792431
0.000725664
0.000753881
0.000676375
0.000800588
0.00108746
0.00336569
0.00124205
0.00165417
0.000806778
0.000902879
0.000620326
0.00244553
0.000831401
0.000749838
0.000584789
0.000944292
0.000717201
0.00129539
0.0276937
0.000755849
0.00131585
0.000977831
0.00211743
0.00110243
0.000963148
0.000968778
0.00132536
0.000732517
0.00269637
0.00116399
0.00192088
0.00149889
0.000576177
0.000570447
0.00139368
0.00139486
0.00110595
0.000773557
0.00110942
0.000918315
0.000926963
0.0285702
0.00174128
0.00151997
0.00098841
0.00443883
0.00066855
0.00596889
0.000782225
0.00207437
0.000624314
0.00102515
0.00165568
0.00274195
0.00128295
0.000591301
0.00242661
0.000681119
0.000846226
0.000507041
0.000654752
0.000695712
0.00407631
0.000832184
0.000734226
0.00158668
0.00127753
0.000722993
0.00183718
0.000527987
0.00284382
0.000676724
0.000547519
0.000932932
0.000428529
0.000257942
0.000759775
0.00228943
0.000219049
0.00102061
0.0011857
0.00120705
0.000228687
0.388085
0.000666474
0.000957337
0.000593944
0.000758572
0.00126317
0.0013467
0.000517322
0.000803314
0.00108963
0.000906487
0.000610132
0.00136643
0.00160353
0.000925333
0.00138049
0.000732348
0.00116498
0.00102705
0.0011004
0.00279086
0.00102077
0.0011604
0.000594627
0.00209193
0.000865072
0.000791749
0.00154783
0.00112232
0.000512428
0.0011956
0.00133166
0.000853685
0.00117521
0.00285356
0.00116267
0.000701983
0.0023702
0.000979397
0.00253822
0.00114478
0.00106971
0.000984807
0.00153667
0.000390761
0.000770795
0.00166903
0.00105748
0.01098
0.000241021
0.00137786
0.00150182
0.00126065
0.000803224
0.00231099
0.00113754
0.000678837
0.000809006
0.0013896
0.00162957
0.000592537
0.0111067
0.00062914
0.00140912
0.000739391
0.000917882
0.000557503
0.0004016
0.00105894
0.00099549
0.000867052
0.00039724
0.00152566
0.000535877
0.00112642
0.000651372
0.00496898
0.000583871
0.000748803
0.00155181
0.00206598
0.00151678
0.000785162
0.00100346
0.000830453
0.000379886
0.00259885
0.000710748
0.000615818
0.000379361
0.0016555
0.00128668
0.000547999
0.00057098
0.00100585
0.000843638
0.000791279
0.00136206
0.00121636
0.000558761
0.000787049
0.00115948
0.000539598
0.000992043
0.00168946
0.00177866
0.000203945
0.000776416
0.00124375
0.00195788
0.000851231
0.00179441
0.000817011
0.00251684
0.00133478
0.00083641
0.000919815
0.00394062
0.000859205
0.00129803
0.00189129
0.000723942
0.00121324
0.00124691
0.0014751
0.00111784
0.000695679
0.000892202
0.000877
0.00131306
0.000706047
0.000634349
0.000881206
0.000715748
0.000937912
0.000465467
0.00123445
0.000652626
0.000748466
0.000818236
0.000402829
0.0012872
0.00103899
0.000982556
0.000601881
0.00143236
0.000344134
0.00138697
0.000989171
0.00137648
0.000741025
0.000800148
0.000983561
0.0005777
0.000178131
0.00102196
0.00147662
0.000718829
0.000897269
0.000519687
0.00251856
0.000811847
0.000838229
0.00154378
0.000580655
0.00107412
0.00164883
0.000740359
0.00134568
0.00136575
0.000479769
0.00110224
0.000683508
0.00137446
0.000544667
0.000494594
0.000649329
0.00563203
0.00128996
0.00100815
0.0111478
0.00107021
0.000923162
0.000216245
0.00116036
0.000899546
0.00120153
0.000561272
0.00155975
0.00063473
0.000906381
0.000528639
0.000323027
0.00211378
0.00392098
0.00213788
0.00131471
0.00181521
0.000746168
0.000948581
0.00367572
0.00181036
0.000771307
0.00157296
0.00286365
0.000753664
0.00092199
0.0013257
0.00102105
0.000952447
0.00412858
0.00351413
0.00132093
0.000847747
0.000410118
0.000787215
0.000955693
0.000612314
0.00121173
0.00123644
0.000310342
0.000695594
0.000760504
0.000698487
0.000443278
0.0110879
0.000250613
0.00125697
0.000234899
0.00149481
0.000589127
0.00102113
0.00174857
0.000695436
0.000838906
0.000263872
0.000664365
0.00215192
0.000367719
0.000976569
0.000935229
0.00103196
0.0012635
0.000706906
0.00125395
0.00152072
0.000323276
0.00564461
0.0209577
0.00122946
0.00121491
0.000509895
0.00113825
0.000823457
0.000487866
0.00068839
0.000573561
0.00168082
0.000757535
0.000773272
0.000803484
0.00103808
0.00100134
0.000769606
0.00214535
0.00259248
0.000792633
0.00149984
0.00121062
0.000335922
0.0016852
0.00139175
0.000842747
0.000378314
0.00078928
0.00123839
0.000906584
0.000309677
0.00031511
0.000379164
0.000323731
0.0012631
0.00103186
0.000570128
0.000748755
0.000449437
0.000854566
0.000892974
0.000549586
0.000599618
0.00101776
0.00162228
0.000394372
0.00125509
0.000299692
0.000340324
0.000839904
0.00523377
0.00165545
0.000305707
0.000316623
0.00129161
0.000743036
0.00346508
0.00035693
0.000701257
0.00133445
0.000437783
0.00100281
0.000787003
0.00110625
0.000603349
0.00133236
0.000601053
0.00112471
0.000731093
0.00164615
0.0041421
0.000990285
0.000910343
0.000653351
0.000623362
0.000724682
0.00137979
0.000671869
0.000743852
0.000572526
0.0011748
0.00122187
0.000869554
0.00150586
0.000489231
0.000976931
0.00145209
0.000533267
0.00100049
0.00186668
0.000890859
0.00150395
0.00135813
0.000720803
0.00123957
0.0047515
0.000665796
0.000655402
0.000417432
0.00102648
0.000648623
0.00058206
0.00269533
0.00110219
0.00139921
0.00129849
0.000605121
0.00125871
0.00243336
0.000434174
0.000498421
0.00180118
0.000925742
0.000690813
0.00109862
0.000836488
0.00120055
0.000955682
0.000925511
0.00585065
0.000576393
0.000626372
0.000696922
0.000270314
0.000518167
0.00123352
0.00119229
0.00137437
0.000809353
0.00102901
0.000953836
0.00119185
0.00123064
0.00071946
0.000585967
0.00074353
0.00123851
0.00185222
0.000610919
0.000630027
0.000544951
0.00144408
0.00115474
0.000283327
0.000536923
0.000537712
0.00302365
0.000543301
0.000497383
0.0012333
0.000854822
0.00098416
0.000666578
0.00122702
0.000721848
0.0012295
0.000565261
0.000569925
0.00150565
0.000753287
0.00208492
0.000644641
0.00110532
0.000727704
0.00186439
0.000645781
0.00103995
0.000621052
0.00166021
0.00116064
0.000786906
0.00168202
0.00353015
0.00111864
0.000754604
0.000672017
0.000937792
0.00163596
0.000808544
0.00147706
0.000302027
0.000611261
0.0011348
0.00106138
0.000372082
0.000670393
0.00110243
0.00176333
0.011962
0.00101358
0.000512217
0.0017615
0.00140468
0.00120663
0.000532293
0.000755339
0.00143125
0.00117302
0.0010818
0.000718245
0.00184739
0.000591511
0.000571574
0.00134007
0.000623751
0.00040563
0.000448275
0.000782508
0.00042986
0.000850247
0.00373429
0.00194533
0.00196667
0.000789533
0.000747078
0.000717041
0.00132715
0.000877294
0.000907803
0.00136052
0.00047403
0.00124096
0.000552626
0.00113896
0.000869141
0.000576127
0.000724905
0.00201163
0.000743635
0.000750462
0.00103732
0.00139327
0.00110386
0.00263646
0.00102452
0.000441419
0.00389009
0.00268367
0.000714457
0.001116
0.00109147
0.000421902
0.00265175
0.00144472
0.000451647
0.0016052
0.00079364
0.0016809
0.00106759
0.00686209
0.000370359
0.000987302
0.000769125
0.000481358
0.000887337
0.000638379
0.00131568
0.00152191
0.00191901
0.00460979
0.00127897
0.00316624
0.00134477
0.000849497
0.000786837
0.000642956
0.00137844
0.000944768
0.000557745
0.00131779
0.00137725
0.00110569
0.00116208
0.0175778
0.00168131
0.00475496
0.00110711
0.000881838
0.000472628
0.000702939
0.00102111
0.000767689
0.000723805
0.00289499
0.00116946
0.00102712
0.00137495
0.000640962
0.000401692
0.00088351
0.00160756
0.000860264
0.00174373
0.000663982
0.000166838
0.024799
0.00254051
0.000850229
0.00150626
0.00143938
0.000790528
0.00340677
0.000738572
0.000555274
0.000560058
0.000792857
0.000815929
0.00116729
0.00142936
0.000327296
0.000780505
0.00032697
0.00075533
0.000603094
0.000423705
0.00153305
0.000806729
0.00177179
0.000907756
0.00088074
0.000905024
0.0102012
0.00102272
0.000936287
0.00143593
0.000887817
0.001174
0.000830895
0.000920742
0.00149987
0.0008808
0.000972155
0.000851326
0.000971551
0.000660364
0.00114828
0.00177188
0.001014
0.0106771
0.0011658
0.00122294
0.00116136
0.000947241
0.000516119
0.00309142
0.000911694
0.000934598
0.000867603
0.00084991
0.000694918
0.000272789
0.00075648
0.00489151
0.00128146
0.00168828
0.000895658
0.000757016
0.00122987
0.000518914
0.00374035
0.00245991
0.000733943
0.000616691
0.00135789
0.000606864
0.000568481
0.000469517
0.00102091
0.0016504
0.00314376
0.00155328
0.000556338
0.00505208
0.000874525
0.000885401
0.000766217
0.00100589
0.00114406
0.000995839
0.00584649
0.00126569
0.00149806
0.000296888
0.00137916
0.00108647
0.000879955
0.00101511
0.00243111
0.00124613
0.000856914
0.000596265
0.000849416
0.00550572
0.000966241
0.000938488
0.000974717
0.00048636
0.000990869
0.000719914
0.000884607
0.000986404
0.00128889
0.0776667
0.001622
0.00524158
0.00255899
0.00221999
0.000646417
0.000376439
0.000844204
0.00103343
0.000591958
0.00204512
0.00112614
0.000697606
0.00081351
0.000696249
0.00114686
0.000654737
0.00115986
0.000805323
0.00082674
0.00130303
0.0013369
0.000511579
0.000357887
0.00199746
0.000667476
0.00136655
0.0208801
0.000588823
0.00206145
0.00128741
0.00094146
0.00104508
0.00167696
0.00710753
0.00119577
0.000973968
0.000473864
0.000590645
0.00094148
0.00168455
0.00072564
0.00046911
0.000993156
0.000947808
0.000474138
0.00128038
0.00164356
0.000801751
0.000582638
0.00147764
0.00106064
0.000963765
0.0019376
0.00125727
0.00145595
0.000802624
0.000540594
0.00155371
0.0011454
0.00131821
0.00610363
0.00148664
0.00166977
0.000505226
0.00103734
0.000616761
0.00101125
0.00129711
0.000647702
0.0011707
0.00110215
0.00162258
0.000368956
0.00114532
0.00123429
0.000809207
0.000832302
0.00150222
0.00104851
0.00433174
0.00113812
0.000767102
0.00106881
0.00072083
0.00137625
0.000542196
0.000387539
0.000635474
0.0010116
0.000923769
0.000894153
0.00107677
0.000490944
0.00120513
0.00168597
0.00185705
0.000455522
0.000759666
0.000896242
0.000800619
0.00104858
0.00117325
0.00117651
0.00111007
0.000957472
0.000872064
0.0180138
0.00181983
0.00057763
0.000404571
0.000915844
0.00566641
0.00129004
0.000700059
0.000890811
0.000722026
0.000471605
0.00142487
0.00189436
0.00258631
0.00127726
0.000492056
0.00107187
0.000719028
0.000818922
0.00108743
0.0013764
0.000809433
0.000356643
0.000795114
0.000872475
0.000698441
0.000891831
0.0019025
0.00180538
0.00193146
0.000803137
0.00264309
0.0019293
0.000655692
0.0196618
0.00423492
0.00133737
0.000779318
0.00154033
0.00165628
0.000733406
0.000475922
0.00158845
0.000749663
0.0010257
0.00126203
0.00121623
0.000423982
0.000998848
0.000333921
0.00102858
0.000643443
0.000667803
0.000574621
0.00099726
0.000332238
0.000911853
0.00107471
0.000594113
0.000779462
0.00492236
0.000919481
0.00161402
0.000884537
0.00159593
0.00162502
0.00211302
0.000937319
0.000811963
0.00197683
0.000627208
0.00076713
0.00126682
0.000637229
0.003493
0.000933999
0.00100047
0.00479016
0.00123425
0.00158079
0.000519411
0.000700312
0.0011582
0.000352651
0.000625188
0.00356451
0.000640775
0.00154523
0.00434149
0.00137777
0.00080121
0.00053447
0.000528991
0.00171795
0.00270556
0.000703169
0.0011024
0.00129242
0.000741814
0.000447598
0.000444365
0.000943995
0.00127301
0.000304242
0.00120041
0.00134252
0.000626552
0.000838694
0.000945867
0.000719785
0.0169352
0.000873521
0.000527027
0.00139197
0.00123946
0.00140741
0.000862134
0.0026608
0.000984611
0.00190668
0.00106263
0.00102553
0.000703631
0.00121473
0.00245291
0.000641016
0.000879539
0.00174441
0.00484126
0.00106875
0.00252242
0.000643903
0.000927052
0.000448943
0.000967359
0.000908286
0.00109975
0.00118602
0.00125044
0.000933688
0.00300381
0.000802889
0.000468433
0.000781837
0.00149693
0.00105396
0.00125653
0.0010027
0.00108633
0.00103479
0.000893497
0.00360611
0.00122306
0.00113111
0.000847927
0.00177616
0.000729915
0.000984728
0.000543547
0.000788204
0.00102468
0.00117197
0.00105128
0.000883151
0.00101191
0.000749089
0.00110839
0.00099556
0.000821973
0.00199144
0.000381005
0.00280477
0.00232304
0.00136794
0.00105137
0.00042682
0.000670294
0.000777555
0.00105099
0.00106012
0.00105541
0.000648485
0.000868725
0.000909132
0.00228355
0.000199167
0.000259295
0.00107112
0.00258339
0.00133187
0.000800127
0.0181719
0.000844805
0.00106611
0.000853412
0.000734277
0.00429426
0.000979115
0.00120069
0.0012684
0.000835861
0.0010311
0.00389095
0.00112629
0.00100224
0.000382139
0.0010962
0.00100064
0.000612403
0.00163435
0.00065137
0.000813581
0.000850839
0.00127119
0.00118483
0.00356503
0.000322638
0.00106993
0.00196873
0.000700546
0.00736211
0.0036107
0.000201983
0.0124691
0.00284177
0.00427339
0.000790399
0.000562636
0.00126475
0.00055963
0.000885615
0.001256
0.00106188
0.000914716
0.0018381
0.013676
0.00166803
0.000947527
0.00175036
0.0005329
0.00193197
0.00177743
0.00111516
0.000669529
0.0019032
0.00101057
0.000547549
0.00138813
0.000980112
0.00190986
0.00101602
0.000837964
0.00184747
0.0007338
0.000855912
0.000435737
0.000986049
0.000660188
0.000554928
0.000731607
0.000651913
0.000706494
0.000752704
0.000798613
0.000781804
0.00066077
0.000590147
0.00305766
0.00588955
0.000822782
0.000689145
0.00129372
0.000871826
0.000959863
0.00106426
0.00135495
0.000621779
0.00148435
0.00104091
0.00113849
0.000948269
0.000915553
0.000951505
0.0006387
0.00238711
0.0011099
0.000988049
0.0010052
0.000992512
0.0067679
0.000575356
0.00323152
0.000936898
0.00231986
0.000629487
0.00102713
0.00104047
0.000499109
0.0002306
0.00117199
0.000564512
0.00164965
0.00172173
0.000860958
0.00123571
0.00178216
0.00177192
0.000244852
0.0004685
0.00320945
0.00128016
0.00419252
0.000471519
0.000818345
0.00148486
0.000483611
0.00127843
0.000545128
0.000983546
0.000500925
0.00140841
0.000970792
0.000982662
0.025559
0.000519905
0.000485696
0.0013904
0.00050829
0.000759726
0.000728172
0.00104285
0.000868274
0.00122023
0.00167765
0.000821235
0.00188751
0.000538822
0.000232518
0.00111726
0.000607026
0.000600616
0.00128994
0.014222
0.00117615
0.00137305
0.000612382
0.000751176
0.0010749
0.0013385
0.00227811
0.00129865
0.000932667
0.00161926
0.000801457
0.0091978
0.000687091
0.00151764
0.000704895
0.000812472
0.000541899
0.000536272
0.000670285
0.00234835
0.00215615
0.00182676
0.018183
0.0010145
0.000468531
0.000970797
0.0015984
0.000820227
0.000475722
0.00120633
0.000673664
0.00122223
0.000699291
0.000781883
0.00247565
0.00101834
0.000553585
0.00128855
0.000718394
0.000577022
0.00250142
0.00236296
0.0011834
0.00122102
0.00106558
0.000765212
0.000431388
0.000731824
0.000477937
0.000956907
0.000746041
0.00200369
0.00136459
0.000757539
0.00115123
0.000874151
0.000451209
0.00213722
0.00328339
0.00192107
0.00171494
0.000838172
0.000887997
0.000657928
0.000413635
0.000561683
0.00133421
0.000730572
0.00142018
0.00116163
0.00187522
0.000689561
0.000828274
0.00159434
0.000676727
0.000587858
0.000639345
0.00088881
0.00144469
0.000570547
0.000934127
0.00139381
0.00283943
0.000710155
0.00164738
0.00107281
0.000844211
0.00358901
0.00326098
0.0010536
0.00102186
0.00132867
0.000830237
0.000684615
0.000162249
0.00791749
0.000766617
0.000658488
0.00198102
0.000489353
0.00993262
0.00110364
0.000738792
0.000259593
0.00345164
0.006362
0.00194218
0.00322186
0.00117916
0.00193991
0.000717361
0.00448789
0.00042129
0.00143924
0.00146325
0.00227082
0.00135652
0.000525735
0.00104807
0.000977482
0.00240751
0.00137286
0.000759874
0.00059776
0.00147338
0.000827437
0.000737822
0.00115292
0.000960162
0.00196968
0.00157208
0.00117854
0.00111835
0.000855911
0.00106739
0.00123608
0.00137644
0.00145494
0.000645507
0.00142279
0.000764391
0.000621359
0.00138826
0.000722645
0.00111646
0.000859593
0.000722834
0.000530198
0.00471309
0.000587952
0.000984392
0.000881344
0.00103407
0.000850692
0.000560952
0.00144571
0.00107138
0.00156295
0.00151828
0.000761237
0.00098213
0.00133023
0.00131059
0.000944286
0.00340438
0.000781011
0.000973547
0.000228615
0.00118628
0.00071585
0.000263218
0.000497471
0.000831764
0.00141819
0.0119043
0.000873355
0.00120077
0.00105963
0.00105627
0.000576776
0.000612742
0.00058111
0.0008374
0.000600709
0.00038217
0.0011052
0.000346613
0.000588857
0.00164991
0.00143957
0.00519117
0.000661324
0.000714205
0.000396884
0.00176166
0.000912777
0.00132078
0.000971657
0.000972234
0.00150818
0.00216804
0.000720609
0.000989927
0.00136292
0.00155947
0.00014505
0.00058147
0.000348382
0.00171114
0.000824719
0.00122838
0.000679001
0.000974052
0.000960858
0.00146196
0.000581658
0.000988513
0.000412131
0.000604402
0.000977318
0.00075726
0.000916933
0.000540707
0.00100033
0.000766592
0.00179531
0.00150183
0.00569993
0.00367684
0.00150874
0.000341128
0.000510729
0.0016427
0.00160109
0.000655291
0.000402948
0.00181608
0.000490155
0.00101794
0.00124783
0.000573086
0.000863795
0.000294124
0.000822001
0.000936703
0.00164669
0.000802238
0.00140051
0.00401677
0.0018014
0.00139252
0.000836928
0.000620104
0.000983586
0.000392061
0.00173086
0.000399481
0.000429061
0.000278805
0.000803177
0.000933186
0.000489508
0.00077612
0.000495167
0.000603872
0.000815239
0.00413281
0.00144919
0.0021251
0.0145393
0.0146067
0.00443744
0.00105496
0.00136388
0.000830597
0.000948775
0.00112104
0.00293505
0.000992507
0.00104469
0.000450467
0.00151127
0.00405485
0.000239024
0.00136942
0.000343901
0.00137579
0.00216564
0.00248633
0.00122245
0.00286035
0.000610446
0.000736936
0.00112813
0.000841902
0.000680274
0.00171896
0.00141734
0.000326415
0.0012684
0.00132162
0.000511513
0.000658374
0.000457666
0.00345831
0.00122778
0.00143762
0.000926865
0.000667398
0.00110072
0.000984406
0.000198329
0.00122821
0.00138205
0.000709651
0.000713793
0.000612985
0.00129597
0.000873213
0.0020885
0.00110103
0.00184487
0.00114789
0.000740705
0.000925764
0.00144795
0.00135482
0.000895574
0.000809176
0.000801908
0.000927377
0.00143277
0.00110426
0.000853336
0.000532289
0.00148188
0.000675711
0.00131489
0.00116441
0.00060031
0.00096324
0.00394172
0.000726468
0.00107949
0.00169658
0.00124485
0.000826622
0.000505377
0.00122176
0.000394923
0.0017983
0.000807752
0.000794515
0.00155334
0.000743071
0.000598904
0.000792102
0.00116853
0.000674196
0.000603989
0.00353633
0.000422141
0.00149103
0.000801153
0.000734448
0.00175848
0.000559864
0.000642839
0.000852007
0.000633443
0.00159627
0.00438667
0.00163922
0.0017655
0.0013754
0.00100241
0.000403653
0.001574
0.00247243
0.00145848
0.000943366
0.00069298
0.00140148
0.00496135
0.00128367
0.00129598
0.00153136
0.00113833
0.000636362
0.00119729
0.00100615
0.00106508
0.00193188
0.000873709
0.000429
0.000487524
0.00127173
0.00134046
0.000679215
0.0012065
0.00114456
0.00113767
0.00068708
0.0055993
0.00158618
0.00148661
0.000827624
0.000860832
0.000639041
0.00306696
0.00122635
0.00146974
0.000682487
0.00080978
0.00135452
0.000678868
0.000592342
0.000927738
0.00115971
0.000352924
0.00107424
0.00114421
0.0011724
0.0060905
0.00204693
0.000994312
0.000544279
0.00119762
0.00092005
0.000950309
0.00230746
0.000256815
0.000915769
0.000913311
0.00153298
0.0012694
0.000785599
0.00133853
0.00172342
0.000747273
0.000591666
0.000848324
0.00138145
0.000468248
0.00182689
0.00970058
0.000170241
0.000744447
0.00049991
0.00113323
0.00144797
0.00142438
0.000377898
0.00122548
0.000769425
0.0016143
0.00110914
0.000562569
0.000411138
0.000609595
0.000990837
0.000964318
0.0066905
0.00161316
0.00112097
0.000583936
0.00285515
0.00090843
0.00052272
0.00239913
0.000801129
0.00151415
0.000685593
0.000534033
0.00205759
0.000377493
0.000545247
0.000467023
0.000504053
0.00149792
0.00120995
0.00125943
0.000599927
0.00141661
0.00354216
0.00116045
0.00249268
0.00134238
0.000869447
0.00186438
0.000461203
0.000637488
0.00105426
0.000748253
0.000850906
0.000621421
0.000228747
0.0083217
0.00111593
0.000267443
0.000711755
0.00114448
0.000852587
0.000733332
0.000666941
0.00104647
0.000431489
0.000622308
0.00111306
0.000948943
0.000906077
0.00151391
0.000912091
0.00078308
0.00123641
0.00098133
0.00142786
0.000798829
0.000764337
0.00106151
0.000967366
0.000346147
0.000396982
0.000425145
0.000642235
0.000998948
0.00185651
0.00124695
0.0205033
0.000554939
0.000689688
0.00123813
0.0011969
0.000735088
0.000447922
0.000860027
0.00146872
0.00226846
0.00079395
0.000617673
0.00131304
0.000749217
0.000545028
0.00111159
0.00232169
0.000920165
0.000823984
0.00112805
0.000863219
0.0006918
0.00148851
0.000992282
0.00143722
0.0164196
0.000414171
0.00209939
0.00058929
0.000568401
0.0028764
0.000734507
0.00049761
0.000650303
0.000764884
0.000511783
0.000711756
0.000786736
0.00136006
0.000706856
0.000946054
0.000299292
0.000503568
0.00038003
0.000519521
0.00121497
0.000707575
0.00288444
0.000576593
0.000429477
0.000727296
0.000344195
0.000806562
0.00260419
0.00253164
0.00439353
0.00169914
0.000779446
0.00114729
0.000534485
0.000574081
0.00116993
0.000742817
0.00168795
0.000859125
0.000877106
0.000515409
0.00468868
0.000449663
0.000603283
0.000635588
0.00143898
0.000644411
0.000906569
0.00153866
0.000450276
0.00100462
0.00103564
0.00120329
0.000862573
0.000741213
0.000879667
0.00648064
0.00190975
0.00121842
0.000868162
0.00282058
0.000624745
0.000657183
0.000574077
0.00108123
0.00067741
0.000959874
0.0167604
0.000806277
0.000553443
0.00135625
0.000863785
0.00105385
0.000639614
0.00160125
0.000638388
0.00155491
0.00115158
0.00184967
0.00121402
0.00088614
0.00130617
0.00108347
0.00189471
0.0013532
0.00105285
0.000830764
0.00137889
0.000838628
0.000712618
0.000728392
0.00112596
0.000826522
0.000265335
0.000602277
0.00297845
0.000811503
0.00101385
0.000544274
0.00129352
0.000393935
0.000752586
0.000943613
0.000639375
0.00174995
0.0011044
0.000974518
0.000993166
0.00104181
0.00110762
0.00107606
0.0002188
0.0015836
0.00327864
0.000630296
0.00131173
0.000386949
0.000621146
0.00054672
0.00127017
0.000657283
0.000297851
0.00101636
0.000924939
0.000613966
0.00134769
0.00100169
0.000622817
0.00141694
0.000897602
0.000516546
0.00174221
0.000706847
0.000924784
0.000499962
0.00039095
0.00110512
0.000680804
0.00152594
0.00152611
0.000590357
0.000950272
0.00367346
0.000484562
0.00613685
0.0012615
0.0012258
0.000697911
0.000875957
0.00158925
0.00114428
0.00104975
0.00295441
0.00107135
0.00359637
0.00102371
0.000840217
0.00109742
0.000568514
0.000215504
0.00131016
0.00160099
0.000630971
0.000728965
0.00283717
0.000396486
0.0195641
0.00141862
0.000769933
0.00166503
0.00623337
0.000742208
0.000875156
0.000755959
0.00080942
0.000468961
0.00171139
0.000575505
0.00146491
0.00237478
0.00308688
0.00125073
0.000891236
0.000688261
0.00445712
0.00117149
0.000243136
0.000454158
0.000568951
0.00279784
0.00347141
0.00170173
0.00151169
0.000883936
0.000922353
0.000821009
0.001612
0.00213895
0.000366668
0.00202403
0.000527532
0.000989585
0.00285524
0.000668078
0.00304491
0.00135411
0.00300506
0.00025555
0.00493352
0.00048265
0.00106472
0.00171657
0.000739024
0.00158114
0.00341045
0.00203567
0.000491765
0.000906174
0.00113783
0.00500699
0.00117519
0.0007123
0.00116855
0.000578464
0.0012731
0.00154837
0.00161356
0.000764324
0.00117694
0.00185346
0.000686262
0.00131788
0.000830908
0.00147145
0.000766789
0.000713947
0.000869739
0.00107502
0.00107539
0.000573326
0.000755286
0.000760783
0.00128841
0.000684934
0.00171985
0.00320694
0.00264613
0.00110331
0.0018213
0.000917033
0.000510343
0.000632503
0.00145749
0.00100677
0.00049096
0.00682859
0.000608395
0.000297723
0.00172477
0.00117866
0.00182337
0.00732009
0.00081014
0.000679971
0.00314982
0.00126557
0.00185993
0.00187988
6.66281e-05
0.00202316
0.000706528
0.00387116
0.00535511
0.00166228
0.000498462
0.00170383
0.000272142
0.00167347
0.000296277
0.000838495
0.000811525
0.00142399
0.00372803
0.00142264
0.00109226
0.000558048
0.000633563
0.000556997
0.000920709
0.000813974
0.00337229
0.00120672
0.00092901
0.00112965
0.00155195
0.00358228
0.00100113
0.000998462
0.000479824
0.000820053
0.000798004
0.000672059
0.00143413
0.00148448
0.000751731
0.00285753
0.00109041
0.00274683
0.00603166
0.00359643
0.000469583
0.00150421
0.000858174
0.000442201
0.000713507
0.00118736
0.00107751
0.000714348
0.000599935
0.000485563
0.000596257
0.000931329
0.00201359
0.00085338
0.00051463
0.00348195
0.000791945
0.000895827
0.000914289
0.00135766
0.00117013
0.000752741
0.000570187
0.000808072
0.00124512
0.000463002
0.000656941
0.000451416
0.000650907
0.000573918
0.000703665
0.000575835
0.00510946
0.00119081
0.00044865
0.00243848
0.000952401
0.000285888
0.000847776
0.000925441
0.000809001
0.000401835
0.000600477
0.00103393
0.000741916
0.00115688
0.00295838
0.000516485
0.000623329
0.0011154
0.000484997
0.000875845
0.000387169
0.00111859
0.00053054
0.000503269
0.000347582
0.000809551
0.0011844
0.0059316
0.00137614
0.00572583
0.00119626
0.00101512
0.000741841
0.002046
0.00116557
0.000721887
0.00112492
0.000602143
0.000989934
0.00169519
0.000933249
0.000702535
0.000707382
0.00111138
0.00149278
0.00031991
0.0122455
0.000685504
0.000544348
0.00111147
0.00105969
0.00184545
0.00170509
0.000354627
0.000503752
0.00103305
0.00300969
0.00192618
0.00116264
0.000889954
0.00187688
0.000623945
0.00314422
0.000514328
0.00174039
0.00140834
0.000548166
0.000518763
0.000675103
0.000817022
0.00138643
0.000724079
0.00180097
0.00161458
0.00179805
0.00100867
0.00143482
0.00214819
0.000717999
0.00143065
0.000916936
0.000618682
0.000827438
0.00794072
0.000457433
0.00127325
0.00117522
0.000521921
0.000629943
0.0103211
0.00178886
0.000552021
0.00175382
0.00585798
0.000771826
0.00189699
0.000532927
0.000624225
0.000712285
0.00166653
0.00127382
0.00204497
0.00112225
0.00232978
0.00066198
0.00141042
0.000611006
0.00118445
0.000998819
0.0007602
0.000702887
0.00326095
0.00907921
0.000391703
0.0017482
0.00114369
0.000776261
0.000880366
0.00111763
0.00127993
0.000753149
0.000587689
0.00212404
0.00115474
0.00103591
0.000906604
0.00239384
0.000670793
0.0018055
0.000998998
0.00100626
0.00162601
0.00103237
0.00077931
0.00105848
0.000802878
0.00321328
0.00145473
0.000873933
0.000563631
0.00104396
0.00108248
0.00126063
0.000964208
0.00131826
0.00154561
0.00101203
0.00065277
0.00105463
0.00109602
0.00102556
0.00100597
0.000927597
0.00127986
0.000844456
0.000795771
0.00123036
0.00227833
0.00140044
0.000911326
0.00144333
0.00218016
0.000499877
0.00113509
0.00100668
0.00530357
0.000655091
0.000601596
0.00117023
0.000803032
0.00103036
0.000676164
0.00114998
0.00253537
0.00224493
0.000653666
0.000108687
0.000432243
0.000797822
0.000558535
0.00325956
0.000348033
0.00253687
0.00126169
0.00753778
0.00141666
0.0028229
0.00472345
0.00119692
0.00258081
0.000782465
0.000587435
0.00330318
0.00127637
0.000855114
0.00187831
0.0011019
0.000313914
0.00109282
0.00590489
0.00102969
0.00058735
0.00287723
0.0015482
0.000652937
0.00090444
0.00079499
0.000585703
0.00102119
0.00174091
0.000960181
0.00150655
0.00175264
0.000644376
0.000547134
0.000766799
0.000568842
0.00093355
0.000323141
0.00106231
0.000865328
0.000380477
0.00138932
0.000585949
0.000540486
0.00101453
0.0013631
0.000793945
0.000488354
0.000890698
0.0024305
0.00138003
0.000822415
0.000729934
0.00072233
0.00118655
0.00164942
0.00101775
0.00353539
0.00112111
0.000817785
0.00200344
0.00237092
0.00097063
0.00105406
0.00128416
0.00040468
0.000973255
0.000777388
0.0019519
0.00212555
0.00113293
0.00110551
0.00130252
0.000733886
0.000733759
0.000338882
0.000995607
0.000816655
0.00126013
0.00109247
0.00150128
0.000847485
0.0004148
0.000832913
0.0014
0.000819099
0.000355726
0.00123595
0.0005707
0.00142648
0.000409563
0.00101441
0.00130216
0.000938501
0.00102418
0.000874994
0.00155986
0.000602562
0.00101682
0.00151382
0.00131586
0.00083228
0.00544783
0.00092808
0.00414907
0.00149378
0.00726476
0.00122707
0.000797345
0.0012659
0.000753529
0.00133988
0.00115103
0.000689674
0.000718514
0.000394458
0.00070155
0.0128303
0.000574104
0.000733394
0.00153805
0.00113723
0.00179367
0.00118511
0.00669101
0.00119943
0.000743149
0.00135608
0.000799937
0.000739281
0.000823058
0.00172719
0.00158579
0.000909633
0.00162012
0.000842134
0.00108458
0.000844616
0.00155477
0.00136578
0.00171922
0.000357091
0.00102068
0.0010197
0.000726979
0.000793636
0.000602846
0.000372951
0.000525482
0.00467511
0.00110827
0.00100704
0.000785188
0.00212991
0.000926577
0.00136369
0.000297953
0.00164599
0.000247939
0.000650074
0.000911322
0.00102337
0.000273478
0.0107525
0.00158258
0.000267222
0.00149185
0.00253458
0.000855004
0.00182942
0.00164909
0.00106035
0.00125806
0.00133707
0.000892751
0.000799125
0.00062378
0.000882709
0.000838782
0.00526628
0.001601
0.000849587
0.00161335
0.000765342
0.00109537
0.000604762
0.000603116
0.00092241
0.000870676
0.00120722
0.000945782
0.00227897
0.00164518
0.0012466
0.00105434
0.000222804
0.000413024
0.000532125
0.000910194
0.000762914
0.00164523
0.000551538
0.000566879
0.0014331
0.00117583
0.00344195
0.0138806
0.000466717
0.000615059
0.00117594
0.000934455
0.000561981
0.00101916
0.00138666
0.000845692
0.00107936
0.00100577
0.000393178
0.000627852
0.000669514
0.00034781
0.000772375
0.00155631
0.000623674
0.0015743
0.000931962
0.00131693
0.000714385
0.0012778
0.00178624
0.00101086
0.00086775
0.00146212
0.000877832
0.000862403
0.0020481
0.00114563
0.00105321
0.000934051
0.00106343
0.000545812
0.000418204
0.00155269
0.00030715
0.00197008
0.00113497
0.00074316
0.00060254
0.000481372
0.000799398
0.00179286
0.000811946
0.000965775
0.000593926
0.00147685
0.000957024
0.00123501
0.000830905
0.00131863
0.000822517
0.000472327
0.000760197
0.00155471
0.00113617
0.00288214
0.000427112
0.000985996
0.0044526
0.000878675
0.00064994
0.000659524
0.00143077
0.000937364
0.000109114
0.00159386
0.00103886
0.000693329
0.000347517
0.000651845
0.000886367
0.00149852
0.000865733
0.000986346
0.00189581
0.000121767
0.000915152
0.000832802
0.000776409
0.000847196
0.000898856
0.00175601
0.00104056
0.00132714
0.000806398
0.00532777
0.00103129
0.0016694
0.00314283
0.00189451
0.00103084
0.000536556
0.000407105
0.000684638
0.000873925
0.000544299
0.00133805
0.00127054
0.0011846
0.000752232
0.00109933
0.0020958
0.0141789
0.00104947
0.000688433
0.00239117
0.000750666
0.0128384
0.00068981
0.00311107
0.00107563
0.00460229
0.000243928
0.00137734
0.00107711
0.00115735
0.00124193
0.00047336
0.000860208
0.00145365
0.0104254
0.000880007
0.000904387
0.00114361
0.00156314
0.00545309
0.00145154
0.00105396
0.000885064
0.000690648
0.000324128
0.000580125
0.00166502
0.000252561
0.00115441
0.000453513
0.000577643
0.000755888
0.000688891
0.00102312
0.00149918
0.000684976
0.000862798
0.000596933
0.00160823
0.00122504
0.000952803
0.000372547
0.000166178
0.000890701
0.00140546
0.00359282
0.00101455
0.000897226
0.000686837
0.000463509
0.00154373
0.000578975
0.00127815
0.00110526
0.00082884
0.00168126
0.000833609
0.000885435
0.00198053
0.00025919
0.00154321
0.00274699
0.00119543
0.00201775
0.000875304
0.00111111
0.00195523
0.00107074
0.000905331
0.000986451
0.000805906
0.000555778
0.00146283
0.00219078
0.0015023
0.000998128
0.000902917
0.00108269
0.000381922
0.00170423
0.00108387
0.00236367
0.000862245
0.00151611
0.00301265
0.0010127
0.00252017
0.000945822
0.000537231
0.000730846
0.00109192
0.0017159
0.00113723
0.000404963
0.00121874
0.000867767
0.000341342
0.000955148
0.00530554
0.000836981
0.00124912
0.00112485
0.00184177
0.000595039
0.00032024
0.00031251
0.00088068
0.000948203
0.00121183
0.000408194
0.000551113
0.000768446
0.00127512
0.000920626
0.000395531
0.00215446
0.00703962
0.00125347
0.00411625
0.00173397
0.000476974
0.000771691
0.00118364
0.000365715
0.00119977
0.00147853
0.00171043
0.000589978
0.000516764
0.00397672
0.00118326
0.00137631
0.000745325
0.00147992
0.00136095
0.000980478
0.0010956
0.00079311
0.000593547
0.00071493
0.00180905
0.000765043
0.00147442
0.00114637
0.000750576
0.000653476
0.000844807
0.00101945
0.000670868
0.00120673
0.00197304
0.0024819
0.000387508
0.00097188
0.000870903
0.000815849
0.000734334
0.000502884
0.00707462
0.00134922
0.00108422
0.00112138
0.000736251
0.000569312
0.00105125
0.00319113
0.000591586
0.0121353
0.00135648
0.011274
0.000803958
0.000969869
0.00186476
0.00107557
0.00138622
0.0011694
0.00102864
0.0075995
0.000757041
0.00150947
0.00132765
0.0014878
0.00199824
0.00305546
0.000917117
0.00106
0.000831799
0.00113353
0.00194252
0.000738815
0.00112417
0.000651375
0.000648169
0.000560728
0.00200906
0.000583979
0.00119658
0.00209634
0.000873824
0.000659852
0.000866195
0.002112
0.000791639
0.000323716
0.00094199
0.00115608
0.00110037
0.00185436
0.001482
0.000708662
0.0010797
0.00166402
0.000942637
0.00506699
0.00112524
0.000879243
0.000335379
0.00106024
0.000714757
0.000177752
0.000912025
0.00208499
0.0177407
0.000786254
0.0011742
0.000652858
0.000787185
0.00170916
0.000546307
0.00107974
0.000925157
0.00111728
0.00122611
0.000827078
0.00259685
0.000976215
0.000606319
0.000679575
0.000497471
0.000339159
0.00119566
0.000855806
0.000445518
0.0021092
0.000786946
0.000766557
0.00184721
0.00156394
0.0012754
0.000349015
0.00340747
0.000514466
0.0023005
0.00159244
0.000956078
0.000755841
0.000993137
0.000737906
0.000870759
0.00141104
0.000695931
0.00103554
0.00108531
0.00214127
0.000890153
0.000878959
0.000612745
0.000899333
0.000565704
0.00156737
0.00138256
0.0055737
0.00066097
0.000448096
0.000648757
0.00164626
0.0018898
0.000867642
0.000956835
0.000768233
0.00132318
0.0024559
0.00076922
0.00390598
0.00112422
0.000526927
0.000890435
0.000640726
0.000736331
0.000772058
0.000961447
0.00159149
0.00131026
0.00133932
0.00119178
0.000609942
0.00140799
0.000748204
0.00133372
0.000611903
0.00117097
0.000935314
0.00150444
0.000806752
0.000979274
0.00132635
0.0123303
0.000813289
0.000408985
0.00094579
0.00172925
0.00105277
0.00127233
0.00287604
0.00059638
0.000609395
0.00126335
0.000374118
0.00206025
0.000412184
0.000915853
0.000836768
0.00252992
0.000666721
0.00381403
0.000601526
0.00106391
0.00141471
0.00108729
0.00151083
0.000458442
0.000302303
0.000513815
0.00111474
0.014569
0.000685686
0.00105758
0.00163016
0.00115258
0.000780689
0.0012248
0.00136754
0.00142842
0.000526499
0.000468538
0.00116955
0.00316183
0.00274034
0.00116467
0.0229906
0.00375417
0.000972978
0.000738392
0.000632338
0.0022378
0.00085018
0.000374286
0.00144127
0.00116983
0.000778389
0.00142533
0.000396609
0.00152772
0.000468164
0.000956157
0.0020674
0.00145522
0.00103831
0.000812068
0.00067549
0.00162312
0.000432567
0.00168057
0.00092779
0.000862453
0.000819445
0.00083085
0.000786898
0.000349499
0.000788559
0.00506484
0.00094339
0.00133166
0.00129927
0.00182484
0.00128708
0.00101837
0.00125264
0.00121018
0.000868669
0.00639319
0.00103691
0.00201217
0.000891241
0.000695816
0.000589708
0.000991746
0.00125105
0.00052063
0.000905476
0.00118951
0.00247224
0.00147792
0.000458254
0.0133094
0.00141073
0.000452607
0.000515964
0.00134862
0.00126642
0.00066121
0.000661908
0.00184227
0.000723132
0.000643977
0.000895739
0.00054644
0.00177697
0.00393619
0.00107072
0.000460281
0.00102929
0.000675187
0.000893776
0.00103767
0.000781352
0.00264556
0.000871014
0.000517813
0.000682875
0.000451306
0.00144329
0.00121113
0.00135839
0.00467379
0.00116414
0.00310149
0.000255305
0.00161963
0.000439291
0.00106883
0.00227452
0.000706628
0.00256203
0.00123397
0.000491865
0.00116174
0.000802242
0.00131014
0.000940979
0.000771411
0.00131445
0.0017464
0.000912737
0.000815005
0.00096845
0.00078252
0.00156161
0.00168091
0.00258637
0.00194079
0.000601009
0.00555652
0.00128615
0.0016018
0.0012279
0.000992964
0.00239783
0.000700342
0.00171278
0.00116317
0.000684735
0.00136817
0.00108872
0.00119626
0.000705749
0.000568611
0.0040199
0.00141769
0.00114968
0.000590867
0.00144327
0.00155213
0.00402139
0.000413409
0.00114
0.00105838
0.0007681
0.000764224
0.000958207
0.00071488
0.000319416
0.000777439
0.00276647
0.00103579
0.000716497
0.00283663
0.000445067
0.000593841
0.00140068
0.00199447
0.00049299
0.000872418
0.00150576
0.000652301
0.00263902
0.00104083
0.0021804
0.000606591
0.00100743
0.000664835
0.000700908
0.000826304
0.000468341
0.00113735
0.00516088
0.000995848
0.000797608
0.000978083
0.000524124
0.00633787
0.000678343
0.0014651
0.000807235
0.00127065
0.000517122
0.000442351
0.00115018
0.00190938
0.000573651
0.00083246
0.000814703
0.00208955
0.0011838
0.000572508
0.000766331
0.00146111
0.000654052
0.000880964
0.0012985
0.00107519
0.000811513
0.000629858
0.000999127
0.000439101
0.000929425
0.000550921
0.00069819
0.00115571
0.00119652
0.000356531
0.0017762
0.00147564
0.00430224
0.00429618
0.00121301
0.000629548
0.000885173
0.00232834
0.000611343
0.000931976
0.00136806
0.00120806
0.000598624
0.000491789
0.00108233
0.000459831
0.0023786
0.000813593
0.000985663
0.00481343
0.000546718
0.000725326
0.000891211
0.00147641
0.000797304
0.000785276
0.000774066
0.000611042
0.000565802
0.00258846
0.000972536
0.000398276
0.000555022
0.000741508
0.00495579
0.00210726
0.00062937
0.000694483
0.000586594
0.000826768
0.000941449
0.00074872
0.000604552
0.00118541
0.000929952
0.00228367
0.000714009
0.00138291
0.00116952
0.00133914
0.00137926
0.067396
0.00109704
0.00104199
0.000993021
0.00220475
0.000559283
0.00177526
0.000923153
0.00076676
0.000886059
0.000578904
0.000421393
0.00308516
0.000745559
0.00118114
0.00130175
0.0015835
0.000538745
0.000690105
0.00385067
0.00110877
0.00092283
0.000847709
0.0025363
0.00217042
0.000636537
0.000419256
0.00106418
0.00106281
0.000678899
0.00121194
0.0015298
0.00104431
0.000625905
0.000751928
0.000735798
0.000262136
0.000938086
0.000933566
0.00181106
0.000683262
0.00104724
0.000973404
0.00718829
0.00137255
0.00129175
0.000567459
0.00104936
0.000438543
0.000858983
0.00136359
0.00151969
0.00156895
0.000677152
0.000942396
0.000958051
0.000516391
0.00157343
0.000897432
0.00107292
0.000378375
0.0020433
0.00104079
0.00127177
0.00176502
0.00206976
0.00199744
0.000842446
0.000688368
0.00027987
0.0120189
0.000154541
0.00071626
0.00160275
0.00129056
0.000942259
0.00036655
0.000930708
0.00059795
0.000406406
0.00386189
0.00239089
0.00135529
0.00127794
0.00193918
0.000654515
0.00458308
0.000633332
0.00112249
0.00192594
0.0036649
0.00269775
0.00141886
0.0010923
0.00156809
0.0054118
0.00063306
0.00114268
0.00103361
0.00112675
0.0019448
0.000717902
0.00211453
0.00194153
0.000758752
0.00166249
0.0020402
0.00133486
0.000813481
0.000395788
0.00266699
0.000692199
0.000642034
0.0227039
0.000872864
0.000947422
0.00277255
0.000699783
0.0014066
0.00148523
0.000748823
0.00185261
0.00105779
0.00085763
0.00161418
0.00151859
0.00129421
0.000609311
0.000772849
0.00252634
0.00142982
0.000613207
0.00106298
0.000946798
0.00108388
0.0011643
0.000813115
0.00186576
0.00177243
0.000975924
0.000991402
0.00131035
0.00106662
0.00539802
0.000722051
0.000681735
0.00113219
0.000911709
0.000646219
0.000586908
0.00109427
0.000627169
0.00097658
0.000718925
0.00134801
0.0028406
0.00148688
0.00259682
0.00111736
0.000772623
0.000583379
0.0281161
0.00134717
0.00151184
0.00113287
0.0012448
0.000753092
0.00045678
0.000912148
0.00223982
0.00127871
0.000821276
0.0020561
0.000791884
0.00101058
0.00150743
0.000416179
0.000734941
0.000788615
0.00127359
0.000945119
0.00118122
0.000729609
0.000636895
0.00100261
0.00295343
0.000802006
0.000802799
0.00105856
0.000710339
0.000808057
0.00181344
0.000997516
0.00130723
0.000688608
0.00155366
0.000780666
0.000829993
0.00147343
0.000708242
0.000201061
0.000511666
0.00100024
0.00110932
0.00904797
0.00216629
0.000578735
0.000654865
0.000805404
0.000720837
0.00122552
0.00227925
0.00104618
0.00183593
0.00115104
0.000511248
0.0547671
0.000772481
0.00152486
0.00195081
0.000689528
0.000613125
0.00214687
0.00133205
0.000537382
8.77363e-05
0.00124842
0.000782948
0.00403462
0.000718846
0.00117166
0.000690303
0.00126737
0.00253299
0.00225761
0.000898908
0.000205225
0.0009046
0.00135316
0.0012548
0.000963153
0.000819158
0.00134989
0.000985065
0.000597409
0.00059518
0.000831395
0.000441776
0.000700688
0.000650552
0.000963344
0.000485246
0.00121257
0.00125224
0.000507981
0.00298654
0.000383988
0.00153392
0.00363961
0.00188384
0.0051016
0.000909774
0.00161256
0.00178495
0.000575533
0.000753989
0.000723869
0.00214561
0.000856264
0.000417971
0.000815579
0.00112178
0.00087866
0.00274608
0.00151104
0.00172505
0.00065551
0.000749108
0.00416063
0.00106495
0.00150402
0.000109844
0.000785398
0.000622306
0.00074692
0.00135235
0.00387988
0.00162655
0.001856
0.00180963
0.000923736
0.0027332
0.000898269
0.00113164
0.00092896
0.00147065
0.00388023
0.00128518
0.00105207
0.000657112
0.00233099
0.000854898
0.000365567
0.000829078
0.000536947
0.000559372
0.00186227
0.000801157
0.000654577
0.000361742
0.00168712
0.000752306
0.000589051
0.00062228
0.00102763
0.00110431
0.00183429
0.000613288
0.00106187
0.00302999
0.000286047
0.00284864
0.000732843
0.000831531
0.00609446
0.000328586
0.000586718
0.000932412
0.000940116
0.000958742
0.000724156
0.00196611
0.0010873
0.000764009
0.0011711
0.000408216
0.00102136
0.00127857
0.00157471
0.000631908
0.00221934
0.000759683
0.000630028
0.000970043
0.00110391
0.00246349
0.000713752
0.00188004
0.000639812
0.00153919
0.000789034
0.00178082
0.00144772
0.000957435
0.000568029
0.000645603
0.00362422
0.00128699
0.0026005
0.000449811
0.000518624
0.00040921
0.000590226
0.00283247
0.00294511
0.00161547
0.000578044
0.000386635
0.000197998
0.000358773
0.00560122
0.00255208
0.00139226
0.000554457
0.000916542
0.000239633
0.000320019
0.00136909
0.000997333
0.000370326
0.00260864
0.000385428
0.000662617
0.00112336
0.000539317
0.00261579
0.0277622
0.000684824
0.00122599
0.000809624
0.00106922
0.00101645
0.00395901
0.000976939
0.000651082
0.000978713
0.000667072
0.00843809
0.000411941
0.00122578
0.00178184
0.000767553
0.000816896
0.000622372
0.00139636
0.0024551
0.00157525
0.00377182
0.00109548
0.00106613
0.00064531
0.00149928
0.00147944
0.000565768
0.000823991
0.00119665
0.0143389
0.000721661
0.000645393
0.000334401
0.00133423
0.00129692
0.000695419
0.00125081
0.000693301
0.000979414
0.00351821
0.0013751
0.00343191
0.000754916
0.000547611
0.00212625
0.00122422
0.000405185
0.00222069
0.0013094
0.000804508
0.000391714
0.0015451
0.000932638
0.00320756
0.000247524
0.000637162
0.00107205
0.000613793
0.000874681
0.00545574
0.000530512
0.000888444
0.000738728
0.000788537
0.00161544
0.000609638
0.000832613
0.000403952
0.000866613
0.00226775
0.000482763
0.00107315
0.00142858
0.000872624
0.000385957
0.00116588
0.000386294
0.00133824
0.000512644
0.000626664
0.00022266
0.00140982
0.000520368
0.00116949
0.000317611
0.00066152
0.0033547
0.00120315
0.000618717
0.00170337
0.000573422
0.000941186
0.000711432
0.000667047
0.00131043
0.000862601
0.00114228
0.00172823
0.000388799
0.000989327
0.00151843
0.000739432
0.000293158
0.000324623
0.00524136
0.0226091
0.00123048
0.000721436
0.000873525
0.00125208
0.000685052
0.000946001
0.00148671
0.00642602
0.00108844
0.000446256
0.000843728
0.000824956
0.000766431
0.000593237
0.000670814
0.000839022
0.00132954
0.000621747
0.00162801
0.00173849
0.000241386
0.00102789
0.000821357
0.0015817
0.00289419
0.00182537
0.000803766
0.000551164
0.00107849
0.00101906
0.000770831
0.000769924
0.0015715
0.00101839
0.00253893
0.00103022
0.00208295
0.00118503
0.000752482
0.000940037
0.000681118
0.000933011
0.000889731
0.00225909
0.00112652
0.00143958
0.00124314
0.0012322
0.00223186
0.000777111
0.00139891
0.000594671
0.00182362
0.00102331
0.0010211
0.00129283
0.00115236
0.00093241
0.000931376
0.00130243
0.00146487
0.00057561
0.000547931
0.00128742
0.000862335
0.000804435
0.00165221
0.000954953
0.000695234
0.00140679
0.00147593
0.00131715
0.00360746
0.000429518
0.000621202
0.000803492
0.000738357
0.00106038
0.000642416
0.0202327
0.00182911
0.00241003
0.000549212
0.001154
0.00274595
0.00055542
0.0340546
0.000817646
0.000868754
0.000532977
0.00156596
0.000573293
0.00163863
0.000992202
0.00122128
0.0019056
0.00253865
0.000891871
0.00149295
0.000959002
0.00133676
0.00174356
0.000638263
0.000824798
0.00144586
0.00136897
0.00105569
0.000252311
0.00129468
0.00124146
0.000655678
0.000251454
0.00816663
0.00130225
0.000401712
0.00090002
0.00180886
0.000837662
0.0012096
0.0029969
0.000864471
0.0010216
0.000680375
0.00123283
0.00364948
0.00371074
0.0164613
0.000456071
0.00361627
0.00219191
0.00489234
0.00146756
0.000987509
0.00114887
0.00578984
0.000750297
0.000766791
0.000955377
0.000942303
0.00128621
0.00167719
0.000459151
0.000715138
0.000907454
0.00102466
0.000926065
0.000414842
0.00512252
0.000161556
0.000958757
0.000806311
0.000454711
0.000493738
0.000619518
0.000928873
0.000373901
0.00104539
0.00165324
0.000808024
0.000955213
0.000223561
0.00033258
0.00103295
0.000689611
0.00129112
0.000698036
0.000623305
0.00118707
0.000977937
0.00284677
0.00110724
0.00141629
0.00229559
0.00389803
0.000648588
0.00119215
0.000858727
0.000821124
0.000845564
0.00131659
0.000963738
0.000861841
0.000736926
0.00118888
0.000537382
0.00104612
0.00081839
0.000649398
0.00157036
0.00190632
0.00130043
0.000618346
0.000744559
0.000933078
0.00027558
0.00225029
0.000197831
0.00184035
0.000688346
0.00163364
0.000931079
0.000656359
0.000696747
0.000452347
0.00134633
0.000824092
0.00067397
0.00233609
0.000583722
0.000540577
0.000974462
0.00182426
0.0221891
0.000514606
0.00074553
0.00574864
0.00101593
0.00128088
0.00123038
0.000538014
0.00100392
0.000888559
0.001736
0.000641405
0.00128476
0.00234786
0.0015757
0.000369757
0.000435528
0.00159068
0.000736057
0.00118807
0.00428744
0.00129654
0.00123169
0.000788772
0.00233835
0.000580112
0.00109098
0.00169016
0.000794266
0.000308944
0.00129094
0.000768404
0.00304341
0.00140218
0.00227657
0.000618834
0.000983111
0.0014535
0.00133684
0.00105923
0.00150609
0.00156347
0.00141591
0.00150257
0.00427956
0.00032066
0.000730158
0.00127495
0.000333701
0.000928984
0.000601101
0.00146438
0.00145009
0.000511537
0.00104268
0.0011415
0.000234836
0.00102277
0.000732521
0.00101214
0.000816765
0.000766913
0.00155155
0.00033671
0.000960045
0.000777358
0.00118618
0.000639056
0.00113918
0.00180302
0.000729111
0.00141764
0.000336727
0.00173928
0.00150275
0.00219948
0.00327911
0.000965844
0.000516157
0.00243159
0.0010459
0.000310696
0.00119962
0.00245403
0.00107694
0.000599844
0.00106036
0.000779558
0.00454832
0.0009315
0.00163464
0.00179799
0.00113403
0.00237769
0.00106971
0.000752147
0.00250999
0.00058493
0.000499985
0.000969685
0.00107562
0.00110783
0.00117959
0.00057401
0.00111984
0.000444488
0.000739163
0.00101535
0.000530054
0.000872447
0.000559085
0.00237005
0.000650136
0.000593884
0.0013715
0.00244521
0.000810053
0.000677453
0.00165275
0.00122543
0.00139586
0.000956787
0.00039277
0.000430526
0.000646371
0.00115352
0.00103851
0.000573265
0.00140531
0.00131886
0.00135852
0.000644512
0.000687691
0.000916276
0.00289335
0.00241127
0.00302217
0.00145837
0.000905303
0.002018
0.00114856
0.000943835
0.000561072
0.00157313
0.00110032
0.00125012
0.000493436
0.00100635
0.00230852
0.00194871
0.000431186
0.00154403
0.00479354
0.0012328
0.000711036
0.00658649
0.000884513
0.0016146
0.000603093
0.00135602
0.000243164
0.00111291
0.00100293
0.00112308
0.000824995
0.000491557
0.000374506
0.000631012
0.00109739
0.000789256
0.00128199
0.00106375
0.00185098
0.000484063
0.0016332
0.00172067
0.00204606
0.000848533
0.000666008
0.000764989
0.000765983
0.00127031
0.00212988
0.00040717
0.000647278
0.00135661
0.000504944
0.00128753
0.000492259
0.000713116
0.000515463
0.000296863
0.00106974
0.000868707
0.00177557
0.00110531
0.0017174
0.000770085
0.00106371
0.00216634
0.00168859
0.000703556
0.00248014
0.000623908
0.000649183
0.00135848
0.00457289
0.000767623
0.000931891
0.000632283
0.00154413
0.000658089
0.000415734
0.00054231
0.000756087
0.000894154
0.000611219
0.000565546
0.00172913
0.000997652
0.0020646
0.000859297
0.00223185
0.0010948
0.000357275
0.000599693
0.00323729
0.000908765
0.00109939
0.00100842
0.00214521
0.000990848
0.000964442
0.00120751
0.000924503
0.000440184
0.00201328
0.000457003
0.00103436
0.00235019
0.000954546
0.00146938
0.00144895
0.0015026
0.000657105
0.00103976
0.000606066
0.000701376
0.000904383
0.000787724
0.000898293
0.00155021
0.00106073
0.00111477
0.00162815
0.000470226
0.00059074
0.000249971
0.0034747
0.00174523
0.000534561
0.000508601
0.000452092
0.00108746
0.000926575
0.00128955
0.000856061
0.000987927
0.000875571
0.0143609
0.00118196
0.000550012
0.000698252
0.00532727
0.00103313
0.00289282
0.00100938
0.00109853
0.00147658
0.00156361
0.000305364
0.00157238
0.000675936
0.0011158
0.00258589
0.00095645
0.000816762
0.000506063
0.00313331
0.00275807
0.000742528
0.00140645
0.00110403
0.000579651
0.000900981
0.00122474
0.000679849
0.000812183
0.000328856
0.000574529
0.00143233
0.00086523
0.00121837
0.000647781
0.00235158
0.00111435
0.00039952
0.0013242
0.00061952
0.00128232
0.00113021
0.00145929
0.00524265
0.00144121
0.000745171
0.0012226
0.0024738
0.000560945
0.000416859
0.00702585
0.000967357
0.000792081
0.000741405
0.00137252
0.00102476
0.00235379
0.00169044
0.000503889
0.000908532
0.000749271
0.00448
0.00144805
0.000712012
0.00133297
0.000642672
0.000851774
0.00147366
0.00141396
0.000957381
0.000642028
0.00333877
0.000897973
0.010257
0.00541317
0.00169789
0.00128629
0.00124776
0.00165452
0.000741
0.000791935
0.000797349
0.000431636
0.00163457
0.000998215
0.000368044
0.000922902
0.00130134
0.000557905
0.00299529
0.00274942
0.000723494
0.000989727
0.00129246
0.00134074
0.00112394
0.00101152
0.00054184
0.000479027
0.00584189
0.00123878
0.00163859
0.000215345
0.00065024
0.000399155
0.000901009
0.00987859
0.000753624
0.00107858
0.000695392
0.000838874
0.000915559
0.00127595
0.000800635
0.00188891
0.000780048
0.000823599
0.000971107
0.00100767
0.000673657
0.00207609
0.00172907
0.000793031
0.000544541
0.00275077
0.000792568
0.000801162
0.00151628
0.000574084
0.000466345
0.000803811
0.000737383
0.00072482
0.000594526
0.000623669
0.00108001
0.00103591
0.000411174
0.00177525
0.00180994
0.00151779
0.000738022
0.000961219
0.000893034
0.000482832
0.000473331
0.00126997
0.00136939
0.000796415
0.00051608
0.00706763
0.00110876
0.00060193
0.000221888
0.000946633
0.000704936
0.000711814
0.000796418
0.00085679
0.00555843
0.000366118
0.0051682
0.000697714
0.00144271
0.00279367
0.00123605
0.000988789
0.00141094
0.00323639
0.000547895
0.000655692
0.00120345
0.000636103
0.00129898
0.000918855
0.000597982
0.00107658
0.00180601
0.00186411
0.000772983
0.00103968
0.00302599
0.000165093
0.000269298
0.000699073
0.00058738
0.000553678
0.00196895
0.000930831
0.00189079
0.00142702
0.000355128
0.002847
0.000345765
0.000862089
0.00195298
0.00116353
0.000380232
0.00195072
0.000527009
0.000323681
0.0191224
0.00118464
0.00179737
0.000707688
0.000635881
0.00189231
0.000101009
0.000733252
0.000708256
0.00149763
0.000688891
0.00130666
0.00161005
0.00101335
0.00106788
0.000819387
0.00238077
0.000735008
0.000992548
0.00281973
0.00145411
0.00141117
0.000947198
0.00175013
0.000708151
0.00111623
0.000440056
0.00101781
0.000588621
0.000579866
0.00388562
0.00103443
0.000361394
0.00045681
0.00125833
0.000668772
0.0031904
0.00127353
0.00766292
0.0017921
0.00141883
0.000681868
0.0016067
0.000739014
0.000991963
0.000982062
0.00150647
0.00200718
0.00155463
0.00117776
0.00105945
0.000622282
0.000885384
0.000787423
0.000758292
0.00121754
0.000398637
0.00134151
0.000681052
0.00295196
0.00154159
0.00428423
0.000742945
0.0033439
0.00165807
0.000826076
0.00323222
0.00106815
0.000708631
0.00302662
0.000553176
0.00107592
0.00113561
0.00102344
0.000811682
0.00237625
0.000896225
0.000514548
0.00065318
0.000672862
0.000547119
0.00111984
0.000265933
0.000453917
0.00103432
0.00169713
0.00129268
0.00103786
0.001047
0.000513271
0.000725062
0.000508863
0.00237359
0.000411426
0.00279869
0.00121606
0.00878518
0.00124368
0.000463377
0.00189203
0.00460402
0.00211929
0.000397769
0.000418135
0.000731336
0.00136166
0.00123036
0.000379072
0.00060171
0.00124317
0.00039068
0.00116082
0.000915313
0.0022917
0.0024084
0.000659574
0.000721633
0.00112027
0.0011462
0.000459893
0.00111601
0.00134836
0.00581642
0.00187356
0.00042559
0.000812118
0.00159438
0.00396294
0.000792126
0.00102694
0.00113767
0.00187205
0.00104286
0.000562821
0.00110126
0.00333385
0.00119047
0.000588879
0.00119558
0.000406788
0.000958637
0.00169063
0.000480232
0.00139434
0.000576214
0.00145026
0.000944715
0.00102282
0.00133642
0.00145597
0.000214191
0.000539785
0.00146687
0.00513872
0.000541661
0.000884736
0.000855825
0.000504614
0.000728017
0.00097942
0.000514497
0.000723895
0.000878219
0.00101625
0.00254105
0.000310686
0.000853707
0.000901956
0.00293117
0.000730152
0.000789977
0.000531701
0.00422943
0.000786005
0.0016639
0.000749304
0.000766669
0.000951232
0.00171269
0.00160742
0.00116815
0.000728642
0.000599717
0.000882077
0.00423905
0.00188163
0.000813169
0.000540521
0.000587366
0.00107477
0.000908146
0.00116495
0.000515183
0.0013967
0.000380225
0.000865696
0.000541692
0.00193703
0.000541049
0.000809003
0.00293466
0.000660007
0.000170705
0.000734257
0.0017354
0.00274285
0.00190142
0.000501888
0.000630159
0.00117053
0.000505937
0.0013673
0.00130457
0.00212338
0.00109823
0.00350823
0.00105772
0.000555866
0.000537601
0.00125818
0.000718993
0.00100843
0.000865644
0.00138454
0.000607511
0.000230826
0.0007282
0.000300676
0.000280007
0.00355556
0.000689124
0.00464157
0.000604113
0.00118532
0.00146689
0.000661822
0.000787825
0.00129442
0.00343411
0.00157494
0.00085543
0.00945457
0.000594457
0.00119932
0.000819133
0.000381403
0.00127866
0.00108225
0.00066985
0.00106581
0.000606574
0.00254571
0.000822317
0.000181189
0.00142705
0.000613695
0.000877194
0.0063478
0.00183246
0.00119467
0.00109966
0.00194216
0.000755065
0.00136722
0.000609458
0.00125264
0.00131663
0.0006649
0.000754684
0.000706364
0.00201292
0.00222693
0.00179357
0.000807778
0.000807558
0.00114435
0.000993226
0.000529346
0.0032024
0.000534826
0.00103752
0.000957271
0.004265
0.00061946
0.00131404
0.00101631
0.00114652
0.000751619
0.000786628
0.0010619
0.001274
0.000628639
0.000665695
0.000678895
0.00132314
0.00186061
0.000339214
0.000509984
0.0038397
0.00102747
0.00122282
0.000613807
0.000381521
0.00274653
0.00129899
0.000391742
0.00111927
0.000654285
0.000526864
0.00440246
0.000515001
0.00144901
0.000871094
0.000450216
0.00068971
0.000690343
0.000975543
0.00308089
0.00173763
0.00172186
0.00281655
0.00365154
0.0107386
0.00060837
0.00057688
0.00143724
0.000433112
0.000811127
0.00178565
0.00171056
0.00058988
0.000943945
0.000759478
0.00227827
0.0014216
0.0017182
0.000987469
0.00124698
0.000768706
0.00119881
0.000847245
0.000813581
0.00110753
0.000583105
0.00087561
0.000585365
0.000920982
0.00166875
0.000468677
0.00151454
0.00274852
0.00153694
0.000907584
0.0006237
0.00079064
0.00132944
0.000565165
0.00119637
0.00192297
0.000867644
0.00242655
0.000987749
0.00103624
0.00032578
0.00340265
0.00084224
0.000875709
0.000357705
0.00060224
0.000647753
0.000903521
0.00086408
0.000469516
0.00162931
0.00141317
0.000655706
0.000832928
0.00112113
0.000955165
0.000901992
0.00208458
0.00174513
0.00258075
0.000606937
0.00100565
0.00120806
0.000429332
0.00168419
0.00305934
0.00185408
0.00111485
0.000616206
0.0038134
0.000852821
0.000423818
0.000490776
0.00127319
0.00100713
0.00090674
0.000662109
0.00095076
0.00148555
0.000971947
0.00140937
0.00063569
0.000578516
0.00102699
0.000332469
8.5694e-05
0.00011819
0.00107871
0.000550583
0.00076742
0.00156384
0.00125779
0.00205641
0.00058424
0.0010885
0.000942091
0.00070976
0.000436488
0.00212388
0.000791536
0.00079838
0.00120125
0.00247398
0.00102739
0.00103538
0.000753497
0.000869353
0.00203693
0.00116078
0.00281584
0.00120447
0.000366943
0.0015463
0.00138462
0.000823875
0.00197781
0.00119043
0.00102964
0.000842066
0.000268893
0.000532134
0.00130002
0.000525872
0.000672975
0.000896152
0.00135022
0.000581683
0.00318347
0.000646844
0.000646478
0.00128814
0.00127725
0.00183939
0.000976605
0.000784848
0.000607907
0.00157694
0.000289186
0.00148706
0.000194252
0.000561399
0.000932885
0.000921937
0.000984472
0.00136929
0.00072171
0.00551545
0.000522146
0.00144877
0.000408945
0.00217948
0.00192488
0.000636323
0.00752743
0.000818957
0.00144457
0.00128928
0.000904003
0.00113499
0.00200771
0.00200505
0.00133348
0.000517731
0.000816235
0.00124244
0.000706259
0.000707807
0.000541278
0.00183613
0.000556291
0.00120143
0.00213503
0.000826103
0.000405297
0.0118299
0.000218369
0.000701794
0.00108187
0.000991742
0.00292338
0.00061386
0.00122434
0.000641839
0.000875596
0.000954242
0.0014909
0.000625603
0.00121667
0.000721629
0.00117565
0.000859445
0.000306125
0.00055096
0.00154885
0.00110033
0.000674005
0.000795183
0.00114873
0.00131893
0.000746797
0.00069875
0.00125535
0.00169884
0.00123706
0.000928354
0.00115831
0.00184347
0.00056972
0.000460224
0.00044961
0.00041826
0.000532117
0.000754048
0.00266506
0.000914516
0.000719483
0.000423731
0.00091366
0.00118429
0.00141754
0.00166615
0.000137095
0.00178556
0.000504823
0.000720118
0.00278321
0.000931896
0.00109294
0.000952319
0.00137715
0.000906699
0.00165917
0.00135361
0.00168055
0.0019759
0.000499815
0.00081359
0.000382872
0.00119375
0.00156944
0.00056409
0.00750266
0.00179052
0.00115177
0.000668852
0.00375585
0.00052943
0.00267607
0.00141347
0.000984122
0.0189565
0.000861386
0.000879655
0.00164348
0.00314613
0.00145936
0.000914735
0.00049589
0.001093
0.00141111
0.000808466
0.00105217
0.0014464
0.00138152
0.000588495
0.00190629
0.000597926
0.00173708
0.00035957
0.00093467
0.00253991
0.000676936
0.00176393
0.000393985
0.0118657
0.000618715
0.000942824
0.00492136
0.000383021
0.000253228
0.000621657
0.000679237
0.000394993
0.000897682
0.00153072
0.000453258
0.00138256
0.000474093
0.000842874
0.000763102
0.00516448
0.00187461
0.000359489
0.000696058
0.00117821
0.000996486
0.000478489
0.000479793
0.00842544
0.00073722
0.000822835
0.000969576
0.00116461
0.000414624
0.000682625
0.000822033
0.00475209
0.00166945
0.0016663
0.000622576
0.000771487
0.000747959
0.000517784
0.00696318
0.000641088
0.00113573
0.000489671
0.000455223
0.000738684
0.0366563
0.000847153
0.000697875
0.000343168
0.00114781
0.000955828
0.000743772
0.00039192
0.00112034
0.000705337
0.000231398
0.00114703
0.0235504
0.0019501
0.000994954
0.000825836
0.00156849
0.000762769
0.00155533
0.00136457
0.00122112
0.000770175
0.000829475
0.00127659
0.00147175
0.00120258
0.00109314
0.00186932
0.00102265
0.000386637
0.000925829
0.00124459
0.000646935
0.000382747
0.000815264
0.0017141
0.0327689
0.00033478
0.00125721
0.000355194
0.00023467
0.00104834
0.000824312
0.000786185
0.00244092
0.0011002
0.000612302
0.000585013
0.00194169
0.00100754
0.000651994
0.00158807
0.000943616
0.00253877
0.000949918
0.00045464
0.000983777
0.000793967
0.00115815
0.000276157
0.000271676
0.00141557
0.00164115
0.00219901
0.006875
0.000630103
0.000699759
0.000975309
0.00192255
0.00204656
0.000724677
0.00151933
0.000802207
0.00169528
0.000452253
0.00172995
0.00226888
0.001091
0.000741746
0.000211553
0.000515866
0.000397148
0.00102369
0.00173175
0.000901191
0.00070879
0.00358737
0.000190062
0.0109248
0.000994651
0.00146708
0.00233338
0.000731459
0.000864944
0.00158112
0.00113547
0.00154323
0.000531126
0.000798253
0.00149934
0.000773057
0.00064173
0.000592841
0.00071855
0.00119634
0.00140517
0.00076537
0.000770501
0.00140026
0.00089405
0.00156824
0.00127043
0.000990582
0.00253265
0.000437829
0.00139442
0.000300825
0.00130124
0.000991647
0.000723491
0.00101511
0.00144747
0.00225455
0.000669013
0.000513792
0.00179298
0.00098088
0.000865175
0.0013914
0.00161579
0.00668875
0.000826999
0.000488753
0.000520328
0.000823075
0.000868941
0.00121481
0.00100474
0.000737614
0.00115265
0.000811282
0.00296529
0.000721889
0.00149624
0.00190117
0.00240915
0.000675877
0.0021382
0.00140281
0.000693274
0.00370867
0.000813804
0.000940019
0.00121328
0.00169063
0.00103323
0.000749814
0.00199347
0.00101653
0.00093831
0.000873689
0.000706279
0.00124759
0.00557318
0.0011145
0.00119316
0.00103429
0.00132746
0.00456715
0.00451932
0.00114388
0.00108236
0.00317229
0.000678481
0.000304628
0.000670536
0.00233287
0.00100985
0.00114198
0.000582605
0.00210109
0.00226205
0.000828189
0.00529683
0.00102414
0.000672156
0.00195427
0.0015994
0.00160516
0.0027118
0.00387262
0.0012279
0.000225491
0.00100681
0.000777386
0.00123573
0.000933128
0.000857604
0.00114242
0.00995114
0.000505185
0.000625774
0.000337858
0.00125233
0.00368746
0.000796665
0.0010402
0.00129099
0.000528506
0.00113993
0.000979302
0.000756506
0.0010648
0.000905795
0.00258593
0.0015105
0.000562919
0.00109155
0.00129132
0.000824773
0.000629273
0.00106928
0.00104924
0.000651662
0.000498307
0.00415748
0.00198297
0.000154276
0.000445541
0.000709349
