0.00111415
0.000592319
0.00190303
0.00200422
0.00145803
0.00114045
0.000986847
0.00297423
0.0012613
0.00436429
0.00181079
0.00113878
0.0139971
0.000960141
0.00263045
0.00164799
0.00661803
0.00102475
0.00172582
0.00349587
0.000885538
0.00128324
0.000934665
0.00170246
0.00169021
0.000671757
0.00103401
0.00161225
0.00110492
0.000961377
0.000874063
0.000973367
0.00107988
0.0013132
0.00165399
0.000993733
0.000783536
0.000583741
0.00450634
0.000973886
0.000966026
0.00227348
0.00093028
0.00441364
0.00264354
0.00269403
0.000968323
0.00113411
0.0151702
0.00121844
0.00122358
0.00165853
0.000952799
0.00175332
0.000999301
0.00132821
0.00176668
0.000784652
0.00145385
0.00137668
0.00302396
0.00204429
0.0010736
0.00108976
0.0154209
0.000809729
0.0019774
0.000706618
0.00174822
0.00122297
0.00125995
0.00090686
0.00220348
0.00569218
0.00167837
0.00205404
0.00112372
0.00123326
0.00126606
0.000881097
0.00150898
0.00109762
0.00092423
0.00123523
0.00213215
0.000615893
0.000411045
0.00248386
0.00193631
0.00104894
0.00101804
0.00115173
0.00475712
0.000802215
0.00145812
0.00504845
0.000943041
0.00136534
0.00255462
0.0264874
0.00124298
0.00171299
0.00186247
0.00099582
0.00104488
0.00157461
0.000980752
0.00296147
0.00199918
0.00453361
0.000631891
0.0019157
0.00114136
0.000803762
0.00102541
0.00212175
0.00144361
0.00108516
0.000843703
0.000936054
0.00118614
0.00298785
0.00110537
0.000662324
0.000714864
0.00126252
0.000396992
0.00169345
0.000888508
0.000884458
0.00104564
0.0012979
0.00139344
0.00134097
0.00100674
0.000744948
0.0011052
0.00048776
0.00800855
0.000526794
0.000816458
0.000943808
0.000425472
0.000941609
0.00146013
0.000704629
0.00154489
0.00291891
0.00129308
0.00138435
0.000754192
0.00148875
0.000689295
0.00199414
0.0011868
0.00578078
0.000897262
0.00081521
0.00146995
0.00095941
0.00130115
0.00219405
0.00198609
0.000833062
0.000715479
0.000704161
0.000861661
0.0026857
0.000292273
0.00061857
0.000904071
0.00241375
0.00104511
0.00143418
0.00142349
0.00459451
0.000630101
0.00185628
0.00157468
0.00073251
0.00119523
0.000849565
0.000688206
0.00879513
0.00131073
0.00100039
0.000973822
0.00131085
0.00178919
0.0009189
0.000953014
0.00121036
0.00182289
0.00124426
0.0012246
0.00157174
0.000897456
0.000777263
0.00177257
0.00153225
0.00161485
0.000941139
0.00440337
0.00067339
0.000996181
0.000650721
0.00110346
0.00146444
0.000707606
0.00199205
0.00231688
0.000511264
0.00154619
0.000930858
0.00116694
0.000584318
0.000932105
0.00165713
0.00127745
0.00104206
0.000428932
0.00999482
0.000568157
0.00202274
0.00217718
0.00144878
0.000787597
0.00621912
0.000951372
0.00124626
0.000980648
0.00171549
0.00162261
0.00184367
0.000752616
0.00154716
0.0013654
0.00162834
0.00125486
0.00223434
0.00342649
0.00176157
0.00134446
0.000912599
0.0028939
0.00404125
0.00161947
0.00213336
0.000976312
0.00197744
0.00102609
0.00127661
0.000897407
0.000944735
0.000751721
0.00125871
0.000930428
0.00402073
0.00167391
0.000814854
0.000960129
0.00509484
0.000934386
0.000487961
0.00128453
0.00112292
0.000457172
0.00172471
0.000713379
0.00176149
0.00394478
0.000823716
0.00162935
0.000533653
0.000624669
0.00107789
0.00148163
0.00108842
0.00993615
0.000173579
0.00145929
0.0013167
0.00117976
0.00116875
0.000785928
0.00164055
0.000984727
0.000994179
0.003191
0.000787378
0.00418192
0.00193447
0.000991434
0.00244956
0.00240649
0.000804576
0.00111426
0.000885507
0.00114134
0.00268171
0.00415136
0.0011085
0.00134357
0.00154727
0.000745835
0.000816877
0.00539534
0.00129342
0.00112514
0.00126134
0.00122362
0.000996425
0.0011324
0.00081705
0.00469556
0.00255561
0.00479294
0.000788934
0.0113371
0.00115959
0.0124896
0.000500493
0.0011693
0.00122917
0.00155105
0.000289025
0.00176797
0.00116689
0.000870747
0.000720656
0.000728055
0.00161162
0.000788005
0.00101991
0.00249504
0.000673976
0.00179244
0.00157745
0.00137303
0.0014954
0.00117987
0.000890808
0.00107939
0.00147337
0.00189364
0.0016101
0.000991231
0.00152909
0.000384863
0.00196981
0.00240734
0.00115875
0.0019976
0.0010284
0.00238775
0.00183306
0.000793507
0.00118379
0.000781467
0.00102411
0.00132352
0.00152485
0.00185905
0.00110639
0.00171519
0.000603659
0.00162617
0.00136775
0.0807901
0.00119895
0.0012524
0.00356401
0.000426983
0.000772643
0.000813532
0.00055946
0.000705108
0.00251534
0.00121439
0.000709273
0.000913028
0.00196516
0.00113461
0.000869054
0.00212934
0.0132271
0.00243445
0.00189636
0.00107133
0.000564061
0.00150244
0.00100184
0.00135294
0.00202417
0.000587854
0.00116194
0.00182414
0.000737204
0.00119087
0.00120471
0.00700562
0.000838781
0.0012859
0.00150315
0.000748826
0.00325929
0.00130191
0.000809685
0.00140575
0.00198353
0.00104962
0.00104846
0.00231414
0.00195258
0.00132728
0.00263876
0.00121409
0.00128101
0.000506606
0.00182943
0.00105444
0.000902885
0.000775143
0.000327275
0.000621204
0.00135161
0.00136286
0.00200757
0.0015084
0.00139895
0.00128074
0.000464496
0.000888659
0.00145918
0.00206957
0.000627421
0.00174616
0.00138746
0.00079526
0.00236659
0.00135756
0.0257279
0.000682284
0.00110341
0.000942729
0.00364958
0.000848793
0.00162473
0.0016989
0.00121743
0.000779834
0.00293867
0.000769205
0.00081115
0.000820295
0.00227179
0.00112554
0.00056299
0.00162038
0.00150623
0.00218041
0.00138785
0.00078458
0.00146587
0.00127842
0.00109195
0.00790524
0.00101001
0.000863462
0.00106018
0.00202304
0.0216219
0.0018402
0.000855967
0.00084736
0.00207249
0.00140678
0.000624032
0.00123991
0.00146798
0.00082004
0.000855895
0.000747207
0.0018815
0.0025122
0.00221399
0.00152771
0.00134402
0.000831132
0.000530682
0.000226882
0.00166054
0.00146027
0.00102044
0.00069066
0.000944577
0.000614908
0.00406593
0.00131011
0.00167281
0.000498255
0.00129515
0.0010872
0.00106776
0.000496066
0.000620976
0.00152762
0.00346023
0.00155617
0.00111888
0.0013522
0.00101678
0.00116192
0.000706107
0.00117055
0.0107652
0.00136825
0.00065029
0.000976854
0.00306667
0.000304098
0.000966846
0.000842539
0.00108812
0.0136002
0.000479305
0.000938332
0.00151848
0.00136281
0.00100017
0.00188141
0.000985262
0.00108684
0.00113297
0.00133217
0.00101143
0.00123907
0.00128439
0.00502724
0.000706881
0.00109363
0.000922901
0.00117953
0.00115451
0.00197228
0.00123966
0.00162944
0.00105545
0.000828283
0.00221635
0.00620766
0.00193054
0.000725747
0.00285203
0.00114225
0.00107608
0.0014944
0.00908421
0.00099692
0.00149185
0.000906558
0.0015094
0.00075622
0.00100181
0.000911724
0.00139102
0.00164518
0.0007747
0.000641537
0.00272011
0.00389558
0.000852225
0.00172484
0.000979665
0.0102253
0.00194527
0.00101555
0.00150449
0.0012957
0.0037108
0.00154619
0.00274814
0.000713925
0.00151167
0.00283105
0.00136785
0.00410327
0.00144244
0.000984979
0.000623723
0.00120687
0.00232509
0.00267951
0.00133175
0.00166374
0.00211388
0.00200013
0.00103043
0.000656387
0.00192176
0.000247121
0.00144332
0.00132644
0.00200243
0.000960103
0.00595757
0.000936199
0.000769579
0.000995414
0.00125969
0.0011455
0.00141571
0.000608272
0.00143217
0.000644965
0.00111991
0.00090732
0.00154239
0.00190069
0.000791692
0.001297
0.00228519
0.00138895
0.00107395
0.00118564
0.00187353
0.00387634
0.00146934
0.00120608
0.00122439
0.000715309
0.00116949
0.00395941
0.00141003
0.0017783
0.00125012
0.00156485
0.000550251
0.0008385
0.00100021
0.020412
0.00213766
0.00287714
0.000249668
0.00221001
0.000784953
0.00277497
0.00154707
0.00583339
0.000487902
0.00277368
0.000996354
0.00198342
0.00289954
0.00175019
0.000603678
0.000626473
0.00101303
0.00115098
0.00134266
0.00126994
0.00109379
0.000935403
0.00103924
0.00146433
0.00155665
0.000637298
0.000403207
0.000543718
0.000392028
0.00130214
0.00155435
0.00219433
0.00161435
0.000947453
0.00103841
0.000782993
0.000882603
0.000856768
0.00134228
0.0021827
0.000393506
0.00202813
0.00181057
0.00133989
0.0051134
0.00105297
