4.93948e-05
0.000259746
0.000151444
0.00024155
8.87528e-05
0.000347347
0.00271299
0.000211199
3.87322e-05
0.000264018
0.000561356
0.000114272
3.39827e-05
0.00024092
0.000438191
0.00013238
0.000145095
9.84484e-05
0.000138412
0.000116018
0.000423502
0.000345649
0.000101025
0.000299778
0.000168672
0.000181069
0.000333569
0.000290095
0.00017105
0.000189412
2.57712e-05
0.000185416
0.000332577
0.000244074
5.71484e-05
0.000408149
0.000163587
0.000261198
4.05987e-05
0.000431625
0.000226478
0.000326226
0.000104891
0.000196562
0.000358328
0.000247572
0.00031624
0.000160328
0.000242932
0
0.000133724
9.59014e-05
4.13702e-05
0.000172602
0.000414276
0.000467952
0.000205397
0.000212933
0.000572464
0.00122393
0.000119898
0.000276807
0.000166889
0.000408984
0.000126316
0.00016808
0.000396911
0.000127147
0.000101588
0.000269886
0.000105306
0.000407701
0.000641819
0.000597917
8.8012e-05
0.000135446
0.000181072
0.000108678
0.000558722
0.000484416
0.000161201
0.000191647
4.68466e-05
0.000342436
3.83851e-05
0.000111278
0.000216147
0.000277306
0
0.000200122
8.15091e-05
2.21593e-05
0.000784485
0.000298613
0.000340425
0.00015078
7.46113e-05
0.000431118
0.000130665
3.83938e-05
0.00010503
0.000181539
0.000200857
0.000236448
4.4073e-05
5.2838e-05
0.000396759
0.000454258
0.00029244
0.000188217
0.000319762
0.00124862
0.000219078
0.000139583
0.00019823
0.000157237
0.000170296
0.000193658
0.000188967
8.12403e-05
0.000266038
0.000184181
0.000120645
0.000198305
0.000129205
5.68052e-05
0.000106198
0.000364118
0.000248335
0.000123611
9.89581e-05
0.000183599
0.000126243
9.81386e-05
0.000145494
0.00018166
0.000281313
0.000284301
0.000203325
0.000325958
0.000100434
0.000203304
0.000359598
6.10548e-05
0.00032661
0.00017505
0.000377748
2.14043e-05
9.39956e-05
0.000275969
0.000245974
0.000129555
0.000136882
7.87914e-05
0.000137253
0.000228355
0.000691315
0.000845654
3.39555e-05
0.000178824
0.000156093
0.000587627
0.000815023
0.000240401
0.000144564
0.000301845
0.000211275
7.7144e-05
6.20805e-05
0.000158766
0.000110714
3.84577e-05
0.000224369
0.000124206
5.03617e-05
0.00123104
6.06003e-05
0.000169699
0.000250052
0.000379495
3.25368e-05
0.000319352
0.000241953
6.12279e-05
0.000235417
0.000106501
0.000104636
0.000794674
9.50144e-05
8.54743e-05
0.000110277
0.000295853
0.000281896
9.54598e-05
0.000376383
0.000289502
0.000893124
9.43519e-05
0.000270859
0.000164411
0.000875035
0.00021929
0.000195459
0.000111456
4.07993e-05
0.000942036
9.97291e-05
6.56172e-05
7.09146e-05
0.000324582
0.000176093
0.000597319
6.02291e-05
3.20003e-05
0.00252047
4.66278e-05
0.00029845
0.00010941
9.55011e-05
0.000349703
0.000464514
0.000135882
0.000286032
5.72895e-05
0.000419341
0.000227894
0.000113032
0.000220056
0.000292206
0
0.000418365
0.000740651
7.67885e-05
0.000279088
0.0001049
0.000323932
0.000102149
8.22975e-05
0.000695966
0.000366877
7.82572e-05
0.000229096
0.000228984
0.000159648
0.00010665
0.000837949
0.000188459
0.000309839
0.000317081
9.69991e-05
0.000456728
0.000303279
0.000258794
0.000102938
0.000181166
0.000198072
0.000105392
5.56207e-05
5.8336e-05
0
0.000132472
0.000245552
0.000273666
9.00791e-05
2.88989e-05
8.8604e-05
1.15997e-05
0.000210396
9.28919e-05
0.000506729
0.000111184
0.000110937
0.000535687
0.00302967
0.000204027
8.4177e-05
0.000174395
0.000414628
0.000104314
0.000588713
2.4252e-05
0.000196933
6.22381e-05
0.000121829
0.000232772
0.0001705
0.000372728
9.91334e-05
0.000511119
0.000458425
0.000227713
9.82891e-05
3.14599e-05
2.53144e-05
0.00542438
7.00871e-05
0.000101449
6.06234e-05
0.000594782
8.18601e-05
0.00014041
7.53243e-05
0.00018997
0.000145363
0.00023209
0.000300419
0.000426146
0.000215161
0.000145685
2.76649e-05
0.000220488
0.000170363
0.000286687
5.37374e-05
0.00028617
0.000154513
0.000137103
3.06463e-05
0.000324902
0.000220787
0.000709155
4.15914e-05
9.24102e-05
7.46849e-05
0.000161806
0.00035967
0.000107987
6.2893e-05
2.94652e-05
0.000136278
0.000275809
0.000116659
0.000368755
9.63446e-05
6.25157e-05
4.21443e-05
0.00133046
0.000202239
0.000178871
0.000106473
8.30012e-05
0.00023232
0.000145676
0.000560291
0.000206458
9.85639e-05
0.000117441
0.000176737
9.03731e-05
0.000446841
0.000652012
0.000128124
0.00024394
0.000233616
0.000303551
0.000224865
0.000199384
0.000190843
0.000173647
0.000214916
0.00018619
0.000254042
0.000250422
0.000132768
0.000325522
0.00020792
5.01703e-05
0.000406957
0.000217061
0.000101439
0.000345188
0.000175497
0.000154118
2.86353e-05
9.59353e-05
6.42745e-05
0.00072199
6.82326e-05
0.000195841
5.63516e-05
8.85289e-05
0.000200235
0.000116597
0.000631852
6.09974e-05
0.000361527
0.000163514
0.000132861
0.00013407
0.000127712
9.66891e-05
0.000352112
0.000103229
0.000173658
0.000380428
0.000135314
8.69213e-05
1.34115e-05
0.000265925
0.000170221
9.91792e-05
0.000175284
0.000341415
0.000205504
3.9747e-05
0.000298849
0.000263957
0.000915002
6.94657e-05
0.000194416
0.000574123
0.000105126
0.000214232
0.000726308
0.00031165
0
0.000144038
0.00040437
0.000183514
0.000206967
0.00022128
0.00011439
0.000246668
0.000204339
0.000254965
0.000171089
0.000102417
0.000294398
9.10935e-05
0.000174512
0.000109567
5.44344e-05
0.000217805
0.000182862
0.000199456
0.000408134
9.9302e-05
0.000970466
0.000393262
0.000122005
0.000319447
0.000100537
0.000133477
6.83562e-05
0.000134029
0.000206373
0.000133481
0.000156253
0.000369583
9.02795e-05
0.000255676
0.000480364
0.000383874
0.0002198
2.01335e-05
0.000155395
0.000312643
0.000257574
9.75844e-05
5.54243e-05
0.000308857
0.000201637
0.00142351
0.000229758
9.97661e-05
0.000102168
0.000104422
0.000188788
8.81813e-05
0.00029486
0.00024997
0.00330146
0.000285213
0.00019152
0.00016895
0.000129709
0.00030104
0.000228866
0.000271482
0.000118807
0.000254207
0.000447548
0.000132808
0.000128057
0.000169733
8.78254e-05
0.000385776
0.000324702
0.000175662
8.13996e-05
0.000238109
0.000227775
0.000178098
0.00012964
7.96825e-05
0.000229346
0.000121177
0.0026007
5.76561e-05
0.000785743
0.000277217
5.28591e-05
0.000191594
0.000135004
0.000235528
0.000122873
0.000150552
0.000216114
0.000100396
1.0605e-05
0.000117657
0.000361431
0.000194449
0.00253416
0.000508134
0.000137283
0.00019993
3.55118e-05
0.000496001
5.78009e-05
0.000646158
0.000278545
0.000114893
3.38913e-05
0.0002594
1.25551e-05
0.000127108
9.78531e-05
0.000168366
0.000286042
0.000207196
3.27153e-05
0.000171548
0.000105241
0.000107482
0.000393537
0.000117458
0.000140709
0.000827094
0.000125192
0.000118151
0.000135343
0.000130695
0.000365837
0.000222852
0.000131365
0.000219925
0.000148814
0.000310203
0.000125282
0.000171746
0.000480822
0.000611923
2.24834e-05
0.00019691
0.00130905
0.000216421
0.000177478
0.000222796
0.00260276
0.000205696
0
0.000111014
0.000236491
0.000411749
0.000200521
0.000330878
0.000127926
0.000128702
9.08618e-05
0.000115847
7.93862e-05
3.10994e-05
0.000150171
0.000135823
6.01694e-05
0.000246931
0.000587458
0.000153077
2.28473e-05
0.000551813
0.000157175
0.000120467
0.000334706
0.000161807
8.05843e-05
0.000303947
9.89074e-05
0.000506213
0.000403005
0.000293146
0.000316911
0.000152935
0.000417677
0.000143451
0.000178413
0.000221312
0.000384982
1.79624e-05
0.00033585
0.000376853
0.000179906
0.000317147
0.000650662
5.92313e-05
0.000157888
1.35545e-05
0.000363575
0.000125099
0.000121142
5.63836e-05
0.00032934
0.000262851
0.000310018
0.000307046
5.64742e-05
0.000167249
0.000266251
0.000113106
4.45988e-05
0.000122425
0.000100054
0.000133269
0.000196224
5.1742e-05
0.000201851
0.000815877
5.96942e-05
0.000204572
0.000235081
0.000397793
0.000781143
0.000297504
0.000171496
0.000124932
0
0.000341898
0.000421952
0.000193599
0.000124118
0.000381381
0.000155269
0.000232975
0.000205312
9.89302e-05
0.000212078
0.000131269
0.000119246
0.000228584
0.000219742
1.71008e-05
2.62498e-05
0.000129825
0.000151269
0.000299743
1.33944e-05
0.000141459
0.000346447
0.000266393
0.00038622
0.000213024
0.000217875
0.000374805
0.000111981
0
0.000157221
6.30201e-05
0.000129905
0.000393112
0.000107714
0.000172235
0.00335815
0.00021197
0.000331491
3.93913e-05
0.000580627
0.000199073
0.000368975
4.16638e-05
0.00121221
0.000211367
0.000113234
0.000226943
0.00015394
0.000183464
0.000235958
0.000112079
0.000139619
4.81638e-05
0.000155205
3.76812e-05
6.26373e-05
0.000272546
0.000338561
0.000403014
0.000282838
0.000459985
6.16709e-05
0.00023814
0.000495497
0.000405729
0.000165137
0.00117854
0.000356606
9.92871e-05
0.000113206
0.000252354
1.2147e-05
0.000197478
0.000189577
0.000171157
0.00017744
0.000119401
0.000116089
0.00194897
0.000121555
0.000960078
0.000138835
0.00138981
0.000172075
8.92161e-05
0.000216109
0.000182498
0.000199103
0.000119554
0.000180058
0.000264308
1.50411e-05
0.000268981
0.000209792
3.18355e-05
0.00028811
3.44267e-05
2.65713e-05
0.000105971
0.000209267
0.000185503
0.000166305
0.00038886
0.000247141
0.000210322
0.000343594
7.67943e-05
0.000213815
0
0.000326776
0.000116839
0.000113418
0.000183065
0
0.000289318
0.000232485
0.000327278
0.000467943
0.000171158
0.000116159
0.000139268
0.000499211
0.000128222
0.000344856
0.000159201
0.000483513
7.45823e-05
0.00018245
0.000228746
0.000153185
0.00017608
0.00676005
8.46667e-05
0.000222531
0.000487732
0.000209655
0.000180212
0.000316946
0.000202613
0.000108492
0.000100007
0.0121972
0.000333648
0.00014459
0.000595389
0.000350311
0.00025127
0.000299172
6.81436e-05
0.000597104
9.85828e-05
0.000227356
0.0032261
0.00014438
0.000435458
0.000148536
0.000377143
7.24764e-05
0.000190575
0.000136507
0.000237318
0.000548675
0.000455607
9.53992e-05
2.86399e-05
0.000299734
0.000524003
2.19768e-05
0.000284417
0.000512093
0.000145108
0.000161287
0.000160246
0.000189518
0.000110421
5.55215e-05
0.000392906
5.06623e-05
5.9313e-05
0.000552672
4.17887e-05
0.000474581
0.000108597
6.09581e-05
0.000189137
5.99977e-05
0.000105649
9.15424e-05
0
0.000103878
0.000153525
0.000103041
0.000508012
0.000225806
7.34516e-05
0.000144311
0.000464831
0.00023103
0.000464102
0.000166121
0.000173594
0.000793394
0.000111282
0.000666085
0.000120237
5.79187e-05
7.73386e-05
0.000369289
0.000731804
0.000140986
0.00017302
0.000748869
0.000159376
0.000483655
9.59932e-05
7.94899e-05
0.000188476
0.000204005
0.000152862
0.000151828
6.90387e-05
0.000172572
0.00018726
0.000202227
0.000732733
0.00016995
8.88251e-05
3.93134e-05
0.000120709
0.000122984
0.000182312
3.1276e-05
0.000212319
8.63764e-05
0.000224003
0.000114278
0.000280654
0.000301201
9.62675e-05
0.000260239
0.000309302
7.799e-05
0.000123909
0.00156666
7.95886e-05
0.000139543
0.00055142
8.34568e-05
0.000439768
0.000126597
0.000270298
0.000271072
0.000268953
0.00110028
4.07479e-05
0.000139007
0.000147595
5.23889e-05
0.000927333
0.000124735
0.000123657
8.34015e-05
5.63647e-05
0.00162547
0.000142896
0.000178909
0.000188112
5.29001e-05
0.000122113
0.000186738
0.000102233
5.6443e-05
0.000293763
5.32125e-05
0.000599848
0.00057473
0.000160469
0.000222671
0.000208589
0.000255145
0.000147373
0.000326769
0.000184483
5.65401e-05
9.64671e-05
0.000139353
5.73222e-05
0.000280652
0.000273195
0.000109318
0.000103059
0.000194183
0.000158636
0.000516158
0.00020213
0.00019613
4.76441e-05
0.00014249
0.000360314
0.000107576
9.56831e-05
0.000341399
0.000107641
0.000143603
0.00230063
0.000174691
0.000183884
0
0.000489838
0.000198343
0.000331478
0.00665952
0.000207776
0.000481787
0.000151895
0.000122627
0.000327377
0.000248052
0.000110465
0.000380689
0.000223902
0.000473215
0.000234006
0.000153122
0.000256213
0.000330295
0.000109627
0.000477075
0.000135212
0.000265589
0.00046877
1.53115e-05
0.000380759
0.000160802
9.8681e-05
0.000150441
0.00671982
0.000119547
0.000305261
0.000251328
0.000219057
0.000393106
0.00030354
0.000152058
0.000190846
0.000116443
0.000119111
5.80592e-05
0.00017576
9.95264e-05
0.000286706
0.000100224
0.000166259
0.000174372
0.000149374
0.000413402
0.000116089
0.000137042
1.06314e-05
0.000130581
0.000286414
2.20616e-05
8.40938e-05
0.000318258
0.000338669
0.000604089
0.000260668
0.000243002
0.00012199
0.000531156
9.25201e-05
8.32199e-05
8.89695e-05
0.000216335
0.00065356
0.000298393
0.000235688
8.63158e-05
0.000177232
0.000186362
0.000114671
0.000136012
0.000144441
0.000270474
0.000250919
0.000146454
0.000575097
0.000134747
0.000347431
0.000246645
9.59366e-05
0.000129485
0.000204423
6.76425e-05
0.000376542
1.76011e-05
0.000221203
8.93823e-05
0.000203039
0.000128328
0.000263006
0.000491874
2.84747e-05
0.00029337
0.000139455
0.000175168
5.34355e-05
0.000209312
0.000144621
7.38884e-05
8.9308e-05
6.2393e-05
0.0002145
0.000326837
0.000267167
0.000214538
0.000130287
0.00059524
0.00022404
0.000298429
0.00025386
0.000209876
0.000152814
0.000114215
0.000122698
8.7566e-05
7.33378e-05
0.000246053
3.60896e-05
1.19635e-05
0.000346671
3.57601e-05
0.000384023
0.000181698
8.56301e-05
0.000246361
0.000157607
7.7944e-05
0.000511247
0.000205663
0
0.000121938
0.000372274
1.09797e-05
5.26865e-05
0.000222722
0.000147353
0.000487235
0.000349397
0.000233439
0.000261839
0.000199579
0.000114881
0.000124541
0.000136796
0.000312644
0.000173372
0.000426459
0.000445942
0.000331213
0.000309878
0.000407524
0.000148628
0.000115265
0.000155214
0.000110668
0.000100525
0.000122071
0.000189661
0.000257546
0.000313218
0.000186122
0.000247929
0.000259872
0.000128177
0.000114745
8.17612e-05
0.000278058
0.000127301
0.000624616
0.000152118
0.000171257
0.000145215
0.000211309
0.000290794
0.000240076
3.8976e-05
3.80838e-05
0.000118139
0.000258845
0.000222074
0.000757452
0.000295647
0.000299745
0.000125534
0.000239359
4.8677e-05
8.21338e-05
9.94572e-05
0.000197057
0.000143852
0.000412086
0.000124385
0.000147648
0.000378836
0.000190906
0.000309013
7.7947e-05
0.000290596
0.000502372
0.000224784
8.87261e-05
0.000309293
6.90783e-05
0.000253963
8.55237e-05
9.58817e-05
0.000280393
0.000148103
4.5172e-05
0.000244207
0.000120251
0.000333596
0.000229414
4.33935e-05
0.000330448
0.000251605
0.000387409
0.000112672
0.000141957
9.11779e-05
0.000282882
0.000131786
0.000322288
0.000216341
0.000248147
0.00144177
0.000300528
4.64302e-05
6.20841e-05
0.000583967
0.00063482
0.000370355
0.000400166
0.000137375
0.000135383
0.000203054
0.000264262
0.000203003
0.00018748
0.000528267
0.00027248
0.000177783
0.000280076
0.000127486
0.000302103
0.000189745
0.000192638
0.000213434
0.000178811
0.000263491
0.000239608
0.00229391
0.000277295
9.64019e-05
0.000153392
0.000157732
0.000133197
0.000498358
0.000268308
0.000162254
0.00020762
0.000128025
0.000305676
0.000181932
0.000184648
0.000485229
0.0007043
0.00033736
0.000775941
0.000230407
0.000216202
0.000209292
0.000112073
0.000297638
0.000351326
0.0001394
0.00012456
0.000224073
2.72753e-05
0.000255085
0.000432036
0.000344869
0.000570289
0.00027199
0.000477273
3.74334e-05
0.000546232
0.000120076
0.00713745
0.000287747
0.00055896
0.000144726
0.000158823
0.000222701
0.000381207
0.000155083
0.00209722
3.45585e-05
0.00037036
9.05548e-05
0.000131633
0.00029866
0.000108249
0.000201864
0.000184475
0.000128491
0.000399371
0.000366962
0.000770989
0.000394379
0.000176177
0.00138151
0.000718533
7.66437e-05
0.00017235
0.000148531
0.000163822
0.000193643
0.000323955
0.000223892
0.000243253
0.000229612
0.000539653
0.000502712
0.00126551
5.45688e-05
0.000275729
9.91319e-05
0.00119401
0.000262865
8.41322e-05
9.76144e-05
0.000353621
0.000156737
0.00011363
8.63374e-05
0.000200232
0.000186187
9.29365e-05
0.00036062
0.00022455
0.000129764
0.000188504
0.000217307
7.56031e-05
0.000147586
0.000131077
0.000230881
0.000204251
0.000177567
0.000857498
7.34761e-05
0.000320123
0.000286474
5.83175e-05
0.000329273
0.000198036
0.000209455
0.000197834
0.000251879
0.000245643
9.63781e-05
0.000130502
0.000757289
8.18277e-05
4.56615e-05
0.000914574
0.000250572
7.13747e-05
9.50593e-05
0.000413253
0.000127121
6.43738e-05
0.000355013
0.000260507
0.000124307
0.00010412
0.000218683
0.00179322
0.000223525
9.74543e-05
0.000255955
3.9396e-05
0.00033741
0.00010944
0.000112954
0.000105585
1.73235e-05
0.000485059
5.45875e-05
0.00103711
0.00417715
1.05643e-05
0.000172338
6.83145e-05
8.58909e-05
0.000369319
7.69913e-05
0.00027138
0.000149946
9.52151e-05
0.000156278
0.000106188
0.00247593
0.000212426
0.000293807
4.1316e-05
0.000510845
0.000199443
0.000125845
0.000244007
0.000283372
0.000147801
5.91193e-05
0.000261323
3.33801e-05
0.000303536
0.000231306
9.7861e-05
6.47002e-05
0.00015758
0.0001735
0.000191457
0.00013885
0.000129672
4.41598e-05
5.12852e-07
0.000307241
0.000206595
0.000512837
0.000245177
0.000611654
0.000475509
0.000104394
0.000633058
0.000194031
0.000115592
0.000328586
0.000188152
3.07883e-05
4.35735e-05
3.74295e-05
0.000284967
0.00196452
5.60605e-05
0.000101725
0.000246006
0.000129769
0.000403101
4.55683e-05
6.76863e-05
0.000509372
0.000120508
0.000319614
5.58986e-05
0.000171138
0.000172412
0.00029723
0.000119892
0.000207052
0.000138504
0.00013811
0.00024255
0.000172287
0.000616238
0.00522645
0.000226399
0.000624124
0.000232676
0.000333237
6.35628e-05
0.000245209
8.22793e-05
0.000136638
0.000272457
6.16494e-05
0.000177423
1.02429e-05
0.000235589
0.000102067
0.000275663
8.94475e-05
5.63744e-05
0.00029427
0.000332328
4.93369e-05
0.000197489
0.00033199
0.000462242
0.000373579
0.000101959
0.000180861
0.000116808
0.000230409
0.000318832
0.000739558
0.000142143
0.000496615
0.000131654
3.67256e-05
0.00013051
0.000317759
0.000344796
5.30078e-05
0.000173091
0.000373946
0.000167294
0.000213529
0.000377386
7.95344e-05
0.000884406
0.000549221
0.000196906
0.000202686
0.000210387
0.000228551
0.000119989
0.000128694
0.000101861
0.000222959
0.000189639
8.0484e-05
0.000136192
0.00029536
6.52818e-05
3.69093e-05
0.000262495
0.000315602
0.000844703
0.000169548
0.000207994
0.000243178
0.000146378
1.53257e-05
0.000168924
0.000192931
0.00013207
0.000155772
0.000201569
0.000219918
0.000105673
0.000240059
0.000414298
0.000533114
0.000157479
0.000144938
7.38712e-05
0
0.000197687
0.000333023
0.000525728
0.000195544
0.000284166
0.0001851
0.000312929
0.00060033
0.000179543
2.98261e-05
0.000220218
6.85374e-05
0.000382415
0.000321829
0.000228422
0.000345301
0.000197259
0.000836793
0.00026168
0.000123616
0.000118612
0.00024667
2.74522e-05
0.000211363
0.000477897
0.000199733
5.26016e-05
0.000150704
0.000383138
0.00068429
2.9182e-05
0.00015847
0.000344436
0.00174596
0.000100253
0.000154748
0.000203985
0.00295355
0.000186266
0.000417919
0.000150486
3.5317e-05
4.63594e-05
0.000144125
0.00059831
0.000776413
0.000342092
0.000117223
9.63162e-05
1.94204e-06
3.76786e-05
0.000101635
8.11758e-05
3.42925e-05
0.000376697
6.80677e-05
0.000169426
0.000212761
0.000192734
0.00015748
0.000150307
0.000311394
0.000561753
7.15504e-05
0.000291591
0.000727859
6.62053e-05
0.00010252
0.000226506
0.000269856
0.000750683
0.000137938
0.000305685
8.38172e-05
0.000445592
0.000176639
7.18236e-05
0.000391561
0.000290121
0.000209019
0.000455171
0.000152133
0.000184057
0.000282485
0.00011721
0.000968648
9.28871e-05
0.00021384
0.000146838
0.000164697
0.00052001
0.000622486
4.95009e-05
0.000208537
0.000286878
0.000117241
9.58359e-05
0.000116977
0.000182088
0.000132686
0.000372666
0.00024833
5.77345e-05
0.000136865
0.0020798
0.000190725
9.08912e-05
2.16e-05
0.00010953
0.000277724
0.00012213
0.000230716
0.000365137
0.000245918
5.0088e-05
0.000189927
0.000184922
1.1823e-05
0.000154545
5.09831e-05
3.57008e-05
0.00207783
0.000106729
0.000189748
0.000192438
0.000402934
0.000146002
0.000209018
0.00253824
6.49452e-05
0.00106848
0.000118757
0.000156296
0.00032078
0.000234369
0.000308702
0.000205103
0.000110769
0.00108388
0.000322621
0.000176827
0.000207564
0.000274919
0.000207391
0.000416839
0.000112905
0.000146719
0.000323348
0.000133302
0.000156521
0.000167553
0.00146998
0.000235548
0.000178636
0.000613674
0.000269469
8.80045e-05
0.000120327
3.37812e-05
0.000180444
0.000182495
0.000104966
0.000300932
0.00115588
0.000122206
0.000242265
0.000495493
8.1224e-05
0.000230656
9.80685e-05
0.000267497
0.00018032
0.000201589
0.000108715
9.60791e-05
0.000246366
9.94776e-05
0.000494965
0.00146152
0.00172337
0.000348686
0.000101998
0
0.000227582
0.000107234
8.94898e-05
1.62345e-05
7.39315e-05
0.000643982
0.000212133
0.00023592
0.000439915
0.000265394
0.000196542
5.82661e-05
0.000907174
0.000149725
0.000388004
6.07251e-05
0.00026127
0.000397787
0.000175755
0.00068181
0.000367212
0.000316239
8.78968e-05
0.000100285
6.79148e-05
0.000304708
0.000105063
0.000361506
9.07269e-05
0.000117156
0.000167519
0.000167552
0.000280302
8.1511e-05
0.000190777
0.000311032
5.35232e-05
0.000189815
0.000177639
5.15825e-05
3.72315e-05
0.00034978
7.97856e-05
5.39715e-05
0.000324463
0.000993907
7.65745e-05
0.000268279
0.000140984
0.000400787
0.000135057
0.000177392
0.000104448
0.000535543
0.000221017
2.56998e-05
0.000766814
0.000546342
0.000144076
0.00018616
0.000213645
0.000353725
0.000196531
0.000327617
0.000433812
0.000292922
0.00031182
3.76943e-05
0.000334011
0.000192739
9.88229e-05
0.00016314
0.000261391
0.000146183
0.000281474
0.000379118
0.000151854
9.86643e-05
0.000356237
0.00023755
0.000105435
0.00013853
0.000184209
0.000217899
0.00018105
6.3031e-05
0.00031443
0.000117282
7.61736e-05
2.23888e-05
0.000291931
0.000159314
7.80917e-05
0.000281903
9.75195e-05
2.67679e-05
0.000186228
8.28157e-05
0.000307433
0.000258472
0.000288865
0.000129819
5.35144e-05
0.000183503
0.000232
0.000262142
0.000256509
5.51193e-05
0.000107066
0.000200472
9.39473e-05
0.000209014
0.000165479
0.000195091
0.000307321
0.000399014
0.000225611
4.2355e-05
0.000135659
0.000204443
0.000102155
0.000279678
0.000227152
0.000121467
0.000125981
8.22813e-05
0.00015012
0.000250194
0.000228799
0.000265693
2.46107e-05
0.000156724
0.000642492
9.65348e-05
0.000229122
1.48912e-05
4.93148e-05
0.000561114
0.00107696
0.00154779
0.000141929
0.000130074
4.08589e-05
0.000402667
0.00014843
0.000213639
0.000230629
0.000209528
0.000220936
0.000137186
1.04897e-05
0.00135005
8.55483e-05
0.000107826
0.000156381
0.000334443
0.000292059
0.000132907
0.000515102
0.00025765
0.000198396
0.000134885
0.000241205
0.000402639
0.000270741
0.000448607
0.000258896
0.000215477
8.02517e-05
0.000194334
0.000241647
0.000327083
0.000161146
0.000128788
0.000289771
0.000201992
8.4246e-05
0.000128449
0.000700325
0.000177867
0.00209391
0.00011546
0.00036226
0.000411644
0.000379648
0.000185488
0.00014726
0.0004164
9.66352e-05
0.000284412
6.88956e-05
0.000124012
0.000143617
7.38994e-05
1.744e-05
0.000172666
0.000498129
0.000450381
4.51081e-05
5.1781e-05
0.000120698
0.000225449
0.000134415
0.000381935
5.46981e-05
8.62074e-05
0.000289253
0.000253561
0.000180584
0.000131242
9.8619e-05
0.000109426
0.000382683
0.000201322
0.000262361
0.000337837
9.40472e-05
6.5937e-05
0.00022271
0.00018967
0.000227018
5.91462e-05
9.57485e-05
0.000273533
0.000278675
0.000384591
0.000178466
0.00014789
0.000899721
7.18433e-05
0.000167038
0.000161072
0.000238049
0.00019954
0.0022635
0.000157731
0.000156707
0.000181002
0.00265656
5.12117e-05
0.000197003
0.000105619
0.00106794
0.000164888
2.51008e-05
0.000160208
0.000115016
0.000231307
0.000847555
5.84337e-05
0.000151804
0.000200397
0.000111824
9.42862e-05
0.000125178
0.000109433
3.01945e-05
0.000486062
0.000611142
0.000142577
2.22179e-05
8.56113e-05
0.000109276
0.000161895
0.000138031
0.000151185
0.000199139
0.000251999
7.48372e-05
0.000319438
9.87689e-05
0.000214681
0.000946172
0.000351855
0.00030046
0.000172621
0.00021325
0.00014643
0.000240503
0.000290132
0.00159353
0.000595507
0.000327565
0.000136608
0.000245072
0.000249468
0.000828302
0.00180405
0.000216223
0.000161133
3.94879e-05
0.000739778
0.000241358
0.00023525
0.000255904
0.000122739
5.37742e-05
0.000328717
0.000133089
0.000185571
0.000591132
0.000351215
0.000191055
0.000295231
0.000180907
0.000161815
1.45348e-05
0.000200157
0.000190754
6.44131e-05
0.000296682
0.000178427
0.000442152
7.84571e-05
0.000139502
0.000694048
0.000224708
0.000203386
9.16542e-05
0.000373683
0.00427802
0.000463233
7.12292e-05
8.6176e-05
0.000174128
0.000109392
0.000368281
0.000180546
0.000161424
0.000160679
0.000140999
0.00014537
0.000617818
8.74883e-05
8.86127e-05
0.000207712
0.000196379
0.00705853
0.000149338
0.000215742
0.000363669
8.81044e-05
0.000188307
0.00011046
9.0341e-05
3.13313e-05
4.21107e-05
7.72022e-05
0.000161145
9.32984e-05
9.51955e-05
0.00969184
8.51066e-05
0.000350772
0.000277105
0.000983049
0.000198087
0.000179744
0.000231432
0.000122286
9.14257e-05
0.000297166
0.000152056
0.000266753
0.000241329
0.000376828
0.000521918
0.000361989
0.000446479
0.000102496
0.00011289
0.000175882
0.000420606
0.000113196
0.000318167
7.77706e-05
0.00162023
0.000533217
0.000207842
0.000299197
0.000246779
0.00084486
0.000125837
2.3476e-05
0.000232455
0.000349055
0.000216608
0.000199287
0.000362193
0.000245092
0.000397477
0.000662608
0.000180253
0.000211826
0.00012261
0.000166742
0.000394805
0.000151788
8.94572e-05
0.000232311
9.90341e-05
0.000277786
0.000159372
0.000287837
6.42879e-05
0.000391142
0.00024687
0.000296903
0.000217808
8.20101e-05
8.44414e-05
0.000154016
0.000128071
2.07089e-06
0.000225428
0.000172365
0.000100333
0.000113796
0.000287924
0.000428072
0.000385533
0.000100334
0.000188449
0.000207029
0.000155518
0.000183819
0.000663101
0.000270961
5.48035e-05
0.000399866
0.0001285
6.01213e-05
0.000230021
0.000120202
8.71287e-05
0.000437303
6.97039e-05
0.000345184
0.000299452
3.68782e-05
0.000193228
0.000219575
5.32321e-05
0.000217658
0.000282225
0.000199044
0.000143752
7.99902e-05
0.000363091
0.0002669
0.000118696
0.000241792
0.000213552
0.000432291
0.000201726
0.000152287
0.00027372
8.74337e-05
0.000244037
0.000106836
0.000304766
0.000407718
0.000129021
0.000305537
0.000494681
0.0010042
6.53062e-05
0.000112637
0.000241563
0.000238615
0.00247583
0.000120589
0.000146601
0.000214613
0.000222293
0.00012322
2.62694e-05
0.00012787
0.000129405
0.000316096
0.000185124
0.000183206
0.000187942
0.000269945
0.000205633
0.000220169
1.82437e-05
0.000263877
0.000271617
0.00011879
7.25042e-05
0.000197039
0.000380731
0.000288011
7.76524e-05
0.000290655
0.000139907
0.000114395
0.000141496
0.000268647
0.00016134
0.000182911
0.000925854
0.000322576
9.6657e-05
0.00051507
0.000190639
0.000295519
0.00013558
0.000222454
0.00026355
0.000313164
0.000283957
0.000185738
5.65326e-05
0.00029942
0.000155041
0.000366898
0.000175425
0.000492755
4.03556e-05
0.000276645
0.000243277
8.75642e-05
0.000185133
0.000354968
6.20743e-05
0.000944134
6.43562e-05
0.000309919
2.57689e-05
0.000450649
0.000237535
0.000273502
0.000201181
0.000354184
9.92271e-05
0.000548394
0.000133524
0.000351686
0.0007036
0.000581871
0.000251475
0.000129417
9.94865e-05
0.0002266
8.59843e-05
4.91865e-05
0.000253255
0.000103263
0.000354738
0.000240291
0.000123428
0.000138695
0.000159647
0.000114464
0.00102528
0.000383326
0.000115304
0.000141778
0.000207333
8.94206e-05
0.000219721
0.000137647
2.40809e-05
4.50132e-05
0.000230337
0.000200401
0.000146503
7.7781e-05
0.00018465
9.24666e-05
2.89564e-05
0.00010998
0.000233587
7.67847e-05
0.000174669
0.000146583
0.000211162
0.000408341
2.59778e-05
9.4349e-05
3.48546e-05
0.00250686
1.73677e-05
0.000581798
0.000137915
4.84734e-05
8.46272e-05
5.46782e-05
0.000289679
0.000353463
5.04496e-05
0.000153424
0.000219259
0.000298456
0.000111398
0.000138298
0.00016351
0.000126889
0.000475611
0.00032577
0.000191471
3.08054e-05
4.61e-05
0.000164735
0.000111998
0.000103076
0.000109645
1.06504e-05
0.000202457
3.77261e-05
0.000147454
0.000204596
0.000115483
0.000401757
4.98571e-05
0.000187184
0.000139976
0.000116133
6.48949e-05
0.000123317
0.000171972
0.00033044
0.000148388
0.000203006
0.000153033
0.000250314
0.000315423
0.000258612
6.36818e-05
0.000156395
0.000108382
1.23464e-05
0.000122082
0.000257811
2.52829e-05
0.00116188
0.000129284
0.00037365
4.87319e-05
0.000177238
0.000143732
0.000415561
0.000165747
0.000207912
0.000460077
0.000327061
9.54434e-05
0.000129074
0.000140396
0.000248668
0.000169797
0.000213822
0.000124409
1.3727e-05
0.000381616
0.000397072
8.46446e-05
0.000109441
0.000201667
0.000210683
8.97303e-05
0.000171946
0.000716449
0.000355555
0.000340539
0.000217601
0.000298808
0.000127748
0.000243602
0.000122587
4.80349e-05
0.000197825
0.000303987
0.000130172
0.000515308
0.000162897
0.000115558
0.000207697
0.00755854
0.00025806
0.000191792
0.000531788
0.000128267
0.000121384
0.000212951
0.00153359
0.000155703
0.000636701
6.13791e-05
0.0014116
0.000195522
0.000152768
0.000353618
0.000209938
3.21833e-05
0.000372749
0.00042864
4.59764e-05
0.000375396
0.000119331
0.0002243
0.000155622
0.000529318
0.000181899
8.81836e-05
0.00107751
0.000251844
0.000253933
0.000319444
0.000327817
0.000525509
0.000265203
0.000119901
0.000324766
0.000242273
8.44062e-05
0.000665578
0.000287523
0.000194838
3.2943e-05
0.000458887
7.50057e-05
0.000134121
0.000226174
0.000564682
0.000627024
0.000325396
0.000237809
0.000174426
0.00196815
0.00028333
0.000226679
0.000134324
0.000224355
0.000111356
1.02849e-05
0.000244336
0.000145224
0.00340648
0.000340337
0.000192915
0.00204004
8.03649e-05
3.27811e-05
0.0003613
0.000102442
0.000123079
0.000144637
0.000225499
0.000241034
9.82853e-05
0.000125795
0
0.000157543
0.000126208
7.3796e-05
8.25195e-05
0.000157422
0.000126309
0.000176121
0.000184409
0.000223404
0.00030562
0.000468047
3.49168e-05
0.000490364
0.000110281
0.000112934
0.000364594
0.000137846
0.000204956
3.81496e-05
9.32442e-05
0.000188523
0.000177014
4.64467e-05
0.000210901
0.000455584
0.000230166
0.000238448
0.000157649
0.000295942
0.000100858
0.000233454
0.000315147
6.23011e-05
0.000188204
0.000302724
0.000590114
0.000364415
0.000162312
0.00020111
0.000296734
0.000177401
0.000123692
0.000353243
0.000107536
8.70847e-05
9.58211e-05
0.000298558
0.00016825
0.000920053
0.000269651
0.000363554
0.000135621
8.65595e-05
6.84101e-05
1.5713e-05
0.000387769
5.07331e-05
0.000212911
0.000153452
0.000608077
7.92885e-05
0.000132238
0.00212838
0.00020282
7.33858e-05
0.00036274
0.000316498
0.000149965
0.000226768
0.000362741
0.000298458
0.00035208
8.9885e-05
0.000127618
0.000237726
0.000135065
0.000534882
0.000172411
0.000122587
0.000201724
8.95164e-05
0.000256943
0.000236146
7.75546e-05
9.64019e-05
0.000303274
0.000270905
6.60758e-05
2.08975e-05
0.000127572
0.000288279
0.000169521
0.000238851
0.000149662
0.000204932
0.000201165
0.000353503
2.27852e-05
0.000144268
0.000369761
0.000188083
0.000358052
0.000202788
0.00207107
0.000423914
0.000325614
0.000776146
0.000650694
0.000114549
0.000138651
0.00015667
0.00014327
0.000133004
0.000130482
0.000289032
0.000202681
0.000292736
0.000275541
0.000170191
0.000193904
0.000434364
0.000163056
0.000478202
0.000164487
0.00341977
7.96836e-05
8.3101e-05
0.00013543
0.00114347
0.000146682
0.000611555
0.000348995
7.13513e-05
3.37759e-05
1.36695e-05
0.000251709
0.000285681
0.000438608
0.000162376
0.000180805
0.000262911
0.000142982
0.000196775
0.000562273
0.000274904
9.66896e-05
0.000200976
8.73306e-05
8.68126e-05
0.000126587
0.000152663
0.000185113
0.000325289
0.000214498
0.000140478
0.000443306
0.000370064
0.000235384
0.000811289
0.000105171
0.000382194
0.000548493
0.000144097
0.000526032
0.000222482
0.000108183
4.20085e-05
0.000673893
0.000587853
9.27534e-05
1.60207e-05
0.000124274
5.2639e-05
7.53466e-05
9.17941e-05
6.09711e-05
0.000161877
9.93603e-05
0.00012405
0.000285587
0.00026243
5.17652e-05
0.00032733
0.000262794
6.60076e-05
0.00039244
0.000302893
0.000190666
0.000162737
1.57595e-05
0.000116178
0.000158193
0.00017639
0.000271643
0.000285905
0.000151585
0.000325134
4.67193e-05
0.000181659
0.000203795
0.000266517
0.00045573
8.91075e-05
0.000546848
0.00323869
0.000189613
0.000112838
0.000120877
0.00152786
0.000155868
0.000229789
0.000141253
0.000166099
0.000465347
7.06928e-05
8.10616e-05
0.000406728
0.000139495
0.000154155
0.000249099
0.000135695
8.34877e-05
0.000125336
9.60393e-05
0.000498722
1.01899e-05
0.000397896
0.000341447
0.000194694
7.80706e-05
9.94573e-05
0.000125937
0.000203428
8.49405e-05
0.000334784
0.00101442
8.98647e-05
0.000337459
0.000108411
0.000813052
4.41059e-05
0.00049356
0.000123148
0.000186354
0.000113613
0.000117134
0.000187882
0.00017103
0
4.8818e-05
0.000183079
9.73017e-05
0.000285948
9.80144e-05
1.36542e-05
0.000271311
0.000171743
0.000228371
0.000268163
0.000184404
0.00102064
0.000276497
0.000174932
9.70666e-05
0.000155126
0.000199146
0.000348414
0.000102198
0.00025107
0.000337386
0.000332418
0.00015094
0.000688218
6.10878e-05
0.000134976
2.72015e-05
0.000268362
0.000332274
0.000204804
0.000194148
0.00034589
0.000184897
0.000236579
0.000473255
9.07118e-05
0.000108982
0.0001355
0.000330447
0.000681275
0.000122549
0.000171787
0.000115016
0.000192392
9.04591e-05
0.00149663
0.00104
0.000398784
0.000104279
0.000135657
6.24546e-05
0.000285825
0.000175142
0.000401572
0.000435606
0.000663756
0.000201037
0.000322698
5.12146e-05
0.00017302
0.000227063
0.000105447
0.000233975
0.000110059
4.90136e-05
0.00118681
0.000299422
0.00038137
0.000109714
0.000169918
9.025e-05
0.000231185
0
0.0001021
0.000360304
1.08473e-05
0.000163853
8.38119e-05
4.96392e-05
0.000111332
0.00028409
0.000161341
0.000283122
6.22132e-05
0.000114003
3.90635e-05
0.00151394
7.44116e-05
0.000524653
0.000307115
0.000547185
0.000528744
0.000114155
8.85584e-05
0.000266104
0.000271787
0.000392663
0.00017402
0.000112225
0.000244342
0.000275244
3.64276e-05
0.000156195
0.00112516
0.000461737
0.000245656
0.000554027
7.78517e-05
0.000228823
9.32096e-05
0.000146701
0.000113601
0.000256525
0.000275727
4.97606e-05
0.000433176
0.000223801
0.000369382
0.000309408
0.00151158
0.000250153
6.48617e-05
0.000127219
0.000145674
5.64289e-05
0.000503491
2.23648e-05
0.000501625
0.000283111
0.000232017
0.000127972
1.47635e-05
3.87643e-05
0.000357276
0.000105628
9.15331e-05
0.000373324
0.00025727
8.65197e-05
0.000256647
0.000272706
0.00032559
0.000127478
0.000137276
0.000366651
0.000633508
0.000127863
0.000117179
0.000102753
0.000166317
0.000166501
0.000395032
0.000254545
0.000219673
0.000196692
0.000282183
9.88572e-05
0.000109379
0.000193786
8.2153e-05
0.000853041
0.00018529
0.000108209
0.000136617
0.000292493
0.000451925
0.000152866
0.000217427
0.000261811
0.000210627
9.52933e-05
6.77114e-05
0.000313403
0.000285537
0.000144664
0.000308157
0.000179119
0.000702634
9.63593e-05
0.000159033
0.000309382
0.000587108
0.000258859
0.000337006
9.05364e-05
0.000163887
0.000193218
2.82821e-05
0.000206136
0.000817312
4.55988e-05
5.84655e-05
0.000182507
0.000110427
0.000437198
0.000242428
6.3016e-05
0.000168159
0.000384548
0.000331013
6.71857e-05
0.000248097
9.126e-05
0.000122455
0.000612415
0.000278919
2.45971e-05
0.000288818
0.000225839
0.000208175
0.00050793
0.00040944
0.00029578
0.000140895
8.11314e-05
0.000217521
2.2673e-05
2.34785e-05
9.87145e-05
0.000117309
0.000165522
0.000261791
0.000249045
0.000106382
0.000721956
0.000388366
9.25092e-05
0.000174962
6.00634e-05
0.000333829
0.000134921
0.000164634
0.000204658
0.00019649
0.000391187
0.000148053
0.000213015
0.000152807
0.000244251
2.39808e-05
0.000274871
0.000467883
6.80854e-05
0.00101114
7.48986e-05
0.00166527
7.20302e-05
5.60991e-05
0.000241435
0.000140793
0.000163968
0.000187519
4.95056e-05
0.000206391
0.000128973
0.000220234
0.000372353
0.00102091
0.000379881
0.0002143
0.000217201
0.000122029
0.000278556
0.000939389
0.000154365
3.8555e-05
0.00020246
1.22628e-05
0.000215606
0.000514696
8.04283e-05
0.000335313
0.000219975
0.000166942
0.00207997
0.000213513
0.000189883
0.0001932
0.000171441
0.000187289
0.000109517
0.000361054
0.000165122
0.000331211
8.63211e-05
0.000113791
0.000202623
0.000119843
3.63823e-05
0.000103182
0.000302783
6.36638e-05
0.000476617
7.57493e-05
0.000562353
0.000253609
0.000140008
0.00028709
7.57527e-05
3.51256e-05
0.000221212
5.1541e-05
0.000310754
0.000149421
9.45891e-05
0.000174398
0.000192609
4.36861e-05
0.000105081
0.000204349
7.54179e-05
6.68762e-05
6.35087e-05
0.000518696
0.000149291
0.000486404
0.00020537
8.15871e-05
0.000801704
9.95017e-05
5.79236e-05
0.000175281
0.00020248
0.000226
0.000202118
0.000502183
0.000294422
0.000200397
0.000242837
0.000156691
9.02034e-05
5.3317e-05
5.61787e-05
0.00197816
0.000104648
0.000123384
9.75722e-05
9.56925e-05
2.13111e-05
0.000305541
0.000144496
0.000267771
2.59096e-05
0.000992346
8.80923e-05
0.000158778
0.000190899
9.06606e-05
0.00022869
0.000174103
0.000162461
8.01056e-05
0.000243624
0.00051998
0.000197922
5.1848e-05
0.000247549
0.000271661
0.000231126
0.000110402
0.000261778
0.000585519
4.19795e-05
8.13336e-05
0.000302235
0.000153876
1.06787e-05
0.000322536
0.000142965
0.00294627
0.000152565
0.000388265
7.263e-05
1.63135e-05
0.000130943
0.000145157
0.000801482
0.00074005
0.000130022
0.000109164
9.80032e-05
0.000243957
0.000644881
0.000216044
0.000230495
0.000310376
0.000250536
6.05257e-05
9.3072e-05
0.000177171
0.000198811
0.000446862
0.000133953
0.000208513
4.16481e-05
0.00029858
0.000202904
7.43223e-05
9.20725e-05
5.1122e-05
0.000232094
0.000324159
6.23583e-05
0.000293829
0.000208211
0.000261446
0.000232435
0.000596536
0.000287896
1.33912e-05
0.000125712
0.000197926
8.65934e-05
0.000324445
8.06572e-05
0.000124738
3.01709e-05
0.000175842
1.0178e-05
0.000227139
0.000308206
0.000231875
1.56723e-05
0.000284789
4.2354e-05
1.79259e-05
0.00052766
9.85138e-05
4.17481e-05
0.000301056
0.000110092
0.000191745
0.000150605
0.000272634
0.00036887
2.88531e-05
0.00106488
0.000168937
0.000117715
0.000225297
0.00012016
0.000233998
0.000272508
0.00321765
0.000314237
0.000108264
0.000291574
0.000397108
0.000129063
0.000384875
0.000106893
0.000132304
0.000341616
3.44019e-05
0.000145482
0.00239519
0.000388235
0.000197865
0.000426799
0.000330292
0.000114087
0.000822748
9.07322e-05
0.000164649
0.000203534
0.00101272
0.000142931
0.000170401
0.000191064
0.000193509
8.05668e-05
0.000310968
8.52842e-05
0.000963872
0.000434949
0.000267643
0.000167052
0.000145582
0.000202941
0.000328124
0.000258572
0.00271518
0.000385978
0
0.000189672
0.00035964
0.000207214
9.18398e-05
0.000186378
0.000433939
0.000114351
9.6283e-05
0.000286143
0.000205912
0.000454639
0.00150972
0.000168952
0.000142561
6.60898e-05
0.000678237
0.000178602
7.12801e-05
0.000137564
3.2745e-05
0.000347488
0.000120948
0.000283391
0.000164336
0.000108973
0.0002721
0.000129847
0.000125399
9.55748e-05
0.000352962
0.000398203
0.000147904
0.000203721
7.15177e-05
0.000201373
0.000379458
6.05093e-05
0.000228767
0.000237839
0.000141821
0.000211915
0.000351641
0.000113266
0.000439747
0.00112223
0.000241669
0.000159068
0.000156343
0.00016224
0.000138103
0.000108733
0.000236385
0.000680655
3.05973e-05
0.000154403
0.000260691
0.0002461
0.000326524
0.00247296
0.000218405
0.000140487
0.000583946
6.43898e-05
0.00034906
0.000115484
0.000247795
0.00471573
0.000168128
0.000229871
0.000244108
0.00061559
0.00232119
0.000233498
0.00027127
0.000104755
0.000164286
0.000219323
9.999e-05
7.74298e-05
0.000883877
0.000252002
0.000147894
0.000240593
0.00024821
0.000331279
0.000160983
9.57905e-05
0.00116264
0.000142951
0.000342183
0.000165069
3.85311e-05
2.87814e-05
0.000201219
0.00047639
0.0001571
0.000173988
0.000129767
8.54941e-05
0.000913039
0.000161329
0.000182066
0.000201583
5.54124e-05
0.00310626
0.000254055
8.57327e-05
0.000173339
6.25417e-05
0.000418315
0.0002265
9.30672e-05
0.000165148
8.05004e-05
3.931e-05
5.80223e-05
0.000278608
0.000123651
0.000229716
0.000206118
0.000384031
0.000306367
0.000207103
0.000186233
0.000429757
0.000124106
0.000448668
0.000169342
0.000143472
0.0004435
0.000174415
8.47372e-05
0.000388363
0.00107527
0.000208852
2.31156e-05
0.000427457
0.000337757
9.89997e-05
0.000265355
0.000597008
0.000192759
0.000336989
0.000150527
0.000145399
2.78595e-05
6.72853e-05
0.000162069
0.000748397
0.000223167
0.000228442
0.00032427
0.000124187
0.000324337
3.22203e-05
0.000123185
0.000148311
0.000137257
8.26985e-05
0.000131255
0.000203128
0.000738705
0.000519832
0.000102576
0.000159865
0.000234403
0.000114993
9.67244e-05
0.000176446
0.000105392
0.000122591
0.000102539
0.00068426
7.12426e-05
0.000315961
0.000164494
0
0.000101835
0.000223551
0.000280752
0.000142647
2.95662e-05
0.000283995
0.000106645
8.17452e-05
0.000719813
0.000258156
0.000167554
0.000253567
0.00029206
9.1867e-05
8.12562e-05
9.05925e-05
0.000506365
0.000248312
7.33408e-05
0.000147946
0.000150229
0.000231271
0.000277193
6.91952e-05
0.000197885
0.000200035
0.000493056
0.000167069
7.35168e-05
0.000234477
0.000158001
2.81398e-05
9.70851e-05
0.000195293
0.000220744
0.000179229
0.000146306
0.000190668
3.83693e-05
8.15217e-05
4.5953e-05
0.000293747
0.000175075
0.000306383
0.000330944
0.000175476
0.000117166
0.00053157
0.000210422
0.000307814
0.000192259
0.000217686
0.00101273
0.000240015
0.000160217
0.00015701
0.000113111
0.000290404
0.000123079
6.73033e-05
0.000224901
0.000376248
0.000115722
0.000387232
0.00011625
0.000257053
0.000459943
0.000406156
2.05874e-05
6.9677e-05
0.000268177
0.000150243
0.000260485
0.000745071
9.74899e-05
0.000794057
0.000294939
0.000139399
0.000196934
0.000956792
0.000269986
0.000447161
0.000232766
0.000111514
0.000531788
0.000124708
4.46269e-05
0.000282488
0.000145295
6.99814e-05
0.000190289
0.000195569
0.000172676
0.000241586
0.000172148
0.000188385
0.000131708
9.79382e-05
9.49531e-05
0.000143101
0.000144941
7.8799e-05
0.000767117
0.000175322
0.000172674
0.000153185
9.4735e-05
0.00046666
0.000214988
0.00017654
0.000251387
0.000229557
9.02888e-05
0.000202695
0.000307764
6.75779e-05
0.000532315
0.000400552
0.000129585
0.000354104
0.000214125
0.00038841
0.000183035
0.000169165
0.000140296
0.000312786
0.000205629
0.000116587
0.000157734
0.000347163
0.000372288
0.000139332
0.00019383
8.18818e-05
0.000197457
8.66384e-05
0.000230702
0.000553117
6.81712e-05
0.000152901
0.00081649
0.00014864
9.80586e-05
0.000490337
0.00294746
0.000287413
0.000562691
0.000278012
0.000149882
6.24016e-05
6.54495e-05
0.000175337
0.000165385
0.000108379
0.000280453
8.30907e-05
0.000469422
0.000126066
0.000384067
0.000928998
0.000500957
0.00103112
6.99468e-05
0.000176746
0.000202457
7.6756e-05
0.00115227
0.000531101
0.000165399
0.000639358
0.000186447
0.000735548
0.000130657
0.000333686
0.000283841
0.000894704
0.000438645
0.0001193
0.000115463
4.62237e-05
0.00280465
0.000358691
0.000422909
5.64411e-05
0.000122364
8.64527e-05
3.3548e-05
0.000189831
0.000199248
2.14977e-05
0.000168648
0.000715539
0.000551112
4.65208e-05
0.000137723
9.91583e-05
6.0198e-05
8.33001e-05
9.2328e-05
0.000135059
0.000158042
0.000122176
0.00147146
0.000142898
0.000140398
0.000159222
0.000312304
0.000291937
7.0502e-05
5.78012e-05
0.00020735
0.000270538
7.16684e-05
0
0.000437588
0.000213427
4.54327e-05
5.40844e-05
0.000407981
0.000241582
0.00049022
0.000194468
0.00010789
0.00473893
0.000113602
0.000208585
0.00024642
0.00026046
0.000833026
0.000238424
0.0001321
2.32002e-05
8.45318e-05
0.000326543
0.000271654
0.000236791
0.000290953
0.000184412
5.68968e-05
0.000176778
0.000183234
0.000194433
0.000176071
0.000150197
1.17821e-05
0.000177576
8.01541e-05
0.000566479
0.000265086
0.000547492
0.000253694
0.000274751
0.00020415
0.000261588
0.000340905
0.000321674
5.84458e-05
0.000120806
0.000321639
0.000184646
0.000117272
0.000113968
0.000216292
4.41529e-05
0.0187012
0.000113854
0.000119252
0.0003574
0.0034631
0.000209028
0.000177802
0.000155982
6.10968e-05
4.57876e-05
0.000128522
3.51746e-05
0.00039646
0.000164488
0.000254032
5.95105e-05
0.000222739
7.60483e-05
0.000132827
0.000159761
6.29218e-05
0.000311211
7.38817e-05
0.000221129
8.83622e-05
0.000221573
0.000167435
8.44787e-05
0.000269077
0.000321245
0.000315661
0.000179663
0.000182476
0.00011726
0.000231149
0.000124797
0.000501107
0.000146572
0.000139482
0.000445879
0.000337792
0.00020906
0.00017781
0.000224727
0.000163043
0.000106405
0.000508945
9.0098e-05
0.000185788
0.000259721
0.000281863
0.0006308
0.00016748
0.00098972
9.56755e-05
0.000530744
0.000243481
0.000513958
0.000192124
0.000475228
0.000109479
0.000157052
0.000197353
0.000154383
0.000147408
0.000128844
0.000288487
0.000172254
0.000263267
0.000351954
0.000207458
0.000174265
0.000216821
8.00887e-05
0.000661464
0.000374468
5.32442e-05
0.000170502
0.000161092
0.000136307
8.85767e-05
0.000256489
2.19486e-05
0.000181929
0.000259413
0.000266453
0.000191706
0.000206483
0.000309711
0.000203452
0.00010422
0.000429521
0.000169793
0.000177976
0.000201886
0.000150441
0.0060882
0.000165265
0.000834332
0.000193944
0.000240784
5.08604e-05
9.06142e-05
0.000350683
0.000338458
0.000177618
7.43009e-05
0.000275656
0.000180919
0.000111691
0.00181908
0.000156892
0.000236186
8.34488e-05
0.000391372
0.000306679
0.00188203
0.000115604
0.000100777
0.000174396
0.000137982
0.000258696
0.00018968
0.000445621
0.000323554
0.00582257
0.000197002
0.000296801
8.99121e-05
5.43133e-05
3.83431e-05
5.39617e-05
0.00010092
0.000609039
0.000240192
0.000103537
6.09537e-05
1.13701e-05
0.000226627
0.00016009
0.000252681
0.000264939
0.000179585
0.00012845
0.000131482
0.000135069
0.00015526
0.000298565
0.000207423
0.000232579
0.000182028
0.000108937
0.000234374
0.00110378
0.000134694
7.2847e-05
0.000143179
6.84217e-05
0.000398763
0.000178296
0.000196966
0.00693451
0.000841792
0.000356042
9.72428e-05
0.000311738
2.93798e-05
0.000136349
0.000105127
0.000761196
0.000116155
0.00018938
3.94442e-05
0.000149648
4.56355e-05
0.00111769
0.000604729
4.82482e-05
0.000280232
8.45576e-05
6.67157e-05
0.000164963
0.000303396
0.000545741
0.000216275
0.000202837
0.000186731
0.000189137
0.00014811
0.000243351
7.49474e-05
0.000237617
0.000130271
0.000203305
0.000240778
8.41123e-05
8.06596e-05
0.000157261
2.99228e-05
0.000149403
0
0.000145858
0.000793008
8.02088e-05
0.000580804
0.000232189
0.000254401
0.000265574
0.00114513
0.000164476
0.000157209
0.000222069
0.000396077
8.01822e-05
0.000214201
0.000206082
0.000341771
0.000124205
0.000497222
7.47477e-05
0
0.000115182
0.000482595
0.000141219
4.87654e-05
0.000192193
0.000182625
4.60716e-05
0.000357773
0.000270611
0.000123956
0.00013815
0.00014333
0.000175987
0.000927145
0.000210906
0
4.89109e-05
0.000249681
0.000470837
0.000483676
0.00024765
0.000243943
4.20017e-05
0.000197249
0.000106091
0.000180515
0.000144868
0.000167138
0.000466416
0.0106171
0.000285417
0.000234176
0.000193331
0.000340196
8.33484e-05
0.000470211
0.000142461
8.90451e-05
0.000198459
3.67431e-05
0.000114866
0.00013215
0.000143296
0.00077383
2.87444e-05
0.000378507
4.57829e-05
0.000206731
0.000115344
0.000291877
0.000129625
7.83556e-05
0.000308204
0.000101526
0.000194935
0.000891044
0.000163183
3.02105e-05
0.000213904
1.70931e-05
0.000115967
0.00051885
0.000131077
0.000250663
0.000255818
0.000142969
0.000144378
0.000108381
0.000267563
2.41935e-05
0.000301014
0.000188296
0.000266999
0.000132769
0.000245862
0.000301216
0.00012712
0.000154945
0.000302387
0.00022789
0.000104889
0.000179058
7.45355e-05
0.000149154
0.000235985
0.000183339
0.00016873
9.05473e-05
0.000270664
8.07981e-05
0.000191811
0.000199241
0.00346722
8.75546e-05
3.13122e-05
0.000345856
0.000405168
0.000157355
0.0001038
0.000119157
0.00031635
0.000218231
0.000162278
0.000826333
0.000191471
0.00040636
6.65447e-05
0.000497895
0.000253324
0.000127975
0.000185861
0.000132656
0.000891842
0.000156693
0.000116149
0.000140292
0.000163991
0.000257346
0.000123239
0.000154119
0.000150392
9.78829e-05
0.000102051
0.000166987
0.000137016
0.000133379
0.000125881
0.000219426
0.000189763
0.000211006
0.000192864
0.000134019
0.000256456
0.000118244
0.000228165
0.000310304
0.000105092
0.000286817
0.000205253
0.000226337
0.000336616
0.00037768
0.000476818
9.55869e-05
0.000111283
0.000253413
0.000286686
1.01101e-05
0.000193586
0.000195623
0.000293255
0.00027715
0.000203314
0.000218727
0.000369912
0.000196265
0.000128259
0.000217222
0.000222753
0.000134472
0.00033209
0.00027547
6.95064e-05
0.00014346
0.000229428
0.000225901
0.000132925
0.000804136
0.000129359
1.22102e-05
0.000144583
0.000937899
0.000153141
0.000161999
0.000499605
0.000175389
0.000466363
0.000192026
0.000224245
1.61569e-05
0.00028624
0.000280922
0.000301379
0.00023363
4.69045e-05
0.000295525
0.000161073
0.000248089
0.000140585
0.00231254
0.000101174
0.000170294
0.000220447
0.000236738
0.000190573
0.000497286
7.15872e-05
0.000586964
0.000224452
0.000211874
2.45534e-05
0.000254642
0.00013883
0.000109075
0.000305355
0.000146846
0.000652846
0.000172194
0.000139792
0.000451354
8.79686e-05
0.000136258
8.32681e-05
0.000124601
0.000189649
4.81666e-05
5.56731e-05
0.000308526
0.000446109
0.000121157
0.000218853
0.00018627
0.000107804
0.000145215
0.000410249
0.000246484
6.15292e-05
0.000126332
0.000206986
3.92137e-05
0.000350226
2.87565e-05
0.000102657
0.000619793
4.56638e-05
0.000322857
0.000304815
0.000205144
0.000174396
0.00015797
0.000129892
8.41981e-05
0.000364528
0.000407196
0.000165316
0.00010087
0.000356176
0.000392231
6.35498e-05
6.49204e-05
0.00019489
0.000316297
0.000390354
0.000475338
0.000133794
0.000827914
0.00014274
0.000259212
0.00029661
8.98745e-05
0.00024886
0.000236657
0.000189997
0.000187618
0.000225129
0.000125049
0.000555346
0.00128263
4.75104e-05
0.000123693
9.23597e-05
6.54401e-05
0.000197989
0.000476959
0.000182707
0.000129562
0.000226743
8.94199e-05
0.000150577
7.05738e-05
0.000445582
0.000180716
0.000274673
9.54393e-05
0.000348281
0.000184003
0.000222797
0.000244386
0.000170479
0.000271754
7.42812e-05
0.000234833
0.000241154
1.56398e-05
6.69065e-05
0.000850809
0.000487515
0.000270467
0.000163143
8.32541e-05
0
0.000134905
8.18859e-05
1.60004e-05
0.000849812
0.000274158
0.000137324
0.000184351
0.000183838
0.000273132
0.000300608
0.00014051
0.000149475
0.000294158
8.35383e-05
0.0001949
4.17689e-05
4.93243e-05
0.000172704
0.000181704
0.000271786
5.97408e-05
0.000149515
0.000259403
0.000182037
3.8568e-05
0.000231885
0.000205392
0.000346869
0.000138447
1.28551e-05
0.000129503
0.000306459
0.00020792
0.000167491
0.000450045
0.00011165
0.000164061
0.000205713
9.12723e-05
0.000108616
0.000180125
0.000216761
0.000251787
0.000489401
0.00027788
0.000322758
0.000332933
6.6028e-05
6.02825e-05
9.00665e-05
0.000340231
0.000112873
0.000218352
0.000207095
0.000213921
0.000556188
0.000115189
0.000887205
0.00276278
0.000206254
0.000257741
8.10402e-05
0.000804093
0.000160355
0
0.000223109
5.12511e-05
0.000330914
0.000174055
0.000240826
0.000339847
0.000184245
0.000145068
0.000126477
0.000242453
7.84437e-05
0.000669709
0.000214547
0.000218445
0.000543188
0.000493135
0.000122968
0.000108178
0.000114929
0.000402147
0.00014312
1.06591e-05
0.000283585
0.000709777
0.000190439
7.72366e-05
0.000677864
0.000109859
7.52467e-05
0.000453561
0.000272682
0.000115075
0.000391281
0.000118436
0.000425745
7.90139e-05
0.000178854
0.000144548
0.000391533
4.99642e-05
0.00135025
0.000435329
1.60361e-05
0.000257995
0.000384123
0.000191404
0.000242166
0.000204161
0.000216532
0.0152992
0.000150572
0.000214877
0.000120703
8.60214e-05
0.000232491
0.000194193
9.84603e-05
5.3714e-05
0.000155943
0.000215358
0.000171961
0.000462297
0.000155749
0.000225787
0.000495745
0.000330595
0.000224013
0.000152825
0.00011857
0.000147783
0.000144815
0.000119644
0.000201046
0.000180196
7.53714e-05
0.000145692
7.40571e-05
0.000168534
0
0.000438658
0.000353188
8.00777e-05
0.000132458
0.000221063
0.000262913
0.000128985
0.0003437
0.000680872
0.000127726
0.000559712
0.00350713
5.74731e-05
0.000418288
0.000185155
0.000209379
0.000114597
0.000174301
0.00036436
0.000330944
8.11138e-05
2.09896e-05
0.00066125
7.2653e-05
0.000159136
0.0001791
0.000120321
8.16461e-05
0.000181196
7.83144e-05
8.24385e-05
0.000241666
0.000216203
0.000211182
0.000270255
6.65864e-05
0.000109577
0.000169896
0.000117771
0.000368088
0.000391195
5.61209e-05
0.000324602
8.48457e-05
0.000113867
9.74145e-05
0.000304113
7.04152e-05
0.000135928
0.000153945
0.000160811
0.000139263
0.000196262
0.000267331
0.000407524
0.000421778
0.000114219
0.000231287
0.000142347
0.000139104
0.000308512
0.000149627
0.000330803
0.000219344
0.000171389
0.000193647
8.67705e-05
0.000146479
0.000325329
0.000401113
0.000108401
9.30232e-05
0.000234608
6.42546e-05
7.01921e-05
0.000246282
0.00014221
0.000213552
0.000549341
0.000293612
0.000658236
0.000264702
0.000144326
0.00011489
8.52805e-05
0.000323634
9.08408e-05
0.000204297
9.11668e-05
0.000797458
0.000302684
0.0004077
0.000119707
0.00021462
0.000263009
0.00080025
5.11756e-05
0.000154283
0.00241192
6.05014e-05
6.01789e-05
0.000295376
0.000155325
8.0892e-05
0.00111419
0.000210484
0.000128435
0.000353977
0.000191235
0.00023712
4.79298e-05
0.000123203
0.000430134
2.21619e-06
0.000109248
9.45389e-05
0.000128321
6.1395e-05
0.000416858
0.000409308
0.000920584
0.000310812
0.00180022
0.000405307
7.13716e-05
5.93539e-05
0.000147526
0.00115469
0.000158144
0.000296805
0.00032098
0.000251292
0.000196333
0.000122106
0.000282838
3.02013e-05
0.000327818
3.62446e-05
0.000174574
0.000153955
0.000113317
0.000220491
0.000191018
0.000174896
0.000184727
0.000303233
0.000300715
9.50645e-05
0.00048715
0.000147949
0.000146623
0.000571546
6.88167e-05
0.000121549
0.000312912
0.000467315
0.000236827
5.19745e-05
0.000308493
0.000613774
7.82164e-05
8.69468e-05
0.000418524
0.000113287
9.43052e-05
1.88615e-05
4.60766e-05
0.000531175
0.000152633
5.05174e-06
0.000591004
0.000389547
0.00011073
0.000207467
7.83017e-05
2.46833e-05
0.000218263
9.7221e-05
0.000580887
0.000150181
0.000123536
0.000343039
0.000735666
8.20664e-05
0.000109746
0.000349808
0.0042623
0.0002305
0.00847566
0.00024766
0.00016891
0.000319448
0.000369072
9.8415e-05
0.000193325
0.00030645
2.71733e-05
0.000214155
9.12026e-05
0.0188856
0.000200454
0.000319523
0.000126485
7.37388e-05
0.000406337
0.000209299
0.000276297
0.000156651
0
0.000164252
0.00016512
0.000718722
5.08602e-05
8.71841e-05
9.87104e-05
0.000416681
1.41268e-05
9.3346e-05
0.000151388
8.86188e-05
0.000154719
0.000291391
8.86936e-05
0.000279609
0.000106206
0.000147283
0.000126439
0.00013274
0.000167611
0.000155187
0.000134217
0.000208167
0.000249957
0.000807143
0.000387467
9.67713e-05
0.00010436
0.000135643
0.000219436
0.00123133
0.000344848
0.000323022
0.000167272
2.04153e-05
0.000109101
0.000133751
7.02672e-05
0.000131581
0.000326265
0.000127836
0.000109968
0.000653893
0.000186319
5.94471e-05
0.000170834
0.000218674
3.00295e-05
0.000129485
0.000492523
9.25701e-05
0.000300269
0.000261914
0.000238322
0.000359204
0.000101175
0.000129703
0.000109988
0.000779524
0.000181004
0.000171216
5.72032e-05
0.000208953
0.000136178
0.000359669
0.000822465
0.000239175
0.000146076
5.21528e-05
0.00103125
0.000520415
8.27805e-05
8.9827e-05
0.000734175
0.000124444
0.000300039
5.99899e-05
0.00119617
5.61994e-05
0.000194175
0.000155108
0.000467871
0.000181933
0.000306061
5.20507e-06
0.000175836
0.000165218
0.001376
0.000120905
0.00030316
0.000144982
0.000207337
0.000103254
0.000137244
0.00020829
0.00034987
6.89623e-05
4.90364e-05
0.000115435
0.000590295
0.000169893
6.88997e-05
0.000396146
7.84476e-05
0.000116642
3.23514e-05
7.27385e-05
9.47981e-05
0.000165169
0.000184356
0.000264866
9.92236e-05
0.00039781
0.000106497
0.000110852
0.000236941
0.000183255
0.000180634
0.000217899
0.000139421
0.000266437
0.000145919
0.000200143
3.15523e-05
6.61992e-05
0.000247327
0.000171229
5.94054e-05
0.000119449
0.00018673
9.80612e-05
3.29787e-05
0.000169108
0.000246485
0.000294189
0.000224451
0.000205305
0.000153063
0.000197739
0.000101351
0.000334905
0.000261044
4.30894e-05
0.000304342
7.04006e-05
0.000137984
0.000296361
0.000155442
6.90987e-05
0.000383489
0.000100611
0.000213852
9.60959e-05
0.000285713
0
0.000205777
0.000157707
1.93743e-05
0.00018041
0.000378933
0.00591482
0.000182399
0.00018924
0.000296634
0.000352392
0.000357504
0.000604816
9.91101e-05
0.000167609
8.06746e-05
0.00258442
0.000519307
2.6406e-05
0.000374981
5.30016e-05
0.000139863
0.000513612
0.000152776
4.16693e-05
8.45279e-05
0.000281312
0.000133836
0.000260222
0.000267683
0.000503256
0.000239871
0.00012902
0.000148546
8.45351e-05
0.000204148
0.000140036
8.41008e-05
0.000209519
0.000193958
0.00136478
7.77098e-05
0.000134003
0.000646161
0.000165749
0.000197298
0.000274333
0.00017208
0.000106721
0.000337575
0.000210371
0.000149433
0.000141427
0.000167092
7.28565e-05
0.000165851
0.00147993
1.28885e-05
0.000275986
0.000192638
0.000160563
8.5333e-05
0.000647732
0.000140671
0.000434773
0.000105987
0.000259769
0.000186992
0.000152999
0.000139265
0.00042577
0.000354046
0.000158491
0.00019739
0.00345334
2.04688e-05
5.75584e-05
0.000270287
0.000160073
0.000139304
9.55324e-05
0.000221928
0.000119731
0.000150225
0.000459536
0.00383256
0.000110739
0.000831416
0.000173634
0.00014474
6.47231e-05
0.000258465
0.000355699
0.000259973
0.000333694
0.000202841
0.00069017
0.000144764
0.000116962
0.000225696
0.000174726
0.000162941
0.000120933
0.00171623
0.000121165
0.000302621
0.00061381
0.000217399
0.000239153
0.000247297
0.000568468
0.000202034
7.19481e-05
0.000145984
0.000143643
0.000242586
0.000355452
0.000107036
0.000163683
0.000279058
3.62788e-05
9.4488e-05
0.000465855
0.000334181
0.00030327
0.000182005
0.000215152
0.000411931
8.68159e-05
0.000399858
0.000180388
7.74767e-05
0.000110022
0.000236112
0.00022713
0.000320072
0.000245684
0.000239979
0.000436538
3.25603e-05
0.000295764
0.000169634
9.49605e-05
0.000594113
9.44614e-05
7.55395e-05
0.000423401
9.76489e-05
0.000239351
0.000300969
0.00050714
0.000274874
9.0652e-05
0.000237315
0.000407216
0
9.94313e-05
0.00023199
0.000303438
0.000110823
2.65861e-05
0.000114562
0.000318632
7.27337e-05
9.33081e-05
0.000161497
0.000149421
0.000310627
0.000480996
0.00191507
0.000214821
5.54699e-05
0.000108313
6.75972e-05
0.000224352
0.000121008
0.000229954
0.000183817
0.000278425
0.000121771
0.000167818
0.000165404
6.4908e-05
0.000167317
0.000195575
0.000540494
5.2365e-05
2.24147e-05
0.000577748
6.95978e-05
0.00026032
5.72738e-05
3.94811e-05
0.000389058
3.84657e-05
0.000220206
0.00017354
0.00155826
7.57912e-06
7.55031e-05
0.000319418
0.000127981
0.000156521
0.000150411
0.000194997
0.0002934
0.00154834
0.00103191
0.000181705
0.000109116
0
0.000116984
9.79728e-05
7.79488e-05
0.000134145
0.00011629
0.00030374
0.000245822
0.000478675
0.0053168
1.90913e-05
0.000696306
0.00049772
0.000210011
0.000136713
0.000285524
0
8.83982e-05
0.000173965
0.00139901
1.94246e-05
0.000224428
0.000136098
0.000242228
0.000102266
0.000187453
0.000569205
8.43809e-05
0.000232437
0.00028491
0.000310328
0.000269021
0.000161627
0.000225043
0.00016152
7.9197e-05
0.000170329
0.000189186
0.000219015
0.000126121
0.000413548
0.000269124
0.000216036
0.000131127
0.000103576
0.000291431
0.000238518
0.000582697
2.76226e-05
0.00102211
0.000266933
9.2207e-05
7.38633e-05
0.000211751
0.000141131
5.48038e-05
8.94615e-05
0.000148983
0.000389468
0.000898961
0.000477673
0.00013731
0.00014495
0.00163687
0.000207189
0.000188711
0.000210611
0.000165159
8.57278e-05
0.000148771
0.000105904
0.000691813
0.000284363
0.000155217
0.00017535
6.00721e-05
8.84671e-05
0.000292251
0.000462965
0.000158087
0.000112661
0.000355613
0.000374048
0.000193665
0.000154309
0.000126624
4.06563e-05
0.00013349
0.000145276
0.000159778
1.04071e-05
0.000135099
2.79981e-05
0.000399527
0.000139755
0.000290995
0.000267809
0.000151938
0.000826073
0.000984654
0.000127855
4.81639e-05
0.000137829
6.60887e-05
0.000131283
0.000524514
0.000326172
0.000368477
0.000190913
0.000226902
9.13627e-05
5.58748e-05
9.11217e-05
0.000489858
0.000200244
0.000137461
0.000165644
0.0011301
0.000105847
0.000207795
5.33361e-05
0.000233191
0.000286158
0.000154014
0.00121239
9.74144e-05
0.000298985
3.42667e-05
0.000159361
0.00026028
0.000344279
0.000299659
0.000143976
7.36872e-05
0.000368657
0.000297809
0.000181058
0.000188094
0.000579819
0.000306307
0.000361625
0.000155746
0.00102445
0.000260714
0.000266042
0.000304637
0.000119373
0.000413256
0.000129468
0.000265495
0.000213604
0.000301774
0.000785093
0.000214535
1.14161e-05
0.00214569
0.000282246
0.000119062
0.000306392
9.23224e-05
0.000335764
0.000165739
2.7181e-05
0.000120144
0.000122624
0.000999216
0.000105159
0.00019223
0.000135624
0.00296092
0.000327739
3.77573e-05
0.000123154
0.000179162
0.000174324
6.51376e-05
0.00025299
0.000261358
6.7137e-05
7.42633e-05
0.000214099
0.000192281
0.000224182
0.000162951
0.000101638
0.000146849
3.05524e-05
0.000147043
0.00023255
0.000274613
0.000414076
0.000237387
2.1737e-05
2.85356e-05
6.01406e-05
0.000464734
0.000157244
0.000162181
0.00154511
0.000510041
7.4686e-05
0.000295507
5.05643e-05
0.000248034
4.98621e-05
0.000284603
6.45882e-05
0.000213127
0.000358434
0.00016746
0.000218675
0.000200014
0.000169981
0.000150671
0.000330707
9.0983e-05
0.00193601
0.000184921
0.000792756
0.000222258
0.000216908
0.000123664
0.000237289
5.54871e-05
0.000377942
0.000280575
2.8424e-05
0.000234573
0.000176754
6.72571e-05
0.000392876
0.000360479
0.00010233
0.000131691
0.00024741
1.04187e-05
6.85643e-05
0.000300225
0.000301686
0.000247471
4.40576e-05
0.000192439
0.000145454
0.000225368
0
0.000110972
0.00119522
0.000203071
0.000134252
0.000457455
0.000105528
6.95416e-05
5.18195e-05
5.66601e-05
0.000662897
0.00013912
0.00015028
0.000355746
0.00010005
0.000126061
0.000180416
0.000191217
0.000273698
0.000125131
0.00263977
0.00460657
0.000174909
0.000336958
0.000335446
0.000318547
0.000239929
0.000108257
0.000109322
0.000513715
0.000139775
8.45872e-05
0.0002566
6.18423e-05
0.000349101
0.000255603
0.000555395
0.00022778
0.00048768
0.000374807
0.000220552
0.000150739
0.000280561
0.000225782
0.000216958
5.60996e-05
0.000229929
0.000320297
0.000171643
0.000231945
0.000318229
0.000506081
0.00011104
4.15672e-05
0.00011305
1.65251e-05
0.000468378
6.329e-05
9.49622e-05
0.000207681
0.000172866
8.60272e-05
0.000178713
0.000244341
0.000396126
0.000106449
0.00023515
0.000141707
1.84538e-05
0.000300636
0.000114162
0.000355101
0.000273589
0.000260398
0.00108738
8.08183e-05
0.000380163
0.000367801
0.000217405
0.00057954
0.000129324
0.000268416
8.86986e-05
0.000108943
3.5706e-05
0.000192273
0.000123081
0.000625824
8.11315e-05
0.000207792
0.000459275
0.000112971
0.000392411
0.000453724
0.00054929
3.45364e-05
4.36592e-05
0.000759374
9.09924e-05
7.25761e-05
0.000196689
0.000494914
0.000449141
0.000226621
0.000298455
0.000202727
0.000100057
0.000418144
0.000108787
0.000152374
0.000107811
0.000171366
0.000373977
0.000281201
0.000123787
8.57368e-05
0.000581537
0.000284296
5.37244e-05
0.000114533
0.000362102
0.00771569
0.000257487
9.43117e-05
0.000121288
0.00516813
0.000493728
0.000230591
5.62981e-05
0.000311997
0.000588596
6.92414e-05
0.000693399
0.000165674
0.000323049
8.43453e-05
0.00190303
9.31108e-05
9.56614e-05
0.000171921
0.0036
0.000171032
0.000157858
5.6271e-05
0.000221904
0.000413852
0.00013179
0.000176338
0.000202117
0.000351234
0.000171644
0.000145346
6.97374e-05
0.000344629
0.000161411
0.000188573
0.000534882
0.000295001
0.000142384
4.21869e-05
6.38628e-05
0.000244259
0.000244249
0.000164146
0.000193013
0.000336974
0.000761998
0.000120671
0.000150208
2.02746e-05
0.000283181
0.000148821
4.99049e-05
6.22617e-05
0.000195947
0.000168869
0.000639294
0.000413739
0.000123122
0.000137728
0.000110151
0.000385496
0.000265124
0.000338496
0.000226723
4.11564e-05
3.9944e-05
6.34388e-05
7.2273e-05
0.0001061
0.000176963
0.000204668
0.000108799
0.000975715
0.00023661
0.000193423
0.000426034
0.000235643
0.000155504
0.000527897
0.000457007
6.70562e-05
0.00032421
0.000180385
0.000198938
0.000349936
0.000273984
0.000203419
8.90267e-05
0.000181161
0.000108106
0.000170461
0.000198048
9.53973e-05
0.000248561
0.000824156
0.00014953
0.000205951
0.000154119
0.000189738
7.52168e-05
8.24642e-05
1.05049e-05
0.000162294
0.00018283
0.000696864
0.000121647
0.000189366
0.000302926
0.000186724
0.000385215
0.000231787
0.000135676
8.70507e-05
0.00017041
0.00016809
9.89302e-05
0.000118464
7.10819e-05
0.000117413
0.00502044
0.000117962
0.000482492
0.000118121
0.000285849
5.16626e-05
0.000773468
0.000860141
0.000155928
0.000630352
5.08604e-05
0.00013052
0.000146198
0.000277656
0.00033232
3.9439e-05
0.000520708
0.000387612
7.61803e-05
0.000304117
5.19959e-05
4.74823e-05
0.000138545
8.03166e-05
0.000179532
0.000222175
0.000101311
0.000248199
0.00214572
0.000137835
0.000853463
0.000161003
0.00041159
0.00103046
0.00056291
0.000365617
0.000920795
0.00033985
0.000211525
0.000477739
0.000330827
6.17725e-05
0.000288295
0.00020337
0.000105862
0.000102381
0.000168399
0.000116436
6.63663e-05
0.000110577
0.00038437
0.000517449
0.000525218
0.000457823
0.00066271
0.000162946
9.37722e-05
0.000141016
0.000197294
0.000122763
0.00020961
0.000298278
0.000133774
0.000170969
0.000135671
8.82053e-05
0.000152396
5.67942e-05
0.000207572
8.66466e-05
0.000547218
0.00022431
0.000427108
0.000178452
0.000249327
0.000231408
0.000319649
8.0398e-05
0.000213564
2.25174e-05
0.000141938
0.000108283
0.000102422
0.000149286
0.000247866
0.000205533
5.39578e-05
0.000250617
0.000136988
0.00020986
0.000492583
4.03918e-05
0.00489549
0.000880974
0.000136883
0.000372866
0.000169065
9.26024e-05
0.000176977
0.000126605
0.000194822
0.000224958
9.47998e-05
0.000241734
0.000160368
0.000173974
0.000289626
0.000528395
9.80684e-05
0.000516684
0.000279608
0.000275474
0.000198281
0.00027937
0.000810464
0.000160692
0.000279558
0.000277752
0.000251589
0.000115357
0.000166414
8.40346e-05
0.000360246
0.000170391
0.000151817
6.93678e-05
8.49826e-05
0.000211789
0.000196402
0.000198838
0.000115944
6.08353e-05
2.86585e-05
0.00040303
0.000215679
0.000131669
0.000120663
0.000163136
0.00017952
0.000375639
0.000218023
0.000102659
0.00014189
0.00054447
0.000443997
9.41018e-05
0.000194131
0.000124922
0.000182968
0.000130429
0.000674054
0.000177725
0.000344044
0.000111703
0.00858679
0.000233343
0.000508403
0.000237298
0.00011742
0.000758763
0.00100132
1.36308e-05
9.11389e-05
4.17933e-05
0.000554853
0.000163973
0.000349002
6.2454e-05
0.00013951
0.000175436
0.000177852
0.000551794
0.000126034
0.000502742
0.000141092
0.000259691
8.10073e-05
0.000182077
0.000319493
5.58777e-05
0.00021014
0.000435931
0.000327006
0.000432863
0.000209546
8.7903e-05
0.00013795
0.00043841
9.31838e-05
0.000146919
7.60407e-05
0.000199187
1.77938e-05
0.000109278
0.00244433
0.000158075
0.000939312
0.00152539
0.000204249
0.000192306
0.00012349
0.000222122
0.000500752
0.000112725
0.000848207
0.000372189
0.000220668
0.000253278
0.000153266
6.4069e-05
0.000101163
0.000119791
0.000188984
0
0.000125293
0.000677367
0.000285934
0.000101171
8.19132e-05
5.32082e-05
0.000165581
0.000121835
0.000310391
0
0.000186979
0.000107486
0.000502311
0.000442272
0.000265553
6.16525e-05
6.81599e-05
0.000183977
1.0795e-05
0.000111668
9.50081e-05
0.000126269
0.000400644
7.36912e-05
5.14443e-05
0.00024629
0.000178947
0.000301387
0.00734927
7.96389e-05
0.000180607
0.000256178
0.0002598
0.000382354
0.00017145
0.000255799
0.000320296
0.000197787
0.000228857
0.000140882
0.000250125
0.00223749
0.000455649
0.000181935
0.000111636
0.000197875
0.0002967
0.000278589
0.000320006
0.000156343
6.89578e-05
0.000145992
0.000297795
0.00069299
0.000112313
0.000304534
0.000116196
8.58512e-05
0.000285924
0.000183909
8.8449e-05
0.000364009
0.000279292
0.000124613
6.92719e-05
0.000184732
0.00164868
0.0002772
0.000330751
9.45209e-05
0.000116525
0.000208501
9.34544e-05
0.000254245
0.000241091
0.000249212
0.000173359
0.000105479
9.76513e-05
0.000221408
8.82514e-05
0.000126436
8.74415e-05
0.00023602
0.000213837
0.0003047
0.000325113
0.000123679
0.00147648
0.00018055
0.000141671
0.000283587
0.000398272
0.000178123
0.000231112
0.000116586
0.00032449
0.000412669
0.000127714
0.00033885
0.000330209
0.000186059
0.00102776
0.000440012
0.000327858
6.7723e-05
0.000191462
0.00012432
0.000195903
0.000159594
0.000108282
7.55754e-05
0
0.000761632
0.000123812
0.0003676
6.95175e-05
0.000296243
0.000135441
0
0.000287598
0.000364321
0.000197482
0.000146956
0.000468511
0.00018871
0.000110101
0.000241737
0.000143678
0.000110805
0.000917561
0.000347017
0.000367733
0.000192492
0.00419511
2.73639e-05
0.000138007
0.000343899
0.000195731
5.33835e-05
0.000324412
0.000123787
3.62607e-05
0.00315969
0.00027256
0.000191146
0.000582773
0.000425526
0.00156239
0.000234953
0.000144467
2.72709e-05
0.000246364
0.000160268
0.000105945
0.00017363
0.000101674
0.000508207
0.000102651
0.00023323
8.44046e-05
0.000137266
9.28488e-05
4.1239e-05
4.46195e-05
4.22829e-05
6.45449e-05
0.000166865
