0.0011953
0.000536556
0.00101196
0.00116229
0.00159031
0.00106824
0.00104627
0.000705884
0.001925
0.00114459
0.000632536
0.00105229
0.00149687
0.00112781
0.000419477
0.000784244
0.00131395
0.000649527
0.00319846
0.000587207
0.00154042
0.00094778
0.000373837
0.00147542
0.00114009
0.000871217
0.000631547
0.000508969
0.00143569
0.00112894
0.00101644
0.000449616
0.000911822
0.000581364
0.000715217
0.00202171
0.000534196
0.00381795
0.000946055
0.00146433
0.000729684
0.000543447
0.000412476
0.000867722
0.00104562
0.000553063
0.00112901
0.000371486
0.00142009
0.000533563
0.000714312
0.00110982
0.000378154
0.000455098
0.00166577
0.00192869
0.000492816
0.000755398
0.0258653
0.008496
0.000922757
0.000857818
0.000887618
0.000402769
0.00063726
0.000583471
0.00081472
0.000450653
0.000764428
0.00288998
0.0020593
0.00126547
0.00108779
0.00127034
0.000868719
0.00064914
0.00043504
0.000709727
0.000631718
0.000194408
0.000296074
0.00122104
0.000988336
0.000626041
0.00209797
0.000829467
0.0041469
0.000665167
0.000438828
0.00351711
0.00107478
0.00159554
0.00394394
0.000197036
0.000351508
0.000919111
0.00101503
0.000837019
0.00104807
0.000796462
0.000643519
0.000828674
0.00118879
0.000595719
0.00105976
0.00068371
0.000572247
0.00646048
0.00106659
0.00218925
0.000691403
0.00131621
0.00079579
0.00136996
0.00459032
0.00183534
0.000914303
0.000658678
0.000578009
0.000312365
0.000838176
0.000250293
0.000892183
0.00103148
0.00156313
0.0010377
0.00157
0.000571381
0.000903866
0.00199061
0.000637638
0.000695716
0.00126652
0.000500748
0.00689697
0.000887557
0.002512
0.000474113
0.000572282
0.00301389
0.000654122
0.00120276
0.00107976
0.000467495
0.000379045
0.000928854
0.00082472
0.00324213
0.000604313
0.00124955
0.000437017
0.000596793
0.0013536
0.000984159
0.00146893
0.000810329
0.00191278
0.000369088
0.000565927
0.000985482
0.000819946
0.000505524
0.000891676
0.000861471
0.000851898
0.000420509
0.000473881
0.000879993
0.00089499
0.000991663
0.00130562
0.000902503
0.000856
0.000509964
0.000418305
0.000835372
0.00128972
0.000624568
0.00100921
0.000705739
0.00139432
0.000695288
0.00124109
0.000535748
0.00107308
0.000904572
0.00033575
0.000884857
0.000439557
0.00102507
0.000694066
0.00103899
0.00074347
0.000554177
0.000804976
0.000909526
0.00153118
0.000379692
0.00354606
0.00048541
0.000584966
0.00109548
0.000744956
0.0010221
0.00061886
0.000680779
0.00113978
0.000539131
0.00873545
0.00234364
0.00216186
0.000740226
0.000868997
0.00172224
0.00174644
0.00108942
0.000863299
0.00189476
0.00167706
0.000660498
0.00137947
0.00060584
0.00110719
0.000401556
0.000811467
0.000558128
0.000436517
0.000704431
0.000859594
0.0011495
0.000329031
0.0030683
0.000777255
0.00794454
0.000734796
0.000460061
0.00197261
0.000936596
0.00126714
0.00356306
0.000901678
0.00129879
0.00130386
0.000543305
0.000816371
0.000722227
0.00078515
0.000945409
0.000804038
0.000639529
0.000613977
0.000637414
0.00237783
0.00212409
0.000349573
0.000593618
0.00115448
0.000992178
0.00488338
0.000858613
0.000501592
0.000820399
0.00107446
0.000454301
0.0007743
0.00116908
0.00105842
0.00129344
0.000649386
0.000184051
0.000890505
0.0194558
0.00126279
0.000851191
0.000633891
0.000492048
0.00199846
0.00049018
0.000744202
0.00057939
0.00092416
0.000992327
0.000650165
0.000961574
0.00136563
0.000814429
0.00162327
0.00141575
0.0011871
0.000359982
0.000466224
0.0114738
0.000744944
0.00113121
0.0011407
0.000771239
0.00244402
0.000661725
0.000431962
0.00124848
0.000568499
0.00118548
0.000676351
0.000731932
0.00501278
0.0013746
0.000787813
0.000533124
0.000842051
0.00129255
0.00191352
0.000745133
0.000940946
0.000827034
0.000986026
0.000907502
0.000952814
0.000969484
0.000555913
0.000630939
0.000653733
0.000576757
0.00018347
0.00114833
0.00108487
0.000770226
0.000538967
0.0015247
0.000837824
0.00128476
0.00109748
0.000645987
0.00137596
0.00117789
0.00109758
0.000529281
0.000961979
0.000242481
0.00116823
0.000537137
0.00126592
0.00104376
0.000477858
0.00176946
0.000733089
0.000724125
0.00121456
0.000163352
0.00127189
0.000634099
0.000560537
0.00409363
0.000869402
0.00262168
0.000920929
0.00111875
0.00129361
0.000735407
0.00211245
0.000837278
0.000764664
0.000471419
0.000551671
0.000639031
0.000762144
0.00445607
0.000604136
0.00129427
0.00363461
0.00108349
0.000863952
0.00210608
0.0010568
0.000997926
0.0035575
0.00153862
0.00121142
0.00103785
0.000883499
0.000622575
0.00108287
0.00139434
0.00160212
0.00105004
0.00123582
0.00139517
0.00144324
0.000337733
0.00105957
0.000429421
0.00226235
0.000901368
0.000336261
0.00110114
0.000443575
0.000400869
0.00333551
0.00114715
0.00231716
0.00147898
0.00388104
0.00160085
0.000748407
0.00102926
0.00323958
0.000495513
0.000590724
0.00377451
0.000572275
0.000709276
0.00254739
0.00080192
0.000681699
0.000619842
0.00128421
0.00103294
0.00108231
0.00441142
0.000538344
0.00312218
0.000549031
0.000807657
0.000909474
0.00147191
0.00139299
0.00087706
0.00171956
0.000396396
0.000298813
0.000400159
0.000830285
0.00211374
0.00270133
0.000906941
0.00225819
0.00128917
0.000765299
0.000967728
0.000408736
0.00139128
0.000649962
0.000795485
0.00107296
0.000907417
0.00104948
0.000630054
0.00169023
0.00175962
0.00502925
0.00139931
0.000927345
0.00116398
0.000684425
0.000832592
0.00156159
0.00113084
0.000559177
0.00119719
0.000412742
0.0010701
0.000970185
0.00089669
0.00127413
0.000700376
0.000746937
0.00118502
0.00195489
0.000679361
0.000537004
0.000868032
0.000799294
0.00114397
0.00120234
0.00143213
0.00332857
0.000931497
0.000902236
0.000611476
0.000162421
0.00114577
0.000653947
0.00046803
0.00373151
0.000421416
0.000666441
0.0015758
0.000746756
0.00107145
0.000649146
0.00066047
0.00111781
0.00111648
0.000587606
0.000776996
0.000895591
0.00115333
0.000387759
0.000511948
0.000598194
0.00037102
0.000200083
0.000554547
0.00357009
0.000673043
0.00970438
0.000854519
0.000845435
0.00094974
0.000717037
0.000919504
0.000675607
0.000565305
0.000763829
0.00114907
0.000489319
0.000742462
0.00204901
0.00134336
0.00108214
0.000477672
0.000726094
0.00123279
0.00232838
0.000745576
0.000733019
0.00184916
0.000943081
0.000522295
0.000664356
0.00101994
0.000906798
0.00067619
0.00174053
0.000602164
0.00280406
0.00108948
0.00113429
0.000897305
0.00108624
0.000787558
0.00119673
0.000729809
0.00118367
0.00114758
0.000914307
0.000391322
0.000382909
0.0022365
0.000838532
0.00154173
0.000418583
0.000986521
0.000407719
0.000867048
0.00972839
0.00118455
0.00129688
0.000728825
0.00115474
0.000566019
0.000743401
0.000613553
0.000637345
0.000650336
0.000842728
0.0036089
0.00112534
0.000186241
0.00120105
0.000699196
0.000939702
0.000354374
0.000645656
0.0015635
0.00075644
0.000426147
0.00100471
0.00111505
0.00148043
0.000216588
0.00146564
0.000884239
0.000683893
0.00125556
0.00179953
0.000553317
0.000796408
0.00509224
0.000720319
0.000538833
0.00110757
0.00148204
0.001167
0.00079797
0.00104599
0.000377798
0.00062311
0.000693429
0.000538656
0.000901808
0.00180645
0.000817265
0.00066206
0.000715944
0.00133628
0.00217022
0.000804592
0.00071897
0.000265285
0.000834519
0.000924504
0.00157122
0.000450811
0.00993115
0.00146548
0.000501734
0.000415817
0.00138587
0.000790589
0.00400441
0.00093573
0.000749248
0.00092822
0.000577796
0.00118003
0.00267587
0.00135621
0.000965639
0.000415365
0.0012613
0.000917741
0.00122005
0.000925282
0.000972397
0.00136141
0.00096177
0.000677851
0.00378517
0.00151509
0.000798187
0.00125207
0.000924469
0.000883058
0.0060924
0.00159144
0.00181297
0.000772516
0.000585765
0.000669062
0.000359211
0.000982559
0.0028186
0.000873235
0.000577872
0.000474494
0.000458453
0.000695329
0.00181764
0.00106708
0.000536546
0.00121725
0.00121483
0.000983561
0.00080224
0.000437253
0.00161914
0.000451877
0.00145808
0.000716732
0.000510717
0.000676769
0.00072412
0.000702266
0.0013644
0.0013743
0.000966626
0.000542381
0.000508059
0.000596951
0.000441077
0.000689485
0.000526935
0.000638634
0.00251509
0.000313937
0.0015483
0.000755944
0.000766084
0.00104888
0.00119406
0.00226877
0.00138894
0.0012179
0.00159616
0.0010029
0.000465759
0.000960947
0.000227942
0.000574996
0.000862037
0.00107221
0.00043225
0.00122218
0.000917575
0.00110913
0.000670734
0.000625269
0.000503999
0.000590584
0.000560154
0.00243632
0.000892288
0.00108499
0.00143638
0.00583562
0.000714916
0.00126599
0.000455405
0.000557236
0.00132144
0.000636133
0.000958063
0.00226941
0.00119961
0.000311931
0.000613514
0.000756377
0.000902465
0.000858683
0.000470751
0.000963896
0.000962684
0.00034252
0.000968545
0.00144282
0.000940762
0.000792776
0.000779281
0.00060108
0.000688591
0.000653784
0.000615862
0.00123007
0.000729978
0.00177063
0.00183518
0.00102713
0.000194936
0.00124016
0.000512568
0.0010084
0.000383214
0.00113828
0.00080108
0.00123388
0.00417029
0.000464513
0.00171992
0.000864913
0.0023425
0.000894078
0.00180651
0.000823035
0.00128515
0.00194983
0.000643729
9.68313e-05
0.000547896
0.00124487
0.000848905
0.000608318
0.00125351
0.00157623
0.000366944
0.00194897
0.000588982
0.00245523
0.000476829
0.0012034
0.00168727
0.000914019
0.000871105
0.00156361
0.00104171
0.000772242
0.000626544
0.000750212
0.00149394
0.000477945
0.00114399
0.0145783
0.000654961
0.000483968
0.00388636
0.00118201
0.000514619
0.000401283
0.00173063
0.000742571
0.00176856
0.000391666
0.000520091
0.000445049
0.00103867
0.00178609
0.00060719
0.00108868
0.0016424
0.000712825
0.000340896
0.00796662
0.000668226
0.00138584
0.00527601
0.00307826
0.000945264
0.000733885
0.000981534
0.000925006
0.000711864
0.000657435
0.000489647
0.00106602
0.000705659
0.00133457
0.00110392
0.000349653
0.000797926
0.000738098
0.000600178
0.000548682
0.00070624
0.000523945
0.00158074
0.00163819
0.000557731
0.000494866
0.00149938
0.00114084
0.000747232
0.000844069
0.000837945
0.00265667
0.00154006
0.000934906
0.000800543
0.00114342
0.00101407
0.000539083
0.00127262
0.000361461
0.000700095
0.000687468
0.000791895
0.0031456
0.000405911
0.00145269
0.000996428
0.00248573
0.00122816
0.000644857
0.00135828
0.000433889
0.00122231
0.000721326
0.000397762
0.000774265
0.000911605
0.00224083
0.00249847
0.000869383
0.000645976
0.000337975
0.00131067
0.00178725
0.000886419
0.00100049
0.000701043
