0.00142282
0.0126769
0.000313224
0.00181373
0.000463823
0.000660033
0.00156954
0.00112494
0.00111109
0.00232949
0.00132912
0.000999135
0.0117878
0.00141481
0.0019967
0.00740188
0.00214774
0.00140618
0.00140614
0.0011654
0.00430836
0.000937473
0.00230542
0.000829334
0.000983549
0.00115558
0.00392744
0.0010329
0.00128
0.00131993
0.00119323
0.000626631
0.00180468
0.000950635
0.00169089
0.0012769
0.000858512
0.00204742
0.00124378
0.00102202
0.000325402
0.00139096
0.00105407
0.0042714
0.0023128
0.00160924
0.000864992
0.00109641
0.00162436
0.00115591
0.00205621
0.000971078
0.00107134
0.00116033
0.000950962
0.00121176
0.00186325
0.0018221
0.000891482
0.00215063
0.00134775
0.0018389
0.00254473
0.000902652
0.0010468
0.00079669
0.00192088
0.00100159
0.000374404
0.00114974
0.0014911
0.00171371
