0.00108842
0.000759133
0.00127925
0.00108409
0.000997505
0.000301332
0.000708319
0.000745723
0.00109093
0.000359152
0.000383263
0.00038976
0.000436696
0.00200745
0.0017348
0.000884361
0.000535987
0.00150603
0.000954223
0.000845812
0.00155494
0.0688172
0.00106529
0.000927069
0.000591495
0.00125562
0.00395149
0.00174168
0.002518
0.00326963
0.00211284
0.00118062
0.000818236
0.00100586
0.000635328
0.00145702
0.000589968
0.00253082
0.00178903
0.000830022
0.000733976
0.00105604
0.00157823
0.000516836
0.00106851
0.00264662
0.00034753
0.000281383
0.000694019
0.000350219
0.000457484
0.00187543
0.00160348
0.00290912
0.000842015
0.00681976
0.000514122
0.0287454
0.000933678
0.000587539
0.000578921
0.00169428
0.000576188
0.000634551
0.0010013
0.000846115
0.000779964
0.000596372
0.000740229
0.000722634
0.000611934
0.00104761
0.000530499
0.000626246
0.00535486
0.00164005
0.00107815
0.000520803
0.000461749
0.000721748
0.00155248
0.000556266
0.00136086
0.000560902
0.000341673
0.00361821
0.000528743
0.000569413
0.000881663
0.00071008
0.00576292
0.000861492
0.000826786
0.000871807
0.00243674
0.00177982
0.00436269
0.000790179
0.000648068
0.000680651
0.00236772
0.00089532
0.00110652
0.00105514
0.00108035
0.00131818
0.000730478
0.0012059
0.0013472
0.00122937
0.000366372
0.000543084
0.000565525
0.00102267
0.00104873
0.00145672
0.00105695
0.00118097
0.00312629
0.00223891
0.000339853
0.000389796
0.00115974
0.000811128
0.000949768
0.000989149
0.000790637
0.000865673
0.000374146
0.000769748
0.000796977
0.00102419
0.000625067
0.000393914
0.000602763
0.000192266
0.00100266
0.000905659
0.000810356
0.00158993
0.000801422
0.000370402
0.00128927
0.00112334
0.00058291
0.00199026
0.00178888
0.000909313
0.00102156
0.000928919
0.00119982
0.000666197
0.000745954
0.00190569
0.000251702
0.00107809
0.00313576
0.000651043
0.00330076
0.000635147
0.000783752
0.00138324
0.000731568
0.00107338
0.000888378
0.000940868
0.00100279
0.000713595
0.000304672
0.000636405
0.00040543
0.00198395
0.00179251
0.0238523
0.000823684
0.00095674
0.000879477
0.000700026
0.000557507
0.000562631
0.000479303
0.000712853
0.00038944
0.000449305
0.000392719
0.000475365
0.00124272
0.000556176
0.000617927
0.000959631
0.000890912
0.000348693
0.00115749
0.000921865
0.000838063
0.0021394
0.00109008
0.00106574
0.000402795
0.000971547
0.000878704
0.00102707
0.00166944
0.000746699
0.000884494
0.000381916
0.000692195
0.000988982
0.000500881
0.000226776
0.00079657
0.000390866
0.000515717
0.000474041
0.000526457
0.000612208
0.000886478
0.00109167
0.00129143
0.000483451
0.000770793
0.000837442
0.000997836
0.000780241
0.000218889
0.00162365
0.000581253
0.00085895
0.000765825
0.00075006
0.000818593
0.000973896
0.000628929
0.00096334
0.00127264
0.00121713
0.000966687
0.00455543
0.000736594
0.000543163
0.00148053
0.00111558
0.00123844
0.00246346
0.000708307
0.00919573
0.00100585
0.000676102
0.00122119
0.0014813
0.00338708
0.000468417
0.000604976
0.000844675
0.000824258
0.00089164
0.00054039
0.000573792
0.000326775
0.00051042
0.000770691
0.00112695
0.000483743
0.000987548
0.00104026
0.000946677
0.00130124
0.000348125
0.00119035
0.00046457
0.000821461
0.000789432
0.000896053
0.0017098
0.000523086
0.000319674
0.000658382
0.000528277
0.000776775
0.000322131
0.000535422
0.000481703
0.000710912
0.000455425
0.0016679
0.00423607
0.000187981
0.00107353
0.000455471
0.00141321
0.00218092
0.000384749
0.00137173
0.000943881
0.000882418
0.00235987
0.000433509
0.00127073
0.000929114
0.00157989
0.00137599
0.000906065
0.000115679
0.000770401
0.000847999
0.000799107
0.00159496
0.000811546
0.000777877
0.000900846
0.000628782
0.003708
0.00138164
0.000758166
0.00112283
0.000820505
0.000894879
0.00114129
0.00185837
0.00148037
0.000735201
0.00136885
0.000526421
0.000710055
0.023859
0.00152631
0.00179052
0.000786298
0.000782038
0.000875932
0.00119973
0.000633553
0.00025006
0.00149159
0.000435733
0.00100709
0.000726668
0.00135668
0.000468278
0.0010486
0.00112561
0.000838256
0.0019009
0.000709434
0.00428171
0.000353767
0.000687967
0.00115367
0.00103565
0.00159919
0.00167122
0.000471281
0.000810914
0.00131971
0.00199099
0.00110316
0.00131333
0.00239629
0.00139474
0.000396358
0.000783151
0.000395351
0.00245895
0.00207129
0.000713844
0.000871223
0.000810149
0.000568857
0.00093027
0.000389821
0.000211936
0.00118515
0.00140923
0.000707351
0.000579449
0.000410098
0.000851884
0.000485117
0.0335517
0.000752652
0.0008366
0.000929743
0.0012457
0.00145716
0.000797078
0.000722732
0.000305745
0.000632561
0.000964522
0.000735482
0.00112123
0.000712824
0.000912605
0.000818432
0.000836596
0.000876859
0.00192505
0.00393501
0.00118046
0.00123307
0.00115286
0.000916889
0.00109559
0.00134476
0.000718055
0.000956275
0.000666201
0.000681048
0.00148037
0.0010845
0.000996065
0.000955152
0.0318487
0.000502139
0.000752885
0.00108263
0.000882717
0.000606849
0.000406407
0.00176729
0.000691012
0.000656614
0.00362004
0.000371471
0.000858286
0.000867321
0.000612643
0.00109811
0.000790961
0.000594494
0.000923405
0.000542245
0.000797757
0.000965
0.00279075
0.00133807
0.00131078
0.000746272
0.000965323
0.000264408
0.000199829
0.000696143
0.000954227
0.000437227
0.00111695
0.000913752
0.00175911
0.000785013
0.000725946
0.00103418
0.0024481
0.000642032
0.00152518
0.000577726
0.00134505
0.000347706
0.000688711
0.000551699
0.000424423
0.00031981
0.0021047
0.00107426
0.000667601
0.0006673
0.000630634
0.000625422
0.000713242
0.00187416
0.00076013
0.000784064
0.00155782
0.000798788
0.00137205
0.000590019
0.000405236
0.00150849
0.000571776
0.0031304
0.000555071
0.00103561
0.000642354
0.00150882
0.000508064
0.000431398
0.000538944
0.000281108
0.000920737
0.00118619
0.00107808
0.000829587
0.00131634
0.000550847
0.000969059
0.0011363
0.00053321
0.000955466
0.00107835
0.000728233
0.000863074
0.00258961
0.000996756
0.00112551
0.000712287
0.00076756
0.000753013
0.000812072
0.00113819
0.000780098
0.00110834
0.00198447
0.000913051
0.000875325
0.00306181
0.000509999
0.000771586
0.000641839
0.000849262
0.000226455
0.000778297
0.000455203
0.00158599
0.000962951
0.00126867
0.000430711
0.000951756
0.000716898
0.00192336
0.00112464
0.00140491
0.000796103
0.000850771
0.000718948
0.000392365
0.00148725
0.00935251
0.000485046
0.000423323
0.00214058
0.00102052
0.00150281
0.000249395
0.000368295
0.000345161
0.00142324
0.00111964
0.000641601
0.000597296
0.00132302
0.000549012
0.000577919
0.000788155
0.00421445
0.000392101
0.0009855
0.000736845
0.00108139
0.00164836
0.00110223
0.00142116
0.000807803
0.000830684
0.000770341
0.000805569
0.00308109
0.000900857
0.000549944
0.000459989
0.00100249
0.00142758
0.000667419
0.00053076
0.00108134
0.00164216
0.000719584
0.00105737
0.0066828
0.000466744
0.000735052
0.000528412
0.000973029
0.00119447
0.00137392
0.00110705
0.00105589
0.000802425
0.000615758
0.000663986
0.00061936
0.000968944
0.000523645
0.00087994
0.000241988
0.00113989
0.00155613
0.000648764
0.00153495
0.00115767
0.0038906
0.00150231
0.000601022
0.00112569
0.000801365
0.000996459
0.000601748
0.00107024
0.000763424
0.00138703
0.000800742
0.000330916
0.00144286
0.00217462
0.000772281
0.000238206
0.00058526
0.0016697
0.000581623
0.000754036
0.000892141
0.000470413
0.000860158
0.000599423
0.00120251
0.000199357
0.000473358
0.00539735
0.000512978
0.000558918
0.000337085
0.000537997
0.000331572
0.00285901
0.00109164
0.000659857
0.000895007
0.00131651
0.000441498
0.00140919
0.00129672
0.000225301
0.00132239
0.00189422
0.000366663
0.000760949
0.000956539
0.0019304
0.000498337
0.00104614
0.00163654
0.000403304
0.00229455
0.00196856
0.00195121
0.000541107
0.00115626
0.00030741
0.000681222
0.000616973
0.000598722
0.00074832
0.000858662
0.000521839
0.000637021
0.000658143
0.000237402
0.00116986
0.000822028
0.00173664
0.000850392
0.00133182
0.000711893
0.00159069
0.000741144
0.0572451
0.000974022
0.000512584
0.00150911
0.00110102
0.00136306
0.000661905
0.000758802
0.00183963
0.00089635
0.000439752
0.000528474
0.00148942
0.00141165
0.00180068
0.00101986
0.000380153
0.000581033
0.00108554
0.0018744
0.000803427
0.00145143
0.00151171
0.000245398
0.000848253
0.000559322
0.000430107
0.000500703
0.00102018
0.00124522
0.00115661
0.000558043
0.00117395
0.000992278
0.000520491
0.00498939
0.000774763
0.000473328
0.000856258
0.000744595
0.0006013
0.00135337
0.000919384
0.000508241
0.000334161
0.000685836
0.000718951
0.00100961
0.000729004
0.00158779
0.000445916
0.000723465
0.00116796
0.000605568
0.000221847
0.00209877
0.00102854
0.00102668
0.00152849
0.000444849
0.00138701
0.00091741
0.000551489
0.000590401
0.000694057
0.000638738
0.000647715
0.00167778
0.000137358
0.000799543
0.000877667
0.00259645
0.000708762
0.000831545
0.00125591
0.00111597
0.000601335
0.000626907
0.000846803
0.00118718
0.00134361
0.000605419
0.000459271
0.00114173
0.000841726
0.000911857
0.00121152
0.00108254
0.000819414
0.00055255
0.001034
0.000402392
0.00105237
0.00243357
0.00117228
0.000745197
0.000547282
0.000825683
0.00112216
0.00138646
0.000685413
0.000533334
0.000663782
0.000611495
0.000322965
0.00108906
0.00188056
0.00208783
0.000460042
0.000432906
0.00124686
0.00119572
0.0011606
0.000847601
0.000792804
0.00107222
0.00578796
0.0010648
0.000487125
0.00150235
0.00050979
0.000716219
0.0013841
0.00053247
0.00215086
0.000834028
0.00521393
0.000672188
0.000812566
0.00131145
0.0004331
0.000953701
0.00117617
0.000487346
0.000653871
0.000510366
0.00162571
0.00027837
0.000534094
0.000644478
0.000937929
0.000523192
0.000812674
0.000890455
0.00122592
0.000602325
0.00231052
0.00198596
0.00227353
0.000951347
0.00100336
0.000852862
0.000624503
0.00541817
0.000924839
0.00372807
0.00122171
0.00186856
0.000328367
0.00175535
0.000719678
0.000465943
0.00089678
0.00294149
0.0011792
0.00115559
0.00111289
0.00138888
0.00170234
0.000864408
0.000219289
0.000843809
0.000794449
0.00115335
0.00077433
0.000563481
0.000901463
0.00133489
0.000769101
0.000435676
0.000561403
0.00140201
0.00102242
0.000697915
0.000415976
0.00122072
0.00109213
0.000611276
0.00101886
0.00387656
0.000222587
0.00058034
0.000507324
0.000777347
0.00120206
0.00141458
0.00058994
0.00106609
0.00108594
0.00115618
0.000564509
0.000408193
0.000556247
0.00228942
0.000341674
0.00108266
0.000777491
0.000900869
0.00122889
0.00130093
0.00096464
0.00206108
0.00114069
0.00100834
0.000721138
0.000835454
0.000431911
0.000715842
0.000669222
0.0014257
0.00191518
0.00122682
0.00202044
0.000755139
0.000789527
0.00132807
0.00151584
0.0118365
0.00178716
0.000717898
0.000374065
0.000680087
0.00142454
0.000517369
0.000464281
0.00059318
0.000451687
0.00224457
0.000738854
0.00103144
0.000425951
0.000572552
0.000492586
0.000676748
0.000760695
0.000788614
0.000725903
0.000944412
0.000731452
0.000539997
0.00124625
0.00139359
0.00161934
0.00139824
0.000958267
0.0012503
0.00093579
0.00109852
0.00106201
0.000712801
0.000423006
0.000684553
0.000290549
0.000370938
0.000919193
0.00122781
0.00223852
0.00175859
0.000613132
0.00101548
0.000763467
0.000439114
0.00170823
0.000596719
0.00205633
0.000494406
0.000470727
0.0003993
0.00116545
0.000737582
0.000922478
0.000641243
0.00148925
0.00110549
0.000991352
0.00287811
0.00076165
0.00102684
0.0100585
0.000821097
0.00122352
0.00116005
0.00069911
0.00147583
0.000609582
0.00191852
0.00102984
0.000687309
0.000903722
