0.000160756
0.000359777
7.67964e-05
0.000436844
0.000126205
0.000135805
0.000247777
0.000105747
0.000129758
0.000338577
0.000428502
0.000179918
0.000131728
0.000279358
6.02532e-05
0.000171797
7.41803e-05
0.000356344
4.24458e-05
9.30222e-05
6.28565e-05
1.89291e-05
0.000171087
9.64847e-05
0.00012095
5.83137e-05
8.80737e-05
7.5293e-05
0.000378335
0.000237015
0.000227762
0.000251984
0.000174018
7.92719e-05
0.00012581
0.000178341
7.85422e-05
0.00116886
0.0001726
0.000118726
0.000140024
0.000184123
0.000310262
0.000137016
0.000148231
0.000176701
5.50614e-05
0.00030006
0.00205116
0.000256296
0.000145043
8.17271e-05
0.000273484
0.00024335
0.00107569
0.000152597
0.00040362
3.3975e-05
6.46201e-05
7.56279e-05
7.36668e-05
0.000267125
0.000276886
5.87347e-05
3.10482e-05
0.000289358
9.45135e-05
0.00209509
0.000189529
4.76502e-05
0.000246016
0.000141933
8.95976e-05
0.000181189
0
0.000138323
0.000225851
9.76556e-05
0.000103148
0.000267041
7.06388e-05
2.78119e-05
9.46205e-05
0.000230289
4.43392e-05
9.92966e-05
0.000309029
9.35343e-05
1.91031e-05
9.14341e-05
7.83495e-05
0.0002234
0.000163766
0.000244602
8.29016e-05
8.72e-05
8.84876e-05
8.36988e-05
0.000109638
0.000161171
0.000206804
8.80319e-05
0.000138137
1.30663e-05
6.77924e-05
0.00111268
0.000165849
0.00021533
0.000304959
0.000165743
0.000346098
0.000172571
0.000101422
0.000130461
0.000202866
0.000162161
0.000639359
0.000284579
1.02602e-05
0.00026024
0.000105089
0.000199567
0.000275417
0.000149355
0.000120854
0.00131894
0.000194178
0.000107834
0.000118545
0.000295151
1.59361e-05
0.000135756
0.000217269
2.60431e-05
8.48898e-05
4.67172e-05
0.000279649
0.000162278
3.80114e-05
0.000119267
7.91086e-05
0.000207567
0.000177838
4.89919e-05
0.000271102
0.000323895
8.80891e-05
0.000185952
9.51223e-05
0.000190757
9.09023e-05
0.000126296
0.000297685
0.000200416
3.45347e-05
0.000124996
0.000162079
0.00028159
0.000320201
0.000253776
2.02332e-05
8.46777e-05
0.000193264
0.00145449
0.000233094
5.19079e-05
0.000172566
0.000121768
8.46749e-05
0.000519192
0.000105534
0.000167926
0.000177566
0.00016602
0.000150346
2.44216e-05
0.000180761
8.33122e-05
0.000664079
0.000333233
0.000219031
0.000161331
0.000598035
0.000164287
0.000547638
0.000316586
0.000121069
0.000274383
0.00012397
0.000144905
0.000127202
0.000151842
5.15298e-05
5.86255e-05
0.000182525
0.000119281
0.000156309
0.000168172
0.000174989
9.05643e-05
0.000128751
0.000283065
0.00010523
0.000238225
0.000121397
0.00029965
0.000105743
0.000228791
0.000181164
2.32228e-05
0.000110437
5.73778e-05
0.000206561
3.23344e-05
0.000207998
0.000728389
3.17726e-05
0.000524181
0.000162937
7.40268e-05
0.000154859
9.28589e-05
0.00027323
1.16335e-05
0.000133823
0.00033141
0.000295159
0.000137017
0.000438587
0.000171213
0.00020577
0.000567087
7.59526e-05
0.000349814
8.5277e-05
0.000106241
2.82872e-05
0.00159893
0.000125003
0.0196512
9.64904e-05
3.83502e-05
0.000271302
0.00022474
0.000171372
0.000169603
6.96611e-05
0.000112841
6.38306e-05
2.51031e-05
0.00097946
0.000135326
0.000146059
0.000286774
5.57249e-05
0.000166569
0.00020336
0.000417381
0.000283641
0.000143268
0.000205921
0.000197341
0.000225156
7.73247e-05
0.000737375
0.000163303
8.77573e-05
0.000230284
0.000198535
0.000215006
0.000101267
0.000297756
0.000139469
0.000101496
0.000277262
0.000127245
0.000468911
9.03399e-05
3.53009e-05
0.000219335
0.00017896
0.000362548
0.000223148
0.00018244
0.000154575
0.00115071
0.000426706
0.000118908
0.000202805
0.000246534
0.000176588
0.000260181
7.85158e-05
0.000129652
2.7136e-05
0.000308883
0.000370289
0.000318074
0.000133358
0.000147721
0.000439806
0.000934109
0.000242025
0.000111901
6.68251e-06
0.000241487
4.39307e-05
0.00020669
0.000364475
0.00019964
0.000132492
7.80283e-05
0.000103938
8.87389e-05
7.98035e-05
0.000284174
0.000117907
0.000166053
0.000153542
0.000109648
4.73386e-05
0.000308727
4.67459e-05
0.000115016
0.00041436
0.000196829
1.04783e-05
4.57513e-05
0.000184667
6.63922e-05
0.000223278
0.000176114
0.000340394
0.000118644
0.00256809
0.000324269
4.30841e-05
8.97711e-05
0.000377733
0.000129046
9.67393e-05
0.00117384
0.000157683
0.000138953
0.000207294
0.000398333
0.000111152
4.84355e-05
7.76171e-05
3.89158e-05
0.000424973
5.26323e-05
0.000435753
3.32552e-05
3.23499e-05
7.06897e-05
4.27586e-05
0.00014209
0.000449587
0.000294781
2.56865e-05
0.000475112
0.000194612
0.000146018
0.000105842
0.000116949
0.0002312
9.65779e-05
0.000645395
0.000130954
0.000269805
0.000180415
0.000227129
0.00170013
0.000104445
0.000264641
8.20008e-05
0.000510327
0.000208935
0.000268616
0.000447458
0.000140526
8.23195e-05
3.48036e-05
7.60605e-05
0.000156968
2.53545e-05
0.000318253
0.000287932
0.00051762
5.84091e-06
0.000117696
0.000167908
0.000186505
0.000478424
0.000155696
0.000202396
0.000122411
0.0044873
0.0001832
4.22119e-05
0.000194079
0.000169352
0.000141398
0.000253049
7.22555e-05
0.000297905
0.00121751
0.000188698
0.000171164
0.000702306
0.000461571
0.000419698
2.99912e-05
0.000238801
0.000245992
6.36639e-05
0.000108824
0.000145151
5.81967e-05
0.000188439
0.000251446
0.000230141
0.000138207
0.000247755
0.000400063
0.000264655
0.000184751
0.00014211
0.00133017
0.000188707
0.000104255
1.44683e-05
0.000192919
9.45468e-05
0.00127732
0.000271129
0.000872231
3.75152e-05
0.00013703
0.000158779
0.00014543
0.000204644
0.000116884
0.000201699
0.00051526
0.000108542
0.000134322
0.000277549
4.88679e-05
6.90699e-05
0.00026898
0.000293341
0.000598837
0.000174989
0.000196439
0.000104774
2.45327e-05
0.000226245
0.00037327
0.000177692
0.000121049
0.000131643
8.09185e-05
0.000319757
0.000188446
7.90468e-05
4.73998e-05
0.000179143
0.000168377
0.000248731
0.000125508
0.000179059
0.000194938
0.000108345
0.000180994
0.000194544
2.4371e-05
4.0219e-05
0.000369686
0.000105923
0.000185778
0.000160119
6.07599e-05
8.62233e-05
0.000198135
0.000101792
0.000142922
0.000202782
0.000153359
0.00013412
0.00118849
0.00021849
0.000105201
7.38897e-05
0.000141851
0.000224203
8.95398e-05
0.00011622
0.000185486
0.00032831
0.000347813
9.24909e-05
9.51767e-05
0.000108033
9.21838e-05
4.45896e-05
0.000154777
0.000307844
0.000204328
0.000146536
9.91917e-05
0.000213155
3.05692e-05
0.000872332
4.09154e-05
0.000214816
9.91489e-05
0.00014307
2.34547e-05
0.000103883
0.000223553
9.48685e-05
6.27339e-05
2.31684e-05
0.000178507
0.00212014
0.000116259
0.000161311
0.00121921
0.000228652
0.000129899
0.000226911
0.000117968
0.000237438
0.000132555
7.53253e-05
0.000323057
0.00162857
0.000129225
0.000145265
0.000202855
0.000224893
0.00023639
0.00023474
0.00558753
0.000259177
9.68926e-05
0.000132774
0.000230168
0.000448937
4.79199e-05
0.000299012
9.79442e-05
0.000118713
0.000216051
0.00011334
0.000806015
0.000126476
0.000150997
0.000110075
0.000302645
0.00576714
0.000224624
5.6804e-05
0.000133658
0.000250138
0.00020654
0.000217436
8.16703e-05
9.5733e-05
8.7181e-05
9.8956e-06
0.000125219
0.000300769
7.58384e-05
0.000108291
0.000188037
3.53088e-05
0
0.000145315
0.000256768
0.000278952
0.000193656
0.000318765
7.01368e-05
0.00106334
0.000401865
0.000162033
4.33162e-05
0.000684103
7.47864e-05
0.000154953
0.000244688
0.000125774
0.000285428
0.000120778
0.000113527
5.24546e-05
0.000179614
0.000217279
0.00052169
0.000418631
0.000379206
0.000240602
1.53159e-05
0.000166721
0.000998765
0.000140372
0.00016732
0.00014669
0.000100382
0.00350043
0.000212969
0.000751168
3.43525e-05
0.0001639
0.000497006
2.45659e-05
0.00021662
9.47224e-05
2.41781e-05
0.000236469
0.000142975
2.37193e-05
0.00024563
7.62678e-05
0.000172659
0.000348282
0.00063317
7.83905e-05
9.8856e-05
0.000207452
0.000146311
8.92988e-05
0.000125235
0.000319071
0.000370457
0.000239312
0.000309131
0.000147486
0.000215115
7.68031e-05
0.000158579
0.000168433
0.00022678
0.000327101
0.000122606
0.000224003
0.000207919
8.7208e-05
0.000618176
0.000274477
0.000243331
0.000218408
0.000400975
0.000403214
0.000158439
0.00236772
8.04151e-05
0.00020072
0.000255821
0.000124257
0.000137463
0
0.000153664
0.000143808
0.00111973
0.00149505
0.0014182
0.000113105
0.000532811
0.000425431
7.46342e-05
4.35695e-05
2.5612e-05
0.000638069
0.0002362
0.00013036
0.000129976
0.000428602
9.58283e-05
0.000407747
0.000150904
0.000122426
0.000104971
0.00011181
0.000236711
0.000109175
0.0008426
2.09193e-05
3.88514e-05
0.000326769
0.000221074
3.59823e-05
0.0005381
9.78431e-05
0.000487732
0.000203056
0.000124248
0.000252037
5.36643e-05
0.000252573
0.000390368
0.000305172
4.89542e-05
0.000165427
5.3191e-05
0.000328182
0.000269366
2.7335e-05
0.000139968
0.000369659
0.000271281
0.000188992
3.39552e-05
8.86402e-05
0.000369891
0.000181844
0.000241972
0.00108746
0.00014688
0.000529179
0.000213148
0.000174211
0.000172924
0.000104179
0.000449386
0.000835831
0.000106594
0.00104733
0.00012731
0.00010549
5.06501e-05
0.000227381
5.92558e-05
0.000223228
0.000662419
0.000210108
5.44783e-05
4.60577e-05
0.000187707
9.21528e-05
0.000135374
0.000269109
0.000527269
0.000468245
0.00016496
9.02614e-05
0.000340596
0.000148507
0.000513389
0.000497882
0.000334664
0.000352294
0.000119094
0.0013693
0.000189609
0.00010909
0.000127251
0.000269785
0.000131628
0.000101875
0.000160507
9.89048e-05
0.000122592
6.21384e-05
7.5286e-05
0.000441089
0.000113528
0.000359952
0.000214702
1.53095e-05
2.90122e-05
6.11719e-05
6.36852e-05
0.00024538
4.48278e-05
0.000182163
0.000287715
0.000142749
5.52081e-05
0.000195111
0.000101057
0.000296063
0.000265378
0.000108029
0.00178028
0.00018517
0.000221352
6.88848e-05
0.000128844
0.000121789
6.69363e-05
0.000220999
9.52042e-05
0.000197902
0.000195543
8.6981e-05
0.00019183
0.000303527
0.000294191
0.000159378
0.000121232
0.000233024
0.000262241
0.000393308
0.000121085
8.11913e-05
4.07171e-05
5.35122e-05
0.000256788
0.000375904
0.000207741
0.000103659
0.00021787
0.000322996
7.24291e-05
0.000421727
0.000467754
5.7461e-05
0.000222673
0.000100398
0.000113557
0.000343909
0.000102204
0.000166812
0.000167715
0.000120504
0.00011334
0.000139619
0.000347394
0.000143679
0.000187332
9.836e-05
0.000248513
0.000105508
0.000153433
4.19945e-05
0.000110885
0.000133186
0.000355361
0.000991516
0.000106923
0.000130767
8.33352e-05
0.000188653
0.000363336
0.00030192
7.0822e-05
4.56094e-05
5.3144e-05
0.00023265
0.00020742
0.000135249
2.71561e-05
0.000682748
0.000239841
0.000256004
0.000161264
0.000145158
0.000103491
5.90677e-05
0.000216094
0.000320835
0.000669051
0.00266773
0.000305447
0.000600088
0.000162845
6.80891e-05
0.000436128
3.39091e-05
0.000128346
0.00041845
9.10213e-05
9.94305e-05
0.00262836
0.000278339
9.40117e-05
0.000147706
0.000168329
0.000102021
2.16112e-05
8.02277e-05
0.000151796
0.000629456
0.000144405
0.000190349
0.000236379
0.000247767
0.000210586
0.000110579
0.000138991
0.000108
9.402e-05
0.000145986
0.000218982
0.0008256
8.27224e-05
9.6446e-05
9.21425e-05
0.000427166
6.22508e-05
0.000319335
3.78095e-05
7.84711e-05
0.00012777
0.000165429
0.000179157
0.000156685
6.39882e-05
0.000107567
0.000160458
0.00135262
8.28174e-05
0.000413098
3.27714e-05
8.26533e-05
0.000295375
7.6132e-05
0.0007726
0.000126105
0.000161527
0.000309005
0.000111731
5.8342e-05
0.000216783
0.000202558
0.0054407
0.000311167
8.5392e-05
0.000117441
8.00656e-05
0.000172302
0.000165995
0.000364616
1.80295e-05
7.11568e-05
0.000289232
0.000196867
0.000298877
2.83782e-05
4.05355e-05
0.000144397
9.8672e-06
0.000125954
4.65447e-05
0.000492293
1.65308e-05
0.000465966
6.61918e-05
0.00027587
0.000238677
0.000161005
0.00015209
0.000242632
9.80925e-05
9.14423e-05
0.00460275
0.000547963
0.000357267
0.000250693
0.000140174
0.000288031
0.000103369
4.75014e-05
0.000276373
0.000224617
0.000161092
0.000365918
0.000176006
7.99674e-05
5.62572e-05
0.000190402
0.000258372
0.000747215
0.000167061
0.000233725
0.000655732
0.0002141
0.000512854
0.000194512
0.000102089
0.000225687
4.42074e-05
0.000147254
0.000331833
0.00285567
0.000119664
0.000131533
6.63222e-05
0.00029577
0.000217865
0.000125668
0.000243494
3.4159e-05
0.000400342
8.20087e-05
0.000176337
0.000159548
0.000137099
0.000214917
0.000185452
0.000254248
7.48095e-05
0.000202226
0.000169171
0.000147809
3.27372e-05
0.000428335
0.000127834
0.000189309
0.000134856
0.000135096
0.000185499
7.10463e-05
0.000119801
2.52163e-05
0.000911086
0.000330682
8.09675e-05
0.000224182
0.000357197
0.000448435
0.0007451
0.000177719
0.000156026
2.40791e-05
0.00029285
0.000101323
0.000394509
1.0632e-05
0.000214401
0.000340311
0.000164616
0.000331231
0.000172882
0.000290321
0.000116174
0.00028425
6.40489e-05
5.78419e-05
1.40404e-05
0.000250629
0.000248177
0.000242091
0.000341866
0.00223792
0.000224565
6.00591e-05
0.000317173
0.000123093
0.000597835
0.000107859
0.000102461
0.000904847
0.000124718
0.000271149
0.00028699
0.000515037
7.25286e-05
0.00133918
0.000357868
0.000713782
2.74122e-05
7.09791e-05
0.000210938
0.000507766
0.000235075
7.35074e-05
9.65995e-05
0.000120237
0.000160507
0.00012336
0.000358948
0.000136512
4.63518e-05
0.000203036
3.47903e-05
0.000109767
6.84776e-05
0.000175255
0.000357666
0.000146824
4.8837e-05
2.58336e-05
4.16645e-05
6.62238e-05
0.000155743
0.000276058
2.05007e-05
0
0.00026253
0.00045681
0.000191446
0.000161526
0.000213391
0.00015695
3.36222e-05
0.000168631
6.30675e-05
0.000397826
0.000175295
0.000134399
0.00011046
0.000233282
0.000125003
0.000109759
0.000326575
0.000323835
0.00107758
0.000184366
6.35455e-05
7.14505e-05
8.85635e-05
0.00179639
0.000205425
0.000243247
0.00028326
0.000105012
0.000214194
8.21916e-05
0.000287622
0.000416141
8.24858e-05
0.000175968
0.000268654
0.00017192
0.000312794
5.85593e-05
0.000174114
0.000147235
0.000137503
0.000510654
0.00674683
0.000214041
9.02098e-05
0.000112376
0.000253537
0.000219141
0.00125644
0.000196354
0.0033525
0.000192608
0.00148891
5.91619e-05
0.000179897
0.000191955
2.42483e-05
0.000280583
0.0002462
5.0942e-05
0.000283392
9.77162e-05
0.000123066
0.000404643
6.63689e-05
0.000105751
0.000228163
0.000175099
9.82297e-05
0.000229869
0.000210776
0.000948244
0.000380565
0.000382429
1.0557e-05
0.00023292
0.000198856
0.000226058
0.000160856
0.000290021
0.000123784
1.10621e-05
0.000169156
0.000191095
0.000111683
9.88233e-05
0.00034383
0.00015714
0.000185929
0.000213804
0.000326581
0.000255247
9.34139e-05
0.00073167
0.000132057
0.000219276
6.46671e-05
0.00017351
9.9888e-05
0.000129573
2.74482e-05
0.000180214
0.000136128
6.14428e-05
0.00015058
0.000151854
7.71897e-05
0.000122542
0.000169528
3.56159e-05
0.000169857
0.000154472
0.000116354
0.000169924
7.93213e-05
0.000112166
0.000296124
0.000227378
0.000117248
0.00014936
0.000110463
0.000146931
0.000260932
9.25335e-05
0.000115893
0.0001601
0.000416825
0.000158519
0.000143168
0.000129005
0.000241181
0.000144696
0.000225496
6.60689e-05
5.96874e-05
0.000213812
1.77521e-05
0.000187072
0.000266111
0.000340392
0.000331471
0.000233902
0.000278114
0.000233265
0.000191456
0.000116546
0.000264822
0.000174845
8.25522e-05
0.000228286
9.60022e-05
2.21233e-05
0.000218412
7.82392e-05
7.88478e-05
0.00012028
7.26284e-05
3.35066e-05
6.81809e-05
0.00032189
0.000782408
0.000111385
0.000354949
0.000611262
7.79063e-06
9.30914e-05
0.000234024
9.39774e-05
0.000387029
0.000238487
7.69461e-05
0.000563522
0.000170922
0.000561689
0.000110726
0.000148392
9.31923e-05
0.000339423
0.00100158
1.7764e-05
8.31163e-05
8.10198e-05
0.00011631
0.000116226
0.000105165
1.18983e-05
0.000144725
5.58168e-05
0.000100877
0.000415591
0.000309425
0.000181718
8.4903e-05
0.00023215
0.000202969
0.000234509
0.00016532
0.000141568
0.000591477
6.09066e-05
0.000123183
0.000180201
0.000108757
0.000402805
0.00195914
0.000170213
0.000160387
4.24124e-05
0.000116381
0.000139858
0.000283548
0.000342229
0.000415738
0.000196475
0.000162798
2.45543e-05
0.0002794
0.000146175
0.000136072
0.000284882
7.09727e-05
0.000460868
6.6953e-05
0.000282665
0.000181168
0.000235835
3.74698e-05
8.80615e-05
6.73392e-05
3.63635e-05
5.97489e-05
0.000128975
0.00239532
1.02986e-05
0.000178845
0.000313842
0.000288802
8.27588e-05
0.000193706
0.000203257
6.8424e-05
7.95088e-05
0.000102205
0.00014919
0.000125304
0.000165898
0.000176644
9.98794e-05
9.58412e-05
0.000118286
0.000132976
0.000117324
0.000109994
8.16733e-05
0.000569087
0.000128162
0.000208817
0.000107968
0.000143953
3.13981e-05
0.000142817
0.000196078
0.00026697
0.000145057
8.48239e-05
0.000173865
0.000138804
7.26582e-05
0.000474442
0.000302718
0.00013988
0.000413126
0.000106596
0.000217173
9.20559e-05
0.000265
0.000217823
0.000129217
0.000520669
0.000106931
0.000125892
0.000243437
0.000106037
0.000134973
6.42195e-05
0.000127371
0.00011166
0.00012402
0.000124009
0.000142264
0.000487786
0.000102183
0.000335215
7.04595e-05
0.00011685
7.62487e-05
2.69579e-05
0.0014904
0.00032159
8.07494e-05
0.000108009
6.63041e-05
0.000174932
0.000285347
0.000268847
0.000138658
5.43865e-05
5.68949e-05
0.000236183
0.000145905
0.000225649
0.000302948
0.000179339
7.29781e-05
0.000520704
0.000123424
0.000107575
0.000171015
0.000359955
8.11252e-05
0.000141569
0.000158076
0.000182454
5.79661e-05
0.000306452
0.000211254
0.000118048
6.32995e-05
0.000160657
4.918e-05
4.89344e-05
0.000217182
0.000158501
0.000153145
0.000115757
0.000283742
0.000212532
6.9501e-05
0.00102249
0.000107518
4.66566e-05
0.000157008
0.000295851
6.85177e-05
0.000389474
0.000122243
0.000135022
0.000129653
0.000182407
8.72158e-05
0.000110157
0.000240767
8.80982e-05
0.000138606
0.00020396
0.00013125
0.000174107
0.000181094
0.000130309
6.37896e-05
6.75456e-05
0.000122205
2.40201e-05
0.000152715
0.000232338
0.000266613
0.000331367
0.000284281
0.000171637
0.000555751
0.000109708
0.000106804
6.25888e-05
6.66678e-05
0.000104849
0.000271025
0.000433893
0.000115139
0.000142722
6.88335e-05
0.00013479
2.82829e-05
8.50086e-05
0.000156438
6.80163e-05
0.000546937
0.00013128
0.000222429
0.000302244
0.000811173
0.000210646
0.000170158
0.000261063
7.2361e-05
3.85034e-05
0.000381165
0.000204309
0.000390239
0.000945302
0.000890662
0.000281985
0.000239078
0.000203024
0.000217944
0.000108852
0.000168399
0.00478035
0.00015689
8.19703e-05
0.000188401
0.000134777
0.000240949
9.14925e-05
0.000127049
0.00090196
0.000295518
0.00020637
0.000219401
0.00010793
0.00039811
0.000218882
0.000213489
9.07036e-05
8.72233e-05
0.000182991
0.000128152
1.92784e-05
0.000174506
0.00028453
0.000263571
0.000191959
0.000378782
0.000107075
0.000174001
0.000272522
0.000178464
0.000195952
0.000150433
2.79549e-05
0.00016539
4.40431e-05
0.00107075
7.11615e-05
7.12422e-05
0.000139884
7.53225e-05
8.06673e-05
0.000269266
0.000250932
0.000112135
0.000157235
3.09567e-05
0.00015126
0.000275162
0.00156518
0
0.000359921
0.000219122
0.000156395
0.0001662
0.000185634
0.000343958
0.000224028
0.000125552
0.00011441
0.000469781
0.000385849
0.000186879
0.000111973
0.000301878
0.000373885
7.55977e-05
0.000108373
0.000192377
0.000204784
0.000133974
0.000631389
0.00031097
7.63961e-05
0.000243562
0.000239982
0.000110391
8.08103e-05
0.000121818
1.10454e-05
0.00035504
9.33696e-05
9.56383e-05
0.000149031
0.000342464
0.0002301
0.00010832
0.000221592
3.795e-05
5.91693e-05
0.000103053
6.34929e-05
0.000131016
1.01018e-05
0.000198881
0.000109346
9.14418e-05
0.000281147
0.000297148
0.00203224
5.47056e-05
0.000300762
2.94049e-05
9.351e-05
0.000876611
0.00012622
0.000443663
0.000573544
0.00016861
0
0.000143467
6.34625e-05
6.43912e-05
8.63532e-06
0.000153732
0.000201099
0.000196491
1.27895e-05
0.000170854
0.000204989
0.000116386
0.000162874
8.20661e-05
5.10525e-05
0.000128469
0.000308745
9.97851e-05
0.000166218
0.000236563
0.000503784
2.72191e-05
0.000278376
8.14432e-05
0.000348987
4.03528e-05
0.000134375
0.000231441
0.000216227
4.06619e-05
0
7.78783e-05
0.00053899
0.000167078
6.76478e-05
0.000106461
6.90397e-05
0.000112428
0.000481023
0.00046574
0.000203468
0.00019799
0.000125346
0.000258216
0.000313059
0.000419337
0.000306975
0.000104876
0.00013207
0.000212169
0.000133437
0.00021452
0.000126439
0.000285784
0.00015462
0.000108822
0.000176702
1.66616e-05
0.000133287
8.68988e-05
0.000179982
0.000263873
0.000106413
0.00017346
0.000135372
0.000176099
0.000130302
0.000284919
1.32855e-05
5.55958e-05
0.000103134
0.000276842
0.000644014
0.000152594
8.12472e-05
0.000154233
0.000146486
0.000721073
0.000141284
0.00017432
0.000786395
6.71e-05
0.000118674
0.000167889
0.000122582
0.00034827
3.97366e-05
4.73868e-05
0.000840334
0.000199122
0.000523842
0.000655976
0.00039401
0.000464657
0.0150652
6.07229e-05
8.30583e-05
0.000121131
0.000589159
1.32864e-05
0.000160506
0.000227951
0.000100892
0.000209184
0.000339616
6.26579e-05
7.63329e-05
0.000477553
0.000124499
0.000297372
0.000158081
8.8384e-05
4.57708e-05
0.000193729
0.000486927
0
2.09854e-05
0.000180674
3.75297e-05
0.000113481
0.000372888
0.000231693
3.61215e-05
0.000162499
0.000147909
0.000143649
0.00016859
0.000145119
0.000705953
7.73441e-05
0.00010612
0.00046886
0.000209492
5.13599e-05
0.000209246
0.000497787
0.000131555
0.00012455
0.000596384
0.000140281
8.42671e-05
0.000117495
4.48027e-05
0.000153787
0.000753363
2.73425e-05
0.000194327
0.000106415
0.000162004
0.000106639
0.000249542
0.000238579
0.000251671
0.00025074
0.000414503
0.00058894
9.23528e-05
8.56596e-05
0.00167044
9.53829e-05
0.00019681
1.51761e-05
0.000200754
8.14671e-05
0.000217216
0.000210984
5.10481e-05
0.00010734
0.000103515
0.000105937
0.000254056
4.86857e-05
0.000154892
0.000151472
0.000407745
4.50406e-05
0.000327771
8.10308e-05
0.00011721
0.000229319
0.000252822
0.000209427
0.00056114
0.000119123
0.000265037
0.00104582
0.000374474
0.00019142
0.000317517
0.000501426
3.61323e-05
0.000215163
0.0001265
0.000217621
0.00020784
0.000193554
0.000594993
0.000146733
7.59934e-05
5.89874e-05
4.86793e-05
0.000197174
0.00319697
6.44753e-05
0.000124287
0.000212679
9.6264e-05
2.57726e-05
0.000228663
0.000613959
0.000166391
0.000238578
0.000303072
0.000145656
0.000254574
0.000110574
0.000111832
8.28245e-05
0.000369471
0.00157352
0.00030756
0.000113967
0.000735891
0.000346927
0.000329337
0.000105706
0.000193808
0.000717363
0.000188236
0.000140918
0.000169833
0.000272995
0.000174039
1.07106e-05
0.000303046
0.000191232
0.000195296
9.27042e-05
0.000192481
1.26891e-05
0.000804222
0.00024678
8.90644e-05
0.000550569
0.000355567
0.000128583
0.000205905
0.000199991
0.000155193
1.18143e-05
0.000165916
0.000135248
4.70176e-05
0.000291189
0.000330226
7.35487e-05
0.000191437
0.000120057
0.000227358
0.000572365
0.000221373
0.000112752
8.65573e-05
0.000258464
0.000174
1.26568e-05
0.000127915
8.95128e-05
0.000112261
0.000195419
1.26706e-05
0.00023107
0.000379336
8.03255e-05
7.62557e-05
0.000385547
0.000350708
0.000286219
0.000121878
0.000339382
0.000298376
0.000687251
0.000195441
0.000523953
0.000146642
0.000137526
0.000151506
0.00185589
0.00027985
2.89872e-05
4.12355e-05
0.000300022
0.000207753
3.43563e-05
0.000611479
6.81844e-05
0.000904703
0.00139967
0.000119501
0.000183383
0.00151247
0.000298752
0.000141811
9.37216e-05
3.0067e-05
0.000119576
9.65941e-05
8.03642e-05
0.000152903
7.78133e-05
0.000621261
5.9025e-05
0.000124429
0.000167414
0.000382342
0.000143123
8.11763e-05
0.000119994
6.79536e-05
0.000210729
0.00144296
0.000152156
1.75762e-05
0.000191903
0.000134868
0.000178934
3.64771e-05
0.000146921
0.000202107
7.811e-05
0.00027976
0.000148204
3.55968e-05
0.000159295
0.000279693
7.43297e-05
7.16114e-05
0.00028678
0.000278586
0.000175998
0.000222393
0.000386853
0.000145875
2.44498e-05
0.000167008
8.86848e-05
8.53603e-05
0.000165518
0.000190287
0.000356662
0.000115932
0.000153656
5.58752e-05
0.000106976
0.000171851
9.19148e-05
0.000382404
0.000502203
0.00159144
0.000297045
0.000501393
0.000156314
0.000181002
0.00440757
0.000177771
0.000325643
0.000116348
0.000167254
0.000514937
6.83711e-05
0.000310139
0.000118256
0.000205295
0.000145282
0.000169835
0.000185002
9.52614e-05
0.000344196
8.45557e-05
0.00013763
0.000248891
2.47129e-05
0.000175761
9.29482e-05
7.06483e-05
3.08899e-05
0.000329347
0.000191138
0.000337085
0.000298268
0.000153613
0.000250031
0.000179852
0.000147252
7.3103e-05
4.26396e-05
0.000334739
0.000147475
0.000130852
0.000107005
0.000460132
4.34e-05
0.00045815
0.000677094
0.000147394
0.000125332
0.000120407
0.000171835
0.000295892
0.000124322
7.09215e-05
5.51183e-05
7.42101e-05
0.000430445
0.000248157
8.44216e-05
0.000940693
0.000139773
0.000645484
0.000142523
1.26402e-05
0.000377852
0.000167855
0.000112305
0.000259378
8.77972e-05
1.19676e-05
0.000207501
0.000267029
0.000274545
0.000320687
0.000186068
1.30682e-05
0.000160382
3.38771e-05
0.000151282
0.000519305
0.000118616
0.00046251
0.000225542
0.000133643
9.93834e-05
6.98517e-05
0.000100925
0.00527814
0.000118796
0.000101548
6.50937e-05
4.50111e-05
0.000132022
0.000100883
0
0.000280033
0.000223536
0.000138749
0.000256283
0.000157721
3.49804e-05
0.000108201
0.000107953
0.0004762
0.000279891
0.000181732
0.000571076
7.35146e-05
0.000165552
0.000138935
0.000394786
0.000159027
5.49633e-05
7.90192e-05
0.000185461
0.00015987
7.28393e-05
0.000229856
0.00183449
0.000300808
0.000227245
0.000419967
6.27066e-05
3.90749e-05
0.00041253
0.000229305
8.09807e-05
0.00143356
8.08556e-05
8.92251e-05
0.000143093
7.64395e-05
0.000254057
0.000557258
0.000130153
0.00059747
0.000132571
0.000220523
0.000149674
9.35568e-05
0.000218171
9.65115e-05
0.000248257
0.00012459
0.000184442
6.44576e-05
0.000177888
0.000102933
0.000207543
0.000362317
7.93816e-05
0.000298813
0.000287344
3.00274e-05
6.35712e-05
0.000147868
0.000360046
0.000561883
0.000123586
7.41852e-05
0.000791702
0.000357475
0.000422396
7.09662e-05
0.00101814
0.000100403
0.000233249
2.79228e-05
0.000101386
0.000197034
1.15683e-05
0.000108309
6.94596e-05
0.000256655
0.000170648
0.000307958
0.000108662
0.000195811
0.000162184
0.000190212
0.000268209
0.000197252
7.51024e-05
0.000349268
0.00023819
0.000598915
6.30456e-05
0.000132439
0.000490271
0.00016326
3.26508e-05
0.000169879
0.000180226
0.000183189
0.000168083
7.69466e-05
0.000159203
0.000219657
0.000189752
0.000473901
1.23481e-05
0.000480367
0.00021432
6.06521e-05
0.000144066
0.000243601
0.000142719
0.000204536
0.000113772
0.000188872
8.14488e-05
0.00171699
0.000138711
0
0.000202019
0.000483745
0.0012299
0.000318526
1.03583e-05
5.73527e-05
0.000175971
0.000284319
0.000260022
0.000189208
0.000229047
0.000391977
7.01128e-05
0.000138968
0.000308568
0.000245002
4.81737e-05
2.82025e-05
0.000177899
0.000206262
0.000416767
0.00015151
0.000218138
0.0002204
8.15977e-05
0.000304113
0.000239276
0.00016906
0.000190306
0.000100969
0.000659397
0.000242608
0.000312205
0.000104817
0.000364942
0.000380007
0.000119636
0.000118411
0.000100185
0.00018846
1.61235e-05
0.000130622
5.93584e-05
0.000284735
0.000105968
0.000611811
0.000234472
0.000126278
0.000104974
0.000432323
6.82611e-05
7.16462e-05
0.000191951
0.000214367
0.000173097
0.000288925
0.000191703
2.69342e-05
0.000227269
0.000122129
0.000192707
0.000616204
0.000327905
6.36686e-05
3.4232e-05
0.000179759
0.000150423
0.00110675
0.000217777
0.000161387
0.000108886
7.89902e-05
2.00755e-05
6.66742e-05
0.000174375
0.000144466
3.99328e-05
0.000118714
9.35946e-05
0.000203244
6.90835e-05
0.000200785
0.00010982
0.000237434
4.65074e-05
0.000185487
0.000935314
0.000383059
0.00147518
0.000179995
1.21113e-05
0.00029107
0.000193109
0.000296812
6.15926e-05
0.000342118
6.2307e-05
0.000347951
0.000123871
6.63259e-05
0.000209441
0.000104966
0.000272245
0.000254867
0.000219969
0.00016794
0.000223706
0.000160122
0.000195539
0.000405154
0.000308721
0.000229188
0
0.000121453
6.52508e-05
0.000130029
9.73582e-05
0.000616197
0.000144559
0.000127632
0.000169752
0.000353593
7.8339e-05
6.74671e-05
0.000264782
0.0001971
0.000285384
0.000178754
0.00017303
0.000153124
8.53187e-05
0.00167048
0.000102354
0.000407983
9.66957e-05
0.000491093
0.000548009
0.000120094
0.00016817
0.000124801
8.25736e-05
0.000504973
3.13868e-05
0.000594397
0.000123677
0.000118051
0.00019553
0.000190945
8.27292e-05
0.000799929
0.000121339
7.85217e-05
0.000164381
8.97729e-05
0.000315942
0.000234456
9.91444e-05
0.000386737
7.39455e-05
0.00012046
0.000143646
0.000235028
0.000203753
0.000128046
0.000134989
0.000358883
0.000232522
0.000801633
0.000281284
0.000214843
0.000112142
0.000365366
6.09466e-05
0.000519622
3.91641e-05
0.000133228
9.7771e-06
0.000198968
0.000145213
0.000306017
0.00110367
0.000118443
5.98172e-05
0.000129666
0.000125961
0.000100849
0.000163693
0.00108471
2.47979e-05
0.000250825
0.000122799
2.67601e-05
0.000142055
6.49095e-05
0.000392905
4.1422e-05
0.000319724
0.000143973
0.000271298
0.000244175
7.38521e-05
0.000206432
0.000127363
0.000547033
0.000478867
5.85744e-05
0.000358091
0.000119332
0.000265812
7.08208e-05
0.000101266
0.00012344
0.00029765
0.000102758
0.000174207
0.000593729
6.13562e-05
0.000113735
0.000184224
0.000153006
0.00010132
0.000163189
0.000614866
0.000192719
0.000241171
0.000688387
3.80494e-05
8.9911e-05
0.000214856
0.000171549
2.5277e-05
0.00017397
0.000271045
0
0.000126853
0.000557722
0.000585707
0.000194567
0.000236712
0.000134921
0.00019328
0.000120853
0.00010267
0.00026378
0.000258945
0.000271191
0.000125987
0.000305363
0.000177355
0.000130054
0.000590748
3.40538e-05
0.000128687
0.00011426
0.000174084
8.37167e-05
0.000108842
0.000327827
0.000236065
0.00102063
9.90416e-05
0.000365928
0.000222314
1.07818e-05
0.000187984
0.000100143
0.00218483
1.27734e-05
0.000145775
6.74375e-05
9.50435e-05
7.50967e-05
8.08095e-05
7.24249e-05
0.000257083
0.000244637
0.0010035
0.000248914
0.000318989
0.000256863
0.000548155
0.000121739
0.00023624
0.000158013
0.000266151
0.000115092
0.00018807
0.000150496
0.000160895
0.0001112
7.43208e-05
0.000195621
0.000244937
0.000103615
0.000101522
0.000258835
0.000315688
0.000170739
0.000131207
8.1236e-05
0.000197591
0.000179601
0.000185967
0.000179872
8.90487e-05
0.000271493
0.000327089
0.000222145
0.000112205
0.00108066
6.41449e-05
0.00015322
0.000165116
0.000178569
9.44115e-05
9.53548e-05
0.000224656
0.000152715
0.00020314
0.000277447
0.00258071
0.000117272
2.02279e-05
0.000136757
0.000149739
0.000166506
8.23784e-05
0.000221651
0.000140638
8.62085e-05
8.86153e-05
0.000273639
0.000270229
0.000236365
0.000203809
0.000117117
7.14228e-05
0.000310806
0.000266664
0.000348338
6.38251e-05
4.63401e-05
0.000163878
0.000670376
0.000636722
0.000161738
0.00227223
0.000149079
0.000247775
0.000149886
0.00063424
0.000186678
0.000109119
0.000218249
3.6855e-05
0.000172177
0.000200238
0.000718947
0.000165255
0.000321662
0.000127621
0.000251078
0.000115295
0.000482214
0.000317694
0.000290482
0.000142671
0.000157167
0.000126952
0.000315885
7.63538e-05
0.000164052
0.00015705
0.000220545
0.000287502
2.38861e-05
0.000153193
0.000265546
0.000290755
0.000127865
0.000189572
0.000155096
1.37049e-05
0.000122948
0.000183582
0.000247992
4.69029e-05
0.00018683
0.000498017
0.000251864
0.000348021
7.68702e-05
0.000141682
0.000515827
0.00019605
0.000287965
0.000108325
1.43072e-05
0.000210604
0.00223886
0.00018767
9.5531e-05
0.0510948
0.000241881
0.000203074
6.40654e-05
2.60982e-05
0.000467159
0.000732176
0.000209553
0.000163761
0.000230657
0.000102004
9.53957e-05
0.000237
0.0003563
0.000394516
0.000231587
0.000135373
7.73216e-05
0.000115434
0.000362094
0.000171511
0.00024008
0.00133858
0.000238405
0.000287916
0.000238299
0.000663767
0.000346993
0.000950047
0.000110329
0.000396873
0.000721277
0.000115559
0.000414331
0.000243675
0.000106283
0.00026998
0.000162766
0.00180025
0.000104742
0.00012455
0.000215528
0.00028387
8.80498e-05
0.000147641
5.98882e-05
0.000100791
7.64565e-05
9.54023e-05
0.000123316
2.67882e-05
8.25325e-05
3.21463e-05
0.000260942
0.000229522
0.000235886
9.55093e-05
0.000186819
0.000121404
0.000272515
0.00024945
0.000204807
0.000461543
0.000144752
9.99453e-05
8.20221e-06
0.000299168
0.000117167
6.87321e-05
0.000114152
0.00115351
9.78432e-05
0.00038858
0.000123308
0.000172893
9.09364e-05
4.63873e-05
0.000199189
0.000299187
0.000605256
0.000180018
0.000137333
0.000130971
6.29754e-05
7.26132e-05
0.000136421
0.000301537
0.00031091
0.000123954
0.000101856
0.000228348
0.000161
9.59882e-05
0.000134932
0.000717098
1.69674e-05
8.47945e-05
0.000260177
0.000163042
0.00118633
0.000366379
0.000232428
8.67632e-05
0.000151987
0.000381748
5.15021e-05
0.000325147
8.67339e-05
3.97476e-05
0.000225791
0.000158855
0.000136293
4.47854e-05
0.000100749
2.74736e-05
1.62128e-05
7.58326e-05
2.04871e-05
0.000166132
8.47932e-05
0.000114424
5.73502e-05
0.000229642
0.000125299
8.45707e-05
8.12676e-05
0.000177144
0.000142657
0.000151285
0.00010176
0.000591256
0.0002044
5.52673e-05
4.14909e-05
0.000911027
5.77144e-05
0.000175287
0.000115118
0.000254145
0.000182884
0.000167421
0.000106336
0.000201862
0.000149639
0.00201232
0.000122773
0.000201052
0.000158312
6.03688e-05
3.08172e-05
0.000109058
0.000200178
0.000296537
0.000206464
0.000136334
0.000323904
0.000267428
0.000483511
0.000221435
0.000652312
0.000169733
9.32457e-05
0.000124842
0.000208215
0.000121636
0.000151518
0.000146578
0.000745016
0.000249352
0.000152519
0.000153204
0.000320844
9.41907e-05
0.000110647
9.1325e-05
5.81156e-05
0.010507
3.13716e-05
0.000202802
0.000219314
0.000223584
0.000193715
0.000104394
0.00014936
5.08583e-05
0.000137565
4.25069e-05
0.00028111
0.000377395
0.00015261
0
6.82572e-05
0.000272936
0.000210428
6.25334e-05
0.000106912
0.000208571
0.000164999
0.000385229
0.000143238
0.000194114
0.000160296
0.000252232
0.000681682
6.75596e-05
8.92049e-05
0.000582593
4.45428e-05
0.000199101
0.00013983
0.000208551
0.000419501
0.000265623
0.0022873
0.000138307
0.000104711
0.000442741
0.000153022
0.000169304
0.000537599
0.000422156
0.000165
0.000127549
0.000476417
0.000148051
0.000499327
0.000778704
0.000175112
0.000181906
0.000443714
0.00274549
0.000382412
0.000705874
0.0119388
0.000154611
0.00111827
0.000359047
0.000127426
3.19791e-05
0.00203945
0.000129162
0.00016235
2.64675e-05
0.000261088
0.000164844
9.3326e-05
0.000603965
0.000155283
0.000217538
0.000333605
0.000174405
0.000220379
0.000177963
7.21768e-05
0.000225044
0.000602177
0.000124582
4.32107e-05
5.36687e-05
0.000450048
0.000159135
0.000300345
0.000280238
0.00141084
7.91022e-05
7.23666e-05
8.01549e-05
0.000185519
0.000168765
0.000180828
0.000234892
0.00213055
0.000106969
0.000353468
0.00116099
4.36355e-05
0.000162003
0.000292732
0.00023137
0.000178861
0.000166963
5.9511e-05
9.49657e-05
0.000484533
2.95562e-05
0.000157394
0.00023673
0.000194829
4.221e-05
0.000151601
0.000247696
0.00334478
0.000115064
0.000204383
6.43185e-05
0.000131759
0.000146992
0.000211233
0.000711978
0.000278945
0.000369561
0.000261378
0.000226343
0.000233753
5.43445e-05
0.000173823
0.000155081
0.00010822
0.000155245
3.75742e-05
5.01955e-05
3.47506e-05
0.000353726
8.54023e-05
9.5362e-05
0.000203562
0.000714627
0.000354552
0.000389461
2.17327e-05
0.000140736
0.000330622
0.000176774
8.1322e-05
0.000127047
0.000105389
0.000141521
0.000718708
0.000120369
0.00016395
0.000815261
0.00011876
0.000150165
0.000184286
0.000142238
0.000269521
0.000437161
6.59145e-05
0.000306409
5.29944e-05
0.000120231
0.000192952
8.15661e-05
0.000206367
0.000222811
4.46068e-05
0.000316323
0.000288433
9.92243e-05
0.000190155
0.000189794
0.000246236
7.54035e-05
0.000402545
0.000259513
0.000273962
0.000204087
0.000134164
0.000168162
0.000541138
8.60293e-06
0.000254183
0.000177021
0.000172568
0.000130458
0.000109939
0.000334026
0.000431674
0.000283104
0.000230335
0.000148031
0.000120449
9.41836e-05
0.000181796
0.000161494
0.000174467
0.000212544
0.000401437
9.47576e-05
0.000374506
0.000264601
0.000238543
0.000278444
0.000285584
0.000441256
7.94508e-05
8.5353e-05
8.02417e-05
0.000353428
0.000826654
0.000434723
7.82077e-05
8.29599e-05
0.000205359
0.000177506
0.000159297
0.000297151
0.000546424
0.000276637
0.000429814
0.000227451
9.07989e-05
0.000865415
0.000127419
0.000279538
0.0002672
0.000159935
0.0053558
0.000180652
0.000158363
0.00021378
0.000130112
0.000242555
0.00028249
0.000212316
9.447e-05
2.96331e-05
0.000163296
0.000204819
2.22647e-05
0.000307905
0.000180109
4.72059e-05
0.000111728
0.000206019
0.000257639
0.000192069
0.000508278
9.09421e-05
0.000267468
0.000213162
2.70481e-05
0.000144501
0.00028913
0.000202501
0.000226043
0.000355111
0.000120756
2.63384e-05
0.000150705
5.81543e-05
0.000111121
0.00267818
0.00014906
0.000125506
0.000197159
0.000202727
0.000157121
0.000157367
0.000166134
0.000214339
9.08392e-05
0.000166581
0.000122684
0.000794011
0.00012269
0.00257991
3.87423e-05
0.000205413
0.000261923
0.000282183
0.00022854
0.000194568
0.000116378
0.00362878
0.0211869
0.000119577
0.000146066
0.000134795
0.000173573
0.000346902
0.000159261
0.000228266
5.35688e-05
0.000593946
5.02813e-05
0.000135556
0.000721545
0.00017354
5.18742e-05
0.000314141
0.000212836
0.000145013
0.000812295
0.000298873
4.54455e-05
0.000179239
0.000183855
0.000169237
0.00014801
2.94331e-05
0.000109166
0.000378809
0.00017133
0.00132429
1.59156e-05
0.000150538
0.000390791
0.000162657
7.26899e-05
0.000250184
0.000102639
0.0007344
0.000353068
8.26253e-05
0.000141432
0.000123453
0.000143183
6.62012e-05
0.000354219
3.59777e-05
0.00026106
7.80295e-05
0.000156948
0.000363292
0.000213518
0.000216525
6.64079e-05
0.000363376
1.31766e-05
0.000122017
0.000189563
0.000165614
0.000150778
0.000183352
0.000114574
6.84815e-05
0.000166229
6.11302e-05
0.000172541
0.00033606
0.000257569
1.79452e-05
7.64266e-05
0.000107637
0.00015281
7.54164e-05
0.000178972
0.000204097
9.93561e-05
0.000132487
0.00013763
0.000206438
0.000663048
0.000673572
8.31776e-05
0.000158147
9.91251e-05
0.000117519
0.000260032
0.000215684
0.000211781
0.000278945
0.00158438
0.000319738
0.000102906
0.000518648
0.000301407
0.00044757
0.000106994
0.000385051
0.000332639
0.000133043
3.69598e-05
9.48059e-06
0.000401163
0.000559819
0.000220688
0.000285856
0.000733123
0.00032995
0.000131024
0.000122931
6.89677e-05
0.000272884
0.000215774
0.000138379
0.000146853
0.000228138
0.000492551
3.01158e-05
0.000223255
0.000216754
0.000441407
0.00157811
0.000223732
0.000176848
0.000255227
0.000263399
6.00596e-05
0.00032045
0.000220989
0.000451243
7.59046e-05
0.000135421
0.000192458
0.00107562
0.00110002
7.48003e-05
7.48295e-05
0.000198585
0.000197165
2.57825e-05
0.000320625
4.66911e-05
0.000196567
0.000132332
0.000230176
0.000202541
0.000130105
0.000112699
7.67656e-05
7.65033e-05
7.37739e-05
0.000245865
0.000118484
0.000216329
0.000274436
0.000836007
0.000415782
0.000226867
0.000131926
0
0.000321672
0.000232095
0.000125294
0.000109712
8.92414e-05
0.000126249
0.000386578
0.000202616
0.000225594
0.000209471
0.00012037
0.000213481
0.000135532
0.000356764
0.000264554
0.000144187
0.000382105
0.000419572
9.97155e-05
0.000365889
0.000149832
0.000108273
0.000160397
0.000133247
0.000152329
9.4851e-05
0.000119509
0.000222431
3.72051e-05
0.000165272
0.000226549
0.000162016
0.000185547
8.52763e-05
0.000155237
9.99983e-05
0.000177189
0.000185057
2.08705e-05
0.000101797
0.000288241
0.000190939
0.000202232
0.000131346
0.000372415
0.000238358
0.000276395
0.000108978
0.00014843
6.66644e-05
0.000110152
9.43982e-05
6.59169e-05
0.000227248
0.000184429
0.00295181
0.000237642
0.000194354
0.000292297
7.55499e-05
0.00021511
1.20866e-05
0.000169567
0.000231969
0.000357127
0.000118708
7.25382e-05
9.6814e-05
0.000488574
7.18709e-05
9.36887e-05
0.000308701
0.000113079
0.000254036
0.000299351
8.47426e-05
0.000164194
0.000159087
7.12036e-05
0
0.000153642
9.87598e-05
0.000806523
0.000183264
1.98481e-05
8.18021e-05
0.000193066
0.000331442
0.000143573
0.000192808
0.000218453
0.000504868
0.000272848
0.0014455
4.47049e-05
6.72797e-05
6.38265e-05
0.000330943
0.0011299
0.000139756
0.000275721
0.000620758
9.95362e-05
0.000213295
0.00012393
0.00014349
0.000221026
0.000188624
4.06574e-05
0.000145017
0.000169977
7.6107e-05
0.00017373
0.000346539
0.000202438
0.000349981
0.000134836
0.000180493
7.92589e-05
0.000173037
7.33432e-05
5.90026e-05
0.000143797
0.000242371
0.000121156
0.000147926
0.000154982
9.19e-05
0.000135599
0.000147695
9.56064e-05
9.41597e-05
6.70644e-05
0.000248909
0.000235152
0.000349336
0.00170736
0.000250298
0.000187026
7.8688e-05
6.29865e-05
0.000243374
0.000156668
7.4009e-05
0.000103067
0.00027315
0.000116173
0.000465997
0.000398286
0.000316502
2.93329e-05
1.79249e-05
0.000171333
0.000189761
0.000384691
0.00121476
0.000302572
0.00246278
0.000210195
0.000150051
0.00039009
0.000232851
0.00122621
0.000102692
0.000168097
5.11857e-05
0.000328251
9.61864e-05
0.000212396
0
0.000198598
0.00012972
0.000259415
0.000295264
0.000264538
0.000139698
0.000182911
7.90693e-05
0.000310909
0.000110953
8.7874e-05
0.000375491
0.00010176
0.00012612
0.000494731
6.22928e-05
8.26241e-05
0.0022894
0.00024469
0.000167306
0.000185683
0.000146245
0.000205623
0.000189571
0.0001002
0.000139632
0.000595443
0.00014348
0.000270388
0.000132274
0.000177636
0.000331934
0.000670429
0.000164217
0.000204115
7.34801e-05
