0.00047561
0.000609836
0.000631246
0.00283881
0.000226338
0.00160607
0.00605171
0.000253267
0.000752215
0.000696691
0.000358129
0.000334603
0.00107409
0.000619085
0.000467389
0.00091677
0.00146799
4.45342e-05
0.000223115
0.000478466
0.000829777
0.000503773
0.00242863
0.000308149
0.000190706
0.00409954
0.00110699
0.000566037
0.000531787
0.000640014
0.000485394
0.000867698
0.00150146
0.000219297
0.000963619
0.000508898
0.0014301
0.000701039
0.000320191
0.000240038
0.00105768
0.00166469
0.000506255
0.000149348
0.000313389
0.000421114
0.000459624
0.000701811
0.00025504
0.000328556
0.000422281
0.00159206
0.000940241
0.00321047
0.000366213
0.000427045
0.000312117
0.00113314
0.000663685
9.42795e-05
0.000510907
0.000502719
0.000528911
0.000230747
0.000166468
0.000669571
0.000735969
0.00106018
0.000644403
0.000387682
0.000625863
0.000499975
0.000677738
0.000250583
0.00117855
0.000740305
0.00243405
0.000461012
0.000688269
0.000438803
0.000173529
0.000487001
0.00110498
0.000641848
0.000701759
0.000882719
0.00127209
0.00108648
0.000351561
0.000320619
0.00116961
0.000574056
0.000175297
0.00100781
0.00070049
0.0015407
0.000468174
0.000366294
0.000804333
0.000720554
0.000528737
0.000347824
0.000669351
0.000582208
0.000268679
0.000654832
0.000626792
0.000771343
0.00090403
0.00246647
0.000833667
0.000472559
0.000857512
0.00143198
0.000567995
0.000580276
0.000319104
0.000608669
0.00187088
0.000582262
0.000884335
0.0030641
0.000681692
0.000577357
0.000982456
0.00165269
0.00138448
0.00100491
0.000746218
0.000444201
0.000859076
0.000462638
0.00106413
0.00253852
0.00279582
0.000264327
0.00263882
0.000448369
0.0065195
0.000975795
0.000591804
0.000325246
0.000337589
0.00155597
0.000838708
0.000691801
0.000493718
0.000360346
0.000398695
0.000427829
0.000698731
0.000945946
0.000361268
0.000200673
0.000638704
0.0011142
0.00118918
0.00194106
0.000477763
0.000955299
0.000674814
0.000626431
0.00056449
0.000447192
0.000803745
0.000601962
0.00114415
0.00147114
0.0017349
0.000997928
9.75829e-05
0.001281
0.00069406
0.000644341
0.000773345
0.000366053
0.000920642
0.00160178
0.000392845
0.000514601
0.000857386
0.000806325
0.000922749
0.000490218
0.000761424
0.000857857
0.000555272
0.000959145
0.000831234
0.00155558
0.000747325
0.00065247
0.000849092
0.00483072
0.000314891
0.000528028
0.000963824
0.000283113
0.000368311
0.000267251
0.000481043
0.000513333
0.000537481
0.000399301
0.000757149
0.000662887
0.000596689
0.00234154
0.000646041
0.000664905
0.00124893
0.000856047
0.000508798
0.00115865
0.000467498
0.000787773
0.000405871
0.000881506
0.000431901
0.000311265
0.00189428
0.000558125
0.000211401
0.000997331
0.00245179
0.000852874
0.00140428
0.000154906
0.000304751
0.000840356
0.000381486
0.000909213
0.000958451
0.00120504
0.000704435
0.00154802
0.000702864
0.00086937
0.000395612
0.000609714
0.00100713
0.00128713
0.00043391
0.000684254
0.0015151
0.00051027
0.000599264
0.000931055
0.000609091
0.0004052
0.000765423
0.000341995
0.000838433
0.000454922
0.00021396
0.000383862
0.000839263
0.000831886
0.000384546
0.000927809
0.000911795
0.000804434
0.000820085
0.00017715
0.000199278
0.000327867
0.000712441
0.000498843
0.000582385
0.00027722
0.000569982
0.000549325
0.00110132
0.00042975
0.000298708
0.000704779
0.000910068
0.000469596
0.000411918
0.00101619
0.000261021
0.000581488
0.00047934
0.000380626
0.000517496
0.00241034
0.0043938
0.000724077
0.000539449
0.00067802
0.000566568
0.000523411
3.24918e-05
0.000839628
0.000512172
0.000261983
0.000738541
0.00069375
0.000472903
0.000670353
0.000520203
0.000496013
0.000582153
0.0196557
0.000886159
0.000594817
0.000626835
0.000647944
0.000376389
0.000634158
0.000463951
0.000468197
0.000595198
0.000327215
0.000648137
0.000965633
0.000755488
0.000672382
0.000363739
0.000636846
0.00107957
0.00124887
0.00139556
0.000648375
0.00132628
0.000347126
0.000727407
0.00191684
0.00113805
0.000488625
0.000505078
0.000439101
0.000421122
0.000410951
0.000510003
0.0027014
0.000726703
0.00403244
0.000500096
0.00179146
0.00102717
0.00084225
0.000589562
0.000414302
0.000277729
0.000808419
0.00161142
0.000793341
0.000605073
0.000663655
0.00122102
0.000349103
0.000822824
0.00204733
0.0012957
0.000429855
0.000792527
0.00100766
0.00436866
0.00102111
0.000573185
0.0019125
0.000546971
0.000457113
0.00241392
0.0122286
0.000866468
0.000871505
0.000830877
0.000704415
0.000371862
0.00215364
0.000710232
0.00230595
0.000317952
0.000834241
0.000736403
0.000639015
0.000504963
0.00105005
0.000696491
0.000433034
0.000504603
0.000736692
0.000914898
0.0015448
0.00038892
0.000647736
0.000322265
0.000687474
0.000903315
0.000254798
0.000692809
0.00212188
0.000399532
0.00021997
0.000537707
0.00248035
0.000634772
7.29945e-05
0.00167145
0.000339757
0.000236792
0.000633192
0.000563562
0.00039629
0.00206995
0.000643304
0.00165911
0.000621482
0.000499279
0.00248867
0.000515835
0.000567124
0.000622122
0.000556468
0.000659125
0.000695782
0.000356061
0.000342308
0.000620296
0.000548493
0.00095051
0.000354816
0.000647949
0.000734605
0.000750928
0.000520813
0.001847
0.000357064
0.000771581
0.00100669
0.000395799
0.000516504
0.000521225
0.000525852
0.000699167
0.0015277
0.000256429
0.00133336
0.000812177
0.00113164
0.00082327
0.000415398
0.000980052
0.000380458
0.000432611
0.000758525
0.000432785
0.000552146
0.000720658
0.000524402
0.000963882
0.000230218
0.000737781
0.00125783
0.00900529
0.000862486
0.0022518
0.000615828
0.000187676
0.000417795
0.000836394
0.00265807
0.00149822
0.00065475
0.0241431
0.00276052
7.30976e-05
0.00105971
0.000627236
0.00310235
0.0032173
0.000343877
0.000938441
0.000556783
0.00282045
0.00149414
0.000652895
0.000509564
0.000223775
0.000242834
0.000163996
0.000715948
0.00110209
0.00045322
0.000153249
0.000300474
0.000373333
0.000559663
0.000678321
0.0005188
0.000660521
0.00128907
0.00144193
0.00017617
0.00342126
0.00496384
6.5553e-05
0.000494415
0.000361795
0.000602486
0.000164636
0.000670248
0.00129744
0.000914308
0.000672967
0.000687282
0.00189747
0.000458938
0.000826786
0.000893832
0.000459882
0.000759068
0.000218144
0.000563136
0.000574856
0.000543454
0.000249175
0.00137966
0.000854526
0.00215868
0.00142695
0.00112004
0.0004058
0.00156341
0.000708958
0.000665947
0.00123268
0.00145588
0.000754311
0.00110286
0.000529277
0.00122088
0.000522506
0.000888322
0.000568587
0.000509482
0.000602978
0.000851364
0.000339219
0.000496458
0.000596911
0.00591464
0.000867668
0.000873186
0.000475255
0.000863961
0.000588065
0.000878388
0.00136989
0.000397632
0.00081968
0.00151678
0.000365357
0.00079978
0.000786262
0.00127934
0.000259729
0.00111715
0.000581801
0.000288719
0.000217204
0.0113825
0.000635905
0.00409385
0.000929615
0.000377178
0.000744394
0.000940986
0.00075777
0.000568421
0.000468137
0.000426229
0.00104885
0.000609865
0.000348345
0.000793014
0.000969044
0.000843108
0.000854746
0.000564578
0.000644976
0.00044208
0.000757664
0.0003803
0.000528744
0.00113092
0.000844447
0.00115506
0.000952129
0.000439668
0.000478621
0.00103266
0.000729548
0.000110768
0.00054194
0.0014038
0.0014015
0.000620603
0.000313949
0.000526128
0.000951578
0.000143649
0.000531419
0.000160008
0.000337732
0.00109989
0.00116547
0.0004529
0.000684357
0.000879006
0.00076172
0.000808235
0.000234802
0.00107381
0.000405947
0.000754225
0.000369608
0.000732025
0.0118773
0.00100024
0.000316622
0.00290383
0.000805863
0.000265485
0.0011122
0.000488903
0.000370991
0.000227177
0.000569847
0.000550278
0.000446225
0.000726543
0.000916082
0.00104315
0.00462425
0.00070528
0.00150224
0.000479037
0.000958719
0.00142607
0.000256797
0.000727475
0.00108004
0.00062848
0.00182599
0.000246083
0.00128735
0.000553921
0.000693368
0.00047738
0.00075886
0.000959955
0.0005708
0.000854569
0.00057127
0.000770015
0.000538861
0.000847236
0.000765771
0.000559597
0.000577306
0.000532394
0.000504679
0.000762209
0.000692944
0.000512131
0.00183988
0.000872881
0.00117842
0.00257201
0.000396488
0.00756963
0.000615159
0.00098404
0.000413353
0.000934811
0.00076199
0.000428934
0.000217747
0.000725714
0.000948548
0.00053793
0.000341007
0.00167667
0.00110731
0.00031569
0.0003093
0.000709964
0.000455425
0.000340259
0.00120692
0.00123344
0.000817243
0.000784442
0.000254113
0.00179132
0.00118089
0.000558762
0.000277188
0.00068652
0.000465873
0.000524894
0.000470597
0.000461579
0.000731741
0.000525942
0.00111013
0.000809869
0.000220846
0.000496031
0.000494593
0.00130194
0.000507111
0.00094459
0.000680815
0.000798219
0.000252611
0.000558639
0.000980629
0.00077942
0.000660681
0.000538952
0.000867643
0.000478596
0.000781721
0.000689822
0.000995159
0.00203415
0.000264213
0.00035785
0.000933658
0.00114409
0.000673104
0.000245182
0.000911625
0.000400715
0.000356118
0.000444851
0.00029351
0.000661408
0.000384414
0.00114911
0.00091133
0.000470522
0.000708032
0.000595515
0.000873784
0.000406494
0.000667603
0.000611492
0.000660049
0.000810209
0.000281689
0.000437535
0.000737889
0.000556492
0.000737212
0.000219354
0.00143787
0.000580145
0.00026854
0.000439049
0.000726991
0.00102632
0.000773066
0.000723465
0.00243563
0.000541367
0.00054193
0.00143737
0.000432173
0.000660287
0.000311378
0.00396311
0.000536763
0.000710204
0.00055178
0.000435886
0.00125357
0.000921653
0.00151438
0.000876216
0.000854796
0.00052308
0.00053279
0.00060918
0.000669245
0.00104064
0.00103757
0.000390774
0.00103933
0.00098889
0.000903331
0.0028343
0.000933579
0.000668291
0.000333705
0.00057784
0.000886527
0.00103141
0.00153766
0.00101064
0.000615382
0.00130259
0.000508763
0.000376109
0.000543604
0.000970455
0.000430201
9.97962e-05
0.000978258
0.00058186
0.000772244
0.000595216
0.00107783
0.000729197
0.00063773
0.000834532
0.000419541
0.0130784
0.000424085
0.000670002
0.00050107
0.000659877
0.000690329
0.00106414
0.000704858
0.000205652
0.000324939
0.000493746
0.000424303
0.000416735
0.000629396
0.000273273
0.000470649
0.000692946
0.000645198
0.000519088
0.000844578
0.000847528
0.000409465
0.00180698
0.00093974
0.00215011
0.000161665
