0.000301302
0.000575297
0.000223599
0.000317591
0.000414126
0.000548118
0.000197921
0.000300114
0.000310628
3.48019e-05
0.0010794
0.00306981
0.000341737
0.000637636
0.00044687
0.000339436
0.000403835
0.000606297
0.000265905
0.000200178
0.00031553
0.000605973
0.000634474
0.000587434
8.5662e-05
0.000434274
0.000270418
0.000244145
0.00119587
0.000435924
0.000435162
0.00652953
0.00053874
0.000389446
0.000537503
0.00050056
0.000405038
0.000607725
0.000200084
0.00077488
0.00278459
0.000146211
0.000400438
0.000383882
0.000221638
0.000589629
0.000219189
0.000768565
0.00056942
0.0024465
0.000240979
0.00107812
0.00053246
0.000678342
0.000697645
0.000463136
0.000118407
0.000463842
0.0022604
0.000474307
0.00185851
0.000534668
0.000783738
0.000308406
0.000665133
0.00160047
0.00063907
0.000383829
0.00312431
0.000283587
0.000518413
0.00123143
0.000215414
0.000550858
0.000431627
0.00089231
0.000817493
0.000390325
0.000708632
0.000538806
0.000548516
0.000400299
5.00448e-05
0.000714333
0.000423061
0.000444492
0.000250609
0.00171734
0.00106821
0.000699399
0.0015214
0.000399735
0.000292259
0.000607809
0.00192714
0.000903305
0.000221678
0.000327981
7.32187e-05
0.000396357
0.000907596
0.000308436
0.000246483
0.000561783
0.000556737
0.000375255
0.000980185
0.0011164
0.000504571
0.000366852
0.000519217
0.00056746
0.000649853
0.000323942
0.000519573
0.00069453
0.000928461
0.000305506
0.00123493
0.0033093
0.000368679
0.000295858
0.0002581
0.000194683
0.000677403
0.000479638
0.000202708
0.000638288
0.000528979
0.000574448
0.00035906
0.000292143
0.000514428
7.92037e-05
0.00128636
0.000364208
0.000671788
0.00115259
0.000668215
0.000802445
0.00140654
0.000457381
0.0005981
0.00057899
0.00160583
0.000875091
0.000459831
0.000603763
0.000960153
0.000271993
0.000805548
0.00049827
0.000436503
0.000247153
0.000259324
0.000860492
0.000610531
0.000518162
0.000781818
0.000155541
0.000392073
0.000472288
0.00343524
0.000313269
0.00202437
0.000221039
0.00027412
0.000228595
0.000453546
0.00118703
0.000495786
0.000555572
0.000309546
0.000299338
0.000765595
0.00117411
0.0135213
9.17365e-05
0.000486129
0.000301344
0.000156938
0.000226006
0.000671158
0.000665827
0.000177483
0.000527131
0.000429378
0.000256312
0.000488845
0.00053457
0.000996187
0.000578721
0.000418243
0.000327245
0.000409998
0.000479595
0.000274069
9.86602e-05
0.000552624
0.00039704
0.000452252
0.000322568
0.000246792
0.000786286
0.00137321
0.000327822
0.000171862
0.000553495
0.000406546
0.000522158
0.00061598
0.000154382
0.000238829
0.000280457
0.00048953
0.00053895
0.00035365
0.00058131
0.000456207
0.000278919
0.000522583
0.00033271
0.000269034
0.00041526
0.00183103
0.000755467
0.000594914
0.00058994
0.000257654
0.000772212
0.000509448
0.00045161
0.000315011
0.000953991
0.000378943
0.00058283
0.000286941
0.000611466
0.000193168
0.000924725
0.00260317
0.00018481
0.000803727
0.000414275
0.000414612
0.000926648
0.000353354
0.000507416
0.000745877
0.000582675
0.0003266
0.000518677
0.000377047
0.000158616
0.000493305
0.000265743
0.000327062
0.000438593
0.000151169
0.000250523
0.000498814
0.000716745
0.000324547
0.000912733
0.000566028
0.000529547
0.00170316
0.000716216
0.000768725
0.00055782
0.00141755
0.000199481
0.000222752
0.000379599
0.000521975
0.000189965
0.000636527
0.00116561
0.000839898
0.000211612
5.65762e-05
0.00073664
0.000269728
0.000850349
0.000558021
0.000394578
0.000534846
0.000895444
0.000557644
0.000340748
0.000415023
0.00122035
0.00041057
0.000641631
0.000707487
0.000489121
0.000645315
0.000994905
0.000750189
0.00051481
0.000292428
0.000346887
0.000474802
0.000895737
0.000587412
0.000362743
0.000849255
0.000519246
0.000554527
0.000359077
0.000573201
0.000281289
0.000947055
0.000907181
0.000362748
0.000495481
0.00037828
0.000335812
0.000243356
0.000294277
0.000610427
0.000484335
0.000507577
0.000604957
0.000909565
0.000427938
0.000530504
0.00040127
0.00105692
0.000339708
0.000579269
0.000427469
0.000403186
0.000806253
0.000998994
0.00113082
0.000392006
0.000450719
0.00258415
0.000240821
0.000417995
0.000372848
0.000642879
0.000577214
0.00125726
0.000290701
0.00263256
0.000920417
0.000622768
0.000187529
0.000118124
0.00027311
0.000713804
0.000103704
0.000353035
0.0034217
0.000811559
0.00101001
