8.32513e-05
0.000517273
0.000399737
0.000386863
0.00293803
0.000129961
0.000186293
0.000199289
0.000919756
0.000547331
0.00042805
0.00040453
0.000188492
0.000157076
0.00011753
0.000209425
0.000201458
0.000209937
0.00016442
0.000558601
0.000406126
0.00086262
0.000260062
0.00034355
9.44593e-05
3.18682e-05
0.000464604
0.000404366
0.000449687
0.000353621
0.000703415
0.000132137
0.000276762
0.000546713
0.000409834
0.0003662
0.000292366
5.75107e-05
0.000670916
0.0011538
0.000314372
0.000212821
0.000319291
0.000325009
0.000343577
7.51133e-05
0.000332949
0.00038341
0.000427516
0.000607575
0.000235538
0.000574019
0.000310165
0.000440134
0.000192872
0.000291144
0.00108141
0.000343751
0.000415684
0.000351484
0.000328005
0.000370243
0.000228016
0.000298312
0.000392544
0.000512592
0.000288463
0.000306113
0.000156421
0.000350006
0.000338603
0.000354433
0.000496333
0.000811588
0.000277359
0.00020181
0.000414213
0.000324113
0.00025382
0.000277099
0.000327062
0.000693375
0.000507014
0.00118716
0.000273915
0.000298108
8.49014e-05
0.000275801
0.0086554
0.000151398
0.000542332
0.000154289
0.000388779
0.00022961
6.67974e-05
0.000296232
0.000528887
0.000452547
0.000342351
0.000791826
0.000254214
0.000775538
0.000196937
0.000334823
0.00053688
0.000531897
8.38789e-05
0.000509516
0.000808652
0.000309229
0.000481975
0.000606035
0.000408115
0.000157272
0.000389025
0.000117461
0.0010743
0.000166562
9.89063e-05
0.000228484
0.000306289
0.000417013
6.0047e-05
0.00031187
0.000681939
0.0002528
0.000326103
0.000427656
0.000474142
0.000432542
0.000222962
0.0007973
0.000203653
0.00051264
0.000949669
0.000577917
9.7708e-05
0.000319913
0.000301056
0.000591764
0.000647717
7.72958e-05
0.000404318
0.000403564
0.000300503
0.000272482
0.000235094
0.000398823
0.000434121
0.000284924
0.00037167
9.10469e-05
0.000534121
0.000128398
0.000296934
0.000378251
5.43905e-05
0.000362462
9.3269e-05
0.000384725
0.000144281
0.000475862
0.000156713
1.83679e-05
0.000512135
0.000227266
0.000460762
0.000540114
0.000219099
0.000219241
0.000144117
0.00103313
0.000183274
0.000221472
0.00155858
2.59441e-05
0.000197807
0.00021496
0.000413634
0.000537441
0.00132911
0.000328808
0.00015235
0.000172367
0.000375895
0.000386126
0.000678147
0.000355503
0.000435355
0.000353348
0.000158661
0.000435173
0.000184619
0.000532869
0.000305893
9.68241e-05
0.00300697
0.000286433
0.000154935
0.00027344
0.000363369
0.000226704
3.63598e-05
0.00021344
0.000252458
0.00047647
0.000445228
0.000111442
0.000125843
0.000189438
0.000291896
0.000180902
0.000476128
0.000586327
0.000194966
0.000168264
0.00056843
0.00082556
0.000126545
0.000169638
0.000865928
0.000231559
0.000147173
0.000372224
0.000629122
0.000161911
0.000658974
0.000380572
0.0016002
0.000389372
0.000324192
0.000364274
0.000206034
0.000195639
0.000491266
0.000303928
9.59633e-05
0.000150354
0.000598895
0.000989651
0.000251373
0.000633341
2.85041e-05
0.000351107
0.000300872
0.000180169
6.74065e-05
0.000267807
2.46088e-05
0.0002503
0.000251447
0.000430001
0.00024129
0.000129206
0.00037177
0.000383924
0.000757386
0.000358297
0.000102807
0.000214987
0.00023381
0.000355174
0.000734897
0.000264255
0.000199469
0.000274227
0.000267106
0.000292349
0.000169873
4.77421e-05
0.000359211
0.000305947
0.000457631
0.000349633
0.000199192
0.000569142
0.000283131
0.000280303
0.00262822
0.000277307
0.000286935
0.000370967
0.000131693
0.000351823
0.000271427
0.000341137
0.000102197
0.000319336
0.000211414
2.19454e-05
0.000349596
0.00010894
0.000237221
0.000218749
0.000261815
0.000332423
0.000219469
0.000346596
0.000236939
0.000228446
0.000508445
0.000203686
0.000415616
0.00040931
0
0.000175209
0.00215561
0.000282482
0.000141738
0.0004416
0.000738288
0.000497075
0.000414772
0.000175198
0.000392972
5.54385e-05
0.000113502
0.00015568
0.000516499
0.000788739
0.000225916
0.000234493
0.00102231
0.000219747
0.000406592
0.000164156
0.000149718
0.000250193
0.000132512
0.000337173
0.000171156
0.000318282
0.000393608
0.000978606
0.00153382
0.000185267
0.000348402
0.00019268
0.000169871
0.00192469
0.000220157
0.000434425
0.000261693
0.000211119
0.000487171
0.000245434
0.000309021
0.000169365
0.00167635
0.000291996
0.000192744
0.000279975
0.000352414
0.000195532
0.000621982
0.00151815
0.000179435
0.000339111
0.000322694
0.000488081
0
0.000306597
0.00024146
0.000370165
0.000335804
0.000198564
0.000264117
0
0.000172573
0.000370789
0.000163001
0.000785158
0.000179654
0.000259841
0.000962097
0.000527272
0.000339844
0.000299385
0.000157876
0.000449938
0.000195958
0.000229697
5.89192e-05
0.000266762
0.000393727
0.000202756
0.000239901
0.000535437
0.000409845
0.000282866
0.000129796
0.000242655
0.0021207
0.000282475
0.000289468
0.000528311
0.000320703
0.000191427
0.000172216
0.000408895
0.00014999
0.00122301
0.000576901
0.000510226
0.000102764
0.000503306
0.000239418
0.000203748
0.000490906
0.000104367
0.000227654
0.000460119
9.38514e-05
0.000441633
0.000182648
0.00164541
0.000288535
0.000215181
0.000338134
0.000225633
0.000451809
1.06508e-05
0.0001218
0.000233097
0.000376555
0.000603107
3.67091e-05
0.000385098
0.000218193
0.000271958
0.000182155
0.000314884
0.0005826
0.000396195
0.000367164
0.000419086
0.000221421
0.000304838
0.000366717
0.000434115
0.000406226
0.000643261
0.000411013
0.000294345
0.000142353
0.000218861
0.000183846
0.000181769
0.000240289
0.000324975
0.000211327
7.80385e-05
0.00021571
0.000246353
0.00185918
0.000418774
0.000190436
0.000117827
0.00016118
0.000261628
0.000227003
0.000287825
0.00340804
0.000260321
0.00133079
0.000335363
0.000220766
0.000400091
0.00028059
0.000285432
0.000436518
0.000449391
8.922e-05
0.000547207
0.00018152
0.000283179
0.00018505
0.000411723
0.000132009
0.000153057
0.000120248
0.000562653
0.00144822
0.000520842
0.000293092
0.000422271
0.000146572
0.000223899
0.000129732
0.000362604
0.00062973
0.000247281
0.00015858
0.000206257
0.000990235
0.000123206
0.000144877
0.000790016
0.000597444
0.00228119
0.000411603
8.06253e-05
0.000343088
0.000285893
0.000427971
0.000443864
0.000306338
0.000488056
0.000269885
0.00110682
0.000584711
0.000914325
9.77593e-05
0.000510495
0.000117239
0.000398511
0.00010062
0.000385783
0.00020672
0.000313264
0.000605161
0.000685877
6.35764e-05
0.000256013
0.000121301
0.000228361
0.000163399
0.000269729
0.000345746
0.00269943
0.000549098
0.00041198
0.000194242
0.000287835
0.00032337
2.79937e-05
0.00457391
0.000110495
0.00248737
0.000307631
2.13326e-05
0.000252457
0.000161074
0.00013656
0.000303387
0.000412965
0.000209956
0.000417909
0.000275196
0.000411942
0.000387645
0.000266513
0.000309907
0.00021922
0.000424516
0.00040268
0.000252359
0.000504898
0.000136609
0.000485883
0.000189895
0.000709754
0.000185317
0.000163169
0.000776858
0.00057111
0.000367723
0.000881279
0.000131629
0.000392318
0.000199837
0.00102327
0.000425299
0.000302352
0.000182887
0.000143293
0.000198273
0.00183228
0.00396997
0.000655256
0.000218246
0.000237339
0.000321295
0.000410422
0.000180853
0.000416722
0.000349338
0.00017384
0.000540679
0.000469569
0.000361176
0.00016509
0.000456738
0.000167239
0.000182419
0.0002305
0.000249305
0.000416883
0.000109684
0.000383607
0.000209486
0.000454359
0.000254097
0.000294392
0.000201395
0.000127593
0.000284425
0.000176602
0.00039859
0.000288009
0.00103589
0.000435246
0.000323807
0.000402553
6.86914e-05
0.00052949
0.0011812
0.000137673
0.000815235
0.000147863
0.000302713
0.000258813
0.00705681
0.000201227
0.000557485
0.000269688
0.000430556
0.000379903
0.000124465
0.00013817
0.000583211
0.0147135
0.000112562
0.000642854
0.000295867
0.00126517
0.000577291
7.53825e-05
0.000366672
0.000334403
4.95829e-05
0.0163038
0.000417179
0.000289855
9.05164e-05
0.00019549
0.000387
0.000411019
0.000305901
0.000134913
0.00109197
0.000378261
0.000310117
0.000169327
0.000312414
0.000361251
0.000320143
0.000674438
0.000359523
6.09333e-05
0.000373287
0.000269202
0.000367703
0.000144168
0.000263981
0.000556472
0.000549555
0.000331168
0.000492265
0.000187557
0.000138987
0.00044435
0.000301046
0.000515391
0.0052917
0.000249898
0.000262196
0.000477638
0.000434012
0.000356808
0.000264689
0.000120293
9.33486e-05
0.000256992
0.000472809
0.000329535
0.000742295
0.000125655
0.000308652
0.000505373
0.000406801
0.000402014
0.000388948
0.000131724
0.00032339
0.000176291
0.00035204
0.000208333
0.00107153
0.000541389
0.000730658
0.000477984
0.000210186
0.000250148
0.000515434
0.000222946
5.14568e-05
0.0003985
0.000366851
0.000224778
0.000185382
0.00493142
0.00911353
0.000371068
0.000445898
0.000153045
0.000124654
0.000162153
0.000266823
0.000419883
0.000157293
0.000372158
0.000195262
0.000316702
0.000203918
0.000146095
0.000257781
0.000649611
0.00020392
0.000506244
0.00018509
0.000233661
0.000445206
0.000215044
0.000461261
0.000200104
0.000178845
0.000284721
0.000183678
1.44385e-05
0.000501791
0.00301284
0.000325491
0.000250368
0.000245958
0.000390315
0.000310144
0.00032837
0.000125209
0.00104715
0.000311125
0.000166648
0.000206715
0.000607811
0.000144519
0.000191892
0.00034919
0.000736605
0.000202624
0.000460651
0.000141873
0.000191243
9.25559e-05
0.000524719
0.00027483
0.000269411
0.000351999
0.000659274
0.00234944
0.000345339
0.000230863
0.00133428
0.000320413
0.000155625
0.000262747
0.000359425
0.000200554
0.000146457
0.000510969
0.00045178
0.000232256
0.000364409
0.00056754
0.000157456
0.000208482
0.00183458
0.000324141
0.000110727
0.000628253
0.000581474
0.000320187
6.25346e-05
0.000471609
0.00031286
0.000420491
0.00055787
0.00035886
0.000125957
0.000306667
0.000615182
0.000147204
8.90391e-05
0.000233242
0.000176041
4.52111e-05
0.00101651
0.000225669
0.000474873
0.000389242
0.000172481
0.000349397
0.000272318
0.000358565
0.00073625
0.000175292
0.000160614
0.000328348
0.000902061
0.00028022
0.000173059
0.000796834
0.000124904
0.000578121
0.000118582
0.000627399
0.00042392
0.00236997
0.000130532
0.000558011
0.000236952
0.000163814
7.18062e-05
0.000220669
0.000778032
0.000225691
0.000298349
0.000299305
0.000782203
0.000292862
0.000391502
0.000304355
0.000482145
0.00165765
0.000389455
0.000519149
0.001714
0.000551767
0.000311164
0.00153054
0.000673596
0.000230521
7.88496e-05
0.000170569
7.4018e-05
0.00151088
0.000233545
0.000333567
0.0015796
0.000201986
0.000366777
0.000315221
0.000341427
0.000348743
0.0001633
5.17231e-05
0.000609461
0.000165508
0.000214113
0.000537551
0.000219139
0.000487323
0.000118128
0.000463672
0.00130537
0.000211182
0.000273488
0.000153291
0.000116465
0.000396314
0.000429749
0.000264012
0.000278263
0.000275868
0.000129309
0.000206899
0.000363612
8.59947e-05
0.000226611
0.000351906
0.000206542
0.000236093
0.000248819
0.000530539
0.000205151
0.00032515
0.000881864
0.000716324
0.000765187
0.000478094
0.00013739
0.00123117
0.000205613
0.00129304
0.000260596
0.000208058
0.000145428
0.000151585
0.000154896
0.00041625
0.000251786
0.000330574
0.000282057
0.000226242
0.000166375
0.000511487
0.000228331
5.14412e-05
0.000304025
0.00019537
0.000497254
0.00122044
0.00047624
0.000335608
0.000184737
0.00499566
0.000299906
7.85857e-05
0.000146813
0.00113893
0.000419703
0.000275888
0.00983874
0.000461831
0.000224142
0.000404232
0.000337672
0.000160729
0.000254965
0.000342586
0.000503614
0.000406664
0.000376083
0.000190646
0.000439543
0.000662645
0.000154369
0.000900123
0.000458944
0.000136698
0.000447463
0.000232357
0.000665781
0.000376622
0.000369036
9.9245e-05
0.000491892
0.0004629
0.000525204
0.000646099
0.000286968
0.000196438
0.000588549
0.000267544
0.000339704
0.000204643
0.00108697
5.50932e-05
0.000479987
0.00037477
0.000219907
0.000202768
0.000228587
9.41874e-05
0.000196575
5.97588e-05
0.000187994
0.000299088
0.000183071
0.000297079
0.000514671
0.000460126
0.000100705
0.000340829
0.0013779
0.000364528
0.000383601
0.000336569
0.000398308
0.00468591
0.000395904
0.000497576
5.3392e-05
0.000156485
0.000402948
0.000204428
0.000597158
0.000209893
0.000547255
0.000813974
0.000173132
0.000100336
0.000438331
0.000220124
0.000180151
0.000340491
9.26668e-05
0.000299041
0.000596134
0.000232606
0.00239956
0.000289418
0.000588351
0.000137977
0.000377731
0.000134787
0.000252011
0.000202835
0.000173466
0.000352069
0.000261185
0.00026245
0.00016944
0.00035857
0.00151203
5.6479e-05
0.000499722
0.000112891
0.000346317
0.000119822
4.52051e-05
0.000363476
0.000119142
6.24514e-05
0.000469222
0.000166494
0.00159384
0.00095879
0.00030666
0.000465795
0.000178841
0.000382718
0.00104553
0.000618991
0.000532663
0.000457437
0.000447575
0.00046089
0.000111786
0.000352817
9.55308e-05
0.00734851
0.000548634
0.0010677
0.000604727
0.00077767
0.00070124
5.2938e-05
7.25544e-05
0.000303699
0.000398689
6.02225e-05
0.00034772
0.000484303
0.000536991
1.88879e-05
0.00233598
0.000490029
0.0007826
6.6949e-05
0.000510782
0.000476915
8.00035e-05
0.000490824
0.000195699
0.000726784
0.000157765
0.00039199
0.000351437
0.000226109
0.000145429
0.000210058
0.00059072
0.000216895
0.000166188
0.000242431
0.000187858
0.000200501
0.000699817
0.000291016
0.000100273
0.000162754
0.000449682
0.00059665
0.00101555
0.000353371
0.000668753
0.000362445
0.000313359
0.000283519
0.000306259
0.000759192
0.000169954
0.000107678
0.000401593
0.00128388
0.000316945
0.000256475
0.000433757
0.0156359
0.000429522
0.000240697
0.000294211
0.000318869
0.00014247
0.000334909
0.000365337
0.0400159
0.00050325
0.000423016
0.00399075
0.000138056
0.000338375
0.000425311
0.00027069
0.000143691
0.000247394
0.000101937
0.000316934
0.000371451
0.000289126
0.00015869
0.000258892
0.00192182
0.000783048
0.00036546
0.000211454
0.000285526
0.000227519
0.00020991
0.00041884
0.000206643
0.000118465
0.00026929
0.00043519
0.000406883
0.00022856
0.000210519
0.000129193
0.000343404
0.000216172
0.0002827
0.000343922
0.000356066
6.59711e-05
0.000302431
0.000258213
0.000502576
0.000289875
0.000369532
0.000228172
0.000263459
0.000247906
0.000250461
0.000113055
0.000528281
0.000642368
0.000777945
0.00034924
0.000684184
0.000797961
9.96946e-05
0.000556544
0.000264333
0.000196195
0.000285014
0.00126488
0.000687667
0.000121214
5.73403e-05
0.000280935
0.000511952
0.000326351
0.000440238
0.000355544
0.000655167
0.000545583
0.00026173
0.000406343
0.0015871
0.000266987
0.000250119
0.000135318
0.00437673
0.000342062
0.000238179
0.000221639
0.000165267
0.000361769
0.000185939
0.000110689
0.00649627
0.000469363
0.000150165
0.000739033
0.000342656
0.000245702
0.000245394
0.000379063
0.000228803
0.000315512
0.000308371
0.000210594
0.000151447
0.000855759
0.000174721
0.000393618
0.000148597
0.000533583
0.000208671
0.000660252
0.000315513
0.000110984
0.000162397
0.000509083
0.000400834
0.000553276
0.000148455
0.000156332
0.000301955
0.000527312
0.00014448
0.000218251
0.00032647
0.000330292
6.55045e-05
0.000209412
0.00155406
0.00049287
0.000299473
0.000346902
0.000249648
0.000219356
0.000511043
0.000214696
0.000529943
0.000398352
0.000215744
0.000945584
0.00111236
0.000200615
0.00022855
0.000310951
0.000205882
0.000366211
0.000103937
0.000353586
0.00144273
0.00056398
0.000452035
0.000194797
0.000264472
0.00365762
0.000298887
0.000124907
3.21323e-05
0.000325612
0.000113964
0.000115123
0.000233723
0.000106863
0.000396882
0.000151239
0.00015408
0.00014574
0.000310385
0.000310405
0.00014625
0.000357346
0.000313221
0.000437328
0.000524988
0.000348847
0.000192886
0.000311554
0.000177815
0.00026104
0.000270815
0.000207601
0.000710765
0.000218295
0.000367336
0.000258617
0.000173036
0.000370135
0.000304803
0.000719737
0.000149342
0.000240283
0.000515397
0.000105167
0.000161253
0.000191112
0.000435562
0.000247181
0.000381559
0.00023884
0.000354235
0.000138036
0.000665365
0.00014245
0.000552647
0.000255107
0.000621813
0.000172019
0.000242867
0.000323007
0.00028049
0.000509515
0.00027586
0.000501304
0.000281587
0.000387289
0.000339107
0.000312782
0.000501276
0.000676893
0.000400168
0.000183959
0.000261253
0.000286289
0.000647754
0.000214003
0.000388416
0.000271096
4.84656e-05
0.000234638
0.000105592
0.000272338
0.000867116
0.000378661
0.000383408
0.000155567
0.000202226
0.000328201
0.000335053
0.0003006
0.000144461
0.00012534
0.000286838
0.000125076
0.000230827
0.000611216
0.000276815
0.000245485
0.000456447
0.00033008
0.000661522
0.000329243
0.00119427
0.000354868
0.000348015
0.000205556
0.000307203
2.48255e-05
0.00024485
0.000567065
0.00028004
0.000353461
0.000266019
0.000390693
0.000156572
0.000221192
0.000311365
0.00046477
0.000387705
0
0.000503758
0.000416823
0.000214699
0.000206805
0.000208081
0.000139768
0.0003729
0.000383352
0.000171683
0.000222461
0.000120421
0.000181225
0.000277898
0.000149361
0.000175465
0.000162091
0.000264932
0.00055861
0.000424075
0.000294
6.39754e-05
0.000485267
0.000218385
0.000124383
0.000394806
0.000165363
0.0083146
0.000314316
0.000250906
0.00084902
0.000201684
0.000370296
0.000315892
0.000200855
0.000293702
0.000296592
0.000144665
0.000191378
0.000177116
0.000337912
0.000268757
0.000363566
0.00027831
0.000523198
0.000141704
0.00423629
0.000237058
0.000304605
0.000352007
2.67907e-05
0.000123477
0.000407356
0.000372132
0.000450821
0.000261607
0.000334824
0.00160876
0.00011269
0.000307024
0.000554515
0.000228511
0.000132295
0.000126419
0.000648911
0.000248894
0.00018926
0.00041736
0.000566733
0.00791846
2.67429e-05
0.00186496
0.000233159
0.000368668
0.00026389
0.000185966
0.000384286
0.000403993
0.000206757
0.000392883
0.000252751
0.000346756
0
0.000265614
0.000351181
0.000518807
0.000401411
0.00054378
0.000305925
6.27543e-05
8.47646e-05
0.00031746
0.000325514
0.000522223
0.000300983
0.000163087
0.000323706
0.000122574
0.000468357
0.00015894
0.000472801
0.000296226
0.000547132
0.000195438
0.000116913
0.000774562
0.000148315
0.000331154
0.0023446
0.000456064
0.000225526
0.000189085
0.000141468
0.000282195
0.000315693
0.000466963
0.000189078
0.000350112
0.000533632
0.000412879
0.000239365
0.000247713
0.000319626
0.000253057
0.000410879
0.000507642
0.000547128
0.00099321
0.00030754
0.000122537
0.000253962
0.000181504
0.000146082
0.000132346
0.000165338
0.000425178
0.00114989
0.000558713
0.000158542
0.000265279
0.000299197
0.00044401
0.000681078
0.00376829
0
0.000311377
0.000437171
0.000237966
0.000357895
0.000296975
0.00053153
0.000299277
0.00019201
0.000393139
0.00679338
0.000400085
0.000156913
0.00149708
0.00412014
0.000117948
0.000411153
0.0147768
0.000194595
0.000310911
0.000581364
0.000115996
0.000537591
0.000215168
0.00012348
0.000771571
0.000889489
0.00024482
0.000429416
0.000371987
0.000852717
8.77061e-05
0.000106213
0.000207024
0.000360319
0.000139945
0.000275462
0.000246422
0.000519168
0.000146316
0.000279405
0.00043253
0.000401899
0.00164229
0.000280982
0.00023071
0.000345659
0.000301836
0.000205313
0.000212731
0.000807195
0.000374898
9.7104e-05
0.000324067
0.0166397
0.000626472
0.00016176
0.000728
0.000176811
0.000526181
0.00310146
0.000229618
0.000343526
0.000627303
0.000284012
0.00191145
0.000116688
0.000416832
0
0.000166113
0.000870407
0.000376027
0.00234294
0.00514968
0.00039545
0.000154729
0.000206296
0.000459295
0.000415767
0.00013649
0.000551188
0.00013897
0.000654359
0.000200962
0.000443888
0.000275915
0.00107057
0.000139281
0.000908567
0.000378677
0.000195613
0.000308893
0.00115281
0.000440604
0.000449635
0.00027647
0.000386505
0.000865139
0.00045643
0.000292963
9.61701e-05
0.000335719
0.000158756
2.58371e-05
0.00117973
0.000558188
0.000851456
0.00144131
0.000265797
0.000219307
3.77852e-05
0.00047164
0.000144638
0.000590881
0.000320959
0.000208425
0.000279326
0.000178253
0.000714447
3.61299e-05
0.000249792
0.000291963
2.88372e-05
0.000180021
6.89478e-05
0.000688726
0.000312657
0.00029699
0.000466382
5.96843e-05
0.000684415
0.000341303
0.000647992
0.000235729
0.000760352
0.000364867
0.000364064
0.000395388
0.000720601
0.000206479
0.000256988
0.000382655
0.00083654
0.00023479
0.000225872
0.000133864
0.00455822
0.00012752
0.000136722
0.000428496
0.000241926
0.000138735
0.000159261
0.00050894
0.000338319
0.000431129
0.000130088
0.000241155
0.000105696
0.000268069
0.000133302
0.000382626
0.000151002
0.000203176
0.000254213
0.000222601
0.000418018
1.95004e-05
2.50561e-05
0.000115716
0.00051764
0.000438392
0.000360763
0.00023856
0.000430961
0.000344398
0.000284669
0.000459464
0.000174317
0.000530927
0.000907986
0.000487783
0.000400008
0.000299079
0.000591439
0.000211797
5.12833e-05
0.000172287
0.000401891
9.81279e-05
0.00052801
0.00012918
0.000264781
0.000527157
0.000381562
0.00035806
0.000393011
0.000476525
0.000185602
0.000399604
0.000461369
0.000371464
0.000540135
0.000332088
0.000167604
0.000237048
0.000226945
0.000230569
0.000124479
0.000400803
0.000359341
0.000214769
0.0019507
9.75007e-05
0.000300696
0.000242618
6.85749e-05
0.000703576
0.000147381
0.0006204
0.000505508
0.00136191
0.000195145
0.000551858
0.000379131
0.00189185
0.00122944
0.000556039
0.000761028
0.000158154
0.000244818
0.000225277
0.00044929
0.000442368
0.00454686
0.000221574
0.000487809
2.43162e-05
0.000213209
0.000527347
0.000242562
0.000823006
0.000241838
0.000594393
0.00019828
0.000635636
0.000747534
0.000613479
0.000812598
9.51667e-05
8.71258e-05
0.00216024
0.000336936
0.000248203
0.000300384
0.000126037
0.000335757
0.000146674
0.000169498
0.000108021
0.000161497
0.00424926
0.000273339
0.000225914
0.000340097
0.000210302
0.00046649
0.000105763
0.000443368
7.40071e-05
0.00336015
0.000519161
0.000187297
0.000399488
0.000447729
0.0003642
0.0003454
0.00130287
0.000272059
0.000213492
0.000135094
0.000777901
7.9051e-05
0.000121777
0.000149124
0.00512916
0.000125977
0.000284265
0.00349777
6.72958e-05
0.00104891
0.000352782
0.000258089
0.000831974
0.000575448
0.000510323
0.000193752
0.000207869
0.000639653
0.000200389
0.000256091
8.45355e-05
0.000357241
0.000338941
0.000245564
0.000291338
1.54846e-05
0.00035714
7.4256e-05
0.00122843
0.000139222
0.000127618
0.000593792
0.00012629
0.000475973
0.00233158
0.000133991
0.000333718
0.000175307
0.00025296
0.000340982
0.000516968
0.000203902
0.0001071
0.000757678
0.000487104
0.000729184
0.000457133
0.00105658
0.000185811
0.000217318
0.000292572
0.000474511
2.9536e-05
0.000456714
0.000194503
0.000268751
0.000746554
0.000478815
0.000468073
0.000515669
0.00065319
0.000796155
0.000237365
0.000186001
3.46712e-05
0.000243345
0.000643387
0.00135131
0.000203279
0.000228814
3.81778e-05
0.000344863
0.000168597
0.000140683
0.000133502
0.000236819
0.00016856
0.000308585
0.00013483
0.00232266
0.000268104
0.000233047
0.000742049
0.000255338
0.000391119
0.000304022
0.000305149
0.000447935
0.000283514
0.00155047
0.000526002
0.000507166
0.0010218
0.00079186
0.000289387
0.00034254
0.000383361
0.00130924
0.000417688
0.000358769
0.000359022
0.000274238
0.000159766
0.000416334
0.00010383
0.000356082
0.000335682
0.00113925
0.000198769
0.000459859
0.000445543
0.000663742
0.000500898
8.86811e-05
0.00062979
0.000213607
0.000139128
6.98101e-05
0.000140899
0.000201288
0.000171107
0.000330125
3.77784e-05
0.0017535
0.000625731
9.52931e-05
0.000279547
0.00032143
2.15627e-05
0.000231249
0.000233586
0.000564108
0.000588851
0.000174521
3.8331e-05
0.000157343
0.000212216
0.000141723
0.000110202
0.00037511
0.000217619
0.000318665
0.000333502
6.60158e-05
0.000550878
0.000399875
0.000413862
9.94533e-05
0.000200772
0.000117038
0.000119746
0.000747291
9.21852e-05
0.00092073
0.000198782
0.000144237
0.000581716
0.00387738
0.000245729
0.000418851
6.58108e-05
0.000237018
0.000336446
0.00041397
0.000335298
0.000579012
0.00103657
0.000256183
0.000206455
0.000180176
0.000843083
0.000470632
0.000374012
0.000312271
0.000709973
0.000269799
0.000160786
0.00018801
0.000327722
0.000563766
0.000360721
1.76952e-05
0.000172496
0.000764665
0.000320585
0.000522623
0.000504145
0.000550992
0.00243919
0.000239676
0.000292409
4.36042e-05
0.000494127
0.000464336
0.000385965
0.000324351
0.000420262
0.000300105
0.000371967
0.000109809
0.000210666
0.000282361
0.000201683
0.000107918
0.000318074
0.000633685
0.000169252
0.000361199
0.000293978
0.000276171
0.0102939
0.000185134
0.000143378
0.000126287
0.000412269
0.000152098
0.000418332
0.000244687
9.29714e-05
0.000169159
0.000253081
0.000659797
0.00014634
0.000194014
0.000203791
0.000334032
0.000168207
0.000432611
0.000536143
0.000468661
0.000305697
0.000495316
0.000306603
0.00102003
0.000243481
0.000554601
0.000307943
3.7292e-05
0.000597522
0.000286549
0.000307845
0.000289552
0.000355299
0.000263769
0.00010338
0.000277174
0.000181971
0.000169725
0.000427062
0.000236016
0.000228096
0.000329209
0.000556855
0.000411368
0.000192905
0.000321173
0.000456811
0.000237518
0.000187825
0.000367545
0.000270824
0.000213656
0.00030356
0.000271207
0.000182564
0.000363174
0.00023925
0.000279667
0.000527096
0.00041252
0.000402674
0.000211593
0.000115913
0.000309549
0.000213012
0.000317836
9.38627e-05
0.000230881
0.000239321
4.17532e-05
6.69992e-05
0.000164307
0.000215608
0.00118816
0.00046655
0.000315972
0.000165584
0.000763112
0.000148064
0.000183102
0.000146244
0.000261414
4.85221e-05
0.000350472
0.000865118
0.000471467
0.000117763
0.000646877
0.000643949
0.000932694
0.000613321
0.00131744
0.000477866
0.000212937
0.000264716
0.000178354
0.000403214
0.00180401
4.34645e-05
0.000174032
0.000111558
0.00037037
0.000563087
0.000297905
0.000383613
0.000205842
0.000282483
0.000274513
0.000129123
0.000312105
0.000533676
0.000212534
0.000319274
0.000174944
0.000130593
0.000289881
0.000486798
5.13117e-05
0.000221055
0.000666988
0.000267565
0.000329441
7.88121e-05
0.000253074
0.000402251
7.1902e-05
0
0.000409044
0.000215168
0.000241632
0.000184931
0.000266316
0.000283481
0.000186919
0.000119303
0.00024567
0.00022017
0.000586574
0.000151707
0.000336143
0.000407208
0.000191232
0.00131822
0.00080957
0.00103685
0.000915365
0.000323277
0.00160688
7.27717e-05
0.000256004
0.000228041
9.704e-05
0.00027489
0.000201338
0.000224903
0.000194328
0.00038115
0.000272065
5.88131e-05
0.000332677
0.000437977
0.000655653
0.000476155
0.00032741
0.000137833
0.000424874
0.000598994
0.00127859
4.89968e-05
0.000276664
0.00025036
0.000147563
0.000277422
4.46093e-05
0.000154783
0.000192639
0.00163322
0.000862167
0.000113323
0.00083558
0.000376848
0.000258629
0.000836705
0.000193025
0.000160461
1.31907e-05
0.000199826
0.000308653
0.000336411
0.00201829
0.000228717
0.000404984
0.000225032
0.000199495
0.000290772
0.00228414
0.000114357
0.000394805
0.000148472
0.000142903
0.000230637
0.000237032
0.000277604
0.000369166
0.000400451
0.000203991
0.000520193
0
0.00114438
0.000102876
0.00089273
0.000201008
0.000169113
2.7555e-05
0.00100295
8.54183e-05
0.000169817
0.000203614
0.000381725
0.000188476
0.000543308
0.000538002
0.000797211
0.000496347
0.000302525
0.00025256
0.000288385
3.95898e-05
0.000224921
0.000372642
0.00027185
0.000813235
0.000520715
0.000230197
0.000359722
0.000243548
0.000764893
0.000203825
0.00104604
0.000184207
0.00126458
0.000462208
0.000283972
0.000275259
0.000571527
0.0012075
0.000432955
0.000100826
0.000527694
0.000246777
0.000374018
0.000306149
0.0046601
0.000221533
0.000463062
0.000245546
0.000222235
9.06388e-05
0.000221128
0.000696533
0.000289741
0.000266603
0.00028046
0.000327896
0.00325516
0.000400548
0.000132087
0.000400051
0.000562086
0.000467589
0.000165691
0.000770463
0.000685917
0.000155746
0.000225236
0.000334468
0.00019269
0.000348404
0.000231643
0.000350951
0.000821368
0.000158413
0.000264613
0.000127634
0.000212198
0.000740711
0.000328897
0.000288598
0.000572177
0.00010288
0.000192811
0.000462846
0.00073761
0.000263778
0.000156559
0.000199033
0.000362119
0.000310902
0.000108468
0.000140657
0.00016667
0.000842788
0.000318126
0.000747196
0.000339254
0.000357246
0.000413163
0.000497228
2.52585e-05
0.000237588
0.000130292
0.000277318
0.000109898
0.000170693
0.000136709
0.000336762
0.000456486
0.000318555
0.000278749
0.000665282
0.000229235
0.000307651
0.000191908
0.000178128
0.000327493
0.000490468
0.000142072
0.000168206
0.00029685
0.000203712
0.000103325
0.00366496
0.000189768
0.000441999
0.000345159
0.000219526
0.000183413
0.000439884
0.000413359
0.000142083
0.000413974
5.24823e-05
0.000264332
0.000346672
0.00143598
0.000282462
0.000236083
0.000254604
0.00044012
0.000122603
0.000202045
0.000333101
0.00109033
0.000113131
0.000329166
0.000565871
7.63407e-05
0.000395517
0.000541605
0.0036208
0.000196996
0.000195475
0.000103062
0.000389943
0.000131871
0.000141301
0.00044706
0.000474262
0.00151028
9.90405e-05
0.000137991
0.00054265
0.00043236
0.000547616
0.000380309
0.000191775
0.000339256
0.000100148
7.08034e-05
4.94852e-05
0.000320683
0.000285789
7.77778e-05
0.00030238
0.000274453
0.000785004
0.000742394
0.000396486
0.000405286
0.000160552
0.000205061
0.000155867
0.00017714
0.00112603
0.000348685
0.00175222
0.000193699
6.84454e-05
0.000557487
0.00053783
0.000268182
0.000499543
0.000370704
0.000614103
0.000235505
0.000999213
0.000408949
0.000317931
0.000450973
0.000459921
0.000344729
0.00204999
0.000261819
0.000120313
0.000526221
0.000166528
0.000147982
0.000190663
0.000264129
3.57939e-05
0.000385498
5.80056e-05
0.000308203
0.000117033
0.000173789
0.000152153
0.000292793
0.00027264
0.000319904
0.000339429
0.000270866
0.000369369
0.0187976
0.000411667
0.00010465
0.000155776
7.77291e-05
0.000257623
0.00036736
0.00273834
0.000925735
4.09749e-05
7.65111e-05
0.000300786
0.000302352
0.000141694
0.000336262
0.000235127
0.00018797
0.00136786
0.000381923
0.00106153
0.000341054
0.000108916
0.000202718
0.000276591
0.000102124
0.000262153
0.000350199
0.000520388
0.000182367
7.80208e-05
0.000467454
0.000316921
0.000233846
0.000265341
0.000405429
0.000309574
0.000339009
0.000330063
0.000326169
0.000281731
0.000491214
0.000632063
0.000178448
0.000136171
0.000101904
6.33729e-05
0.000100476
0.000290945
0.000319507
0.000365399
0.0017392
0.000104015
0.000453246
0.000216098
0.000206622
0.000484577
0.00052685
0.000245994
0.000364814
0.000692082
0.00112385
0.00312115
0.000612159
0.000295333
0.000353101
0.000167964
0.000219398
0.000700361
0.000207591
0.000230131
0.00029606
0.000333744
0.000227339
0.000269963
0.000387497
0.00013039
0.000416106
0.00041919
0.00070054
0.000459136
0.000369735
0.00026679
0.000244199
0.000222435
9.39185e-05
0.000432567
0.000245929
0.000317003
0.00064363
0.000213633
0.000256669
0.00151301
0.000309296
0.000296844
7.42371e-05
0.000516571
0.000174745
0.000298712
0.000414425
0.00111112
0.000312277
0.000172003
0.000195667
0.000172084
0.000395602
0.000450908
0.000274556
0.000276953
0.000640104
0.000481018
0.000429465
0.000499193
0.000284925
0.000304793
0.00255029
0.000197393
0.000251389
0.000224283
0.000268887
0.00048839
0.000615169
0.000208059
0.000380772
0.00024141
0.0005533
0.00042599
0.0011685
0.000303186
0.000232603
0.000176718
0.000444983
0.000558511
0.000412467
0.000177178
0.000335895
0.000158378
0.000101102
0.00045552
0.000288381
0.000411561
0.000195485
0.000794035
0.000342248
0.000600901
0.000312158
0.0001784
3.62253e-05
9.58094e-05
3.62542e-05
0.000336373
0.000178445
0.00181099
0.000176888
0.000384256
0.00046781
0.00106321
0.000343135
0.000299179
0.000267184
0.000162236
0.000224442
0.000279363
0.000245735
0.000211445
0.000168155
0.000121913
0.000746891
0.000432579
0.000140117
0.000210427
0.000279849
0.000261721
0.000196368
0.000228455
0.00334149
0.00045953
0.000469745
0.000129099
5.52004e-05
0.000204578
0.000343202
0.000255754
0.000584077
0.000328556
0.000861996
0.000203971
0.000646452
0.000725198
8.44419e-05
0.00048703
0.000369
0.000311021
0.000102582
0.000379845
0.000187469
2.36424e-05
0.000114082
0.000236771
0.000552085
0.0002972
0.000566156
0.00213097
0.00065887
0.000548045
0.000411488
0.000482208
0.000215206
0.00120786
9.42882e-05
0.000265761
0.000152308
0.000318008
0.000324327
9.63647e-05
0.000340109
0.000306395
0.0150168
0.000208065
7.57704e-05
0.000220831
0.000136849
0.000143854
0.000442496
0.000467548
0.000285539
0.00750501
0.000382895
0.000531375
0.000119799
0.000347859
0.000249281
0.000282387
0.000328608
0.000434434
0.000391645
0.000419276
0.000234693
0.000345067
0.000439763
0.000303736
0.000466234
0.000182712
0.00011529
0.000249726
0.000136405
0.000196864
0.000298472
0.000141908
0.000299264
0.000380532
0.00019963
0.000537793
0.0023335
0.000521598
0.000371651
0.000335535
0.000234428
0.00024829
0.0004675
0.000326114
0.000449194
0.000222438
0.00035061
0.000228207
0.000432955
7.03214e-05
0.000126231
8.9934e-05
0.000300829
3.07471e-05
0.000899422
0.000251113
0.000157244
0.000384993
0.000177089
0.000247702
0.000351328
0.00016899
0.000150035
0.00162514
0.000229736
0.000364273
0.000590804
0.000229275
0.000570335
0.000330909
6.6443e-05
0.00024846
0.000338368
0.000313261
0.00016784
0.00039102
0.000216235
0.000193254
0.000132085
0.000533262
0.000239479
0.000778153
0.000890583
0.00014683
0.000504222
0.000263187
0.000611591
0.000137994
0.000153766
0.000300135
0.000236783
0.000264523
0.000685599
0.000229273
0.000234639
6.16545e-05
0.000519353
0.000270186
0.000269057
0.000268916
0.000179558
0.000178972
0.000128889
0.000162423
0.000229266
8.75625e-05
0.00064208
0.000320551
7.38484e-06
0.000414337
0.000218741
0.020324
0.000520985
0.00020527
0.000267758
0.000640279
0.000290114
0.000435045
0.000166535
0.00034816
0.000133749
0.000204414
0.000242756
0.00117335
0.000150857
0.00119806
0.00047358
0.000343997
0.000967583
4.90586e-05
0.000637941
0.000159465
0.000222254
0.000142307
0.000324283
0.000332163
0.000290181
0.000122455
3.57677e-05
5.21645e-05
0.00032548
0.000342184
0.000672771
0.000315539
0.000276206
4.66393e-05
0.000381832
0.00107411
0.000267524
0.000372595
0.00018355
0.000410545
0.000363829
0.000276161
0.000316197
0.000392539
0.000278532
0.000606336
0.00040641
0.000206268
0.000246472
0.000314579
0.000159953
0.000287869
0.000153129
0.000248823
0.000490433
0.0020185
0.000193903
0.000209941
0.00024054
8.07244e-05
0.000579585
0.000444571
8.67651e-05
0.000340376
0.000538329
0.000738036
0.000368909
0.000138052
0.000331458
0.00352973
0.00023789
0.000277549
0.000160934
0.000335866
0.000108524
0.000235294
0.000766865
0.000154831
0.000405316
0.000847401
0.000380787
0.000422434
0.000526458
0.00019348
0.000112406
0.000183685
0.00751731
0.00290221
0.000427012
0.000991053
4.01726e-05
0.000326128
0.00047093
0.000112291
0.000770387
0.000365806
0.000458275
0.000254325
0.000438302
0.000246643
0.000377325
0.000301952
0.000222185
0.000104828
0.00130062
0.000128021
0.000484908
0.000299228
0.000307458
0.000303497
0.000111808
0.000256952
0.000824381
0.000241404
0.000536645
0.000405543
0.000294388
0.000334138
4.63103e-05
0.000305785
0.000204951
0.000358967
0.000227874
0.00107993
0.00221425
0.000206215
0.000166341
0.000931307
0.000175049
0.000396269
0.000412532
0.000247574
0.000530657
0.108889
0.000256751
0.000257755
0.000349566
0.00202452
0.000320093
0.000505481
0.000121387
0.00050304
0.000401185
0.00267641
0.000150424
0.000368035
9.01361e-05
0.000119202
0.00025293
0.000276875
0.000245663
0.000278147
0.00175521
0.000678449
0.000772766
0.000277606
0.000817423
0.000169555
0.000438519
0.000182202
0.000194178
0.000647107
0.000237579
0.000248903
0.000446423
0.00118035
0.000176343
0.000155376
6.88502e-05
0.00035634
0.000312547
0.000256934
0.000473074
0.000749624
0.000928598
0.000112451
0.000170309
0.000281608
0.000204489
0.000685948
0.000585601
0.0015064
0.000191108
0.00031132
0.000424989
0.000933509
0.000283109
0.000167346
0.000552284
0.00316775
0.000291493
0.000216373
0.00026588
0.00163541
0.000157604
0.000136523
0.000495431
0.00025336
0.000855236
0.00041676
3.92814e-05
0.000420042
0.00265399
0.000348182
0.000269535
0.000194951
0.000270841
0.000219293
0.00120689
0.000293895
0.000313902
0.000167874
0.000175459
0.00027358
0.00013034
0.000326808
0.00050532
0.000137392
0.000490798
7.65863e-05
0.000401867
0.000218028
0.000918194
0.000268045
0.000185156
0.000978661
0.00030057
0.000199959
0.00107925
0.000171738
0.000715178
0.000642706
0.000379174
0.000285852
0.000169881
0.000269285
0.000675616
0.000498059
0.000320659
0.000349115
0.000150624
0.000647645
0.00027618
0.00116823
0.000846829
0.000326655
0.00116613
0.000158316
0.000143275
0.000280504
0.000156411
9.6941e-05
0.000181727
0.000309736
0.000145413
0.000229749
0.000137517
0.00020901
0.000164121
0.00237847
0.000265546
0.000275586
9.24644e-05
0.000353157
0.000268378
0.000170194
0.000231014
0.000569171
0.000500182
0.000213561
0.000660779
0.000131137
0.000311521
0.000780203
0.000173575
0.000181134
0.000270808
0.000144054
0.000730737
0.000591502
0.000219044
0.000174152
0.000118555
0.000249088
0.000577917
0.00010557
0.000285476
0.000964014
0.000477644
0.000684401
0.000190974
0.000306645
0.000374108
0.000573235
0.000211684
0.000490323
0.000300011
0.000343415
0.000395402
0.000772779
0.000854704
0.000285454
0.000104446
0.000583186
0.00103115
6.52747e-05
0.000267891
0.000260587
0.000235889
0.000182695
0.000148521
0.000285647
0.000221133
0.000271217
0.000862017
6.00481e-05
0.000294692
0.000265654
0.000149664
0.00017187
0.000351222
0.000327307
0.000371059
0.000194116
0.000136161
0.000291535
0.00055136
0.000162605
0.000282563
0.000874207
0.000430674
0.000439133
0.000244454
1.64365e-05
0.000153058
0.000102054
0.000193659
7.17337e-05
0.000246075
0.000219559
0.000183979
0.00104875
0.00215825
3.55611e-05
0.000466071
0.00146425
0.000768405
0.000138499
0.000157025
0.000431583
0.000190598
4.44158e-05
0.000355322
0.00022095
0.000356504
0.000513866
0.00175598
0.000564505
0.000277462
0.000160636
0.000274029
0.00424773
0.000460525
0.000973926
0.000661569
9.04979e-05
0.0013192
0.000829329
0.000121022
0.000167529
0.000361917
0.000655988
4.69182e-05
0.00054697
0.000202253
0.000146874
0.000174215
0.000362923
0.000199461
0.000566716
8.95213e-05
0.000289824
0.000164402
0.000453833
0.000122105
0.000350122
0.000206263
7.67196e-05
0.000483626
0.000191544
0.000529029
0.00264129
0.000755922
0.000600246
0.000182123
0.000266845
0.000296656
0.000435615
0.000451641
0.000374176
0.000452715
7.65176e-05
0.000629618
0.000260313
0.000346099
0.000305541
0.00269275
0.000805891
0.000146504
0.000242682
0.000420278
0.000883289
9.59189e-05
0.000597576
2.18919e-05
0.00154866
0.000566471
0.000287762
0.00181213
0.000413341
0.000703365
0.000208711
0.000254232
0.000234505
0.0118355
0.000206969
0.000198685
0.00426599
0.000260612
0.000303888
0.00014553
0.000427459
0.000134139
0.000503131
0.000250687
0.0004676
0.000314701
0.000437752
0.000175079
0.000494821
0.000455154
6.76918e-05
0.000542997
0.000674642
0.000439696
0.00057825
0.000402209
0.000344037
0.000134355
0.000194633
0.000103143
0.00017603
0.00018993
0.000273045
0.000609842
0.000435142
0.000317571
0.000145818
0.000261938
0.000357888
0.000186039
0.00011093
0.00264024
0.000902354
0.00664958
0.000752721
0.000262915
0.000744369
0.00115626
0.000221604
6.03246e-05
0.000395756
0.00107092
0.00012167
0.000536045
0.000112918
0.000159878
0.000217839
0.000266521
0.000482844
0.00113957
0.000272105
0.000369112
0.000428413
0.000275883
0.000177181
0.000233673
0.000153944
0.000201359
0.000216044
0.000174176
0.000508316
0.000189723
0.000245709
0.000612547
0.000354863
0.00018311
0.000199635
0.000652759
0.000213032
0.00041414
0.000280048
0.000400119
0.000246813
8.66819e-05
0.000241269
0.000561016
0.000369073
0.000465711
9.34626e-05
0.00148771
0.000305218
0.000306765
0.000184234
0.0014607
0.00024493
0.000144345
0.000170083
0.000156756
0.000132728
0.000137526
0.000223388
0.000480824
0.000450186
0.000254274
0.000397398
0.00206858
0.000207451
0.000668291
0.000167292
5.7007e-05
0.000533761
0.00147236
0.000134027
0.000293476
0.00286636
0.000301922
0.000711326
0.000347377
0.000877915
0.0002338
7.73542e-05
0.000450339
0.000148391
0.000128254
5.00731e-05
0.000378936
0.000401143
8.95967e-05
0.00059427
0.000102173
0.000390713
0.00738165
0.000147054
0.000112565
0.000215127
0.00177861
0.00204309
0.000195708
4.41941e-05
0.000211452
0.000298047
0.000394202
0.00029985
0.00317471
0.000123983
0.000842334
0.000101656
4.7951e-05
0.000152202
0.000450153
2.74487e-05
0.00171704
9.50193e-05
0.000129421
0.000211594
0.000187191
5.20006e-05
0.000196062
0.000334443
0.000253335
0.000214013
0.000460495
0.00194639
0.000412595
0.000506914
0.000240607
0.000408145
0.000454664
0.000104086
0.000168435
0.00443857
0.000615448
0.00022745
0.000428414
0.000112195
0.000184939
0.000242303
0.000319986
8.68498e-05
0.000316808
0.00090392
0.00019864
0.000241005
0.000150692
1.08701e-05
7.59309e-05
0.000256828
0.000525212
0.000196483
0.000185619
0.000121939
0.000536487
0.00112692
0.000435906
0.000362393
0.000946963
9.8329e-05
0.00026083
8.375e-05
0.000281355
0.000325405
0.000179206
0.000152663
0.000500045
0.000408448
0.00044244
0.000668544
0.000366007
0.000424383
0.00029288
0.000204073
0.000175207
3.34707e-05
0.000377451
0.000250921
0.000921091
0.000564035
0.000176208
0.000565593
0.000112925
0.000428391
0.000114082
0.00025282
0.000145355
0.00022572
0.000139801
5.26265e-05
0.000224976
0.000339039
0.000404692
0.000138683
0.000570531
0.000293056
0.000262498
0.000468919
0.00419103
0.000329414
5.72149e-05
0.00106198
0.000447848
8.28065e-05
0.000241255
0.000165225
0.000278354
0.000287507
5.9878e-05
0.000256318
0.00135581
0.000558076
0.000555386
0.000198898
0.000571536
8.52614e-05
0.000148718
0.000192826
0.00441796
5.94778e-05
0.000268809
0.000303059
0.000615332
0.000374562
0.000337373
0.000340268
0.000529803
0.000378322
0.000556933
0.000293068
0.000139631
0.000296663
0.000913576
0.000362354
0.000292685
0.000231337
0.000299018
0.000717372
0.000250959
0.000220171
0.000356269
0.000210119
0.000312512
0.0005849
0.000473925
0.000144057
0.000184837
0.000340804
0.000349908
0.000274131
0.000194309
0.000226571
0.00268023
0.000288032
0.000188696
0.000512913
0.000216793
0.00070178
0.000162945
0.000336943
0.000230361
0.000501436
0.000291244
0.000381461
0.000574481
0.000199656
0.000156244
0.000322013
0.000357827
0.000188322
5.75194e-05
0.000427697
0.000466785
0.00010722
0.000189032
0.00056074
0.000293124
0
0.000800685
0.000459905
0.000248298
0.000110604
0.000581366
0.000133274
0.00196527
0.000240286
0.000403586
0.000379825
0.000215308
0.000225888
0.000830857
0.000347829
0.000282593
0.000190045
0.000186319
0.00305366
0.000233533
0.000219147
0.000293663
0.000135302
0.000478542
0.00059892
0.000407361
0.000521111
0.000448245
0.000567847
0.000252338
0.000417801
0.000221047
0.000423541
0.00129583
0.000499553
0.000323108
0.000212034
0.000243488
0.000282404
0.000265837
0.00036397
0.00151418
0.00104237
0.000343225
0.000240916
2.76401e-05
0.00386444
0.00185453
0.000231504
0.000275247
0.000485055
0.000690102
0.000441409
0.000564
0.000293627
0.000386001
0.000141194
0.000522275
0.000354752
0.0127114
0.000517424
0.000247219
0.000327155
0.000273568
0.000389559
0.000265468
0.000367838
0.000297901
0.000542823
0.000341463
0.000149252
0.000196246
0.000257418
0.000114692
0.000645142
3.4555e-05
0.00053029
0.000133766
0.000189205
0.000620643
9.13759e-05
9.96194e-05
0.000161817
8.94336e-05
0.000315886
0.000104208
0.000290648
0.000769283
0.000491078
0.000286628
0.000197956
0.000297937
0.00746984
0.000652913
0.000314959
0.000265847
0.000305973
3.35999e-05
0.000164547
0.0002056
0.000273496
0.00041614
0.000164716
0.000664614
0.000266372
0.000413945
0.000105649
0.000181397
0.000109428
0.000169058
0.000288948
0.000228293
0.000437026
0.000277182
0.000581055
0.00042429
0.000211953
0.000271161
0.000258007
0.00013337
7.4026e-05
0.000717498
0.000454854
0.000280111
0.000207794
0.000135774
8.55056e-05
0.000356733
0.000232616
0.000466526
0.000220301
0.00044749
0.000406345
0.000678261
0.000529965
0.000290569
0.000303321
0.000517746
0.000559648
0.000482418
0.000305845
0.000985258
0.000285355
0.00172654
0.00014611
0.000441288
0.000214715
0.000107926
0.000318106
0.000344168
0.000853837
0.000184032
0.00128257
0.000448337
0.000123809
0.000312396
0.00025472
0.000334497
0.000132885
0.000196503
0.000142578
0.000308353
0.000458479
8.41975e-05
0.000201279
0.000264487
0.000316819
0.000475571
0.000121685
0.000939038
0.000145746
0.000252225
0.000183731
2.49196e-05
0.000219241
0.00015778
4.89257e-05
0.0028788
0.00083514
0.00116119
0.000300916
0.000508627
0.000118031
0.00035299
0.000319306
0.000227366
0.000290541
0.000416658
0.000285138
0.000255408
0.000167583
0.000295233
0.000544671
0.000663328
0.00212636
0.000276444
0.000548385
0.000540768
0.000243252
0.000873639
0.000239571
0.000160103
0.000984223
0.000126753
0.000362587
0.00032023
0.000235613
0.000245938
0.000270656
0.000232352
0.000191666
0.000150935
0.000130829
0.00054643
0.000275356
0.000168612
0.00080688
0.000328766
0.000417253
0.000345227
7.32311e-05
0.000132813
0.000100318
0.00155012
0.000298603
0.000386057
0.000331431
5.41048e-05
0.000367892
0.000269313
0.000228699
0.00050123
0.000163488
0.000105404
0.000332169
0.000256248
0.000274839
0.000437219
0.000131769
0.000647875
0.00020454
0.000129588
0.000590343
0.00095788
0.00111284
5.4651e-05
0.000275218
0.000336684
0.000638086
0.000229369
0.000294617
0.000150581
0.000252768
0.000748797
0.000406358
0.000217021
0.000168634
0.00133315
0.000131206
0.000305925
0.000277041
0.000161666
0.000463653
0.000665165
0.000674919
9.97845e-05
0.00032839
0.00178166
0.000328055
0.000416433
0.000124672
0.000211149
0.000376019
0.000407852
0.000274344
0.000204451
0.000201387
8.90455e-05
0.000119093
0.000179097
0.000222558
0.000205689
0.000644003
0.000509559
0.000210085
0.000158272
0.000595547
0.00050814
0.000177117
0.000125251
0.000426588
0.000142511
0.000205895
0.00068982
0.000119183
0.0018134
0.000455656
0.000274168
0.000361759
0.000201728
0.000430943
0.000616719
0.000454849
0.000203355
0.000497071
0.000718803
0.000431355
0.000266076
0.000515329
0.000177404
0.000227785
0.000721527
0.000398897
0.000270692
0.000134271
0.000574483
0.000233898
0.00530514
0.000343903
0.00128341
0.000672107
0.000741004
0.000527421
0.000428704
0.000210844
0.000232346
0.000132906
0.000318985
0.000170128
0.000242175
0.000436243
0.000267986
0.000701235
0.000197875
0.000209951
0.000522649
0.000171649
0.000716921
0.000451026
0.000285064
0.000303334
0.000331717
0.000237683
0.00085749
0.000179212
0.000276438
6.4825e-05
0.00023692
0.0019273
0.000101403
0.000672469
0.000669516
0.000156438
0.000689784
0.000354115
0.000285431
0.000465994
0.000143921
0.000347417
0.00154936
0.000597008
0.000371436
0.000216305
0.000755811
0.000621851
9.92529e-05
0.000724672
0.000339596
9.89225e-05
0.00014083
0.000278704
0.000331604
0.000289281
0.00263159
0.000169344
0.000318438
0.00116877
0.000629673
0.000330641
0.00030708
0.000691893
0.000467371
0.000658946
0.000145523
0.000422726
0.000132887
0.000349828
0.000149704
0.000201016
6.39375e-05
0.000407816
0.00033678
0.000178855
0.000284751
7.81098e-05
0.000105558
0.000458081
0.000241363
0.000914072
9.72262e-05
0.00033835
0.00035316
0.000348866
8.82811e-05
4.37346e-05
0.000190176
0.000302993
0.00025565
0.00056881
0.000237616
0.000347157
0.00059586
4.16544e-05
0.000382331
7.24406e-05
0.000319952
0.000235099
0.000144418
0.000262169
0.000174512
0.000402089
0.000192256
0.00101183
0.000401758
8.41097e-05
0.000195514
0.00121444
0.000513696
0.000772633
0.000180773
0.00145527
0.00323522
0.000547491
0.000253844
0.000153692
0.000306858
0.00019785
0.00053434
0.000268109
0.000188278
0.000399521
0.00026932
0.000385169
0.000376267
0.000205268
7.39989e-05
0.000298296
0.000208033
0.000912981
0.000602549
0.000232937
0.000173242
0.000318704
0.00172135
0.000419035
0.000666029
0.00036379
0.000445668
0.000260729
0.000394594
0.000204638
0.000222726
0.000198176
0.00039602
0.000675864
0.000215206
0.000251951
0.000303952
6.98604e-05
0.000191671
0.00040139
0.000159014
0.000561535
0.00034973
0.000395595
0.0316487
0.000551289
0.000260304
0.000127715
0.000192436
0.000345169
0.00118625
0.000299944
0.000364251
0.000224873
0.000315502
0.000740639
0.000330238
0.000713151
0.000676434
0.000164408
0.000109608
0.000910745
0.000171638
0.00023229
0.000527309
0.000118708
0.000928399
0.000153677
0.0001571
0.000221358
0.000273766
0.000195257
0.000588236
0.000307164
0.000675322
0.000210363
0.000264486
0.000273143
0.000130822
0.000423612
0.000300391
0.000265265
0.000170373
0.000387441
9.58968e-05
0.000203273
0.000434667
0.000515745
0.000436224
0.000412626
0.000128565
7.40487e-05
0.000201737
0.000245952
0.000277355
0.000398333
0.000448434
0.000361668
0.000619196
0.000261122
0.000383969
0.000156686
0.000191863
0.000183206
0.000287954
0.000385704
0.000464489
0.000229237
0.000393895
0.000193868
0.000456665
0.000162049
0.000661398
0.000426022
0.000274005
0.000320194
0.000498666
0.000204174
0.000145829
0.00128286
9.96942e-05
0.000107519
0.000352775
0.00140739
0.000369078
0.000133677
0.000539709
0.000300238
0.000415874
8.73086e-05
0.000441803
0.000206614
0.000283197
0.000203673
0.000305427
0.000272909
0.000746966
0.000116924
0.000604907
0.000349938
0.000131277
0.000105875
0.00203096
0.000321205
0.000250073
0.000215463
0.000389101
0.000286099
0.000180262
0.000143542
0.000110008
0.000335586
0.000646026
0.000263364
0.000142835
0.000394733
9.41783e-05
0.00027719
0.000207262
0.000551045
0.000398387
0.000276952
7.42078e-05
0.000190098
0.000188038
0.000309312
0.000460131
0.000327466
0.000145257
0.000374921
0.000163064
0.000435854
0.0183751
6.03903e-05
8.92997e-05
0.000317557
0.000478216
0.000845872
0.000120816
0.000330401
0.000101375
0.000560654
0.000296897
0.000243722
0.000103404
0.00123338
0.000255481
3.78677e-05
0.0049211
0.000410686
0.000514073
0.000145661
0.000108783
0.0002874
0.000339341
6.93231e-05
0.000255936
0.000312563
0.000491565
0.000331319
0.00015348
0.000122225
0.000548128
0.000446745
0.00066139
0.000439441
0.000638103
0.000419365
0.000156071
0.000602469
0.000295388
0.00109902
7.90501e-05
0.000270392
0.000142457
0.000225927
0.0041344
7.31976e-05
0
0.000224015
0.000222052
0.000365548
0.000585134
0.000158632
0.000412274
0.000443445
0.000130901
0.000971538
0.000236571
0.000420458
0.000149616
0.000196758
0.000982366
0.000559244
0.000161577
0.000506479
0.000337553
0.000221589
0.000219195
9.92012e-05
0.000143719
0.000702286
0.000351602
0.000498966
0.000485524
0.000154229
0.000124828
0.000409555
0.000217881
0.00026192
0.000384457
0.001023
0.000233232
0.000435322
0.000223373
4.21673e-05
0.000351714
0.00531549
0.000251892
0.00109957
0.000451101
4.42911e-05
0.000519506
0.00058354
3.61599e-05
0.000197918
0.000263353
0.000213814
1.26836e-05
9.31737e-05
0.000469451
0.000295493
0.000154012
0.000214374
0.000778335
0.000121989
0.000221901
0.000134225
6.10446e-05
0.000208096
0.000282422
0.00125121
8.59927e-05
0.000981791
0.000134187
0.000209592
0.000370219
0.000561415
6.01456e-05
0.000708688
0.000174852
0.000352927
0.000667691
0.000138268
0.000589672
0.000379518
0.000498436
0.000464313
0.000131097
0.000196198
0.000249321
0.000151262
0.00055157
0.00828241
0.000310163
0.000751047
0.000430022
0.000554055
0.00014582
8.66485e-05
2.73916e-05
0.00030115
0.000360726
0.000138428
0.000366164
0.000775208
0.000237083
0.000846107
0.000465277
0.000410545
0.000531504
0.000443494
0.000201594
0.000234333
0.000210635
0.000252511
0.000224969
0.000371913
0.00108148
0.00109998
0.000125313
0.000507904
0.000789489
0.000240548
0.000226418
0.00044105
0.000121269
0.000809471
0.000443087
0.00036995
0.000304549
0.000224426
0.000539313
0.000137095
0.000125998
0.000107736
0.000204117
0.00029203
0.000103095
0.000519327
0.00024522
3.85703e-05
0.00011456
0.000275677
6.45388e-05
0.000407127
0.000923494
0.000192714
8.28675e-05
0.00196676
0.000229268
0.000341213
0.000269667
0.00038036
0.000137169
0.000141112
0.000247007
0.000247349
5.74845e-05
0.000407649
0.000293018
0.000408837
0.000129816
0.000514341
0.000386759
0.000387175
0.000309612
0.000188912
0.000257629
0.000292076
0.000322969
0.000308364
0.00019664
0.00231838
0.000460579
0.000598377
0.00018268
0.000571772
0.000655195
0.000255381
0.000687216
0.00169167
0.000596237
0.000186376
0.000786223
0.00032651
0.000339246
0.000144588
0.000266401
0.000435323
0.00105407
0.00012522
0.000398553
0.000165215
0.000229957
0.00104669
0.000309334
0.000215464
3.47115e-05
0.000276992
2.92064e-05
0.000284277
0.00026097
6.66939e-05
0.00023997
0.000342404
0.000609418
0.000278208
0.000436235
0.000467135
0.000216633
0.000224449
0.000430412
0.000390921
0.00325969
0.000168192
0.000124593
0.000226218
0.0002232
9.43147e-05
0.000328945
0.000912809
0.000365288
0.000296493
0.000304372
0.000229481
0.000133708
0.000940565
0.000397183
0.000334445
0.000170557
0.00127873
0.000158581
0.00105968
0.000243663
0.000223636
9.26671e-05
0.000471958
0.000833393
0.000138516
0.000157334
0.000371558
0.000183189
0.000910342
0.000154632
0.000359906
0.000295388
0.000346786
0.000185304
0.000292009
0.000117187
0.000166397
0.000280033
0.00051908
0.000243121
0.000114786
0.000258331
0.000277912
0.000331735
0.000199211
0.000293587
9.19684e-05
0.000343358
0.000185505
0.000419433
0.00019061
0.000444335
0.000167283
0.000459268
0.000403152
0.000285823
0.000640222
0.000282362
0.000172727
0.000343895
0.00020903
0.000308326
0.000208769
0.000129871
0.000273112
0.000435264
0.000344297
0.000415775
0.00047735
0.0001834
0.000195519
0.000253518
0.000331761
0.000449637
0.00030467
0.000240715
0.00015944
0.000578561
5.79673e-05
0.000107163
3.92036e-06
0.000114435
0.000142129
0.00011054
0.000233498
6.80322e-05
0.000622059
0.000490145
0.000137513
0.000294464
0.000479076
8.7159e-05
0.000213486
0.000174243
0.000301739
6.06956e-05
0.000355713
0.00039179
0.00023441
0.00029767
0.000249912
0.000340347
0.000284968
0.000111231
0.000418467
0.000490087
0.00013038
0.000498541
0.000696591
0.000197452
0
0.000286288
0.00038336
0.000502104
0.000558976
0.0011744
0.000414143
6.81926e-05
0.000231847
0.000518412
0.000232026
0.000654628
0.000425377
0.000196253
0.000371189
0.000363883
0.000307317
0.000124854
0.000450769
0.000239754
0.000270275
0.000107516
0.000343183
0.000266068
0.00619692
0.000202461
0.000595913
0.000313709
0.000252554
0.000253194
0.000174965
0.00011669
0.000175969
0.000180006
0.000258313
0.000408563
0.000414194
0.000444398
0.000230588
0.000481894
0.000462508
0.000335322
0.00068098
0.000596768
0.000314068
0.000435263
0.000237372
0.000229825
0.000339462
0.000745367
0.000230708
0.000307843
6.44371e-05
0.000384078
0.000316633
0.00024289
0.000377565
0.000190184
2.55017e-05
0.000321734
0.000400268
6.72418e-05
0.00027114
0.000155968
0.000288954
0.000672133
0.000555623
0.0135372
0.000217564
0.00260474
0.000637801
0.000334024
0.000209596
0.000411788
0.000279623
0
0.00015358
0.000458303
0.000425708
0.000755446
0.000867222
0.000373405
0.00156721
0.000428954
0.000416196
0.000325088
0.000254949
0.00268647
0.000130422
0.000288909
0.000380217
0.000224671
6.81445e-05
0.000274099
0.000183028
0.00107239
0.00021662
0.000187151
0.000496168
0.000384803
0.00040355
0.000191406
0.000179393
0.000381962
0.000389075
0.000189969
0.000339544
8.71934e-05
0.000272486
0.000888607
0.000172247
0.000278972
0.00019236
0.000455418
0.000423769
0.000359146
0.000150946
4.7275e-05
0.000103544
0.00115567
9.08175e-05
0.000410284
0.00031392
0.000396862
0.00048746
0.000285344
0.000486064
0.0001216
0.000361401
0.000482392
0.00016675
7.924e-05
0.00115347
0.000368769
0.000184317
0.000215851
0.000359537
5.95246e-05
0.000136247
0.000208644
0.000390803
0.000550354
0.000971595
0.00119176
0.000247407
3.12734e-05
0.000324892
0.000184716
0.000343105
0.000262032
0.000421124
0.000140236
0.000182856
0.000247502
0.000489622
0.000278448
0.000235517
0.000283166
0.000317987
0.000402414
0.000167473
0.000185263
0.00241296
0.000357685
0.000145904
0.00020932
0.000320178
0.000366701
0.000158813
8.81877e-05
0.000265578
0.000733852
0.000471975
0.00105159
0.000761412
0.000126412
0.000280839
0.000194086
0.000162415
0.00032538
2.84769e-05
0.0010086
0.000379624
0.000178692
0.00031151
0.00140246
0.000465173
0.000170191
0.00281536
0.000682434
0.00164404
0.000199913
0.000142396
0.000244743
0.000397369
0.000182624
0.000201001
0.000150508
8.70454e-05
0.000328491
0.000567405
6.98251e-05
0.000289292
0.000156402
0.000440208
0.000535707
0.000525957
0.000131637
0.000254599
0.000127216
0.000132653
0.000163376
0.000115797
0.000117061
0.000131755
0.000518312
0.000171678
0.000582781
0.000360302
0.00020595
0.000519473
0.000537285
0.000214
0.000789966
0.000390662
5.38864e-05
0.000201286
0.000224792
0.000348678
6.64108e-05
0.000127889
0.000417129
0.000193688
0.000435638
0.000397223
9.68598e-05
0.000442256
0.000783759
0.000187555
0.000909291
0.000205176
0.000563736
0.000218946
0.000207041
0.00045023
0.00194885
0.000656015
0.000199253
0.000328145
0.00137361
0.000211098
5.07879e-05
6.78276e-05
0.000475246
0.000323074
0.000279909
0.000247275
0.000253164
0.000844145
6.44706e-05
0.000138531
0.000153225
0.000308623
0.000333235
0.00145774
0.000626478
0.000294027
8.33006e-05
0.000367503
0.000261592
0.000388921
0.000607448
0.00025119
0.0002955
0.000225934
0.000383814
0.010009
0.000170482
0.00022496
0.000164874
0.000207342
0.0029506
0.00028382
0.000257033
0.00021422
0.00119471
0.00164716
0.00066563
0.00594239
0.0013403
0.000345994
0.000306555
0.000103105
0.000541884
0.000357385
0.0003835
0.000353049
0.0017127
0.000457273
0.000209233
0.00133578
0.000821191
0.000114582
0.000478093
0.000430655
0.000483039
0.000640632
0.000149244
0.000858909
0.000607143
0.000786389
8.23721e-05
0.000207607
0.000372834
0.000572417
0.000194546
0.000331233
0.000534775
0.000270437
0.000912339
0.000141606
0.00030027
0.000723029
0.000192924
0.000567076
0.000209105
0.000148004
0.00112618
0.000296815
0.000563193
0.000520249
0.000486563
0.000306455
0.000163735
0.00238973
0.000689485
0.000480687
0.000787556
0.000254894
0.000317352
0.000666493
0.000302325
0.000256372
0.000558664
0.000697452
0.000205418
0.000178473
0.000389217
8.04651e-05
0.000210268
0.000588152
0.000250175
0.000206566
0.000234663
0.00026529
9.72829e-05
0.000336201
0.000263967
0.000363844
0.000217804
0.00038002
2.33654e-05
0.000365534
0.000146871
0.000236537
9.92843e-05
0.000221181
0.000247123
0.000106406
0.000680801
0.00062911
0.000105433
2.90223e-05
0.000151517
0.000350146
0.000678542
0.000212991
0.000131472
0.00852468
0.000318279
9.10336e-05
0.000208185
0.000597361
0.000256481
0.00043244
0.00042148
0.000168181
0.000252297
0.000124337
0.000200529
0.000116725
0.00194811
0.000143469
0.000444317
0.000351298
0.000279021
0.00120383
0.000135612
0.000125607
0.000279775
0.000301113
0.000461557
0.000323478
0.000200123
0.000183688
0.000253456
0.000302072
0.00069375
0.000267225
0.000137076
0.000420626
0.000305868
0.00028072
0.000161812
0.000360024
0.000286734
0.000199703
0.000489219
0.000412932
0.000302727
0.000408581
0.000363723
5.53895e-05
0.000480017
0.000497994
0.000395071
1.30113e-05
0.000204679
7.36446e-05
0.000726105
0.000326245
0.000456051
0.000234668
0.000841079
0.000461357
0.00032535
9.30375e-05
0.000128712
0.000190048
0.00102049
0.000372295
0.00036427
0.000956003
0.000281954
0.000274802
0.00031446
0.000408574
0.000162127
7.5678e-05
0.000797518
0.000377813
0.000390202
0.000389443
0.000205721
0.000504832
0.000424442
0.000245905
0.000424194
0.00216556
0.000154154
0.000178695
0.00016619
0.000312826
5.31996e-05
0.000227016
0.000332206
0.000245987
0.000619389
0.000474221
0.000200054
0.000210807
0.000161386
0.000403435
0.000406169
0.000242043
0.000501768
0.000293296
0.000305289
0.00024494
6.05623e-05
0.000125221
0.000409819
0.000317267
0.000294774
0.000349279
0.000426333
8.98398e-05
0.000249075
0.00062295
0.000473386
0.000828443
3.63381e-05
0.0015464
0.000199627
2.39055e-05
0.000403562
0.000402122
0.000245379
9.23667e-05
0.000120991
0.000304701
0.000370215
0.000111988
0.000594073
0.000190776
5.59366e-05
0.000233321
0.000308326
0.000425818
7.75893e-05
0.000195002
0.000156121
0.000323938
0.00106888
0.000343999
0.000298158
0.000353915
0.000597622
0.00026346
0.000400066
0.000213729
0.000271265
2.67652e-05
0.000500237
0.000405293
0.000257479
0.000244569
0.000307481
0.000311193
0.000240335
0.000344971
0.000152131
3.96634e-05
0.00018955
0.000503316
0.00191561
0.000448239
0.000317888
0.00029226
0.000198284
0.00109806
0.000435857
0.000287414
0.000481063
0.000379059
0.000221148
5.6443e-05
0.000286513
0.000336981
0.000308251
0.00050534
0.000255655
0.000232838
0.000504522
8.35358e-05
0.000536622
0.00652454
5.11046e-05
0.000313713
0.000113851
0.000223422
6.57921e-05
9.40385e-05
0.000387962
0.000246028
0.000298397
0.000342146
8.68222e-05
0.00027331
0.00021863
0.00037121
0.000719994
0.000104755
0.000229996
0.000689163
0.000285047
0.000224526
0.000226883
0.000371912
0.000407149
0.000450262
0.000272464
0.00114371
0.000220462
0.000237594
0.000342634
0.000772944
0.000174039
0.000222462
0.000244603
0.000379515
0.00020506
0.00030094
0.000960767
0.00019532
0.000342104
0.000280725
0.000540413
0.000609516
0.000326923
0.000245331
0.000438992
3.49017e-05
0.000278711
0.000415862
0.000341443
0.000267208
0.000260421
0.00015426
0.000391271
0.000125271
0.00081026
0.000371005
0.000401754
0.000244814
0.000702899
0.000463532
0.000145962
0.00015244
9.95635e-05
0.00046607
0.00022256
0.000458248
0.000409197
0.000305985
0.000287137
0.000182669
0.00108199
0.000140441
0.000225532
9.02883e-05
0.000263559
0.000336861
0.000274552
0.00022519
0.000165985
0.000368359
0.000384234
0.000208889
0.000224125
0.000246432
0.000213066
0.000190889
0.00029217
0.000292711
0.000176872
0.000192913
0.000182187
0.000222676
0.000556216
0.000392925
0.000275018
0.000391012
0.000289391
0.000285747
8.1757e-05
0.000280325
0.00026969
0.000282453
0.00110391
0.000529352
0.000270123
0.000236709
0.000460123
0.00024611
0.000404234
0.000113689
0.000862896
0.000320599
0.00101165
0.000275384
0.00020475
0.000256134
0.000282506
0.000290862
0.000354634
0.0109542
0.0123412
7.90046e-05
0.000279689
0.00024723
0.000356788
0.00020453
0.000325014
0.000200578
0.000116503
0.000292961
4.61168e-05
0.00012268
0.000200695
9.34943e-05
0.000145911
0.000166957
0.000314435
7.43443e-05
0.00110388
0.000450156
0.000894269
0.000399904
0.000206518
0.000475532
0.00108817
0.000547535
2.33383e-05
0.000166011
0.000255783
0.000342083
7.54677e-05
0.00013984
0.000454805
0.000266954
0.000227338
0.00021447
0.000219596
0.000317873
0.000460484
0.000426173
0.000712364
0.000324391
0.000152466
0.000146052
0.000474753
0.00044361
0.00019152
0.000625901
0.000243351
0.000260478
0.000294988
0.000490352
0.000181107
0.000125957
0.000593044
0.000291255
0.000357794
0.000400542
0.000393947
0.000350159
0.000299904
0.000281089
9.09379e-05
0.000978207
0.000364088
0.000268768
0.000419342
0.000325204
0.000259844
0.000401901
0.000203119
0.000308726
0.000261048
