0.000343045
0.0185242
0.000287693
0.000210182
0.000512812
0.000162208
0.00206648
0.000120438
0.000221305
5.35778e-05
0.000198297
9.34926e-05
0.000882675
0.000394834
0.000373846
0.000187855
0.000378261
0.000190797
0.000105767
0.000224845
0.000349041
9.91736e-05
0.000278791
0.000168823
8.92531e-05
0.0001347
0.000248255
0.000166292
0.000252704
0.000186198
0.00052756
0.00018444
0.000399258
0.000495592
0.000281933
0.000177078
0.000717631
0.000279102
0.00017202
0.000332782
0.00015003
0.000253253
0.000645588
0.000114675
0.000230424
0.000168911
0.000404079
0.000493618
0.000377219
0.000163439
0.00011769
0.000160209
0.000401469
0.000177384
0.000244787
0.000139322
0.00013491
9.15886e-05
0.000210596
0.000527813
0.000126056
6.50098e-05
0.000842362
0.000146673
0.00036754
0.00022554
0.000294182
0.000194338
0.000105029
0.000176893
0.000196704
0.000286326
0.000128178
0.000308315
0.000218411
0.000318634
0.000156972
0.000240616
0
0.000152132
0.000594992
0.000173188
0.000329646
6.64955e-05
0.00065137
2.82218e-05
0.000429224
9.97655e-05
0.000141012
4.69246e-05
0.000240309
0.00030549
0.00026526
0.000571791
0.000264784
0.000308394
0.000241977
0.00025354
0.00222762
0.000213009
0.000171637
0.00013768
0.000509914
0.000142343
0.000141188
0.0001724
0.000955217
0.000333932
0.000209616
0.000145594
0.000110268
0.000107766
0.000479626
0.00030571
0.000141432
0.000141289
0.000149581
0.000126342
2.57271e-05
7.78947e-05
0.00019381
0.00014454
0.000191327
0.000176096
0.000264429
0.000203363
0.000209756
0.000417909
0.000295733
3.90846e-05
6.70575e-05
0.000522579
0.00026189
0.000114988
0
0.000458578
0.000321582
0.000170803
0.000322132
0.000170629
0.000430923
0.000118148
0.000415375
0.000166712
0.000144932
0.000396033
0.000554995
0.000487746
0.00488876
0.00011819
0.000283173
0.00103247
0.000211308
0.000153205
0.000233838
9.55568e-05
0.000650089
1.43197e-05
0.000133196
0.000721696
0.000356591
0.000264319
0.000144225
0.000268639
0.000256053
0.000158244
0.000171022
5.55839e-05
3.7976e-05
0.00018507
0.000267365
9.39657e-05
8.38502e-05
0.00023017
0.000241952
0.000404608
0.000336288
0.000109946
0.000628622
0.000586584
0.000252336
0.00113556
0.000316331
0.000310749
0.000188896
0.000182724
0.00036071
0.000400837
0.000234845
0.000300121
0.000265335
0.000433373
0.000215161
2.80394e-05
0.000177092
0.000318537
0.000119976
0.00013813
0.000326732
0.000586742
0.00100831
0.000183028
0.00103247
0.000249792
0.00023774
0.000210614
0.000340332
0.000188499
0.000260508
7.11503e-05
0.000219178
0.000256332
0.000179528
0.000861957
0.000767379
0.000374896
0.00012952
8.72072e-05
0.000158665
0.000278796
0.00036964
0.000110009
0.000156925
0.000239537
0.00180955
0.00132911
0.000252546
0.000487727
0.000156068
0.000166963
0.00384085
0.000297715
0.000861506
0.000189237
0.000261055
0.000144005
0.00113845
0.000151034
0.000175055
0.000236504
0.000629599
0.000149776
0.000508017
0.000680153
0.000266077
0.000514246
0.000225304
0.000253866
0.00126532
0.000196297
0.000351829
0.000509277
0.000167495
0.000494755
0.000481605
9.54033e-05
0.000542872
3.0825e-05
3.1362e-05
0.000148148
0.000314597
6.00905e-05
0.000323918
0.00011757
0.000199313
5.54381e-05
0.000205954
8.0377e-05
0.000728171
0.000297962
0.000276052
0.000228426
0.000323862
0.000362878
0.000230772
0.017878
0.000127059
4.92153e-05
0.000110257
0.000149493
0.000227505
0.000178767
0.000404865
0.000986364
0.000515507
0.000217745
0.000129824
0.00199096
0.00160462
0.000547235
0.000185851
0.000241283
0.000135534
8.16089e-05
0.000159817
0.000275269
0.000362961
0.000182221
0.000298446
0.000535256
3.09363e-05
0.00058277
0.000777318
0.000321386
0.000179445
0.000241452
0.000152677
0.000323339
2.95306e-05
0.000225709
0.000241317
8.02704e-05
0.000529117
9.00534e-05
0.000152578
0.000177117
0.000320131
0.000236184
0.000126801
5.02752e-05
0.000106789
0.000199625
0.000223686
0.000127764
2.91964e-05
0.000327023
0.000298178
0.000270409
0.000137346
0.000210269
0.000104188
0.000184241
0.000267161
0.000189912
0.000121357
0.000305348
0.000105283
0.000336181
0.000273564
0.00142679
0.00051322
0.00010705
0.000328698
0.000357262
7.29652e-05
7.74763e-05
0.000215238
0.00572258
0.000503721
2.97552e-05
0.00010107
0.000309717
0.000158332
8.80586e-05
0.000201528
0.000353081
0.00513013
6.7176e-05
0.000165592
0.000133484
0.000833947
0.000566389
8.87965e-05
0.000204121
0.000148424
0.000200779
0.000168007
0.000165773
0.000208957
0.000183422
0.000167347
0.000262424
0.000194581
0.000163753
9.5668e-05
0.000624359
0.000348071
0.000142833
0.000246668
9.54685e-05
4.24557e-05
0.000515022
0.000192027
0.000180614
9.67575e-05
4.96332e-05
0.000235016
0.000193045
0.000327035
0.000203856
0.000431962
0.000645925
0.000490563
0.000252455
0.000198454
0.000165047
0.000289056
0.000100022
0.000101261
0.000368037
0.000588358
0.000114461
0.000178016
0.000159495
0.000218836
0.000690192
0.000167471
0.000237828
7.11983e-05
0.000180649
0.000497844
0.000166418
8.31696e-05
0.000126822
0.000586663
0.000180188
0.000958733
0.000239413
0.000320762
0.000607046
0.00016311
0.000233909
0.000177621
0.000228842
0.000326851
0.000215086
0.000171136
0.000148123
5.21591e-05
0.000120554
0.000261342
0.000953522
0.000242032
0.0012664
0.000179478
7.17173e-05
0.000137559
0.000126786
0.00194187
0.000100744
0.00038542
0.000231808
0.000282044
0.000203889
0.000138061
0.000185628
0.000309764
0.000208033
0.000155
0.000313737
0.000275044
0.000227679
0.000171958
0.000258976
0.000329122
0.000424515
0.000321676
0.000265873
0.000291675
0.000525554
0.000137939
9.45969e-05
0.000242973
0.000243038
0.000170351
0.00032562
0.000259742
0.000502607
0.000140781
0.000212058
9.57413e-05
0.000961077
0.000405613
0.000127718
0.000249462
0.000266172
0.000456931
0.000164108
0.00768304
0.00025763
0.000205469
0.000680186
0.000313969
0.000280681
6.39458e-05
1.97849e-05
0.00093364
0.000208871
0.000496279
0.000402648
0.00027262
0.00020761
9.63185e-05
0.000196892
0.000659476
0.000148694
6.12223e-05
0.000101815
0.000122722
0.00117515
7.15683e-05
0.000123014
0.000718763
0.000192263
0.000168079
0.000198915
0.00022364
0.000157612
0.000759067
0.000274676
0.000247948
0.000357996
0.000116392
0.000154168
0.000568809
9.28588e-05
0.000258447
0.000305435
0.000132134
0.000112951
0.000100858
0.000241962
0.00012995
0.000352774
0.000125974
4.59053e-05
9.8219e-05
3.84319e-05
0.000613222
0.000182521
0.000302188
7.65687e-05
0.00022116
0.000540258
8.55942e-05
0.000509435
0.000137249
0.000369422
0.000886688
0.000211721
0.000734379
8.11484e-05
0.000172148
0.000149454
7.18593e-05
0.000148182
0.000199693
0.000270882
0.000217484
0.00024318
0.00015412
0.00027388
0.000439672
0.000217851
0.000174708
0.00023003
0.000212945
0.000135928
0.000336705
0.000134652
0.000250403
0.000305019
0.000252647
0.000870428
0.000129414
7.96847e-05
0.000261842
0.000314441
0.000164707
0.000239656
0.000214512
0.000150846
0.00013678
0.000109072
7.68725e-05
9.678e-05
0.000242749
8.31548e-05
0.000246998
9.07956e-05
0.00016612
0.00015804
0.000298161
0.000198774
0.000221942
0.000194333
0.000247661
0.00014337
6.41398e-05
0.000146883
0.000921021
0.000136252
9.86979e-05
0.00286613
0.000202132
0.000334324
0.000226853
0.000130059
1.25249e-05
0.00117221
0.000383462
0.000260211
0.000331989
0.000806176
0.000310966
0.000264729
0.000493045
0.000230689
0.000111934
0.000170283
0.000286023
0.000288886
0.000242186
0.00019236
0.000123469
5.58219e-05
0.000255854
0.000184376
5.29148e-05
0.00048742
0.000282262
0.000253676
0.000595214
0.00011407
0
0.000141665
6.08868e-05
0.000113658
0.000213295
0.000429828
0.000179736
0.000354288
0.000213928
0.000171331
0.00017578
0.000420168
8.4404e-05
0.000618598
0.000168719
4.23546e-05
0.00024181
0.000177234
0.000401235
0.00022174
0.00036056
0.000183308
0.00022238
0.000158947
0.00121435
0.000172315
6.71462e-05
4.79068e-05
0.000116577
0.000130462
7.62515e-05
8.33802e-05
0.000448387
0.00011409
0.000217786
0.000123306
0.000254447
0.000291962
2.75253e-05
3.27716e-05
0.000299136
0.000227274
0.00112041
0.000427659
0.000142818
0.000257337
3.91307e-05
0.000757382
0.000180555
0.000136261
0.000209876
0.000686116
0.000305029
0.000177462
0.000147313
0.000290499
0.000163333
0.000570701
0.000278919
0.000364479
0.000197275
0.000159893
0.000343741
0.000359452
0.000412209
0.000248584
0.000128166
0.000200964
0.000433814
0.000839291
1.64262e-05
7.14367e-05
0.000169079
0.000166046
0.000171546
0.000254442
0.000167761
0.000208812
0.000614747
0.000218198
0.000225635
0.000116727
0.000442245
0.000386406
0.000207527
0.00048469
9.7758e-05
0.000759604
6.09124e-05
0.000103069
0.00010348
0.000306753
0.000120136
0.000499555
0.000210598
0.000246938
0.00043773
0.000570648
0.000131094
0.000186668
0.00044425
0.0010011
0.00138279
0.000410153
0.000162794
0.00189549
0.00014262
0.000793237
0.000260361
0.000246423
0.000281103
0.000190614
0.00025912
0.000419666
0.000221952
0.000277292
0.000150379
0.000267011
0.000224847
0.000271537
0.000255213
0.000224956
6.22023e-05
8.90027e-05
0.000236289
4.17988e-05
0.000207662
0.000351667
0.000126857
8.36176e-05
0.00021526
1.39396e-05
0.000105353
8.91385e-05
0.000442522
6.90849e-05
0.000112903
7.40392e-05
0.000700936
0.000125244
0.000848013
0.000378101
7.26605e-05
0.000118318
0.000332049
0.000261839
8.3073e-05
4.67031e-05
7.2219e-05
0.000323784
0.00015866
3.37616e-05
0.000148666
0.000358863
0.00221431
3.60058e-05
0.000140364
0.000154476
0.000447706
0.000195289
0.000209123
8.88071e-05
0.00071089
0.000277608
0.000112563
0.000445937
0.000319591
1.21994e-05
0.000298309
0.000118258
0.000115298
0.000353009
0.00034574
0.00020138
0.000213104
0.000244944
0.000247132
0.000307082
0.000198193
0.000359438
0.000164071
0.000260548
3.07503e-05
0.000218598
0.000279212
0.000197871
0.00116446
0.000628628
0.000164307
0.000169925
0.000147327
5.28397e-05
0.0029043
0.000191806
0.000338176
0.000348087
0.000342525
0.000114785
0.00131085
0.000254367
0.000340674
0.00018109
0.000371282
0.000109955
0.000120203
0.000182539
2.16585e-05
0.000273341
0.000393396
6.3912e-05
0.000329613
0.000111614
0.000133553
0.000890929
0.000130335
0.000244767
0.000170763
0.00042025
0.000160551
0.000125826
0.0003991
0.000146
0.000378774
0.000167297
0.000100739
0.000221993
0.000612451
0.000568868
0.000213743
0.000111312
0.000228566
0.000369748
0.000845931
0.000210884
0.000305272
0.000184084
0.000182848
0.000231188
0.00120169
0.000184605
0.000344567
0.00016093
0.000170163
0.000362095
0.000236466
0.00019874
0.00210815
0.000474635
0.00332269
9.94139e-05
0.000222199
0.000102852
0.000144622
0.000139917
0.000215778
0.000171089
0.000162939
0.000232665
0.00311064
0.000357195
0.000131346
0.000248606
7.21844e-05
0.000235845
0.0002565
0.000384328
0.00220808
0.000263819
0.000225478
7.20612e-05
0.000131112
0.000440442
0.000145594
4.11217e-05
8.32176e-05
0.000161997
0.000188628
0.000351591
0.000140562
0.000324094
0.00029301
0.000921292
0.000178096
0.00116858
0.000226129
9.14782e-05
0.000314403
0.000103433
0.000157221
0.000473093
0.000210274
0.000295224
0.000408259
3.61019e-05
0.000678098
0.000413695
9.90809e-05
0.00099536
0.000196775
0.000131386
0.000128568
0.000272535
0.000396463
0.000239109
0.000340404
0.000125825
0.000259329
0.000255943
8.27912e-05
9.61183e-05
0.000161932
0.000587127
0.000575632
0.000115944
0.000140104
0.00013645
0.00016403
0.000105439
0.000355128
0.00035153
0.000155601
0.000309734
0.000168438
0.000173037
0.000714729
0.000209265
0.000119005
0.000674819
0.000303309
0.000273239
0.000108036
0.000245306
0.00154507
0.0166943
0.00038236
0.00020003
0.000228108
5.81427e-05
0.00114179
0.000578537
2.86342e-05
0.000152789
0.000262188
6.08471e-05
0.00193224
0.000378558
0.000156264
0.000119981
0.000201616
0.000437851
0.00104796
0.000371909
0.0001635
0.00033031
0.00021161
0.000292141
0.000151356
0.000283636
0.000498968
0.000238431
0.000408074
0.000185925
0.000278348
0.000283955
0.000136723
0.0010149
0.000134126
5.25185e-05
7.29594e-05
0.000157806
0.000225596
3.63064e-05
0.000159837
0.00033897
0.000124169
0.000164912
0.00013907
0.000142277
0
5.65637e-05
0.00035622
7.09775e-05
0.000220113
0.000407751
0.000450508
0.000171163
0.000192471
0.000626548
0.000279209
0.000122428
6.33787e-05
0.000240496
0.00030395
0.000278574
0.00125896
0.000520655
8.90875e-05
0.000133844
0.000657613
0.000179002
0.000279582
0.000186573
4.17111e-05
0.00044822
0.000316112
0.000157193
0.000524669
0.000226655
0.000222927
0.000265618
7.32973e-05
0.000706017
0.000380724
0.000319791
0.000224593
0.000273202
0.000400881
0.000163273
0.00103167
0.000621447
0.000149358
0.000284079
0.000340261
0.000188694
0.000253044
0.000255298
0.000131176
0.000297561
0.000467055
0.000215521
0.000339934
0.000104848
0.000232431
0.00412275
0.000396953
0.00339455
0.000172672
0.000344577
0.000367067
0.000309011
8.27739e-05
0.000310107
0.000120758
0.000108039
0.00020115
0.000316474
0.000205294
0.000838344
6.95163e-05
9.53119e-05
0.000248798
5.49679e-05
0.00028417
0.000164728
0.000118745
0.000128439
0.000187439
0.000459917
6.78703e-05
0.00026234
0.000220405
1.2426e-05
0.000490918
8.48492e-05
0.00025109
0.000312822
0.000669493
0.000145994
0.000155469
0.000859968
0.000104424
0.000501686
0.000333961
0.000468985
0.000195927
0.000218327
0.000109367
8.60554e-05
0.000165632
0.00015258
0.000146781
0.000936938
1.01138e-05
0.000117739
0.00032903
0.000214786
0.000186812
0.000174334
0.000388972
0.000343908
0.000295608
0.000177616
0.000184501
0.00036467
4.48663e-05
0.00012823
0.00011537
0
0.000387593
0.000198896
0.000401663
0.000217602
0.000107629
8.7638e-05
0.000110928
0.000274076
0.000278227
0.000433007
0.000208899
1.77686e-05
0.000208303
0.000358637
0.000318423
9.87651e-05
0.000152808
0.000600618
7.72517e-05
0.000181067
0.000227047
0.000220626
0.000177601
0.00019222
0.000105724
0.000147793
0.000543848
0.000137391
0.000240633
0.000305033
0.000250338
0.000304768
0
0.000141402
0.000397847
0.000159682
0.000198339
0.000119322
0.000108373
0.000225858
0.00025242
3.3913e-05
0.00192698
0.00041574
0.000431071
0.000205044
0.00015035
0.000222637
0.000939851
0.00016304
3.82103e-05
0.00023221
0.00020733
0.000202983
0.000168781
0.000162458
0.000131192
4.04214e-05
0.000233404
0.000347941
0.000401403
3.60722e-05
0.000139372
0.000215533
0.00214857
0.00034452
0.000303286
0.000335035
0.000263959
0.000290839
0.00063032
0.00022246
0.000463628
0.000156065
0.000104183
0.000340555
0.000100915
0.000383586
0.000224082
0.000303793
5.5216e-05
0.00035835
0.000152514
0.000322683
0.000288486
0.000234178
2.97077e-05
0.000205782
0.000129279
0.000188836
0.000659468
0.000102988
0.000717854
0.000325737
0.000166163
9.96896e-05
0.000799605
0.00023186
0.000525252
0.000503189
0.000152931
0.000138832
0.000160696
0.000341639
0.000277948
2.33059e-05
6.95778e-05
0.000487471
7.85483e-05
0.000115611
0.000198161
0.000466006
0.000222156
0.000151711
0.000212859
0.000228705
0.000309485
0.000106857
0.000137226
0.00032568
6.08464e-05
0.000200671
0.000383248
0.000184767
0.000125382
0.000364882
9.22162e-05
0.00124832
0.000196799
6.66396e-05
0.000241282
4.64924e-05
0.000330371
0.000102423
0.000384056
0.000107736
8.94359e-05
0.000219151
0.000108738
0.000354704
7.74636e-05
0.000204167
0.000147839
0.000238461
