0.00168311
0.00148704
0.00107724
0.0032567
0.00182008
0.00274293
0.000442307
0.000830003
0.00314606
0.00330774
0.00199904
0.00081591
0.0021108
0.0316216
0.00181153
0.00177493
0.00247853
0.00216492
0.00191581
0.00228508
0.00103089
0.00108381
0.000531031
0.00154505
0.0025901
0.00385147
0.00147118
0.00240479
0.00136258
0.00104079
0.00189035
0.001792
0.00130333
0.00125286
0.00091726
0.00197814
0.00160799
0.00151581
0.00140951
0.0014505
0.00226648
0.00148262
0.00184694
0.000903393
0.00139866
0.00158562
0.00235912
0.00124899
0.00142886
0.00167836
0.00318661
0.00476193
0.00229775
0.00135661
0.00162476
0.000994837
0.00456166
0.00340491
0.00204847
0.00226958
0.00246968
0.00229198
0.00260785
0.00214788
0.00133307
0.00289495
0.00247838
0.00104284
0.00117668
0.00198711
0.0017651
0.000334427
0.00247886
0.00375815
0.00150038
0.0036992
0.00325087
0.0113334
0.00230797
0.00134716
0.00182325
0.00172903
0.0017592
0.00187188
0.0645389
0.00335413
0.0034552
0.00241116
0.00163614
0.0019967
0.00168753
0.00125614
0.0016604
0.00122897
0.00163459
0.000709478
0.00228039
0.00127493
0.000592121
0.00276292
0.00107283
0.00192343
0.00127182
0.00130086
0.000991494
0.00168825
0.00149071
0.00129924
0.0025009
0.0012549
0.00113694
0.00189598
0.00210014
0.0019363
0.00161198
0.0020886
0.00136734
0.00343395
0.00272431
0.00277521
0.000915168
0.00408846
0.013713
0.00184311
0.00191117
0.00494627
0.00101431
0.00347436
0.00180955
0.00131098
0.000623145
0.00135449
0.00118901
0.00378642
0.00087942
0.00135891
0.000884273
0.00253148
0.00227916
0.00154688
0.000833923
0.00256304
0.00180172
0.000836197
0.00278999
0.00476507
0.000989769
0.00271806
0.00447832
0.00275342
0.00246062
0.00963696
0.00395476
0.00332125
0.00174992
0.0014101
0.00126858
0.0115506
0.00105225
0.00125323
0.00186784
0.0283752
0.00181248
0.00138685
0.00109084
0.00651056
0.00127132
0.00160792
0.00119881
0.0064366
0.000788014
0.00275327
0.0023762
0.00167892
0.00311124
0.00202835
0.00126104
0.00147801
0.00322944
0.000903646
0.110567
0.00131434
0.00492803
0.00222973
0.00169917
0.00193302
0.0014007
0.00100184
0.0018817
0.00419918
0.0017777
0.000638595
0.000655224
0.00418409
0.00166902
0.000970891
0.00157903
0.00222288
0.000970734
0.00204499
0.0012697
0.00205137
0.0045433
0.000434642
0.00169505
0.00199278
0.00214322
0.00129875
0.00179411
0.00118108
0.00204796
0.00121061
0.000855471
0.000663876
0.00177087
0.0236393
0.00114917
0.00400163
0.00399329
0.00204774
0.00138326
0.00278242
0.00199799
0.00328708
0.00128726
0.00310887
0.00168226
0.00183956
0.022586
0.00150482
0.00252235
0.00153742
0.00151113
0.0191994
0.00259925
0.000895987
0.0148991
0.0133235
0.00225923
0.000763729
0.00184925
0.00312923
0.00144538
0.00168557
0.00164762
0.00178026
0.00142742
0.00144923
0.000894586
0.000912467
0.000968823
0.000541857
0.00512591
0.0013379
0.00130818
0.00183183
0.00200278
0.00510822
0.00303249
0.0017935
0.00137652
0.00307306
0.00194096
0.00196157
0.00121979
0.0019024
0.00127403
0.00211804
0.00203663
0.00290377
0.00151357
0.00261106
0.00252552
0.00270341
0.00165341
0.00166672
0.000782017
0.00175346
0.00150555
0.00161004
0.00114698
0.023144
0.00163206
0.000928697
0.00200903
0.00120786
0.00167004
0.00207655
0.00211134
0.00140539
0.00145839
0.00154824
0.00116293
0.00133319
0.00515529
0.00826714
0.00295722
0.00184353
0.00146331
0.00228328
0.00184586
0.00119141
0.00235207
0.000748628
0.00124437
0.0171611
0.00219786
0.00185466
0.00175475
0.00187121
0.00107804
0.00168768
0.00250799
0.0130584
0.000757795
0.000859798
0.001172
0.00124544
0.00201559
0.000911994
0.00139286
0.00195806
0.000563067
0.00236847
0.0024074
0.0115183
0.00184644
0.00135558
0.00219461
0.00113168
0.00505704
0.00941174
0.000898218
0.00210164
0.00154023
0.00253937
0.00149988
0.00280663
0.00292093
0.00167256
0.00198588
0.00177573
0.000907763
0.00121476
0.00235295
0.00252166
0.000907391
0.00187222
0.00267719
0.0073734
0.00190235
0.00157371
0.00263073
0.00159343
0.00127854
0.000923329
0.00221298
0.00158955
0.00226279
0.00478074
0.00320937
0.00173777
0.00160614
0.00189158
0.00077142
0.00125102
0.014463
0.00361736
0.000732179
0.00293743
0.0015074
0.00552929
0.00174289
0.00113196
0.00151786
0.324531
0.000435461
0.00295648
0.0018928
0.00185078
0.00129465
0.00111601
0.00176983
0.00273205
0.00178915
0.000552578
0.0016526
0.00125989
0.00125025
0.00181607
0.00194796
0.00190897
0.00158757
0.00849335
0.00241424
0.00122558
0.000821356
0.00172207
0.00176426
0.00282807
0.00428805
0.00408932
0.0021443
0.00129363
0.00265124
0.000751132
0.00152261
0.00235324
0.00172818
0.00325139
0.00182813
0.000548688
0.00461873
0.00141688
0.000799302
0.00243838
0.00112136
0.00223373
0.000874345
0.00142748
0.00087075
0.00174801
0.00160589
0.00522306
0.00165271
0.00191064
0.00261518
0.00181608
0.00162882
0.0017524
0.00194845
0.00191302
0.00104502
0.00235579
0.00268005
0.00767661
0.00159536
0.00221792
0.00151929
0.00167676
0.00179139
0.00149565
0.00194545
0.00128632
0.00446109
0.00241796
0.00104702
0.00520869
0.00157708
0.00121442
0.000460256
0.00339276
0.00137042
0.00208792
0.0012646
0.00245656
0.0085928
0.0018347
0.000877507
0.00519771
0.00251151
0.00176337
0.00104562
0.000829424
0.00114047
0.00203579
0.00150504
0.00289885
0.00155926
0.00117197
0.0011121
0.00196625
0.00354433
0.00126127
0.00143765
0.00318091
0.00346202
0.00150643
0.00153023
0.00346912
0.00525818
0.00725091
0.00238565
0.00374155
0.00300249
0.000723106
0.00220367
0.00130648
0.00197568
0.00329837
0.00226648
0.000640299
0.00312812
0.00245499
0.00202872
0.00236759
0.00352885
0.00264154
0.00489851
0.00232687
0.000805062
0.00158892
0.00331292
0.00361268
0.00101302
0.00281781
0.00226571
0.00109899
0.00447555
0.00241129
0.00068581
0.0028468
0.00129179
0.00193222
0.00450342
0.00164852
0.00496675
0.00181165
0.000957247
0.00233653
0.00194298
0.00150886
0.0019523
0.00398829
0.00253652
0.00395117
0.00142677
0.00116176
0.00224996
0.00193341
0.000736626
0.00176009
0.00195889
0.00178386
0.000866839
0.00218618
0.00134197
0.00290229
0.00178347
0.00174399
0.000882543
0.0275356
0.00607441
0.00305318
0.00153585
0.000998222
0.00123316
0.0019841
0.00153978
0.00169202
0.0013259
0.00121075
0.00155747
0.00249448
0.000902231
0.00235215
0.00101379
0.00209238
0.0021998
0.00153113
0.00172902
0.00189375
0.00163355
0.000820205
0.0015447
0.00116742
0.0008329
0.00125163
0.00101238
0.00147648
0.0024224
0.00177254
0.00470568
0.00212144
0.00273259
0.00138484
0.00144308
0.0166644
0.00165955
0.0067894
0.00168892
0.00175867
0.00127496
0.00180273
0.00482734
0.00101681
0.00130745
0.0019685
0.0010838
0.00199972
0.00175812
0.00202057
0.00322077
0.00253838
0.00178902
0.00152501
0.00205766
0.00083397
0.00223693
0.00250307
0.0024089
0.00119485
0.00331657
0.00147563
0.00140869
0.00133228
0.000986255
0.00906818
0.00216471
0.00111713
0.00175394
0.00159178
0.00221258
0.00366767
0.0016706
0.00280822
0.0031151
0.00158812
0.00396139
0.00328448
0.0021738
0.00106931
0.00146839
0.00249814
0.00160079
0.00148382
0.000450603
0.00275065
0.00290745
0.00244722
0.00182331
0.00138676
0.000945718
0.00255096
0.00264519
0.00135926
0.00425512
0.00114673
0.00144447
0.00146538
0.00177472
0.00177526
0.00504561
0.0041235
0.00124269
0.00214433
0.00232642
0.00137184
0.000561881
0.0189416
0.00113626
0.00136793
0.00194923
0.00277868
0.00108304
0.00118274
0.00531293
0.00174011
0.00551696
0.00205062
0.00260714
0.000426664
0.00180913
0.00138202
0.00157553
0.00160209
0.00816384
0.000900988
0.00127928
0.00102145
0.00396855
0.00190847
0.00328698
0.00111451
0.00238119
0.00162717
0.0111369
0.00154973
0.00188239
0.00166513
0.0018495
0.00515989
0.000586174
0.000576758
0.0024895
0.000855986
0.00137841
0.00210559
0.00297536
0.00226236
0.00124866
0.00198788
0.00131926
0.0015012
0.000998867
0.00547567
0.00181097
0.00207352
0.00101324
0.00180503
0.00146897
0.00654729
0.0029697
0.00160284
0.00429494
0.00287211
0.0241008
0.0020573
0.000494422
0.00332462
0.00136834
0.00378669
0.00147383
0.00135365
0.00134264
0.00148931
0.00148938
0.00125726
0.00062351
0.0040716
0.00214136
0.000461489
0.00290996
0.0067235
0.0101482
0.00177751
0.00165565
0.00108709
0.00353195
0.00646397
0.00118909
0.000644529
0.00153131
0.00114659
0.00160445
0.00111171
0.00739787
0.00301037
0.00267422
0.00141997
0.00153248
0.00154567
0.00194899
0.00117148
0.00109095
0.00212474
0.00387884
0.00353126
0.00603715
0.00348823
0.00143429
0.0020884
0.00140142
0.00229986
0.00101056
0.000450457
0.00211007
0.000909394
0.0028228
0.00325531
0.00143831
0.00165508
0.00143026
0.00175104
0.00229673
0.00175164
0.000547333
0.00439905
0.00140365
0.00219419
0.00216954
0.00196598
0.0022826
0.0017265
0.000290826
0.00182729
0.00081873
0.0021969
0.00242865
0.00111624
0.00247833
0.0181428
0.00236638
0.000648385
0.00108622
0.00241927
0.00174701
0.00162655
0.00191986
0.00286627
0.00184627
0.00392989
0.00647708
0.00178215
0.00207799
0.00193722
0.00184063
0.00158138
0.00314821
0.00322513
0.00389492
0.00202498
0.00311968
0.00151438
0.00174967
0.00137688
0.000967529
0.0041413
0.00167277
0.000828663
0.00177052
0.00131785
0.00298559
0.000890845
0.00269434
0.00122015
0.00292859
0.00131249
0.00395531
0.00146965
0.00183144
0.00194228
0.00118077
0.00133484
0.00104183
0.000823411
0.00539448
0.00331337
0.00177035
0.00132435
0.00159871
0.00246046
0.00335097
0.0014696
0.00148614
0.00127772
0.000887834
0.000836901
0.00206393
0.00215178
0.00108379
0.00267365
0.0141073
0.0068608
0.0016483
0.00119799
0.00153778
0.00221681
0.0009773
0.00148559
0.00260217
0.000972447
0.00220433
0.00208445
0.00183661
0.00167378
0.00105703
0.0025264
0.00161816
0.00143266
0.00118047
0.00273113
0.00195218
0.00412258
0.00105986
0.00263718
0.00194486
0.00232249
0.00109079
0.00205145
0.00137887
0.00205116
0.00046193
0.00229627
0.00243928
0.00139207
0.219799
0.0012862
0.00308862
0.00359915
0.00704698
0.000798766
0.00116889
0.00272611
0.000820203
0.00176631
0.00305325
0.00151518
0.00202883
0.00188015
0.00206791
0.00163092
0.00229458
0.00108225
0.00205482
0.00186809
0.00134105
0.00203559
0.00271414
0.00159334
0.00261855
0.00197899
0.00198708
0.0100851
0.00260652
0.00210805
0.0055389
0.00212711
0.000966753
0.00165609
0.00140502
0.00274468
0.00111808
0.000937495
0.0025115
0.00147673
0.00141895
0.00351475
0.00155815
0.00138461
0.00227968
0.00142028
0.00131089
0.0053238
0.00351412
0.00128004
0.00141947
0.00212578
0.00148664
0.00169761
0.00114833
0.00429502
0.00168474
0.00115228
0.00244882
0.0018443
0.00128168
0.00123052
0.00294272
0.00139161
0.00141177
0.00259708
0.00200433
0.00123352
0.00218626
0.00339464
0.00148515
0.00235992
0.00290501
0.00307985
0.00247593
0.00150662
0.00168482
0.00112661
0.00132571
0.00265105
0.00103667
0.00120228
0.00153728
0.00238943
0.00205151
0.00187521
0.0011861
0.0113166
0.000948587
0.00537325
0.00254531
0.000872494
0.00230576
0.000791551
0.00272283
0.00129009
0.00195249
0.000704657
0.00429993
0.00265767
0.0014062
0.00219849
0.00520704
0.00158301
0.00138044
0.00167523
0.00148621
0.00343499
0.00263153
0.00243425
0.00160266
0.00237265
0.00148356
0.0024666
0.000708512
0.00447055
0.00349481
0.00190225
0.00253953
0.0010409
0.00108943
0.00843977
0.00202136
0.00289476
0.00251434
0.00202189
0.0180269
0.00193118
0.000778771
0.000876024
0.00110699
0.000590426
0.00149744
0.0013968
0.00101467
0.00379875
0.00218152
0.000743576
0.00571766
0.00250341
0.00205883
0.00184028
0.000685275
0.00169657
0.0013289
0.00206409
0.00139686
0.00158494
0.0019611
0.001178
0.000653754
0.00411626
0.0155158
0.00149568
0.00325248
0.00371062
0.000740086
0.00286382
0.0022206
0.00162071
0.00102115
0.00234042
0.00595325
0.00591741
0.00429337
0.00164218
0.00147479
0.00212188
0.00797344
0.00181038
0.00090584
0.00117248
0.00185856
0.00194628
0.00407215
0.00126571
0.00164488
0.00331797
0.00122998
0.00193558
0.0031362
0.000758049
0.00151112
0.00279619
0.000888763
0.00118256
0.00181547
0.00114454
0.00224399
0.0042364
0.00324375
0.00108288
0.00121847
0.00100724
0.00107453
0.000740924
0.0015709
0.00173409
0.00107333
0.0015239
0.00218171
0.00152405
0.00347071
0.00226837
0.00136611
0.00194309
0.00197916
0.00201177
0.00129779
0.00225307
0.0060731
0.00159221
0.00285926
0.00157858
0.00188322
0.00193339
0.000713026
0.00169937
0.00280655
0.0048509
0.00320786
0.00046751
0.00130376
0.00308493
0.00598005
0.00198867
0.00181175
0.00186591
0.00223766
0.00325088
0.00203048
0.00241677
0.00198752
0.00165305
0.0061237
0.00171031
0.00245292
0.00157763
0.00109612
0.00111858
0.00136904
0.00136767
0.000761449
0.00140993
0.00140878
0.00185696
0.000879857
0.00222097
0.000822768
0.00118448
0.00177458
0.0018017
0.00269125
0.000929193
0.001957
0.00152914
0.00290729
0.0017291
0.00251088
0.00128767
0.00102654
0.00125687
0.000730033
0.000968741
0.0014462
0.00338779
0.00138038
0.00145288
0.00130128
0.00200923
0.00151593
0.00194934
0.00180533
0.00131029
0.000715927
0.00174788
0.00180914
0.000901411
0.00134359
0.00168744
0.00259441
0.00279801
0.00480829
0.00285167
0.00291711
0.000959071
0.00204577
0.00186806
0.00102225
0.00448587
0.00218114
0.00102163
0.00118737
0.00113782
0.00220273
0.00305329
0.00277202
0.00937196
0.00176592
0.00131838
0.000802746
0.00397024
0.0018943
0.0145603
0.00273109
0.00200328
0.00137202
0.00145575
0.00236653
0.00158342
0.0106774
0.000699446
0.00131265
0.00177884
0.00150032
0.00163965
0.00145138
0.00519281
0.00141949
0.00118261
0.00245329
0.00168159
0.00105044
0.00164414
0.000921182
0.000898256
0.00166908
0.00140475
0.0016964
0.0015641
0.00103808
0.00109358
0.00106253
0.00146858
0.00142908
0.000844559
0.00109449
0.00300438
0.00207295
0.00170204
0.00145901
0.0019998
0.0152768
0.0017862
0.0177371
0.000723928
0.000847104
0.00263617
0.0055409
0.00219969
0.00153381
0.00129748
0.00245514
0.00271648
0.00153549
0.0022299
0.00154256
0.00136373
0.00116929
0.0239884
0.00226728
0.00123605
0.00126222
0.00199628
0.00134645
0.0121759
0.00184226
0.00413433
0.00146237
0.00095724
0.00233449
0.00061146
0.00417401
0.00210068
0.00155542
0.00149899
0.00187688
0.00843647
0.00300298
0.00245585
0.00123575
0.00228385
0.00178421
0.00683824
0.00146359
0.00172389
0.00181892
0.0247535
0.00153637
0.00061934
0.00162864
0.0017919
0.00209129
0.00189377
0.00394816
0.00135576
0.00105202
0.00132416
0.00118052
0.00123074
0.00169352
0.00844612
0.00159187
0.00149366
0.00141944
0.00199535
0.00142411
0.000991854
0.00211906
0.00198664
0.00112313
0.00688526
0.0010274
0.00607975
0.0063566
0.000741308
0.00179453
0.00133668
0.000723943
0.00221881
0.00202925
0.00369996
0.000970192
0.00264481
0.0015626
0.00104885
0.00196435
0.0014634
0.00201084
0.00488136
0.00288796
0.0012877
0.00233205
0.00241864
0.00181124
0.000973335
0.00210919
0.00184551
0.000983376
0.00224855
0.00267483
0.00145619
0.00157851
0.00152445
0.00132028
0.00847174
0.00336643
0.00311247
0.00178303
0.00189075
0.00291277
0.00242647
0.00118742
0.000857028
0.00451932
0.00143764
0.00719585
0.00172939
0.00164456
0.012171
0.01494
0.00165528
0.00133256
0.000880754
0.00137764
0.00123305
0.000747659
0.00216574
0.00325277
0.00116362
0.000898189
0.00142238
0.00195782
0.00488685
0.00106002
0.00483628
0.00285087
0.01102
0.00236937
0.00353457
0.00116419
0.0028483
0.00227683
0.000965282
0.00177307
0.00206597
0.00192265
0.00405054
0.00139166
0.00519173
0.00352486
0.00332979
0.002822
0.00124202
0.00126524
0.00183914
0.00107685
0.00165129
0.00228312
0.00330801
0.00154104
0.00955673
0.00304616
0.00226327
0.00114636
0.00151511
0.00216023
0.0024405
0.00263826
0.0013701
0.00309218
0.00199258
0.00168504
0.00135833
0.00218334
0.00198067
0.00153304
0.00149071
0.00136419
0.00147766
0.00191499
0.00218355
0.000952151
0.00185627
0.00341759
0.0265813
0.00128494
0.00199292
0.00235302
0.00119526
0.000645728
0.00144625
0.00260448
0.00157538
0.00447119
0.000868361
0.00137292
0.00195443
0.0022794
0.00169445
0.00187832
0.0056024
0.0514168
0.000615306
0.00137455
0.00163687
0.000751998
0.0013012
0.00225299
0.00166042
0.0022621
0.00197826
0.00173957
0.00251944
0.00127029
0.00174001
0.00125615
0.000634765
0.00159768
0.00270503
0.00225316
0.00161022
0.00202992
0.00194424
0.00150168
0.00196435
0.000935006
0.00421091
0.00103464
0.00150839
0.00119397
0.00144385
0.00325053
0.00112231
0.00227574
0.00237482
0.00310045
0.00109466
0.00139383
0.0015091
0.00168033
0.00129039
0.00295561
0.0034424
0.000795561
0.00199733
0.00195526
0.00120382
0.00189319
0.00253405
0.00134447
0.00287938
0.00143061
0.0214244
0.00275244
0.0012834
0.00469779
0.00203819
0.0019223
0.00844753
0.0014581
0.00131789
0.00302989
0.00110774
0.000546076
0.00152569
0.00132379
0.00163892
0.00107505
0.00215539
0.000516831
0.00207494
0.00123978
0.00149359
0.00251078
0.0019184
0.00181909
0.0014102
0.000850101
0.00133762
0.00163024
0.00110925
0.00164823
0.000972727
0.00107608
0.00159732
0.00724862
0.000476632
0.0025014
0.00253155
0.000612974
0.000730369
0.00190108
0.000774346
0.00122649
0.00740945
0.00162293
0.00150742
0.00148469
0.00179362
0.000325609
0.00184924
0.00403169
0.00210801
0.00212904
0.00153263
0.00207296
0.00568474
0.00160648
0.000558793
0.00225995
0.00116559
0.0021012
0.00415942
0.00257121
0.00143105
0.00298222
0.000908206
0.00213524
0.00235543
0.00204731
0.00168534
0.00233203
0.000823422
0.00140024
0.000992874
0.00155553
0.00147222
0.000972661
0.00141656
0.0021479
0.00146509
0.0010376
0.0027328
0.000853796
0.00158297
0.00187164
0.0037467
0.00181705
0.00191557
0.00156349
0.00295348
0.00234148
0.017119
0.00149798
0.00129714
0.00287743
0.00120348
0.0013227
0.00106585
0.00130312
0.00168084
0.0018311
0.00177657
0.00102443
0.00341144
0.0022521
0.00165903
0.00323394
0.0163924
0.00796714
0.00194557
0.000850054
0.00141211
0.00415985
0.00150651
0.00105718
0.0014088
0.00181737
0.00203465
0.00243217
0.00237317
0.00281454
0.00178104
0.00195033
0.00841773
0.0120699
0.00255167
0.00645406
0.001985
0.00180299
0.00164642
0.000894258
0.00152301
0.00237184
0.00308569
0.00192159
0.00385646
0.00245044
0.0025445
0.00283488
0.00112223
0.00185472
0.00131841
0.0015817
0.00227193
0.0016139
0.000677891
0.00501982
0.00214238
0.0013765
0.0021748
0.0015043
0.00130148
0.00341643
0.00138932
0.00120199
0.00222583
0.00197788
0.00242713
0.00192232
0.00217402
0.00307969
0.00162418
0.00176772
0.00275629
0.00163429
0.000455405
0.00201709
0.00129905
0.001982
0.00128522
0.00191783
0.00169982
0.00140381
0.00440237
0.00153006
0.0028019
0.00075938
0.00148609
0.00126655
0.00150232
0.00114905
0.00142992
0.00167984
0.00142479
0.0023773
0.00660569
0.00211844
0.00257582
0.00360775
0.00208419
0.000766538
0.000940976
0.000904711
0.00228098
0.00134335
0.00686856
0.00198104
0.00115819
0.0033112
0.00189126
0.0013656
0.00210557
0.00242885
0.00132711
0.00176721
0.00442363
0.00148165
0.00712244
0.000772672
0.0018738
0.0019376
0.00388975
0.00166689
0.00165159
0.00465544
0.00142321
0.00195409
0.00218229
0.0018516
0.00157139
0.00128818
0.000958443
0.00218698
0.00118313
0.00116569
0.00591959
0.00294533
0.00200149
0.00352751
0.00132689
0.00128514
0.00187803
0.00187974
0.00324052
0.00402564
0.00210304
0.00113264
0.00476383
0.00404773
0.00269792
0.00153459
0.00231962
0.00129499
0.00145248
0.00199884
0.00141966
0.00187385
0.00130261
0.00133972
0.00117787
0.00255417
0.00130098
0.00127169
0.00133036
0.00101438
0.00194947
0.00227833
0.00165608
0.00195808
0.00162504
0.00177002
0.00346934
0.00105829
0.00237216
0.00174851
0.00252864
0.00332141
0.00148694
0.00287267
0.0032548
0.00217005
0.00183552
0.00214347
0.00245534
0.00121698
0.00944954
0.00233352
0.00182652
0.00323007
0.00216333
0.00131608
0.00230425
0.00179237
0.00179319
0.00142571
0.0013854
0.0011609
0.00220703
0.00431723
0.000993781
0.00172183
0.0014003
0.00341506
0.000742124
0.00061995
0.00147869
0.000393591
0.00167192
0.00134844
0.00201494
0.0016391
0.00233961
0.00121176
0.00166244
0.00304228
0.00258318
0.00168365
0.0392069
0.00134421
0.00357273
0.00306367
0.000537136
0.00132854
0.000812103
0.00315583
0.00142988
0.00163995
0.00604048
0.00526738
0.00866391
0.0171209
0.00289625
0.00235923
0.00108816
0.00181203
0.00558416
0.00174639
0.00144408
0.00410457
0.000465654
0.00223213
0.00276313
0.00149937
0.0028818
0.00229106
0.0023916
0.00440766
0.00153475
0.000892196
0.00402647
0.00214122
0.00288256
0.0011382
0.00118945
0.00079522
0.00181922
0.00212676
0.00364108
0.00141571
0.00182894
0.00263563
0.00148783
0.0022987
0.00208157
0.00201549
0.00405897
0.00147017
0.0028853
0.00149589
0.00098801
0.00177708
0.00343899
0.00099871
0.00205946
0.00161779
0.00161445
0.00240434
0.00272771
0.000959752
0.00209502
0.00190876
0.00191604
0.000881749
0.005264
0.00264619
0.00122106
0.00314134
0.000838808
0.002058
0.00461831
0.0158439
0.00172004
0.00151587
0.00276726
0.00284007
0.000702058
0.00190196
0.00105613
0.00225499
0.0133477
0.00118675
0.00168983
0.00308261
0.0010443
0.00114377
0.0053779
0.00269581
0.00551612
0.00234199
0.00252136
0.00135416
0.0024095
0.000804957
0.000896844
0.00217577
0.000929205
0.00207331
0.00155868
0.00133051
0.00302376
0.00277518
0.00205582
0.0029757
0.000924277
0.00245257
0.00104713
0.00105823
0.000651847
0.00215703
0.00101716
0.00139737
0.00184011
0.00173249
0.00497733
0.0181757
0.00100829
0.00264765
0.00196728
0.00164205
0.00273599
0.0019961
0.00115128
0.000773735
0.00177355
0.00173513
0.00123535
0.00231053
0.00268141
0.00120429
0.000832549
0.00184227
0.00169402
0.00161779
0.0015335
0.00238766
0.00156579
0.00100085
0.00551742
0.00174941
0.00210349
0.00123589
0.00177711
0.00204709
0.00640716
0.0014124
0.00152312
0.00189498
0.00312654
0.00271454
0.00208472
0.00592964
0.0020338
0.00126082
0.00123559
0.00220204
0.00163932
0.00165014
0.00384789
0.00129279
0.00410483
0.00169846
0.00252677
0.00142741
0.00175899
0.00286339
0.00178035
0.00154715
0.00134555
0.00312774
0.00249916
0.00294601
0.00140997
0.00147923
0.00295468
0.00195468
0.00181216
0.0013063
0.0014435
0.00184385
0.00297422
0.00275547
0.00172276
0.00219729
0.00161562
0.00203953
0.00193004
0.00124661
0.00201395
0.00144284
0.00159787
0.00235632
0.00148453
0.00134265
0.00197354
0.00196902
0.00218553
0.0296649
0.00155117
0.00292695
0.00116689
0.00158515
0.00189792
0.00189798
0.00255733
0.00230709
0.000997093
0.00315571
0.00465684
0.00189032
0.00219072
0.00309656
0.00181941
0
0.00320544
0.00190448
0.00171105
0.0030744
0.00250698
0.00154606
0.00114273
0.00179896
0.00583563
0.00228649
0.00152718
0.00100759
0.00142713
0.00238859
0.000524352
0.0102757
0.00142914
0.00247169
0.00202484
0.00114561
0.00793465
0.00207785
0.00223574
0.0019486
0.00244548
0.00177584
0.00449183
0.00174821
0.00150862
0.00518653
0.00200147
0.00276512
0.000916651
0.00179286
0.00105314
0.00255686
0.00201323
0.00216689
0.00132939
0.0017476
0.00142193
0.00153449
0.00141078
0.00175532
0.00561181
0.00109257
0.00181632
0.00229767
0.00217154
0.0020313
0.0318444
0.00454815
0.00104036
0.00261852
0.000537943
0.00194312
0.0015087
0.00160126
0.00237533
0.00242743
0.00134128
0.00156957
0.00151292
0.00258361
0.00208219
0.00118497
0.00119618
0.00140453
0.0016129
0.00156425
0.00197751
0.00285112
0.00171384
0.00168329
0.000739966
0.00192925
0.00180193
0.0021201
0.00127766
0.00282361
0.000926406
0.00203514
0.00167626
0.00228432
0.00263873
0.0011853
0.00145204
0.00337384
0.00279322
0.00135108
0.00553024
0.0167877
0.00788104
0.00109172
0.00218536
0.00127056
0.00239173
0.00134704
0.0421107
0.00101105
0.00178051
0.00155455
0.00165152
0.00101771
0.00247152
0.00161605
0.00225283
0.00192153
0.00182312
0.00103434
0.00157826
0.00110669
0.000677788
0.00150674
0.00106688
0.00124522
0.00158101
0.00114661
0.00098413
0.00100468
0.000489045
0.00124787
0.00171884
0.00712477
0.00124379
0.00214167
0.00150419
0.00317644
0.00137032
0.00160801
0.00840536
0.00123699
0.00115404
0.000615931
0.00202471
0.00252594
0.00324697
0.00141708
0.00361402
0.00142604
0.00210946
0.0014223
0.00109011
0.00168568
0.00195551
0.000914044
0.00117902
0.00423219
0.00170699
0.00124811
0.00146532
0.00196775
0.00100636
0.00117428
0.00095397
0.00198653
0.00152118
0.00225516
0.00076334
0.00121072
0.00254749
0.00209181
0.00135209
0.00145019
0.00182719
0.00194431
0.00194918
0.00105729
0.00224917
0.00158136
0.00207423
0.00179951
0.00170333
0.00696904
0.00380394
0.00163797
0.00141822
0.00293559
0.00084128
0.00138571
0.00110281
0.00178339
0.00126599
0.00519418
0.00248283
0.00461053
0.00653968
0.00102354
0.00199759
0.00779026
0.000868676
0.00740388
0.00230263
0.00089496
0.00176587
0.00249995
0.0023603
0.000936287
0.00176682
0.00158971
0.000993822
0.00253717
0.00227406
0.0093851
0.00158441
0.00133606
0.00112962
0.00243619
0.00807202
0.00175987
0.00190068
0.00272623
0.00274894
0.0031066
0.00319478
0.0022627
0.00264549
0.000504794
0.00149645
0.0015724
0.000825242
0.00201965
0.00214543
0.00132423
0.00139801
0.00152888
0.00121075
0.00185596
0.00150235
0.00144493
0.00139811
0.00299246
0.00161206
0.00145464
0.00275434
0.00203111
0.00173202
0.00235468
0.00248422
0.00193051
0.00242404
0.00239032
0.00245746
0.00144442
0.00175304
0.00139471
0.00755746
0.00156293
0.000977593
0.00194988
0.00165334
0.00126768
0.00323133
0.00265665
0.00213648
0.00132646
0.00220603
0.00144669
0.00285201
0.00078206
0.00136823
0.0018698
0.0011425
0.00169269
0.000946965
0.00396459
0.0017401
0.000912302
0.00241052
0.00136567
0.00150766
0.00219298
0.00276271
0.00185916
0.00153158
0.00173368
0.00197255
0.0059461
0.00324434
0.00258883
0.00182315
0.0022163
0.00120301
0.00454561
0.00102625
0.00139111
0.00106
0.00118502
0.00905179
0.00120007
0.00132937
0.00190826
0.00390892
0.00111356
0.00261407
0.0021433
0.000897436
0.00227899
0.00263799
0.00287331
0.00780907
0.00219294
0.00164637
0.00222334
0.00161208
0.00122668
0.00181402
0.00210797
0.00166497
0.00162633
0.00164152
0.00221946
0.00392582
0.00147437
0.00309762
0.00126842
0.000978133
0.00169647
0.00116295
0.00158444
0.00107899
0.00270626
0.0015209
0.00195233
0.00147167
0.00276206
0.00179538
0.00103531
0.00131232
0.002599
0.00096677
0.00186578
0.000808692
0.0134372
0.00218625
0.00188525
0.00149931
0.00134705
0.00236367
0.00721872
0.00108348
0.00144567
0.0020314
0.00305654
0.0015638
0.00494525
0.0042545
0.00231251
0.000989453
0.00213559
0.00244946
0.00222527
0.00129506
0.00224285
0.000663252
0.00200116
0.00158778
0.00247196
0.00152695
0.00127738
0.00103401
0.00213451
0.00400664
0.00326794
0.00354621
0.00104582
0.000718271
0.00122317
0.00244835
0.00118737
0.000961747
0.00286957
0.00891396
0.00323179
0.00251332
0.00141857
0.00690143
0.00234526
0.00318471
0.00280886
0.00180835
0.00266184
0.00190196
0.000968628
0.00664735
0.00883986
0.00209694
0.00193414
0.00281371
0.00130841
0.00113668
0.00128074
0.00147396
0.00150401
0.00109543
0.00337865
0.00127205
0.00189354
0.00296177
0.00118677
0.00688054
0.00628629
0.00171467
0.00156618
0.000663187
0.00232447
0.00389034
0.00176213
0.00113057
0.0013704
0.00252457
0.00149776
0.00244803
0.000393653
0.00223504
0.0239841
0.0020618
0.00240125
0.00312385
0.00298392
0.0021654
0.000896488
0.00194654
0.000396371
0.00116375
0.00397357
0.00152684
0.00223183
0.00245681
0.00221165
0.00119755
0.00189857
0.00145145
0.0016849
0.0223006
0.00156865
0.00175584
0.00109642
0.00880126
0.00212062
0.00130188
0.00236968
0.00283992
0.00140758
0.0018364
0.0011429
0.00141037
0.0011382
0.000930248
0.000646414
0.00331025
0.00274731
0.00066464
0.00321536
0.00135319
0.00780983
0.00240155
0.00286309
0.00153113
0.00229338
0.0018282
0.00432081
0.000819023
0.00345446
0.00786083
0.00264526
0.00225767
0.00161906
0.00155608
0.00162799
0.00137815
0.00219526
0.00192354
0.00113702
0.00161751
0.00149284
0.00765891
0.00148471
0.00145918
0.00252879
0.00177963
0.00143118
0.00153871
0.00257151
0.00115038
0.00161422
0.00145802
0.00108841
0.00357132
0.012511
0.0101062
0.0019077
0.00124958
0.00585883
0.00195054
0.000773692
0.000771019
0.00278361
0.00196911
0.0029939
0.00194268
0.00196143
0.00355677
0.00155949
0.00245616
0.00123019
0.00271037
0.00153441
0.00149507
0.00219159
0.00102919
0.00156314
0.00356399
0.00131693
0.00526178
0.00130076
0.00162611
0.00202589
0.00155767
0.00179082
0.00124616
0.00175145
0.000723551
0.00177972
0.00167471
0.0011116
0.00159245
0.00101022
0.00104795
0.00114169
0.00180443
0.00308787
0.00161261
0.00148921
0.00218715
0.00264786
0.00115489
0.00110131
0.00171172
0.000415119
0.00105622
0.00148988
0.00129427
0.00213118
0.00120784
0.00099192
0.00329832
0.00243229
0.00528751
0.000753926
0.00505223
0.00168915
0.00105933
0.00877393
0.00372997
0.00121655
0.00171229
0.00175817
0.00199296
0.00160235
0.00168883
0.00939439
0.00662793
0.00208814
0.00121204
0.000565399
0.00120724
0.00135944
0.0023565
0.00218752
0.00284481
0.00250815
0.00106468
0.00194657
0.000990963
0.00108509
0.000769642
0.00354475
0.00193039
0.00207417
0.00195316
0.00218754
0.00773516
0.00395265
0.002042
0.00197264
0.00452887
0.00139721
0.00245867
0.0019475
0.00123155
0.0020529
0.00160937
0.00122701
0.000966982
0.000975888
0.0031397
0.00267598
0.00192655
0.00129588
0.00250986
0.00370092
0.00159285
0.0309206
0.00242903
0.00167117
0.00232217
0.000965159
0.00202711
0.000892199
0.00175486
0.000865879
0.00198486
0.0014352
0.00134005
0.000974657
0.00236232
0.00406586
0.00143838
0.00597487
0.00166766
0.00136633
0.00162073
0.00232756
0.00306712
0.00139987
0.00194636
0.000910954
0.00127297
0.00230137
0.000952949
0.00286796
0.00119991
0.00149133
0.00162764
0.0021142
0.00111777
0.00145794
0.00152615
0.00391496
0.00105765
0.00190623
0.00114419
0.0138321
0.00292132
0.00178419
0.00183346
0.00687724
0.00158591
0.000918808
0.00126569
0.00171535
0.00214903
0.000837189
0.00281206
0.00113794
0.0072381
0.00131944
0.00171257
0.00180143
0.00976729
0.00111334
0.000886899
0.00112869
0.00187044
0.00118816
0.00148984
0.00286671
0.00114426
0.00161493
0.00083893
0.00196194
0.00134053
0.00245114
0.00117093
0.00208702
0.00108058
0.001385
0.00039584
0.00160071
0.00210134
0.00397319
0.00208792
0.00840387
0.00141468
0.00234412
0.00294113
0.00213025
0.00256319
0.00246553
0.00290662
0.00357567
0.000874458
0.00240921
0.00134908
0.00636558
0.00213933
0.00216772
0.000948054
0.000869039
0.0019488
0.00102493
0.00128807
0.000871473
0.0019228
0.000554034
0.00193141
0.00163379
0.00245115
0.00951528
0.00917743
0.00152249
0.00104587
0.00193885
0.000914594
0.00102753
0.00234449
0.0042628
0.00327995
0.0064799
0.0219202
0.00212648
0.00142166
0.00349972
0.00114195
0.00278482
0.0028167
0.00271462
0.00135754
0.00419599
0.0119505
0.00218064
0.0016688
0.00131126
0.00240496
0.0019218
0.00131473
0.00120688
0.00194864
0.00206062
0.00131382
0.00198505
0.00419798
0.00125281
0.00189963
0.00287631
0.00074011
0.000727433
0.0064174
0.0032791
0.000976156
0.00146825
0.00178824
0.00241769
0.00102998
0.00264777
0.00479899
0.00229119
0.00122431
0.00229019
0.0021419
0.00226424
0.00392671
0.00183008
0.00220796
0.00153756
0.00197146
0.00221376
0.00152501
0.00273724
0.00103205
0.00212929
0.00336834
0.00496963
0.00203576
0.00232131
0.000645075
0.00124322
0.00220347
0.00159328
0.00110457
0.00131601
0.00228691
0.00105913
0.00606128
0.00166485
0.00147429
0.00152812
0.00298192
0.00184351
0.00156904
0.00257655
0.00182181
0.00259079
0.00125874
0.00324123
0.0026902
0.00246137
0.00267919
0.000622268
0.00310918
0.00227369
0.00197863
0.000735962
0.00187864
0.00194456
0.00144387
0.00253802
0.00398901
0.00160916
0.000896219
0.00185644
0.00189018
0.000968115
0.00346865
0.00195971
0.00146966
0.00109349
0.000998548
0.000857752
0.00135712
0.00312103
0.00557662
0.00265297
0.00253122
0.0204605
0.0114745
0.00241737
0.00288066
0.00230801
0.00146171
0.00116636
0.00173377
0.00183689
0.00538917
0.00347452
0.00109504
0.00209439
0.00162625
0.000862331
0.00774627
0.00122235
0.00396493
0.0013724
0.000991541
0.00283578
0.00172107
0.00183997
0.00129536
0.00180127
0.00199547
0.0013886
0.00165053
0.00171328
0.0021089
0.00172494
0.0017741
0.00221399
0.00138298
0.00256012
0.00197647
0.00191093
0.00119906
0.00246216
0.00181964
0.00163879
0.002752
0.00267903
0.00164785
0.00160639
0.00177885
0.00109785
0.0032633
0.00213872
0.00104032
0.000280156
0.00175014
0.00360536
0.00224374
0.00147736
0.0007455
0.00197225
0.00211692
0.00113835
0.00205807
0.00199907
0.00155665
0.00326507
0.00190644
0.00119525
0.00449213
0.000648385
0.00171745
0.00276475
0.00134103
0.00316743
0.00194388
0.000982731
0.00101789
0.00284024
0.0110843
0.00210133
0.00264897
0.00159246
0.00103909
0.00170396
0.000875684
0.00302491
0.000757562
0.0128348
0.00294994
0.00175297
0.00236721
0.00136504
0.00228591
0.00322138
0.00173386
0.00170821
0.00150941
0.0018523
0.00141769
0.0023226
0.00171581
0.00118911
0.00268816
0.0013029
0.00310176
0.00248103
0.00185551
0.000896084
0.00173495
0.00214793
0.00123903
0.00136541
0.00205924
0.00563827
0.00159559
0.00314743
0.00212391
0.000996377
0.00672316
0.00616008
0.00126473
0.00124503
0.00193006
0.00207627
0.00182349
0.00160918
0.00131143
0.00163155
0.00558752
0.00256393
0.00128011
0.00339887
0.00119339
0.00136584
0.00619336
0.00302665
0.00301376
0.00146842
0.00294384
0.00159636
0.00373122
0.00166294
0.00167602
0.00185887
0.00274285
0.00123504
0.00517933
0.00117858
0.00336844
0.00143453
0.000909546
0.00151036
0.000967851
0.00204608
0.00203267
0.00282052
0.00118418
0.00165672
0.00361658
0.00279871
0.00133068
0.0116932
0.00110572
0.00197184
0.00135387
0.00136844
0.00171903
0.00154611
0.00162579
0.00167526
0.00268068
0.00149418
0.00382121
0.00989152
0.00152184
0.0138796
0.00228735
0.00250063
0.00207308
0.00125946
0.00201285
0.00471434
0.00103316
0.00179706
0.00332895
0.00299526
0.00219345
0.00207494
0.0071647
0.00326554
0.00268989
0.000738345
0.00275345
0.0018978
0.00193742
0.00452433
0.000683442
0.00149427
0.00486775
0.0015492
0.00127974
0.00153053
0.00547853
0.00132382
0.00121278
0.00192283
0.0014729
0.00133577
0.00315648
0.00305618
0.00107294
0.00107394
0.0016392
0.00290362
0.0012148
0.0025565
0.00109246
0.000791286
0.00377207
0.0168933
0.00254025
0.00301597
0.00886752
0.00233567
0.000989941
0.00201664
0.00259892
0.00213701
0.00261772
0.000602814
0.00312762
0.00202871
0.00272414
0.00121361
0.00204087
0.00695194
0.00279554
0.00132256
0.00149832
0.00198608
0.00135135
0.00251463
0.00196179
0.00109299
0.00228747
0.00190898
0.000904334
0.00125433
0.00236794
0.00110816
0.00259354
0.00124156
0.00186668
0.000567663
0.00208682
0.00182973
0.00731351
0.00119816
0.00175511
0.00138145
0.00198805
0.00390577
0.00164482
0.00251116
0.00420556
0.00690081
0.00261954
0.00120379
0.00184787
0.00191716
0.00326823
0.00157263
0.00246779
0.00117087
0.00119659
0.00316524
0.00101483
0.00195363
0.00572495
0.0011164
0.00332649
0.00182081
0.00201032
0.00642344
0.00130856
0.00156288
0.000974221
0.00112097
0.000896237
0.00394317
0.0490693
0.00254357
0.00145364
0.00144224
0.000720787
0.00311038
0.00381008
0.00453476
0.000874763
0.00159109
0.00226445
0.00102457
0.000867345
0.00145467
0.00166726
0.00190856
0.002149
0.000625601
0.00107713
0.0018427
0.0017729
0.00391462
0.00284063
0.000732153
0.0163062
0.00247585
0.00804611
0.00220939
0.00703373
0.00177177
0.00364194
0.00173475
0.00303457
0.000883581
0.000752437
0.00102651
0.00322504
0.00196578
0.00248743
0.0063108
0.00227028
0.00224743
0.000972395
0.00184815
0.00121112
0.00152511
0.00406503
0.0012877
0.000581892
0.00131728
0.00147595
0.0013844
0.00163314
0.00351413
0.00236788
0.00156873
0.00249747
0.00386966
0.00135462
0.00267023
0.00200549
0.00126037
0.0014762
0.00166453
0.00181326
0.0041111
0.0504313
0.00151135
0.000684578
0.00129896
0.00200282
0.00111856
0.00191633
0.00116659
0.00190211
0.00282554
0.00197884
0.00230851
0.00167672
0.00233016
0.00128095
0.00123167
0.000721528
0.00228392
0.00535995
0.00187115
0.000784123
0.00226645
0.00204688
0.00188836
0.00118507
0.00298082
0.00384931
0.00144127
0.00289686
0.00161021
0.000883192
0.000955215
0.00233539
0.00292213
0.00113074
0.00142757
0.000713896
0.00541567
0.00168633
0.00415084
0.000878671
0.000867522
0.000813213
0.00379697
0.00638897
0.00154257
0.0027923
0.00143885
0.00211297
0.00162083
0.00202857
0.00104592
0.00101311
0.00258642
0.00246994
0.00212584
0.00292983
0.00130387
0.00106585
0.00115054
0.00385896
0.00195451
0.00169863
0.00118727
0.00153733
0.00148126
0.00237334
0.0019093
0.00227823
0.00156945
0.00276344
0.0012161
0.00180663
0.00105723
0.00170337
0.00567471
0.00173085
0.00138291
0.000396905
0.00176797
0.00125989
0.0019269
0.00210443
0.00133134
0.00254619
0.00262666
0.0328224
0.00211872
0.00108999
0.00208318
0.00179443
0.00133157
0.00343
0.000963823
0.00108737
0.00409107
0.00124254
0.00178104
0.00165016
0.00157641
0.00226513
0.00168932
0.00130257
0.0025551
0.00126102
0.00120661
0.00365985
0.00168777
0.00130253
0.000976054
0.00212266
0.00143149
0.00125762
0.00105151
0.00206754
0.00195661
0.000949585
0.00632225
0.00142575
0.00201898
0.0016418
0.00153872
0.00216418
0.00343307
0.00267621
0.0162348
0.00217798
0.000771026
0.00133987
0.00189279
0.00291541
0.00108846
0.00145134
0.00224677
0.00647448
0.000959352
0.00310351
0.00813412
0.00148878
0.00225779
0.00723569
0.00176944
0.0017632
0.000900845
0.00220205
0.0382484
0.0202496
0.00160904
0.00567997
0.00227528
0.00143516
0.00346738
0.00229409
0.00292035
0.0017466
0.00127738
0.00131215
0.0010664
0.00279731
0.00280331
0.00230767
0.00119808
0.00109187
0.000958644
0.00223188
0.00545236
0.00182377
0.00146418
0.00367317
0.000978601
0.00105938
0.000743737
0.00186014
0.0019101
0.00202292
0.00212938
0.00186307
0.001667
0.00229274
0.00229682
0.00124181
0.00144648
0.0009259
0.000746573
0.00486667
0.00222717
0.00111273
0.0231536
0.00301348
0.00179351
0.000765868
0.00117865
0.00131072
0.00160836
0.00146625
0.00220035
0.00106619
0.0016951
0.00139205
0.00174847
0.00165881
0.00191439
0.00152844
0.000761157
0.0035593
0.00179385
0.00216822
0.00188311
0.00466059
0.00150237
0.00684753
0.0030113
0.00194698
0.00109709
0.00312745
0.00234855
0.00188577
0.00189084
0.00117151
0.00192665
0.00174302
0.00151788
0.00135064
0.00141944
0.0616916
0.00121415
0.00151127
0.00165516
0.00205986
0.00217717
0.00302846
0.00279256
0.0019634
0.0017296
0.00182521
0.0017357
0.00436119
0.000546261
0.00239246
0.00191265
0.00183183
0.00109522
0.00124345
0.0369422
0.00244542
0.00204923
0.00169849
0.000888005
0.00266535
0.0014345
0.00156909
0.00197864
0.00182712
0.00122863
0.00154051
0.00138271
0.00131878
0.00147686
0.00188
0.00181014
0.00351852
0.00164764
0.000699436
0.00386728
0.00308872
0.0497178
0.000879235
0.00158708
0.0016353
0.0017043
0.00303783
0.00136623
0.00304719
0.00303574
0.00125693
0.00126726
0.00103788
0.000990995
0.000642474
0.000833097
0.00167233
0.00146053
0.00140809
0.00129023
0.00206365
0.00126257
0.00229128
0.00203147
0.000405871
0.00140224
0.00120153
0.00343476
0.00243424
0.000892419
0.00215356
0.00205249
0.00243607
0.00631095
0.00996755
0.0021198
0.00102995
0.00214687
0.00306077
0.00136999
0.00121433
0.00190879
0.00124547
0.00190916
0.00357525
0.00163583
0.0131321
0.00731845
0.00143416
0.00277848
0.00235282
0.00218485
0.00217121
0.00170101
0.00200854
0.00191811
0.00132063
0.00116755
0.00163219
0.00309336
0.00248486
0.00214601
0.00080468
0.00104403
0.0012756
0.00175383
0.00219326
0.000590377
0.00272905
0.00105803
0.00188803
0.00234943
0.00325259
0.00155736
0.00128
0.00340812
0.0051806
0.0011453
0.00329619
0.00226074
0.00127029
0.00249208
0.00207946
0.000987031
0.00373509
0.00251336
0.00279004
0.00215351
0.00206182
0.00175548
0.00151195
0.00160909
0.00177094
0.00122303
0.00175252
0.00771477
0.00188324
0.0015928
0.00153118
0.00107069
0.000769577
0.00405807
0.0059529
0.00453345
0.00258366
0.00329622
0.00141805
0.00158906
0.00143207
0.00134381
0.00124554
0.00228742
0.00355265
0.00330111
0.00449942
0.00220492
0.00218518
0.00249962
0.00165409
0.00296354
0.00125652
0.00235935
0.00139775
0.000401437
0.0029649
0.00190873
0.00119443
0.00058604
0.00259293
0.00155406
0.00130092
0.00212981
0.00413396
0.00110419
0.00257439
0.000772223
0.00244887
0.00116571
0.00138717
0.00182157
0.00237299
0.00216072
0.00133254
0.00144061
0.0112283
0.00115809
0.00378722
0.00506212
0.00200399
0.00621996
0.00108449
0.00149701
0.00212218
0.00133074
0.00130678
0.00550048
0.0021053
0.00144681
0.00160719
0.0035119
0.0103327
0.00261836
0.00114942
0.0019039
0.00426628
0.00173856
0.0014631
0.00189839
0.00290652
0.00171366
0.00625666
0.000779312
0.00362875
0.00098884
0.00298916
0.00196316
0.00202557
0.00166788
0.00259496
0.000754739
0.00189441
0.011487
0.00502592
0.00284411
0.00120319
0.00124973
0.00328202
0.00475845
0.00269824
0.00378093
0.00112284
0.00232941
0.000888147
0.000899324
0.00173323
0.00424179
0.00272338
0.0019099
0.00342742
0.00177979
0.00125374
0.00269908
0.00167631
0.00116555
0.000947891
0.00196637
0.0020482
0.002767
0.00205167
0.0009365
0.0111875
0.00138126
0.00115936
0.00270842
0.00122373
0.00481251
0.00225461
0.000847752
0.0181439
0.000754935
0.00131615
0.00169729
0.000961874
0.00194171
0.00482063
0.00167845
0.00179016
0.00132466
0.00142335
0.00123657
0.00252766
0.00197745
0.00275968
0.00144296
0.00372551
0.00116946
0.0015337
0.00181038
0.00125647
0.0022254
0.00249732
0.00242961
0.00309253
0.00233932
0.00253156
0.00296115
0.00116438
0.00284697
0.00171048
0.000766533
0.00161242
0.00161676
0.00185986
0.00120228
0.00140101
0.00442102
0.00226228
0.0107975
0.000788371
0.00167079
0.00678161
0.00451039
0.00181959
0.00119805
0.00126758
0.00162942
0.0019711
0.00130182
0.0011149
0.00264741
0.00154599
0.00875189
0.00240147
0.00111175
0.00197674
0.00292917
0.00117109
0.00235294
0.00264185
0.00100581
0.00128311
0.00118019
0.00293389
0.00142545
0.000597635
0.00102976
0.00208866
0.00212865
0.000861714
0.0135271
0.00102961
0.00354704
0.0010719
0.00444984
0.0015743
0.00634314
0.00155516
0.00196087
0.00172037
0.00212222
0.00172594
0.00162967
0.0014687
0.00166916
0.0010401
0.00208866
0.00161
0.00159676
0.00207131
0.00155711
0.00419642
0.00212045
0.00200218
0.00124282
0.00198632
0.00112333
0.00318919
0.00197703
0.00409799
0.000815346
0.00136711
0.00221403
0.00147084
0.00129536
0.00258387
0.00198363
0.00205322
0.00361744
0.00144537
0.00202401
0.00557914
0.0127236
0.00156547
0.00302782
0.00103562
0.00181052
0.00163822
0.000371477
0.00138081
0.00138453
0.00163554
0.00238585
0.00510785
0.00136964
0.0152195
0.00220473
0.00571622
0.00135583
0.00197322
0.00142741
0.00246316
0.00259381
0.00162048
0.002085
0.00120292
0.00142294
0.00104334
0.000972362
0.00140688
0.00382149
0.00314948
0.00200385
0.00149664
0.00131891
0.00160729
0.00228457
0.00222975
0.00281993
0.0011411
0.00159198
0.00101699
0.00276287
0.00173675
0.0045348
0.0011427
0.00381205
0.00318408
0.00090336
0.00138857
0.00110913
0.00141871
0.00214038
0.00236345
0.00191932
0.001844
0.00125656
0.0150024
0.00380113
0.000716122
0.00316802
0.00237366
0.00258565
0.00292298
0.000728864
0.00230429
0.00154361
0.000805875
0.00172996
0.0014868
0.004409
0.00140072
0.00275455
0.00190948
0.00263165
0.00185896
0.00150155
0.00226626
0.00296779
0.00109011
0.00273729
0.00103369
0.00105076
0.000958878
0.0011975
0.00235192
0.00419159
0.00232062
0.0117038
0.00369093
0.00157651
0.00260225
0.00109009
0.00178855
0.00215881
0.00135711
0.00318436
0.0016208
0.00210325
0.00129871
0.00268304
0.000541679
0.00167132
0.00248285
0.00223021
0.00108021
0.00120043
0.00257816
0.000944362
0.00185185
0.00135711
0.00115891
0.00323717
0.000985097
0.000665745
0.00315659
0.00177363
0.00235315
0.00107493
0.00178337
0.00232043
0.00145137
0.00101496
0.0012747
0.00120562
0.00185757
0.00255362
0.00136327
0.00317663
0.00366977
0.0022827
0.0127215
0.00155295
0.00779225
0.00242261
0.00288357
0.001847
0.00100028
0.000974865
0.00190129
0.00114202
0.00188837
0.00394852
0.00331094
0.00219528
0.00213755
0.0012017
0.00478387
0.00155995
0.00317031
0.00196287
0.00110958
0.00225517
0.0097102
0.000993694
0.00135928
0.00427469
0.00125384
0.00139684
0.00086589
0.00160294
0.00275905
0.00272525
0.00209869
0.00116158
0.00137292
0.00139745
0.00150275
0.00135418
0.00251663
0.0018191
0.00311743
0.00374095
0.00365738
0.0205488
0.00523456
0.000651015
0.00114019
0.00165763
0.00299859
0.00152602
0.00125408
0.0020091
0.00191711
0.00268253
0.00178303
0.00169293
0.00150263
0.00106351
0.00292614
0.0016172
0.00255916
0.00685616
0.000596036
0.000587852
0.00160575
0.00166843
0.000724716
0.00120258
0.00267265
0.00166491
0.00231918
0.00158885
0.00202997
0.00162292
0.000889209
0.00107421
0.00214664
0.00193898
0.00187163
0.00164592
0.0015144
0.00114836
0.00153652
0.00197231
0.00139473
0.00280286
0.00176793
0.00254103
0.00144303
0.00147394
0.00235183
0.00171342
0.0163355
0.00247132
0.00193588
0.00197903
0.00764458
0.0129472
0.0015359
0.00216453
0.00164811
0.00163926
0.00268758
0.00488592
0.00155857
0.0023948
0.00291913
0.00251483
0.00181166
0.00288499
0.00169399
0.000924853
0.00118118
0.00686306
0.0016659
0.00129454
0.00225264
0.00509347
0.00260695
0.00166821
0.000710646
0.00320673
0.00154066
0.00234582
0.00151472
0.00345844
0.00372173
0.00132219
0.00167283
0.00205269
0.00383656
0.00178578
0.00052965
0.00310961
0.0011867
0.00179292
0.00127452
0.00245509
0.000755963
0.00274032
0.00178049
0.00702509
0.00116751
0.010506
0.000927627
0.00154336
0.00150448
0.00456792
0.00190681
0.0014309
0.00240284
0.000651543
0.0015347
0.00108143
0.00399221
0.00166001
0.00139555
0.00259443
0.000646926
0.00313255
0.00280471
0.00251028
0.00228451
0.000942257
0.00303806
0.00172733
0.00229489
0.0012369
0.00219561
0.000477168
0.000940479
0.00233258
0.00221887
0.00277884
0.00155871
0.00187884
0.00222685
0.00129084
0.00151736
0.00177486
0.00219382
0.00122558
0.00554407
0.0013616
0.00227331
0.00379328
0.00233029
0.00401219
0.00264459
0.016596
0.00169727
0.0076943
0.0015781
0.00199465
0.00195565
0.00163251
0.00332743
0.00196499
0.000878365
0.000796094
0.00142307
0.0075147
0.000382536
0.00131774
0.000977802
0.00166126
0.00141623
0.00158354
0.00156267
0.00377565
0.00279137
0.00148359
0.00143106
0.00438793
0.00104823
0.00156401
0.00210974
0.00151284
0.00142088
0.00232252
0.00156971
0.00100464
0.00219939
0.00325122
0.00222746
0.00408106
0.0570472
0.0141472
0.00127592
0.00120947
0.00260351
0.00129123
0.00183937
0.00119511
0.00221295
0.00752994
0.000595294
0.00235915
0.0012884
0.00229097
0.00203689
0.0013719
0.0328664
0.00138055
0.00344698
0.00162519
0.00184704
0.000951932
0.00310462
0.00850515
0.00221967
0.000775783
0.00318421
0.00244642
0.00271712
0.000995888
0.00163151
0.00116273
0.00999182
0.0015935
0.00108638
0.00245384
0.00139429
0.0029252
0.00185523
0.00109421
0.00117708
0.00143894
0.00250524
0.00189017
0.00132071
0.00229094
0.0012237
0.00355983
0.00172585
0.00270735
0.00101327
0.00146343
0.000992205
0.00313228
0.00314279
0.00219443
0.00106881
0.00239009
0.00254257
0.00306892
0.00270375
0.0014057
0.000974739
0.00130158
0.0018098
0.00153529
0.00185829
0.00165209
0.00161207
0.00116377
0.0018297
0.00162753
0.00177561
0.00368331
0.00274511
0.00137876
0.00125751
0.00293118
0.0018872
0.00124171
0.00197474
0.00174341
0.00179987
0.00640216
0.00158534
0.00271625
0.0029221
0.00915736
0.0019161
0.00123595
0.00179554
0.00125672
0.0014663
0.000999248
0.00137199
0.0166848
0.00432775
0.00220137
0.00328029
0.00100642
0.00165832
0.00250544
0.00299277
0.00694182
0.0085226
0.0021408
0.00216913
0.0155366
0.00281416
0.00181112
0.0041758
0.00181495
0.00125489
0.0292934
0.00129358
0.00353702
0.00438217
0.0048791
0.000899226
0.00303075
0.00492614
0.00105428
0.00201683
0.0009036
0.000735426
0.00105963
0.00117132
0.00177167
0.00155958
0.0011595
0.0168169
0.00139786
0.00127163
0.00141751
0.00211218
0.00539657
0.00133512
0.000694611
0.000631635
0.00169552
0.00146237
0.00198797
0.00340397
0.00150037
0.00191583
0.00157563
0.00140585
0.00186978
0.00141242
0.00306137
0.00174966
0.00155674
0.00145865
0.00191172
0.00178063
0.00168576
0.00129556
0.0011524
0.00274911
0.00184243
0.00197284
0.00186822
0.00146129
0.0060648
0.00621014
0.00274892
0.00160145
0.00285713
0.00219513
0.00170562
0.0175238
0.00131986
0.00275051
0.000833855
0.0021077
0.00138473
0.00167271
0.00187557
0.00701006
0.000931428
0.00121468
0.00122474
0.00150633
0.00258894
0.00185483
0.00140123
0.00128112
0.00113156
0.00151276
0.00105047
0.00339734
0.00157443
0.00506294
0.00115085
0.0012134
0.00201404
0.00131987
0.000896689
0.00188463
0.00195006
0.00237571
0.00122776
0.000588467
0.00604307
0.00187088
0.00082537
0.00128286
0.00124121
0.00111674
0.00451862
0.00612044
0.00197054
0.00115984
0.00108724
0.00195756
0.000946852
0.00245346
0.00300671
0.00194782
0.00167492
0.00284917
0.00110121
0.00558831
0.00430511
0.00104475
0.00111413
0.00123273
0.00171789
0.00100688
0.00771697
0.00209767
0.000564612
0.0062448
0.00189271
0.00131421
0.00127885
0.00115223
0.00320468
0.000868907
0.0015202
0.00250146
0.00236456
0.00409773
0.00158045
0.00149245
0.00100532
0.00100034
0.00336329
0.00141737
0.00187149
0.00139665
0.0014848
0.00436739
0.000862446
0.00127446
0.00128598
0.00120919
0.0050705
0.00142767
0.000631263
0.00159781
0.00194221
0.0024817
0.00131454
0.00303488
0.00398793
0.00197846
0.000609098
0.00103734
0.00195126
0.00100331
0.00169001
0.00220105
0.0033963
0.00161627
0.00227398
0.00370659
0.00204012
0.00223291
0.00284662
0.00169874
0.00159286
0.00211687
0.000978582
0.00257454
0.0123156
0.00174289
0.00231255
0.00214003
0.00196593
0.000937822
0.00144441
0.00201576
0.00272057
0.000637697
0.00233593
0.00160674
0.00217567
0.00155915
0.00185929
0.00137171
0.00242954
0.000729327
0.0013965
0.00325161
0.00188282
0.000913872
0.00207541
0.00223824
0.00250903
0.00878356
0.0021369
0.00321318
0.00156515
0.00256904
0.00176808
0.00145033
0.000320025
0.00166044
0.00179567
0.000991152
0.00189837
0.00245819
0.00216038
0.0177052
0.00200474
0.00351487
0.00279012
0.00131957
0.00174491
0.0110899
0.00278831
0.0021945
0.0109234
0.00148222
0.00158039
0.00329403
0.00419161
0.00175894
0.00191477
0.00248833
0.00570319
0.00108341
0.00293075
0.001326
0.00102985
0.00132404
0.00246652
0.00476876
0.00252159
0.00323798
0.00194955
0.00152075
0.0019295
0.00127922
0.00147206
0.0173273
0.000820513
0.00191813
0.00148956
0.00142269
0.00142151
0.000640398
0.00215931
0.00167988
0.00188847
0.00152969
0.00176042
0.00187677
0.00383309
0.0022418
0.00187888
0.00135992
0.00251724
0.00147915
0.000989122
0.00145221
0.00155062
0.00192789
0.005002
0.000823643
0.00294119
0.00599698
0.000961009
0.00155931
0.0017472
0.00202377
0.0015832
0.00300612
0.00171922
0.00125514
0.0214355
0.00214978
0.00159719
0.00183486
0.00312199
0.00103882
0.00157971
0.000548018
0.00109718
0.00118178
0.00113125
0.00593698
0.00205545
0.0017932
0.00126142
0.00247026
0.00183325
0.00130783
0.00164998
0.00202835
0.0023709
0.0019684
0.000529905
0.0013765
0.00320221
0.00200662
0.00206522
0.00716532
0.0020197
0.0019902
0.00192485
0.000878271
0.00221684
0.0024203
0.00138824
0.00166112
0.00223972
0.00154877
0.00194534
0.0021485
0.00264134
0.00102494
0.00183547
0.000984255
0.0019219
0.00149038
0.00390213
0.00533957
0.00322187
0.00140274
0.00239577
0.00330428
0.0014568
0.00343427
0.00108893
0.00196353
0.00184247
0.00306501
0.00156508
0.00158814
0.00183914
0.00134984
0.00382022
0.00137989
0.0014203
0.00340452
0.00240748
0.00264467
0.00142262
0.00140622
0.00195509
0.0030404
0.00163769
0.00119173
0.00216352
0.00156804
0.00110759
0.00198183
0.00142362
0.0374881
0.0222192
0.00122441
0.00117632
0.00103039
0.00118337
0.000453426
0.0006329
0.00177638
0.00151225
0.000941389
0.00289557
0.00149971
0.00184367
0.0019999
0.00123747
0.00109498
0.00233192
0.00152989
0.00160748
0.00135975
0.00344639
0.00216615
0.000714634
0.0013926
0.00100197
0.0014649
0.00127374
0.00147029
0.00151414
0.0018179
0.0020816
0.00208307
0.00724215
0.00146224
0.00208012
0.00148176
0.00085747
0.00191943
0.000740207
0.00711062
0.00269578
0.00525421
0.00157382
0.00523395
0.00133564
0.0027349
0.00260352
0.00202535
0.00236002
0.00158178
0.00629831
0.00167221
0.00140866
0.00101833
0.0270982
0.00135186
0.00109587
0.0011836
0.00112993
0.00299595
0.0014437
0.00110451
0.00172069
0.00169905
0.00141979
0.000788722
0.00449232
0.00200201
0.00950647
0.00151221
0.000877118
0.00191385
0.00291157
0.0023449
0.00194434
0.00129449
0.00168271
0.0281374
0.00517507
0.00290502
0.00129505
0.00174853
0.00428125
0.00197049
0.00186498
0.000596762
0.0012412
0.00131889
0.00227027
0.00154768
0.00228664
0.00453509
0.00218092
0.00309615
0.00240592
0.0144494
0.000988128
0.00185507
0.00119349
0.000833772
0.00173619
0.00114656
0.0011024
0.00118753
0.00327213
0.00116196
0.00137832
0.00150764
0.000836783
0.00569296
0.00255332
0.00092532
0.00151113
0.000990052
0.000955886
0.00230927
0.00142464
0.000563808
0.00501875
0.0061249
0.00126107
0.000366311
0.00204242
0.00190098
0.00555104
0.00175243
0.00184554
0.00178412
0.00314253
0.000965968
0.00250324
0.00297337
0.00385826
0.00891723
0.00136664
0.00120493
0.00127425
0.00256323
0.00287816
0.00257486
0.00139632
0
0.00116571
0.00287971
0.0013566
0.00448118
0.00343481
0.00252746
0.00248267
0.00170667
0.00252376
0.0016095
0.00439926
0.00685596
0.00249281
0.00140645
0.00190547
0.00215714
0.000653934
0.00131034
0.00111849
0.0019487
0.0015865
0.010686
0.00239148
0.00226606
0.00257667
0.00212
0.00128747
0.00234337
0.00182719
0.00127435
0.00361863
0.00218187
0.00200176
0.00953662
0.00127351
0.00257674
0.00139541
0.000765306
0.00921861
0.00162074
0.000831589
0.000895648
0.00106762
0.0008908
0.00227196
0.00169164
0.00195228
0.00124302
0.00156194
0.00141523
0.00229541
0.00129897
0.0123681
0.00110413
0.00375997
0.00158669
0.00218451
0.000983283
0.00169426
0.00348037
0.00127615
0.00155695
0.00169838
0.00116366
0.00227229
0.00125114
0.00145894
0.00203004
0.00165259
0.0033364
0.00166188
0.00051701
0.00832817
0.00237731
0.00205744
0.00557073
0.00100883
0.0014623
0.00138885
0.0152843
0.000769232
0.0110862
0.00171971
0.00223484
0.00158155
0.00176681
0.00158563
0.00137451
0.00224628
0.00150757
0.00602538
0.0013399
0.00455421
0.00212288
0.00207871
0.00361731
0.000870365
0.00914237
0.00128071
0.00289454
0.0117844
0.001486
0.00177125
0.000818929
0.00115275
0.0031667
0.00110069
0.00131012
0.00275256
0.0023172
0.00156311
0.000879915
0.00149836
0.00717215
0.00167387
0.00182874
0.00259099
0.00268226
0.00122331
0.00194952
0.00157726
0.00228683
0.00216494
0.00306845
0.00267924
0.00141761
0.00305241
0.00116264
0.00511392
0.00155944
0.00240505
0.00121634
0.00215606
0.000978708
0.00198044
0.00145414
0.00226178
0.00280064
0.00110432
0.000846088
0.0011258
0.00077596
0.00309679
0.00230712
0.00109171
0.00637177
0.00362736
0.00123312
0.00178585
0.00180741
0.00180588
0.000783942
0.0014276
0.00214765
0.000865573
0.00471847
0.00204751
0.00213332
0.00203564
0.00184089
0.00145176
0.00149189
0.00126263
0.000909037
0.00165985
0.00562704
0.00278417
0.00117068
0.00153233
0.00159841
0.00129119
0.00196172
0.00469723
0.00190841
0.0104538
0.00155304
0.00733952
0.00120586
0.00136563
0.00104806
0.00171993
0
0.00277191
0.00140958
0.00126381
0.00201088
0.00130966
0.00189864
0.00122883
0.00284401
0.000909438
0.00347566
0.00167722
0.000923287
0.00103423
0.0536194
0.00164348
0.00521579
0.00121606
0.00374947
0.00291358
0.00250655
0.00148245
0.00121988
0.00243536
0.00145446
0.000622711
0.000454671
0.00260662
0.000857321
0.00200291
0.00309853
0.00299114
0.00176014
0.00760387
0.00142272
0.00394549
0.00193041
0.0328255
0.00154782
0.00299653
0.00169558
0.00156706
0.00321429
0.0020754
0.00100511
0.00139389
0.00123557
0.00318216
0.0034573
0.00325119
0.0015211
0.00262291
0.001186
0.00161019
0.00635401
0.00163956
0.00347415
0.00345854
0.00243227
0.00147169
0.00215768
0.00809954
0.00144856
0.00283168
0.00251362
0.00107854
0.00229777
0.00647352
0.00158939
0.0031565
0.00178889
0.00101742
0.0016256
0.00136933
0.00132116
0.00208337
0.00128681
0.00337789
0.00276091
0.00214059
0.00126008
0.010529
0.00114318
0.00141469
0.00156154
0.00178477
0.00238703
0.00201273
0.00191543
0.00258085
0.00137422
0.00193535
0.00181833
0.00125839
0.00164683
0.000779466
0.00150681
0.000736448
0.00351751
0.00221379
0.0015331
0.00505464
0.00646386
0.000812623
0.00513912
0.00167378
0.00155691
0.00188377
0.00147371
0.00164052
0.000867572
0.00230267
0.00392786
0.00231219
0.00354754
0.00302272
0.00145262
0.00164004
0.00198289
0.00179774
0.00212851
0.00167161
0.000559516
0.00158426
0.00121791
0.00180264
0.000442405
0.00324808
0.00118187
0.00424064
0.00970638
0.0012798
0.00249079
0.00648129
0.00407761
0.00262279
0.00358675
0.00201899
0.00296623
0.00321041
0.00169431
0.00168518
0.00130601
0.00319346
0.00126695
0.00107036
0.00148527
0.00340788
0.00186346
0.00173898
0.00182865
0.00135711
0.00233437
0.00210763
0.00120656
0.00163213
0.00198675
0.00027739
0.00221168
0.00152493
0.0014844
0.000907142
0.00289417
0.0157989
0.00111288
0.00261926
0.00147668
0.00280365
0.00143861
0.00274397
0.00507912
0.0023135
0.00267124
0.00230895
0.00186023
0.000985442
0.00163507
0.00528936
0.00118697
0.00122502
0.00339757
0.00255643
0.00204513
0.00199869
0.00155526
0.00227558
0.00214413
0.00136094
0.00113116
0.00158421
0.00974221
0.00112259
0.00112873
0.0011594
0.00283617
0.00131594
0.00127256
0.00080442
0.00200168
0.00195065
0.00178097
0.00269232
0.00211225
0.00173359
0.00229778
0.00350936
0.000984955
0.00135994
0.0019924
0.0037593
0.00171716
0.00253609
0.00158934
0.00125702
0.00278905
0.00134735
0.001489
0.00282927
0.00518497
0.0102059
0.00370449
0.00107132
0.00177127
0.0015102
0.00189711
0.0011739
0.00111982
0.00125272
0.00172578
0.00149336
0.00128722
0.00139756
0.00262063
0.00158983
0.00156536
0.00213728
0.00294509
0.00173082
0.00426234
0.00160553
0.00115961
0.00113893
0.00267316
0.00282328
0.00188805
0.00140997
0.00204101
0.00155512
0.00142039
0.000764455
0.00210302
0.00228282
0.00104589
0.00130172
0.00155044
0.001395
0.00186861
0.00175204
0.00137535
0.000525465
0.00123648
0.00125041
0.00266434
0.00266118
0.00139853
0.00318839
0.000937304
0.000867764
0.00234178
0.00235385
0.00290957
0.00259097
0.0101363
0.00313312
0.0011729
0.00174703
0.00517422
0.00166732
0.0086337
0.00222532
0.0068829
0.00256135
0.00102471
0.00307875
0.00200146
0.0189615
0.00189074
0.00387247
0.00292057
0.00211884
0.00152557
0.00182017
0.0027594
0.00101902
0.00123983
0.00178002
0.00170855
0.00148119
0.00264613
0.000972972
0.00164361
0.00191266
0.00182623
0.00143445
0.00124228
0.0089443
0.005623
0.0016873
0.00119856
0.000847076
0.00146078
0.00619274
0.00092473
0.00184981
0.00247317
0.00139389
0.00138785
0.00243066
0.0026482
0.00255361
0.00212475
0.0025874
0.00233374
0.00301707
0.00309319
0.00151516
0.000659273
0.00193173
0.00228608
0.00121743
0.00354408
0.000930092
0.00379168
0.00147459
0.00401528
0.00177135
0.000399413
0.00214897
0.00118463
0.00208616
0.000488053
0.0021045
0.00223571
0.00092067
0.00166248
0.00292807
0.00348648
0.00195077
0.00170896
0.00150966
0.00206369
0.00227012
0.0120949
0.00142654
0.0015325
0.00116272
0.000555197
0.00141543
0.00217072
0.00102651
0.00153677
0.00190808
0.00152281
0.00123665
0.00269676
0.00127374
0.00342812
0.00118956
0.000909492
0.00128835
0.00271978
0.00175658
0.00188232
0.0104312
0.00173074
0.0018132
0.00163025
0.00354336
0.00156484
0.00210274
0.0026413
0.00421076
0.00181213
0.00149006
0.00147508
0.000801138
0.00110649
0.00348961
0.00159991
0.00169586
0.00175154
0.0051012
0.000820875
0.00268312
0.0049668
0.00380028
0.00834782
0.00140928
0.000638572
0.00295669
0.0100689
0.000980947
0.00257847
0.00128736
0.00733582
0.00159635
0.000823861
0.00128344
0.00142602
0.001862
0.00173479
0.00164181
0.00194993
0.00424735
0.0113512
0.00183481
0.0026328
0.00138137
0.00996995
0.000844793
0.00080209
0.00230293
0.00038418
0.00226857
0.00215949
0.00144288
0.0100307
0.0339952
0.00056935
0.00160551
0.0118551
0.00107615
0.00174452
0.00075819
0.00146303
0.00300136
0.00078121
0.00177968
0.00287753
0.00135871
0.00152976
0.000846205
0.00258489
0.00161349
0.0050016
0.00274781
0.00197244
0.000570981
0.00204591
0.00109576
0.00162822
0.00218572
0.00224673
0.00423971
0.00236434
0.00218948
0.00135746
0.00245843
0.00162859
0.00105226
0.00146651
0.00119349
0.00117027
0.00186101
0.0032267
0.00159759
0.00127318
0.00269244
0.00152446
0.0051053
0.00108049
0.00409419
0.00116479
0.0013552
0.00159022
0.000806279
0.00171685
0.00261576
0.00144034
0.001836
0.00241048
0.00240526
0.00105844
0.000584899
0.000816474
0.00206018
0.000731842
0.00337915
0.00114065
0.00115467
0.00115802
0.000463893
0.00188973
0.00129041
0.00147776
0.00164897
0.00159266
0.00334677
0.00170527
0.000790274
0.00120792
0.000833069
0.00941569
0.00175002
0.00136769
0.00213092
0.00271006
0.00149806
0.00172742
0.00142735
0.00359199
0.00166013
0.00188146
0.00348748
0.00320895
0.00177171
0.00196316
0.00128931
0.00210792
0.00445464
0.00309332
0.00208112
0.00190341
0.00269624
0.000763676
0.00115514
0.0118123
0.00156319
0.00078739
0.00191328
0.00560674
0.00106944
0.00135979
0.00179222
0.00151546
0.00172237
0.00182187
0.0022438
0.00118737
0.00109805
0.00273922
0.0317646
0.00149172
0.00270192
0.00370949
0.00111888
0.00124924
0.00104745
0.0019429
0.00235611
0.00279579
0.0013859
0.0017984
0.00257788
0.00157548
0.00237209
0.00397421
0.00118674
0.00214229
0.00212302
0.00130068
0.010293
0.00164206
0.00111004
0.0023108
0.00296015
0.00162188
0.000897011
0.00450088
0.00124933
0.00429156
0.00253509
0.000871151
0.00243627
0.000876284
0.00144273
0.00129771
0.00143233
0.00106286
0.012037
0.00080358
0.0378905
0.00756159
0.000659297
0.00296543
0.0170388
0.000767417
0.00839856
0.00357569
0.00178708
0.00190273
0.0014641
0.000970193
0.00206671
0.00191951
0.00218309
0.00151167
0.00259316
0.00261254
0.00236755
0.0016546
0.000728872
0.00168581
0.00121859
0.00686119
0.00769619
0.00364046
0.00170415
0.00204641
0.00258055
0.00276368
0.000426274
0.00455135
0.00162358
0.000870682
0.00124295
0.00208132
0.00222616
0.00375803
0.000914925
0.00171316
0.000636632
0.0105213
0.00731927
0.000607164
0.000668993
0.00228516
0.00174746
0.00405209
0.0112156
0.00230056
0.00164038
0.00216849
0.00211539
0.00158258
0.00159976
0.00147221
0.00160545
0.00151538
0.00222134
0.00103765
0.00152802
0.00266521
0.00207226
0.00188343
0.00239106
0.0328087
0.00240879
0.00294343
0.0013428
0.00154675
0.00150318
0.00266145
0.00109319
0.00299187
0.00112395
0.00139588
0.00175945
0.00234435
0.00689927
0.00210184
0.000763946
0.00138023
0.00108377
0.0030095
0.00103096
0.00144163
0.00286967
0.00244475
0.00190534
0.00138477
0.00434873
0.00199061
0.00225144
0.00184959
0.00144866
0.00318099
0.00889036
0.00232148
0.00269134
0.00149635
0.00315747
0.00131176
0.0011997
0.00142178
0.00258618
0.00137012
0.00101497
0.00249246
0.00282342
0.00147696
0.00691555
0.0023058
0.0013875
0.00229595
0.00232067
0.00316514
0.00221334
0.0100966
0.00218144
0.00325757
0.000910985
0.00136158
0.00170183
0.00190925
0.010892
0.00313985
0.00197261
0.00338926
0.00140444
0.0010121
0.00142147
0.00109886
0.000862178
0.00152731
0.00236058
0.00164247
0.0030026
0.00518727
0.00158154
0.00283168
0.00125947
0.000570982
0.0013723
0.00150664
0.00106633
0.00122018
0.00551202
0.00101629
0.0014991
0.00120875
0.00287763
0.00359958
0.00181166
0.0025226
0.00162247
0.00237325
0.0013012
0.0009582
0.00254528
0.00197435
0.00159478
0.00104675
0.0023364
0.00266702
0.00185248
0.00043191
0.00174469
0.00202254
0.00242441
0.00251965
0.0018102
0.00231283
0.0016335
0.000389301
0.00357126
0.0138429
0.00305752
0.000981518
0.00169044
0.00142803
0.00136721
0.00255354
0.00176792
0.00303443
0.000854159
0.00152063
0.00185267
0.00242886
0.00200414
0.00214969
0.00225696
0.00095375
0.000737129
0.00190029
0.00153468
0.0010547
0.000905398
0.00165196
0.00150067
0.00254938
0.0016563
0.00142611
0.000440939
0.0010167
0.00132998
0.00265116
0.00224571
0.00766101
0.0018136
0.00203387
0.00245845
0.00240239
0.00494731
0.00182859
0.00111657
0.00256116
0.00271498
0.00364642
0.00175928
0.00202997
0.00222773
0.00156863
0.00159083
0.00156555
0.000999941
0.00158515
0.00186904
0.00160035
0.00215388
0.00140852
0.00280207
0.00159368
0.000912389
0.00142445
0.00211245
0.00122117
0.0018572
0.00194516
0.00346507
0.00208796
0.00138943
0.00170842
0.00167611
0.00468907
0.00209028
0.00329513
0.00138917
0.00249885
0.0030969
0.00154803
0.00217745
0.00103462
0.00174192
0.00205145
0.0018687
0.00700447
0.00350227
0.00137633
0.00165526
0.000783761
0.00151029
0.00128727
0.00339995
0.0011674
0.00139558
0.00208559
0.00154047
0.0054316
0.00178068
0.00105017
0.00219659
0.000879748
0.0016285
0.00182717
0.000952112
0.00162813
0.00159705
0.00186189
0.00165034
0.00096601
0.00207938
0.00154273
0.00200947
0.00229021
0.00940247
0.00175109
0.00162815
0.00100613
0.00147031
0.00252171
0.00175245
0.00127494
0.00204453
0.000916761
0.00180974
0.00114782
0.000484967
0.00218517
0.013035
0.00172974
0.00147594
0.00131025
0.00110234
0.00112875
0.00894622
0.00246743
0.00223324
0.0014717
0.00190261
0.00214465
0.00172019
0.00132345
0.0018899
0.00155473
0.00132008
0.00109009
0.00371551
0.0015324
0.00368956
0.0433377
0.00194669
0.00130885
0.00221475
0.00189462
0.00673785
0.00321135
0.00158934
0.00174219
0.00278974
0.00132377
0.00191876
0.0447519
0.00223887
0.0019139
0.00193212
0.00210639
0.00179762
0.000605717
0.00319371
0.00183931
0.00234413
0.00291834
0.000845891
0.00139676
0.00229431
0.00145761
0.00101102
0.00184734
0.00219823
0.000440452
0.00141672
0.000922206
0.00163879
0.00224345
0.00163037
0.00132035
0.0113651
0.00222926
0.00109465
0.00168888
0.00182554
0.00222211
0.00240101
0.00171372
0.00146605
0.00543519
0.00142931
0.00110105
0.00230736
0.000912277
0.00270854
0.0013031
0.00234154
0.00155936
0.00113847
0.00125378
0.00190802
0.00124417
0.000653529
0.00202667
0.00710427
0.00156474
0.00212508
0.00270701
0.00866676
0.00109309
0.00106429
0.00127273
0.00582624
0.00600204
0.00108566
0.00158861
0.00346107
0.00116088
0.00165489
0.00175208
0.00138767
0.00216145
0.00293689
0.00151091
0.000877663
0.00102695
0.00156402
0.00176166
0.00269261
0.00154659
0.00251251
0.00285484
0.00117205
0.00202462
0.00151346
0.00144725
0.00233601
0.00139646
0.00188577
0.00306821
0.00101068
0.0013484
0.00197866
0.00320774
0.00165405
0.00128907
0.00243319
0.00150289
0.00086306
0.00124133
0.00170901
0.000971671
0.00129377
0.00296812
0.00351389
0.00142259
0.000868507
0.0032014
0.00356207
0.00103226
0.0104549
0.00162233
0.00268904
0.00195258
0.0017231
0.00169578
0.00349359
0.00338868
0.00104701
0.00201978
0.00455684
0.00106535
0.00575789
0.00193915
0.00112086
0.00124546
0.00537943
0.00214149
0.00164848
0.00103166
0.00292971
0.000774706
0.00165286
0.00140396
0.00210292
0.00142974
0.000662224
0.0011895
0.00171748
0.00188591
0.00211743
0.00175345
0.00124197
0.00119624
0.00350803
0.00344335
0.00289198
0.001381
0.00242244
0.00188704
0.00160128
0.00133758
0.00208147
0.00100532
0.00141569
0.00195254
0.00314236
0.00140259
0.0028314
0.00339519
0.00210205
0.00156943
0.00111678
0.000984574
0.00101375
0.00109421
0.0305108
0.00140845
0.0023683
0.0119036
0.00413632
0.00144523
0.00160782
0.000934829
0.00219271
0.00107867
0.00227497
0.00285452
0.0016542
0.00350606
0.00321419
0.00151222
0.00814339
0.000751194
0.00247427
0.000695724
0.0010313
0.00172586
0.00231668
0.00173053
0.00510058
0.00144734
0.00153999
0.00214847
0.00229862
0.00266111
0.00340388
0.00124745
0.00276027
0.00179561
0.00240791
0.000924094
0.00120086
0.00177396
0.00222716
0.00560198
0.000861648
0.00187052
0.00122619
0.00185606
0.00163086
0.00154961
0.001357
0.00209587
0.000838752
0.00179434
0.00287267
0.00166204
0.00577419
0.00188913
0.00129208
0.0052208
0.00121937
0.0020998
0.0015164
0.00129344
0.00200666
0.00201824
0.0107178
0.00595351
0.00259218
0.00118477
0.00506753
0.000900229
0.00138841
0.00124727
0.00170204
0.00356787
0.00147293
0.00113431
0.00179411
0.00250036
0.00223048
0.0016085
0.00143775
0.00157945
0.00235175
0.00256916
0.00176401
0.00139361
0.000955737
0.00200909
0.00271919
0.00573518
0.0017329
0.000722819
0.00179114
0.00145264
0.000443171
0.00322337
0.00140852
0.00138623
0.00144941
0.00511897
0.00164442
0.00123787
0.00143958
0.00109177
0.00164577
0.00130215
0.00194077
0.00160849
0.00151584
0.00546177
0.00133324
0.00192186
0.00322166
0.00218297
0.00146872
0.00180732
0.00211126
0.00271648
0.00353595
0.000542792
0.00105942
0.002652
0.00198268
0.00607916
0.004689
0.00193171
0.00196041
0.00140922
0.00184986
0.000866091
0.00240007
0.000566067
0.0010096
0.00247606
0.00269289
0.00226219
0.00273706
0.00123271
0.00219594
0.000674237
0.00251272
0.00144474
0.000775108
0.00112303
0.00101962
0.00388351
0.000743735
0.00276684
0.000930743
0.0117844
0.052023
0.000810487
0.00196993
0.00149521
0.0019087
0.0019949
0.00866077
0.00172516
0.00149187
0.00145343
0.000765564
0.00143436
0.00110612
0.00193084
0.0019745
0.00284687
0.00345933
0.00294879
0.000778635
0.00257859
0.00255588
0.00196749
0.00106172
0.00355284
0.00781527
0.00041737
0.00200029
0.00273156
0.00165914
0.00519242
0.000625155
0.00130414
0.00216037
0.00208274
0.00128204
0.00336312
0.000921156
0.0012416
0.000307646
0.00108333
0.00224357
0.00235808
0.00117325
0.00276208
0.00213099
0.00209992
0.00155581
0.00222598
0.000775783
0.00152063
0.00228907
0.00264611
0.00110395
0.00291459
0.00211464
0.00180443
0.00113144
0.00195023
0.0027866
0.00205476
0.001375
0.00284188
0.00508957
0.000725376
0.000879414
0.00188447
0.00119974
0.00252826
0.00207797
0.00112595
0.00173161
0.00162757
0.00169443
0.00162201
0.00137896
0.0018998
0.00150047
0.00066708
0.00103004
0.00447767
0.00196476
0.00156843
0.00140741
0.000724042
0.00195199
0.00209002
0.00338211
0.00190824
0.00188408
0.00189737
0.00147785
0.0032938
0.00278953
0.0010615
0.00186562
0.00141792
0.00213602
0.000922828
0.00148759
0.00126044
0.00266125
0.00882085
0.00131081
0.00139771
0.00100588
0.00113471
0.00231619
0.0044946
0.00695045
0.00174073
0.00401696
0.00200533
0.00399836
0.00167259
0.00144127
0.00270459
0.00243159
0.000975763
0.00206101
0.0013518
0.0011116
0.0190237
0.000536498
0.0145273
0.00171902
0.00210786
0.00202394
0.0223867
0.001656
0.00156999
0.00287604
0.00176142
0.000631203
0.00133575
0.00773213
0.00201459
0.0024234
0.00218144
0.00198374
0.00289124
0.0010617
0.00176779
0.00235347
0.0169671
0.00241651
0.00144226
0.00110576
0.0025609
0.00251151
0.00130615
0.000845312
0.0019271
0.00159107
0.00191388
0.00197212
0.00151806
0.00173038
0.00245929
0.000812651
0.00134939
0.00147862
0.00164885
0.00296329
0.00206751
0.0020161
0.00146874
0.0171799
0.00132945
0.00158127
0.00287214
0.0017666
0.000266652
0.000564588
0.0013905
0.00171662
0.00171324
0.0014841
0.00463208
0.00191887
0.00197282
0.00210565
0.00282701
0.00110323
0.0022907
0.00147264
0.00183787
0.00220579
0.00158454
0.00238495
0.00257435
0.0017053
0.00278082
0.00187423
0.00232322
0.00176753
0.00140603
0.00188618
0.000876256
0.00221123
0.00213289
0.00182975
0.00319089
0.00348941
0.00141031
0.00147432
0.00237579
0.00186743
0.00263486
0.00176295
0.00146602
0.00240689
0.00135773
0.00147368
0.00110457
0.00620368
0.00168177
0.00323093
0.00191635
0.00102049
0.00204223
0.00147052
0.00500206
0.00222542
0.00247492
0.0137292
0.00293438
0.001235
0.00252143
0.00238591
0.00217332
0.00208845
0.00272651
0.00233132
0.00150356
0.00146517
0.00304191
0.00232795
0.00190765
0.00134882
0.00194337
0.00109147
0.00243108
0.0129112
0.000776737
0.0013688
0.00404979
0.00264127
0.00126533
0.00140199
0.00270236
0.00187797
0.00240118
0.00196289
0.00360571
0.00188948
0.0116224
0.00144698
0.00348602
0.00717981
0.0017077
0.000658703
0.00136632
0.000823283
0.00255707
0.00335076
0.00576693
0.00459259
0.00479367
0.00124206
0.00281415
0.00151791
0.00227893
0.00148881
0.00253343
0.00138543
0.0039077
0.00242782
0.00237516
0.00184951
0.000547672
0.00294908
0.00201809
0.00114136
0.000373122
0.000761288
0.00129674
0.000959674
0.00233319
0.00109439
0.0012758
0.00172522
0.00127484
0.00182297
0.00114515
0.000983946
0.00185922
0.00111368
0.00149731
0.00791095
0.00214307
0.00122099
0.00111897
0.001809
0.00143163
0.00142472
0.00130947
0.00236937
0.00162736
0.00405861
0.00600553
0.00132691
0.000838672
0.00115989
0.00189362
0.00094339
0.00449898
0.00312348
0.000983024
0.0010506
0.00251884
0.00289479
0.00260876
0.00179354
0.00490233
0.00170952
0.00167714
0.0014051
0.00273082
0.000987097
0.00109233
0.0013872
0.00175513
0.00263855
0.00211535
0.0014774
0.00127492
0.00254492
0.00240297
0.00316786
0.00113381
0.00150396
0.00124919
0.000768404
0.00389474
0.00286644
0.0026915
0.00157812
0.00252374
0.00138802
0.00272
0.00184642
0.00241242
0.00254971
0.00400681
0.00147105
0.00280358
0.00166497
0.00189731
0.00144929
0.00229794
0.00462552
0.00357352
0.00105988
0.00252292
0.00110005
0.00119876
0.000779827
0.000953554
0.00219066
0.00129972
0.00559211
0.00163046
0.000961417
0.00163302
0.00341998
0.00225639
0.00164736
0.000703682
0.00267268
0.00155635
0.00122176
0.00142597
0.00453642
0.00210437
0.00708489
0.00118072
0.00378972
0.00240884
0.00264997
0.00113244
0.000823732
0.00266625
0.00286966
0.0015378
0.00295793
0.00182924
0.00297077
0.00276422
0.00195301
0.0024789
0.00106134
0.00269783
0.0015272
0.00457567
0.00163599
0.00186417
0.000981834
0.000838852
0.00145916
0.0159622
0.00547055
0.00154396
0.00146342
0.00223231
0.00230167
0.00217722
0.00234032
0.001956
0.00147893
0.000999175
0.00128228
0.00184439
0.00300235
0.00208101
0.00132808
0.00217399
0.00219014
0.00153576
0.00185587
0.0105219
0.00041014
0.0025713
0.00321574
0.00218172
0.00133143
0.00305719
0.002164
0.0023498
0.00149526
0.00173057
0.00283014
0.00197643
0.00197171
0.000935537
0.0111492
0.00209226
0.00395519
0.0019212
0.00688656
0.000907532
0.0017012
0.00188464
0.00130879
0.0021547
0.00110747
0.00177208
0.00108203
0.00181906
0.00145573
0.00160446
0.00413879
0.0022892
0.00240071
0.00139333
0.00200118
0.00223657
0.00119665
0.00155249
0.00197655
0.00297558
0.00671177
0.0012641
0.00163776
0.00177183
0.0017118
0.000997086
0.00170342
0.000773729
0.00262813
0.00106139
0.000818694
0.00552203
0.0023866
0.00131148
0.00125937
0.00235476
0.000909256
0.00129167
0.00130964
0.00802391
0.004638
0.00166266
0.00400409
0.00196963
0.00126675
0.00186691
0.00262301
0.00166368
0.000824884
0.00214171
0.00289295
0.000964739
0.0018589
0.00208772
0.00148121
0.00096799
0.00332212
0.00254937
0.00307492
0.00183479
0.000525186
0.00137577
0.0011299
0.00178064
0.00244971
0.00175443
0.00185214
0.000933228
0.00106647
0.00100296
0.00208466
0.00253966
0.00385073
0.00185407
0.00286288
0.000904626
0.00161248
0.00252489
0.00208789
0.00200825
0.00304312
0.000543105
0.00132389
0.00307846
0.00550753
0.00134152
0.0380867
0.00089274
0.00486071
0.000468441
0.000266202
0.00135072
0.000998042
0.0274271
0.00156097
0.00146011
0.00149819
0.00206203
0.00183313
0.00308485
0.00318093
0.000908681
0.00185521
0.00311204
0.00164569
0.00344697
0.00251459
0.00176448
0.00973803
0.00164098
0.00144458
0.0017109
0.00791642
0.00134216
0.0020513
0.002824
0.00230115
0.00113391
0.00193714
0.00294518
0.00121388
0.00121515
0.00174729
0.00076274
0.00187306
0.00104674
0.0012941
0.0022141
0.00155426
0.00299206
0.00164574
0.00170947
0.00143161
0.00134577
0.00188323
0.00111938
0.00180766
0.00298689
0.000998018
0.00151744
0.000704572
0.00108368
0.00146573
0.00179814
0.00398396
0.0030607
0.00201901
0.00197229
0.00129457
0.00129371
0.00132847
0.000929439
0.00183222
0.00119772
0.00202051
0.00369048
0.00134819
0.00385274
0.00174817
0.00147291
0.00198411
0.00113361
0.00181384
0.0015911
0.00197171
0.0049299
0.00169565
0.00238622
0.00398721
0.00148601
0.00115753
0.00195684
0.00260637
0.00115506
0.00126528
0.00167531
0.00172861
0.00131643
0.00147466
0.00403077
0.00121313
0.00147388
0.000846627
0.0017906
0.000475968
0.000800849
0.00354246
0.00193651
0.0014404
0.00245092
0.00157993
0.00202677
0.00255976
0.00262158
0.00235704
0.00308513
0.00169225
0.000979658
0.00149429
0.000680921
0.00286612
0.00385173
0.00187599
0.00154192
0.00131566
0.00227688
0.00170614
0.00811886
0.00395022
0.00248892
0.00163774
0.00110625
0.00154594
0.00206946
0.00164664
0.000972821
0.00105922
0.0012684
0.00183389
0.00168476
0.00145212
0.00201557
0.00795749
0.00287418
0.00292996
0.00137686
0.00147737
0.00230388
0.00134998
0.00283318
0.00227125
0.000893994
0.001391
0.000716988
0.00100073
0.00451847
0.00208689
0.0019093
0.0018073
0.00153764
0.00257842
0.000873005
0.00253498
0.00223275
0.00114814
0.00197636
0.00130086
0.00222391
0.00184741
0.00121767
0.00120325
0.000721619
0.00115409
0.00127892
0.00154988
0.00133409
0.000844831
0.00143713
0.00450667
0.00159004
0.000779086
0.00208358
0.00209031
0.00314681
0.00222967
0.00104663
0.00142483
0.00165317
0.000707517
0.00221982
0.00850046
0.00174746
0.00115193
0.00062145
0.00845104
0.00151781
0.00137831
0.00311663
0.0027074
0.0014468
0.00229687
0.00151951
0.00143844
0.00169546
0.00157261
0.00152522
0.00342215
0.00131968
0.0019048
0.00183935
0.00848693
0.00540939
0.00141497
0.0102054
0.000880458
0.00122855
0.00337773
0.00227029
0.00294946
0.00355941
0.00160489
0.00226136
0.0017851
0.000845893
0.00170974
0.00176118
0.00214858
0.00205585
0.000812581
0.00123763
0.00453056
0.00203041
0.00211205
0.00162457
0.00220026
0.00234564
0.00140737
0.00126482
0.00598603
0.00112561
0.00097492
0.00107491
0.000614602
0.00332345
0.00165353
0.00155355
0.00240525
0.0292417
0.00306382
0.00144346
0.00186919
0.00137792
0.00262028
0.00259272
0.000975118
0.00141936
0.00164624
0.00170655
0.00332106
0.00263959
0.00190324
0.0114583
0.00280353
0.000783041
0.0012425
0.000877518
0.00139117
0.00163026
0.00295356
0.00156941
0.00109592
0.00113996
0.00286431
0.00604329
0.00247155
0.00212094
0.00113909
0.00105015
0.00185088
0.00219163
0.0195234
0.00173499
0.00163703
0.00170366
0.00886417
0.00172795
0.00177231
0.00278173
0.00389512
0.000631773
0.000873449
0.00284585
0.00148774
0.00405112
0.00275253
0.001564
0.00317322
0.00129598
0.00348923
0.00146935
0.00256331
0.00128882
0.00131417
0.00319096
0.00328804
0.00397513
0.00217534
0.00157097
0.00179979
0.00161809
0.00200519
0.000401858
0.00171655
0.00156105
0.00179488
0.00125471
0.00542135
0.0023035
0.00292042
0.000306348
0.00166812
0.000677743
0.00166893
0.00825145
0.00123272
0.00122482
0.00106016
0.0026702
0.00153712
0.0031298
0.00198028
0.00187021
0.00200833
0.00329057
0.0016173
0.00211416
0.0024402
0.00157822
0.00177181
0.0108994
0.00173133
0.0011365
0.00231576
0.00151655
0.01267
0.00137835
0.00177936
0.0075724
0.002214
0.00116303
0.00224814
0.00254191
0.00127999
0.0021065
0.0057325
0.00517513
0.00124582
0.00199781
0.000204757
0.00157626
0.00480752
0.00294859
0.00171379
0.00108132
0.00287167
0.00463771
0.000973041
0.00153827
0.000595867
0.00218662
0.00263476
0.00249951
0.00285904
0.00108832
0.00108213
0.000653703
0.00116383
0.0011392
0.00126055
0.000958828
0.00145699
0.00228129
0.00110453
0.00109897
0.00147038
0.00149966
0.00116899
0.00266818
0.00250867
0.00117675
0.0011448
0.00143958
0.00873035
0.00286244
0.00193811
0.00392788
0.00203863
0.00146121
0.00444703
0.00137248
0.00266667
0.000885382
0.00201927
0.00152868
0.00183047
0.00270409
0.00202411
0.00177246
0.0014194
0.00124332
0.00132974
0.00145205
0.00251353
0.00174658
0.00214626
0.00277428
0.00162743
0.00108132
0.00231533
0.00267733
0.00230513
0.002904
0.00135319
0.00135191
0.00214397
0.000692524
0.00602126
0.00131159
0.00150529
0.00258766
0.00354419
0.00187826
0.00179736
0.00278408
0.001866
0.000824949
0.00139929
0.00260964
0.00583616
0.000675319
0.00183985
0.000964187
0.00433265
0.00161904
0.000413853
0.00262831
0.00212301
0.00276716
0.014403
0.00202915
0.0011619
0.00225768
0.00644178
0.00210812
0.00210276
0.000934179
0.00126444
0.00226258
0.00095688
0.015023
0.00200707
0.00195924
0.000521699
0.00639286
0.00129405
0.000669108
0.00222531
0.00140004
0.00213089
0.00197403
0.00190272
0.00030231
0.00196383
0.00217297
0.00147641
0.00126574
0.00110061
0.00168279
0.00155243
0.00172929
0.00156109
0.00164699
0.00592238
0.00516499
0.00308455
0.000851876
0.00151757
0.00216255
0.00130633
0.00130937
0.00160199
0.00233823
0.00396052
0.00140639
0.00183406
0.00210611
0.00321528
0.00160165
0.0018354
0.00206033
0.00879526
0.0269907
0.00265493
0.000803564
0.00183477
0.00187059
0.00270559
0.0023345
0.00228028
0.00191753
0.00118805
0.00125713
0.000850496
0.00224314
0.00231333
0.00228948
0.00288488
0.00232226
0.003111
0.00129132
0.00130729
0.00191508
0.00146097
0.00160702
0.000916838
0.0010013
0.00117743
0.00212456
0.00161719
0.00493401
0.00527429
0.00164788
0.00304921
0.00174511
0.00119269
0.00399754
0.00263261
0.00163087
0.00216743
0.00323067
0.00249952
0.00324062
0.00201842
0.00163196
0.00245177
0.00121553
0.00196575
0.00134821
0.00358238
0.00222959
0.0012409
0.00764526
0.000703483
0.00763361
0.00120218
0.00383178
0.0011047
0.00170045
0.00177459
0.00154494
0.00816396
0.00272348
0.00194578
0.00287033
0.00248517
0.0029677
0.00435343
0.00133091
0.00139462
0.00184342
0.00132217
0.00111634
0.00173229
0.00197545
0.00212492
0.000498786
0.00282618
0.00105637
0.00168497
0.0019701
0.000920377
0.000935223
0.0207272
0.00128
0.0021175
0.00407189
0.00230038
0.00120999
0.00272381
0.00113397
0.0048652
0.00320245
0.00159181
0.000842083
0.000867996
0.00227767
0.00133358
0.00105278
0.00179722
0.00209107
0.00123343
0.0137402
0.00625377
0.00236881
0.00748288
0.00073158
0.00473609
0.00381671
0.00273821
0.00158722
0.00195157
0.00419494
0.00165166
0.00118001
0.00159709
0.00177571
0.00361724
0.00122391
0.00079891
0.0025971
0.00171027
0.00139025
0.0044952
0.00125388
0.00204932
0.00276825
0.00279955
0.0435333
0.00152071
0.0011541
0.00289984
0.00278411
0.00074982
0.00101344
0.00629792
0.00174582
0.00133295
0.000597491
0.0035785
0.00210259
0.00121546
0.00253248
0.00296018
0.00394784
0.0008001
0.00105914
0.00137978
0.0105509
0.00126002
0.00200634
0.00245492
0.000797649
0.000991063
0.0139288
0.0017804
0.00167918
0.00105173
0.00113812
0.00165528
0.00129793
0.00150191
0.00157171
0.00168104
0.00188587
0.00164529
0.00675011
0.00159224
0.0018807
0.00157882
0.00481795
0.00200466
0.00171227
0.000897899
0.00147047
0.00316455
0.00169817
0.00258107
0.00119762
0.00209717
0.000775969
0.000953379
0.000526535
0.00146788
0.00245385
0.00148508
0.0010188
0.00346555
0.0038307
0.0249383
0.000990846
0.00288683
0.000762136
0.000955665
0.00110023
0.00095809
0.00134628
0.00106272
0.00156095
0.00208922
0.00130026
0.00153303
0.00213901
0.0108884
0.00611781
0.000898302
0.00104025
0.00135864
0.00195785
0.0014653
0.00173815
0.00199652
0.00229111
0.00251701
0.00211888
0.00250105
0.00159398
0.00174937
0.00516353
0.00158187
0.00139544
0.00118018
0.0019848
0.00245922
0.00189948
0.00164622
0.00260302
0.00149496
0.00299188
0.00180883
0.00101476
0.00122255
0.000560487
0.00248389
0.00132056
0.00177707
0.00146628
0.00184496
0.00205278
0.00110861
0.0150122
0.00234623
0.000592828
0.00212303
0.000674602
0.00361356
0.00076064
0.000968129
0.00235794
0.0021713
0.0032302
0.00204721
0.00329534
0.00127815
0.00204037
0.00379084
0.00162912
0.000979172
0.00227397
0.0012369
0.00166988
0.00166161
0.00131039
0.00122819
0.0118197
0.0055812
0.00234215
0.00343644
0.00356451
0.0015946
0.00124742
0.00171645
0.00270848
0.00198104
0.00281643
0.002895
0.00161534
0.00233519
0.00524903
0.00234521
0.00816635
0.00206614
0.0015345
0.00117108
0.00155296
0.00181701
0.00180715
0.00189668
0.00306775
0.00169583
0.0014502
0.00143354
0.00172057
0.00150703
0.00205962
0.00123928
0.00130136
0.00245727
0.00106956
0.000712314
0.00135854
0.0142311
0.00547907
0.00179442
0.00184766
0.00209607
0.00101881
0.00304552
0.00185927
0.00391557
0.000465916
0.00202606
0.00185762
0.00141631
0.00124763
0.0042161
0.0041046
0.000998522
0.00120668
0.00118289
0.00178758
0.00246257
0.00210797
0.00192837
0.000911924
0.00133304
0.00543203
0.00165155
0.00312549
0.0013616
0.00603372
0.021347
0.00163918
0.00579931
0.00181784
0.00103416
0.00150125
0.00124428
0.00178457
0.00136951
0.00191633
0.00271825
0.00138938
0.00231879
0.00132796
0.00231188
0.00156984
0.00115867
0.00148481
0.00146791
0.00200222
0.00157403
0.00355937
0.0025583
0.00257853
0.00210473
0.00188377
0.00548746
0.00194521
0.00747413
0.00104309
0.0025482
0.00153868
0.000790905
0.00202901
0.00200178
0.00824304
0.00249878
0.00146233
0.00761993
0.00486754
0.0012808
0.00224198
0.00122734
0.00414347
0.00231094
0.00160748
0.0020623
0.000865326
0.00147643
0.000769936
0.0253299
0.000815737
0.00181718
0.00124838
0.00284206
0.0021997
0.00552664
0.00159223
0.00644386
0.00119522
0.0019427
0.00356442
0.00136595
0.00194839
0.0110455
0.00173844
0.00301086
0.00168243
0.00113977
0.00255664
0.00191318
0.00172781
0.00298501
0.00150804
0.00649652
0.00171348
0.0044583
0.00169937
0.00155367
0.00108467
0.00297111
0.00298023
0.000875084
0.000851369
0.00127286
0.0016844
0.00291823
0.00240713
0.0520647
0.000810973
0.0087034
0.00140165
0.0014081
0.00241077
0.00665585
0.00204264
0.00132939
0.00212183
0.0113287
