0.00042039
0.000103717
0.000367772
0.00097922
0.000252524
0.000313354
0.000121254
0.000350017
0.000168308
0.000137836
0.000419923
0.000534919
0.000197919
0.000179345
0.000119023
0.000651334
0.000201148
0.000108088
0.00123232
0.000132829
3.35586e-05
0.000219061
0.000125207
5.34362e-05
0.000120557
0.000369176
0.000242238
0.000231002
0.000497624
0.000407635
0.00018556
0.000456449
4.20268e-05
0.000217514
0.000322766
0.000202069
0.00015661
5.3277e-05
0.000359549
0.00039564
0.000208341
0.000211304
0.000267902
0.000187446
4.64329e-05
0.000309032
0.000158332
0.000176114
0.00012204
0.000146279
7.86878e-05
0.000360361
0.000388215
0.000859773
0.000286721
0.000125999
0.000430193
0.000396177
0.000359952
0.000225975
0.00148872
0.000188402
0.000169816
0.000124169
0.000419638
0.00063385
6.63248e-05
0.000348885
0.000681898
0.000329989
0.000180905
0.000114386
0.000131844
0.000101756
0.000130148
0.000134021
0.00209602
0.000171433
0.00082119
0.00196273
0.000269836
0.000364476
9.73491e-05
0.000248385
0.000276313
0.00038703
0.00061163
0.000259265
0.00027941
0
0.000209735
0.00209683
3.84847e-05
0.0001391
0.000204564
4.88116e-05
3.10981e-05
0.000272924
0.000212475
1.16587e-05
0.000192801
9.54351e-05
0.000106105
0.00012981
0.000679167
0.00016112
0.00045953
0.000349954
0.000267273
6.19743e-05
0.000254696
0.00026781
0.000479556
0.000676357
0.000312739
7.36684e-05
0.00013637
0.000144267
0.000695071
0.000228424
4.75948e-05
0.000109911
0
7.64987e-05
0.00011502
0.000283428
0.000100767
0.000125077
0.000249899
0.000221674
0.00047725
0.000230142
0.000559159
0.000493815
0.000280707
0.000516015
0.000171462
0.000101342
0.000561556
0.000216327
8.06775e-05
0.000185417
0.000464353
0.000559857
0.000384725
0.000127168
0.00123639
0.00038343
0.000116698
0.000286501
0.000763481
9.27015e-05
0.000122953
0.000338466
0.00126167
0.000378214
9.60527e-05
0.000119324
0.000202073
0.000285852
0.000176632
0.00019199
0.00023331
0.000609125
0.000223843
0.000290207
0.00798475
0.00113273
8.59113e-05
0.00208096
0.000138848
0.00053642
8.26011e-05
0.00046521
0.000157953
0.000460007
0.000132696
0.00012149
0.000179702
0.000472634
0.000319882
0.000429646
0.000272371
5.54786e-05
9.14095e-05
0.000112238
0.000269533
0.000422115
0.000251023
8.64553e-05
0.000120482
0.000324411
0.00136153
0.000173145
0.000133957
0.00161951
0.000249453
0.000361081
0.000182674
0.000227293
0.000364028
0.000257273
8.66108e-05
0.000244961
0.000260488
0.000320509
0.000265321
0.000153444
0.000146266
0.000190709
0.000312834
0.000292614
0.000247377
0.000167721
8.06326e-05
0.00223876
0.000233025
0.000418237
0.000428741
0.000161123
0.000737869
0.0001836
4.21994e-05
0.00154186
0.000596259
5.96603e-05
4.41379e-05
0.000397952
0.000617081
0.000279367
0.000269924
0.000196547
0.00017751
0.000544437
0.000365778
0.000283113
0.000129566
0.000121281
0.000190409
0.000137412
0.000292062
0.000137748
0.00012339
0.000209804
4.66003e-05
0.000307107
0.000266562
0.00014984
0.000291672
0.000221617
0.000542507
0.000315548
4.10428e-05
0.000131021
0.000148492
0.000105804
0.000206763
0.000398046
9.66035e-05
3.11993e-05
0.00034315
0.000873758
0.000341549
0.000198681
0.000492152
0.000218095
0.000334524
0.000170027
0.000481516
0.000131425
4.01015e-05
0.000178783
0.000158483
0.000275184
0.000251949
0.000195415
0.000472031
0.000257036
0.000215708
0.000368951
0.000146188
0.000111656
0.000184722
8.26964e-05
0.000182905
0.000208561
0.000171969
0.000353553
0.000218485
0.000230043
0.00030072
0.000275817
0.00031898
0.000578416
0.000292867
0.000272919
0.000181165
0.000161007
0.000345641
0.000249646
0.000242437
0.000158215
0.000296967
0.000231225
0.000239677
0.000113627
0.000159093
0.000224686
0.000212051
0.0001122
0.000600812
0.000188836
0.000253846
0.000654607
0.000981622
0.000318238
0.000212034
0.000197133
0.000230713
0.000780423
0.000429855
0.000113377
0.000274145
5.40482e-05
0.000252765
0.00016523
0.000111117
0.000171756
0.000272074
0.000149583
0.000141169
0.000123277
0.000196459
0.000258478
0.000973257
0.0101252
0.000149158
0.000209259
0.00017762
0.000275642
0.000180534
0.000556613
0.000179786
0.000398476
0.00178516
0.000195381
9.69337e-05
7.41443e-06
0.00397402
0.000272241
0.000167548
0.000210624
0.000674155
0.000201301
0.000529561
0.000127155
0.000129932
0.000159921
6.72419e-05
0.00295182
0.000288316
0.00030272
0.000438519
0.00129306
0.000273185
0.000852751
0.000163325
0.000178429
0.00043495
0.000274023
0.000335654
0.00128345
0.000161743
0.000778065
0.000378184
8.88176e-05
0.000283743
0.000319035
0.000219802
0.000295704
0.00134451
0.000252754
0.000495107
0.000202664
0.00112678
0.000150215
2.95304e-05
0.000792194
0.000520056
0.000347169
0.000168502
5.69234e-05
0.000284092
0.000160111
0.000276937
0.000375773
0.000187792
0.000143653
0.000540339
0.000100859
0.000142539
0.000378745
0.000124387
0.000922543
0.000183877
0.00245119
0.000151109
0.000196412
0.000249917
0.000887436
0.000144144
0.000328525
0.000586552
0.00021086
0.00092341
0.00129334
0.000157251
0.000163133
0.000205113
0.000150833
0.000281089
0.000343337
0.000273557
0.00018682
0.000128286
0.000220031
0.000131611
0.000289722
0.000401344
0.000219005
0.000105005
0.000148035
0.000119635
0.000268102
0.000199089
0.000234268
0.00043128
0.000381292
0.000276608
0.000342485
0.000371793
0.000225173
9.70459e-05
0.000373739
0.000215101
0.000205338
0.000362353
0.00014966
0.000252748
0.000104881
0.000229584
0.000300903
0.00133635
0.000120946
8.11807e-05
0.000255621
0.00027251
0.00024656
0.000266177
0.000435621
0.00022645
0.00029163
0.00143865
0.000311505
0.000374296
0.00017105
0.000122113
8.80069e-05
0.000511584
0.000267324
0.000257837
0.000179517
0.00033909
0.000213654
1.81355e-05
0.000265707
0.000385029
3.203e-05
0.000139511
0.000562942
0.000712303
0.000201159
0.000130775
0.00563448
0.000217912
0.000300296
0.00036877
7.34594e-05
0.000164231
0.000108895
0.000785411
0.000157958
0.000555454
9.40186e-05
0.000123498
0.000446115
0.000173664
0.000178057
0.000397848
0.000159815
9.85904e-05
0.000276174
0.000168714
0.00012468
0.000450267
0.000202568
0.000515854
0.000129961
0.000101031
0.00039406
0.000266384
0.000284109
0.000366881
0.000249595
0.000184387
0.000153224
0.000475531
4.44476e-05
0.000212158
0.000193311
0.00103141
0.000506455
0.00112413
0.000246511
0.000141233
0.000159422
0.000250834
0.000271839
0.000269292
0.000100479
0.000237985
0.000236406
0.000138039
0.000125003
0.000288028
0.000960144
0.000280912
0.000367459
0.00103019
0.000204649
0.000235323
0.000287558
5.32303e-05
0.000106631
0.000585172
0.000305723
0.0001264
0.000247289
0.00015824
0.000468066
0.00010785
0.00127051
9.27885e-05
0.000165593
4.34728e-05
0.000157405
0.000147712
0.00440817
0.000506883
0.000998185
9.18419e-05
0.000186645
0.000231344
0.000193133
0.000106082
0.000235982
0.000129535
0.00020781
0.000381944
0.000561695
0.00135659
0.000452505
0.000118371
0.000230752
0.000371093
0.000261122
0.000100332
0.000286393
0.000176927
0.000288793
0.000192037
0.000362345
0.000367466
0.00035164
0.000268394
0.00283257
0.000340419
0.000200247
0.000200398
0.000277987
0.000427747
0.00146194
0.00109689
0.000465951
0.000129334
0.000229684
4.63333e-05
0.000153495
0.000297546
0.000169565
0.000218205
0.000260369
0.000315249
0.000656874
0.0001675
8.87455e-05
0.000207089
0.000129704
0.000239693
0.000290624
0.000296469
0.000696167
0.00105096
0.000133549
0.000447175
0.000137512
0.000103368
0.000241746
9.0317e-05
1.57116e-05
3.46339e-05
0.000238324
0.000375398
0.000154801
0.000250073
0.000443629
0.000186712
0.000214985
0.00143237
0.000449779
0.00012175
0.000272301
0.000431182
0.000659312
0.000603164
0.000539807
0.00187446
0.000285638
0.00010442
0.000292348
0.000146693
0.000199583
0.000363296
0.000225592
0.000160326
0.000272118
0.00151758
6.84821e-05
0.000570427
0.000150619
6.04728e-05
0.00602285
0.00127599
0.000460566
0.000308905
7.92826e-05
0.000306125
0.000354539
0.000118904
0.0032788
0.000144687
0.000139052
2.92274e-05
0.000679095
0.000149237
0.0944417
0.000410766
0.000604034
8.73462e-05
0.000114858
0.000209234
0.000260709
0.000455701
0.000333502
0.000732389
0.000148198
0.000333188
0.000245593
0.000149573
9.15214e-05
0.000372468
0.000968096
0.000544754
0.000103004
0.00050011
0.000450091
0.000300654
0.000405247
0.000294901
0.000241903
0.000409058
0.000160575
5.41915e-05
0.000184234
0.00034981
0.000612331
0.000202848
0.000288017
0.000100355
0.000648384
0.000305876
0.00051187
0.000110075
0.000286452
8.31018e-05
0.000323786
0.000222433
0.000215534
0
0.000258702
0.00165192
0.00042436
0.000412543
0.000324076
0.000314509
0.000245945
0.000371807
0.000190641
0.000246127
0.000197215
0.00025297
0.000216727
0.00017668
0.00044662
0.000148686
0.000335064
5.93606e-05
8.98388e-05
0.00014338
0.000315634
0.000126307
0.000410729
0.000313949
0.000193231
0.000316442
0.000255432
0.000296793
0.000124766
0.000638699
0.000247946
0.000545355
0.000234371
0.000316288
0.000408169
0.000165735
0.000119235
0.000194307
0.000191476
0.000272524
0.000249781
0.000213878
0.00166142
0.000198221
0.000302138
0.000180861
0.000863223
7.49135e-05
0.000196818
0.000183463
3.99344e-05
0.000397487
9.82381e-05
0.000180457
0.000150938
0.000185583
0.000196828
0.000214378
3.57748e-05
0.00010766
0.000248724
0.000319431
0.000122906
0.000149218
0.000302442
0.000165778
0.000290276
0.000259814
0.000168279
0.000153219
0.000733832
0.000209263
0.000540784
0.000869581
6.02785e-05
6.70907e-05
0.000424807
0.00147627
0.000373596
0.000128357
0.000212317
0.000274494
0.00022225
0.000260284
0.000203065
0.000515762
0.000147225
0.000257313
0.000194013
0.000187114
8.81692e-05
0.000151624
0.000178314
0.000209337
0.0038663
0.00132704
0.000363628
0.000199906
0.000220727
0.000191503
9.84095e-05
0.000284275
0.000265669
0.000217867
0.000182576
0.000351674
0.000138628
7.94201e-05
7.33203e-05
0.000156147
0.00188341
0.000295062
0.000426538
0.000226513
0.000455719
0.000160665
0.000123236
0.000151036
0.00013598
0.00047841
0.000389665
0.00014519
0.000394861
0.000297825
0.000589309
0.000311551
0.00019721
9.36787e-05
0.000365007
0.000311059
0.000176115
0.000393135
0.000174353
0.000288762
0.000842005
0.00032
0.00230357
0.000746538
0.000249163
0.00111634
0.00025947
0.000153455
0.000218542
0.000239316
0.000179172
0.000121289
0.00025273
0.000202995
0.000247544
0.000364768
0.0013779
0.000175375
0.000417022
0.000173447
0.00030464
0.000194552
0.000219939
0.000316048
0.000429221
0.00015645
0.000409295
0.000135195
0.000443668
0.000269962
0.000206464
0.00039804
0.000348801
0.00013685
0.000137636
0.000105742
0.000624307
0.000131788
0.000252754
0.000326214
8.45989e-05
7.53822e-05
0.000301172
0.0003973
0.000120451
0.000159149
0.000150763
0.000372409
0.000199572
6.042e-05
0.00012773
0.000120329
0.000270647
0.000311763
0.00010287
0.00022431
0.000269226
5.9729e-05
0.000667716
0.00015508
0.000128894
0.000159396
0.000243219
0.000265756
0.000169266
0.000261566
0.000590773
0.000149388
0.000152589
0.000546428
0.000958566
0.00100687
0.00144023
3.4888e-05
0.000260814
0.000216017
0.000237552
0.000150309
0.000114238
0.000663578
0.000109357
0.000112685
0.00410668
0.000714078
0.000122716
0.000619357
0.00131645
0.000381078
0.000114322
0.000186638
0.000493329
0.000338858
0.000164498
0.000286986
0.000329909
0.000631353
0.000504309
0.000163297
0.000175047
0.000373022
0.000213756
0.000478689
0.000247219
0.000176026
0.000250828
0.000172653
0.000103181
0.000178202
0.000734001
0.000410376
0.00069354
0.00102031
0.000101143
0
0.000107119
0.000546949
0.000647937
0.000208795
0.000113674
0.00011956
0.000387977
8.95026e-05
0.000437423
0.000258762
0.000566373
0.000171335
0.000249989
0.000391282
0.000328231
0.000158122
0.000144841
0.000248369
0.000208753
0.000276423
0.000188105
0.00239314
0.000311882
0.00013939
0.000255443
0.000379146
0.000414186
0.00220974
0.000147488
0.000233775
9.73566e-05
0.000357005
0.000102739
0.0003677
0.000126696
0.00123116
0.000250689
0.000336201
8.1504e-05
0.0001042
0.000429219
0.00229157
8.03969e-05
0.000197719
0.000446674
8.03433e-05
0.000143802
0.000637124
0.000214377
0.000102468
0.000197499
0.000166881
0.000168041
3.32119e-05
0.000292612
0.000241537
0.000119734
0.000177985
0.00101678
0.00018349
0.000323158
0.000213345
0.000379846
0.000388973
0.000231455
0.00179759
0.000159049
0.000251428
0.000280673
0.000152654
0.000513204
0.00027795
0.000125307
0.000415267
0.000203832
0.000241887
6.98808e-05
0.000576958
9.40372e-05
0.000128496
0.000387755
0.000190738
0.000215115
0.000131273
0.00096264
0.000105873
0.00018379
0.000250062
0.000213042
0.000135975
5.29162e-05
0.000639689
0.000295155
0.000130753
0.000210781
0.000219594
0.000330438
0.00246693
0.00024718
0.000328392
0.000210504
0.000157778
0.000213053
0.00029487
0.000754739
0.000248214
0.00048883
0.000354212
0.000191324
0.000409406
0.000200141
0.00202564
0.000327766
0.000148058
0.000184821
0.000217469
0.000162776
0.000199321
0.000559911
0.000209214
0.000300323
0.000122901
0.000389789
0.000203894
0.00186054
0.000420749
0.000568717
0.000139495
0.000146532
0.000610928
0.000174463
0.000386842
0.00032114
0.000338107
0.000158137
0.000275067
0.000192872
0.000205982
0.000116042
0.000207147
0.00049906
0.000142843
0.000303511
0.000288697
0.000326196
0.000408038
0.000131259
0.000167377
0.000256813
0.000211094
3.67799e-05
0.350479
0.000350965
0.000150642
0.0112798
0.000108195
0.000374862
0.00014384
0.000182171
0.00027503
0.000628487
0.000843595
0.000155878
0.000137135
0.000474852
0.00022254
0.00348355
0.000359048
0.000233044
0.000283063
1.9652e-05
0.000321537
0.000133266
0.000119307
0.000216149
0.00023476
0.000147423
0.000261132
0.00054174
0.0004414
8.7217e-05
0.00133766
0.000215048
0.000101223
0.000266047
0.000236491
0.000211795
0.000444072
0.00302638
0.000201146
0.000196334
0.00019104
4.8177e-05
9.16129e-05
0.000119332
0.000224536
0.000337725
0.000302496
0.000225221
0.000928128
0.000458591
8.93054e-05
0.000213297
0.000574306
0.000244299
0.000183672
0.000203264
8.6478e-05
0.000298533
3.76996e-05
0.000220919
0.000226489
0.000331689
0.00119168
0.000251589
0.000303595
0.000235158
4.92854e-05
8.01493e-05
0.00036961
0.000210878
0.000545303
0.000189276
0.000273141
0.000292225
0.000180377
0.00020772
0.00111237
0.000137101
0.000130113
0.00033029
0.000234162
0.000241788
0.000618972
0.000421377
0.000921673
0.000239946
0.000116268
0.000346344
0.00029233
0
0.000119692
0.000511423
0.000166383
8.55776e-05
0.000349141
0.000322563
0.00048836
0.00011172
9.71873e-05
0.000337987
0.00019767
0.00757474
0.00044899
0.000503508
0.000251224
0.000436938
0.000484409
0.000171457
0.000330413
0.000304902
0.000398331
0.000278785
0.00152202
0.000541333
0.000213663
8.20083e-05
0.000308807
0.000426211
0.000171121
0.000932742
0.000283151
0.000249075
0.000303028
0.00013661
0.000310439
0.000226335
0.000112891
0.000114303
0.000486065
0.000380292
0.000109557
0.000114465
0.000258852
0.000355493
0.000292704
0.000336388
7.09318e-05
0.000326147
0.000111215
0.000161391
0.000276762
0.000186181
0.000641371
8.37063e-05
0.000269201
6.64893e-05
0.00040874
0.00022449
0.000319601
0.000274806
0.000363694
0.000370035
7.47045e-05
0.000378701
0.000285697
0.000296289
7.68979e-05
0.000289944
0.000162809
0.000648429
0.000669995
0.000132027
0.000360319
0.000302244
0.000399584
0.000442195
7.26978e-05
0.000154676
0.000200402
0.00014415
0.00012517
0.000330869
0.000258555
0.000176742
0.000147916
0.000272702
0.0140059
0.000290872
0.000340134
0.000223416
0.000140846
0.000189098
0.000356932
0.000267398
0.00024344
0.000182905
0.000201989
0.000325978
0.000191739
8.70681e-05
0.000626974
0.000615664
0.000160382
0.000450973
0.00022939
0.000494958
0.000303228
0.000102223
0.000367836
0.000226249
0.000275994
0.000308953
0.000179306
0.000252912
3.39729e-05
0.000382677
0.000231387
0.000376353
0.000239007
0.000366359
0.000157601
0.000208167
0.000227589
0.00026727
0.000462291
0.000133446
0.000225458
0.00371665
0.000109999
8.95644e-05
0.00190016
0.000108448
9.52452e-05
3.92565e-05
0.000299025
5.4539e-05
8.9994e-05
0.000181804
0.000417035
0.000203309
0.000352178
0.000279268
0.000349908
0.000287729
0.00011768
0.000228616
0.000263935
0.000202977
0.000471616
0.000127324
0.000207418
0.00010004
0.00047986
0.000399644
0.000273661
0.000222436
0.000206904
0.000187531
6.06047e-05
0.000181501
0.000329076
0.000164659
0.00021447
0.000164595
0.000660201
5.35202e-05
9.69762e-05
0.000128309
0.0010276
0.000134943
0.000447027
0.000160881
8.4037e-05
0.000986065
0.000305026
0.000383664
0.000456982
0.000345037
0.000137425
0.0001369
0.000242891
0.000585317
0.000106781
0.000645952
5.12165e-05
0.000326961
0.000265963
0.000531178
0.000139725
0.000154161
0.000146093
0.00029035
0.000580743
0.000524446
0.000617355
0.000238504
0.000803042
0.000810094
0.000211335
0.000165202
0.000347926
0.000359725
0.000180422
0.000555025
0.000265048
0.000311423
0.000128719
0.000204397
0.000185968
0.000162979
0.000732449
0.000163477
0.000215363
1.008e-05
0.000251472
0.000159215
0.000171911
0.000241388
0.000355769
0.000140201
0.000115663
0.000336579
6.48126e-05
0.000222881
0.000114146
0.000954435
0.000207572
0.000161455
0.000445782
0.000148182
0.00093777
0.000256215
0.000556701
3.58886e-05
0.000326202
0.0002449
0.000454374
0.000238479
0.000213574
0.00107564
0.000206462
0.000135815
0.000244243
0.000235056
0.000319018
7.24998e-05
0.000529075
0.000519924
0.000536091
8.45226e-05
0.000211413
0.000767375
0.000368741
0.0012974
2.92017e-05
0.00025763
0.000321719
0.000188118
0.000966467
0.00019707
0.00182503
0.000246348
0.00010092
0.000314188
0.000130671
0.000247157
9.14145e-05
0.000448108
0.0011424
2.43806e-05
0
0.000114097
0.000297306
0.000228671
0.000158069
7.07215e-05
0.000229625
0.000199737
0.0002766
0.000249516
0.00118814
0.000169435
0.000224839
0.000337868
0.000263203
0.000130348
0.000379932
0.000294478
0.000207553
0.000501546
0.000146443
0.000464137
4.75753e-05
0.000120819
0.000168309
5.04962e-05
0.00141741
0.000252928
0.000234426
0.000111394
0.000342397
0.000114305
0.000277571
9.7972e-05
0.000352423
0.000236701
8.08545e-05
8.09287e-05
0.000239527
0.000240171
0.000131226
0.000222585
0.000344339
0.000249039
0.000271239
0.000748584
0.00016233
0.000570563
0.00110044
0.000629534
0.000396991
0.000188456
0.0005482
0.0764708
0.000463985
0.00024521
0.000557644
8.4596e-05
4.39416e-05
0.000300731
0.00025376
0.000434887
0.000307367
0.000552466
0.000260993
0.000350533
9.98519e-05
0.000196647
0.000115648
0.000784438
0.000441655
0.000294502
0.000167464
0.000309485
9.38282e-05
9.41172e-05
0.00206069
0.000138771
0.000169886
0.0001682
0.000118141
0.00034213
0.000154552
0.00148556
0.00049325
0.000203807
8.99889e-05
0.000129269
0.000760991
0.000328152
0.000584565
5.20536e-05
0.000164058
0.000175118
0.000498794
5.54913e-05
0.00018878
0.00035505
0.000193715
0.000208001
0.000120288
0.000114347
0.000218042
0.000155998
0.000403276
0.000344269
0.000380598
0.00075996
0.000394208
0.000182731
0.000156167
4.79496e-05
0.00215831
0.000451979
0.000197134
0.000144258
0.000199421
0.000336053
0.000432443
0.000261275
0.00031845
6.22066e-05
0.00017314
0.000346675
0.000699809
0.000335676
0.000529717
0.000353371
0.000314703
0.000137888
0.000241567
0.000402627
0.000143274
0.000150346
0.000576388
0.0007454
0.000227257
0.000216989
0.000235063
0.000249284
0.000293033
0.00144019
7.06559e-05
0.00040838
0.000246235
0.000185302
0.000935628
0.00137336
0.000161697
7.39414e-05
0.000294765
0.000202992
0.000147818
0.000113479
0.000521659
0.000311926
0.000219018
0.000244316
0.00030917
0.0001753
0.000128671
0.00124078
0.000341667
0.000104071
0.00013571
9.68195e-05
0.000210647
0.000402849
0.000700394
8.36771e-05
0.000380512
0.000223608
0.000164929
0.000524605
9.52689e-05
0.000193881
0.000295342
0.000125059
0.000722721
0.000292996
0.00189259
0.000412977
0.000108352
0.000254602
0.000585938
0.00123966
8.81351e-05
0.000158043
0.00013902
0.000108685
0.000315766
0.000192569
0.000294669
0.000397329
0.000306027
0.00102091
0.000197845
0.000350249
9.68153e-05
0.000545651
0.000456902
6.73796e-05
0.000693829
0.000121282
9.20542e-05
0.00032788
0.000447833
0.00037326
0.000498257
0.000212625
0.000230984
0.000127942
0.000384719
0.000735089
0.000249848
0.000857009
0.000285029
0.000184181
0.000287896
0.000427034
0.00040478
0.000608272
0.000340504
0.000160464
8.17216e-05
0.00023585
0.000586291
0.000511536
0.000186053
0.000325862
0.000332055
0.000185736
0.000669813
0.000721518
0.000108199
0.000158551
0.000883307
0.000206958
0.000301994
0.000184124
0.000212116
0.000335241
0.000373774
0.000347144
0.000259622
0.000310942
0.000112292
7.5944e-05
0.00034658
0.000290441
0.000543665
0.000416653
0.000456272
0.000339449
0.000277196
0.000331825
0.00035496
0.000199542
0.000144451
0.000629398
0.00039956
4.57401e-05
0.000255977
0.000226898
0.000450296
0.000342092
0.000203996
2.36631e-05
0.000313488
0.000109189
0.000194973
0.000137648
0.00455056
0.000275814
0.00033214
8.69882e-05
0.00022659
0.000168933
0.00051842
0.000638076
0.000179253
0.000395927
0.000272197
0.000334063
0.000308533
0.000306294
0.000554819
0.000622948
4.33796e-05
0.000186309
0.000115873
0.000240861
0.000393823
0.000291353
0.000201617
0.000205645
0.000182852
0.000600489
9.05992e-05
0.000256087
0.000241858
0.000236777
0.00038983
0.000180243
0.000473953
0.000233992
0.000465759
0.000194756
0
0.000406326
0.000639874
0.000247762
0.000583793
0.000330847
0.000174951
5.06761e-05
6.27766e-05
0.000744355
0.000330145
0.000317303
0.000259667
0.00137517
0.000370267
0.000164863
0.000183779
0.000111233
0.000715966
0.000277379
0.000210548
0.000343284
0.000221016
0.000506489
0.000360314
0.000525727
0.000258741
0.000171157
0.000366281
0.00027559
0.000424771
0.000786706
0.000346794
0.00033115
0.00038457
0.000176943
0.00017117
0.000171439
0.000461267
0.000233976
0.000230694
7.7202e-05
0.000336035
0.00204885
6.38949e-05
0.00308986
0.000256356
0.0014616
0.00043068
0.000191106
0.000507674
0.000193254
0.00015254
3.5815e-05
0.000130502
0.000175739
0.000198854
0.000211071
0.000126522
0.000195664
5.75166e-05
0.00119971
0.000377865
0.000223521
0.000277246
0.000231767
0.000144888
0.000207148
0.000347245
0.000191542
0.00125185
0.000196936
0.000258154
0.000104243
0.000168853
0.00013294
0.000503749
8.01564e-05
0.000572249
0.00111778
0.000396778
0.000288429
0.000282374
0.000421593
7.71646e-05
0.000193565
0.000573593
0.000167011
0.000232632
0.000599437
0.00101945
0.000264066
0.000439087
0.000304073
0.000389803
0.000349629
0.000121111
0.00185151
0.000176436
0.00330801
0.000469439
0.000325949
0.000152308
0.000148078
2.20738e-05
0.000872326
0.000517981
0.000327152
0.000317488
0.000128609
8.69484e-05
6.53677e-05
0.000533304
0.000267955
4.83343e-05
0.000229209
0.000420708
7.49566e-05
0.000113877
0.00011691
0.000316843
9.72357e-05
0.000237693
0.000390192
0.000200375
0.000284606
0.0003445
0.000215612
0.000304671
0.000337367
2.15026e-05
0.000409449
0.00011953
0.000162248
0.000186392
0.000205396
0.000423272
0.000374176
0.000494443
0.000155725
0.000468848
9.36257e-05
0.000262717
0.000184033
0.000217849
0.000109122
0.000874855
6.97916e-05
0.000320596
0.00161919
0.00012211
0.000393413
0.000395791
0.000479646
0.000358819
0.000330129
6.92279e-05
0.000164313
0.000372865
0.000245894
0.000276775
0.000233783
0.00017476
0.000310696
0.000101284
0.000260245
0.000143075
0.00023665
0.000129804
0.000614115
0.000101063
0.000416603
0.000191428
0.000278012
0.0032572
6.91248e-05
0.00017591
1.36559e-05
0.000185854
0.000214455
0.000335895
8.28907e-05
0.000208986
0.000238605
9.07435e-05
0.000161654
0.000569703
0.000295309
0.000345332
0.000265561
0.000212114
0.000158097
0.000149426
0.000166012
0.000201317
6.49981e-05
0.000255731
0.000382631
5.14123e-05
0.000148667
0.000709244
0.00083421
0.000195924
0.000231017
0.000283354
0.000282089
0.000218479
0.000387103
0.000266558
0.000165773
0.000346984
0.000617343
0.000584285
0.000202112
0.000649834
0.000220755
0.000103617
0.000176152
0.000273248
0.000942195
0.000589286
0.000612825
0.000433292
0.0006022
0.000253762
0.000197053
0.000381749
0.000422753
0.000122499
0.000231567
0.000106529
8.44885e-05
8.83684e-05
0.000395975
0.0002037
8.37193e-05
0.000128392
0.000568948
8.84942e-05
0.00024938
0.000671053
0.000640723
0.000255046
0.000267825
0.000193682
0.00159422
0.00027228
0.000383764
0.000163366
0.000228949
0.000555033
0.000301969
0.000266199
0.000319881
0.000395767
0.0105521
0.000203688
0.000115047
0.000173024
6.08316e-05
0.000304413
2.87226e-05
0.000110496
0.000267824
0.000107633
0.000191163
0.0001098
3.2853e-05
6.43994e-05
0.000291439
0.000162039
0.00153412
0.000221199
0.00193255
0.000275488
8.80174e-05
3.77025e-05
0.000193091
0.000238698
9.88309e-05
0.000580801
0.000186033
0.000185642
0.000256896
0.000405921
0.000292872
0.000239993
0.000554192
0.000669592
0.000368341
0.000138094
0.0005261
0.00308482
0.00020614
0.000323619
0.000370683
0.000166586
0.000134621
0.000172152
7.91375e-05
0.000465644
0.000509229
0.000344924
0.000263684
0.000267334
0.000215607
0.000310375
0.000287125
0.000359899
0.000122933
0.000341424
0.000245685
5.78193e-05
0.000153299
0.00052624
0.000428341
0.000128951
0.000486757
0.000104853
0.000298878
0.00299922
0.000214779
0.000145801
0.00144907
0.000373553
0.000422535
0.000500044
0.000220451
0.000327799
0.000306235
0.000616369
0.000152305
0.00149055
0.000133876
0.00012872
0.000269148
0.000484251
9.22177e-05
0.000136117
8.10424e-05
0.000355951
0.000341403
0.000375811
0.000779926
0.000503848
0.000227157
0.000423962
0.000323585
0.000255284
0.000324966
0.000152128
0.000843263
0.000229457
0.000113192
0.000224489
0.000138313
0.000127004
0.000178903
0.000233287
0.000296955
0.000153898
0.000152961
0.000156492
0.00016466
0.000347596
0.000209175
0.000110336
0.000149323
0.000177693
0.000185949
0.000104243
0.000181448
0.00300113
0.000316354
0.000280337
0.000412943
6.78882e-05
0.000137816
0.0010479
0.000407387
0.000157102
0.000324775
0.000377505
0.00116787
0.000138895
0.00033485
0.000247382
0.000170273
0.000241375
0.00116691
0.00019932
0.000216629
0.000329733
0.000186253
0.000164935
4.67717e-05
0.000485708
0.000321233
0.000333693
0.000407582
0.000489559
0.000144297
0.000257113
0.000157657
8.86259e-05
0.000270633
0.000821657
0.000528061
0.00015942
0.000110509
0.000332657
0.000372425
0.00017562
0.000105177
0.000135591
0.000167224
0.000221366
0.000140297
0.000258524
2.67246e-05
0.0001273
0.000266191
0.000670329
4.55122e-05
5.56108e-05
0.000192892
0.00018474
0.000318231
0.000235738
8.75916e-05
0.000291477
0.000464685
0.00030169
0.000385149
0.000225666
0.000264657
0.000293227
0.00314257
0.000399681
0.00038262
0.00112346
7.23449e-05
0.000810883
0.000681004
0.000265047
8.68527e-05
0.000434503
0.000247504
0.00015567
0.000592221
0.000134754
0.00023787
0.00020111
0.000264932
0.000264131
0.000155929
0.000211576
0.000303602
9.84109e-05
0.000136662
0.000177377
0.000296812
0.000226025
0.000392243
0.000551007
0.000204903
5.30905e-05
0.000232545
0.000123575
0.000546322
0.000161996
3.11935e-05
0.000148871
3.52616e-05
0.000467002
0.000174691
0.000287041
0.00043751
0.000338259
0.000208797
0.000724108
0.000247581
0.00033877
0.000184454
0.000315749
0.000139965
0.000379399
0.000158311
0.000228651
9.0333e-05
0.000318311
0.000145485
0.00011911
0.000116956
0.000207159
0.000267822
0.000265282
0.00048945
0.000295771
0.000281972
0.0139971
4.82823e-05
0.000273368
4.81127e-05
0.000202177
9.76993e-05
0.00069175
0.000247611
