0.00217352
0.00200871
0.00246426
0.00113328
0.00112452
0.00155209
0.00302568
0.000849613
0.00118464
0.00216399
0.00237206
0.00058837
0.734097
0.00213986
0.00234652
0.000944198
0.000602227
0.00266049
0.00147152
0.00204732
0.0022545
0.00240107
0.00111391
0.00479405
0.0016994
0.00258302
0.00264193
0.00202047
0.00147058
0.00168121
0.00278354
0.00115145
0.00213434
0.00161714
0.00264696
0.00183324
0.00236862
0.00106206
0.0013319
0.0027713
0.0022422
0.00220057
0.00621031
0.00129366
0.00273462
0.00159861
0.0014038
0.0117332
0.00195636
0.00126198
0.00261526
0.00120153
0.00168388
0.00394792
0.00639447
0.00164219
0.00190761
0.00163898
0.0012555
0.00130717
0.00224118
0.00126332
0.00261803
0.00286674
0.00207008
0.0022188
0.00131953
0.002178
0.00217138
0.00273548
0.00191277
0.00328177
0.0103497
0.00320011
0.00227427
0.00136056
0.00261519
0.000860869
0.00371295
0.00179999
0.00220349
0.00279442
0.00216676
0.000927534
0.00382333
0.00290743
0.001283
0.00184281
0.00119503
0.00231182
0.00302607
0.00395456
0.0109881
0.00326552
0.00279373
0.001433
0.00245744
0.00167585
0.00207876
0.0017277
0.00231455
0.013576
0.000822352
0.00209715
0.00202723
0.0154831
0.00168204
0.0062097
0.00398462
0.00204854
0.0017365
0.00119909
0.00136755
0.00156069
0.00141314
0.00167681
0.00298628
0.00157776
0.00261685
0.00340109
0.00650816
0.00270486
0.00531198
0.00115535
0.00149365
0.00203442
0.00191926
0.00243944
0.00247928
0.00232482
0.00354619
0.00223689
0.00131183
0.001321
0.00178022
0.00283421
0.00264532
0.00478514
0.004043
0.00274327
0.00663184
0.00319849
0.00233702
0.00175538
0.00219072
0.00138638
0.00245506
0.00489753
0.00227468
0.00232434
0.00131722
0.000389063
0.000935498
0.000892902
0.00113998
0.00261142
0.00251574
0.0018731
0.00160056
0.00206749
0.00112577
0.0204488
0.0045464
0.00143835
0.00260636
0.0014953
0.00178711
0.00209704
0.00242528
0.00345462
0.0011215
0.00408336
0.00235858
0.00434919
0.00134839
0.00191834
0.00171358
0.00265944
0.0022131
0.00121375
0.00270661
0.00153684
0.011144
0.00151162
0.00249214
0.00258283
0.00237026
0.0019011
0.00206798
0.00130763
0.00300401
0.000743102
0.00191004
0.00124789
0.00154143
0.000795484
0.00258357
0.00200215
0.00221255
0.00477925
0.00171018
0.00199616
0.00135218
0.00319565
0.00379619
0.0026488
0.00435835
0.0010356
0.00128774
0.00255171
0.00478219
0.000966433
0.00317022
0.00161604
0.000696731
0.000393315
0.00238027
0.00282234
0.00140669
0.00332837
0.00754912
0.00309882
0.00388505
0.035669
0.00201654
0.0243198
0.00216399
0.00188323
0.00419415
0.00199938
0.00244461
0.0033852
0.00136535
0.00131531
0.00315086
0.00184904
0.00212417
0.00172115
0.00273946
0.003201
0.00271924
0.00172003
0.0017394
0.00185317
0.00222632
0.000891158
0.00762345
0.00377635
0.00185941
0.00236063
0.0347829
0.00108281
0.00800417
0.00104111
0.00402423
0.00179821
0.00204138
0.00128288
0.00229919
0.00155091
0.00254709
0.00114607
0.00140515
0.00182979
0.0022386
0.00135465
0.00178443
0.00294113
0.00560847
0.00140318
0.00171537
0.00293599
0.00201718
0.000870718
0.00154193
0.00188052
0.00188996
0.00143039
0.00140023
0.00193549
0.00209243
0.00107423
0.00132969
0.00208232
0.00164008
0.00275334
0.000995629
0.00310773
0.00284137
0.00152134
0.00120135
0.00229389
0.00232585
0.00120848
0.00220379
0.00360601
0.00313485
0.0015222
0.00241664
0.00262638
0.00203159
0.00358132
0.00421855
0.00500729
0.0033117
0.00102077
0.00135089
0.00191239
0.00234114
0.000637418
0.0029103
0.00128844
0.0022551
0.00372334
0.00126614
0.00356002
0.00190844
0.00131183
0.00286274
0.00140759
0.0013263
0.00182299
0.00319268
0.00186661
0.00273037
0.00156716
0.00745742
0.00275001
0.00201608
0.00892587
0.00281273
0.00121723
0.000548222
0.00332358
0.00260818
0.00221356
0.00145053
0.00283563
0.00130521
0.00149825
0.00274972
0.00103587
0.00159629
0.00279391
0.00183428
0.00140729
0.0228361
0.00156441
0.00193577
0.00303985
0.00267847
0.0041979
0.00141402
0.00304075
0.00165705
0.0028371
0.00168962
0.00623723
0.00193317
0.00308772
0.00161148
0.0023787
0.00188961
0.00151792
0.00172851
0.00225165
0.00204979
0.00230741
0.00195255
0.00374762
0.00114984
0.00558965
0.00205044
0.00183646
0.00242174
0.00206471
0.00202446
0.00128902
0.00222267
0.00133244
0.00141729
0.000696982
0.00263363
0.00299116
0.0078544
0.00104943
0.00211325
0.00492778
0.00206485
0.00240943
0.0015402
0.00124969
0.00159776
0.00172229
0.00211309
0.00158179
0.00203019
0.00186471
0.00477013
0.00970384
0.00151544
0.0017932
0.00184021
0.00221764
0.00183188
0.00296786
0.001998
0.00229515
0.00118949
0.00158133
0.00245563
0.00234838
0.00453463
0.00710248
0.00614887
0.00225985
0.00119429
0.00354108
0.00171343
0.00145841
0.00224879
0.00186213
0.00392024
0.000640555
0.00174487
0.00172146
0.00439555
0.00243454
0.00356857
0.00160853
0.00273631
0.00215588
0.00168742
0.00199096
0.00117332
0.00152495
0.00164123
0.00150448
0.00159204
0.00141346
0.0044601
0.00235196
0.00177627
0.00137814
0.000961357
0.0024295
0.00289166
0.00285292
0.00719163
0.00138998
0.00210958
0.00186464
0.00292173
0.00367153
0.00279539
0.0137532
0.00165012
0.00213924
0.000961993
0.00158392
0.0018123
0.0013877
0.0014096
0.00158445
0.00264568
0.0022559
0.00231317
0.0014092
0.00219756
0.00214686
0.00140072
0.00325417
0.00192724
0.00154264
0.00404923
0.00257478
0.005074
0.00219192
0.00303276
0.00525137
0.00606794
0.00326772
0.0025408
0.00595037
0.00448968
0.00178485
0.0023802
0.00116368
0.00402407
0.00169332
0.00190728
0.00178257
0.0029448
0.00148016
0.00153
0.00156374
0.00122342
0.00166274
0.00345954
0.00403573
0.00240296
0.00201334
0.00163197
0.00269417
0.00329913
0.00148346
0.00300319
0.00183183
0.00189251
0.00107392
0.00820592
0.00173415
0.00222694
0.00163242
0.00139369
0.00212936
0.00119878
0.0026432
0.00216739
0.00261508
0.000828544
0.00124581
0.00496915
0.000735214
0.00292315
0.00120121
0.00262708
0.00139081
0.00148703
0.00163888
0.00459797
0.00301341
0.0171265
0.0130633
0.00129739
