0.000159836
0.000206002
0.000137152
0.000279768
9.25119e-05
0.000187425
0.000301162
0
0.000189568
0.000313631
0.000358012
0.000154272
0.00115613
0.000296495
0.000208613
0.00022118
0.000100736
0.000354298
0.000191921
0.000167037
2.64549e-05
0.000295684
2.61193e-05
0.000142538
0.000146252
6.00854e-05
8.02297e-05
8.3207e-05
0.000155992
0.000410645
0.000241369
0.000191502
0.000288468
0.000193421
0.000171852
0.000363431
9.72996e-05
0.000142037
0.000233405
6.43996e-05
0.000227937
0.000136269
0.000689056
7.26099e-05
4.02032e-05
6.41697e-05
0.000206766
5.17477e-05
0.000180522
0.00037947
0.000102241
0.000177426
0.000467685
0.000209739
0.000141164
0.000479253
8.59869e-05
0.000131438
0.000389037
0.000155097
0.000139037
0.000187697
0.000130209
0.00083564
0
0.000175507
0.000434154
7.27027e-05
0
0.000173564
6.41816e-05
0.000247143
7.12315e-05
3.03312e-05
0.000118595
0.000169813
0.00022073
0.000273179
8.10928e-05
6.72671e-05
0.000138429
0.00018338
0.000147256
0.000118447
0.000140711
0.0015196
0.000846249
0.000352931
0.000184535
0.000332986
0
0.000271609
0.000152893
0.000134944
5.72717e-05
0.000129912
0.000225175
0.000286783
8.1252e-05
0.000130338
0.000387802
0.000211632
0.000354296
0.000140951
9.11757e-05
7.29329e-05
0.000234983
0.000258541
0.000343453
8.43237e-05
0.000807275
9.31779e-05
0.000197096
7.72674e-05
0.000124537
5.39046e-05
0.000198358
0.000128658
0.000238304
0.00013056
0.00017694
0.000294719
0.000233734
0.000167623
0.000281338
0.000247149
0.000239181
8.77885e-05
0.000594902
3.61854e-05
0.000711309
0.000136348
0.000264033
0.00018618
0.000772057
0.000109546
0.000263755
0.000131861
8.95365e-05
0.000159338
8.19388e-05
0.000555951
0.000195887
5.09504e-05
0.000218568
0.000504022
5.53402e-05
0.00012553
0.000209442
0.000188842
0.00105566
0.000149312
9.40687e-05
0.000193049
0.000368109
0.000130653
4.08759e-05
0.000211964
0.000186352
0.000412768
0.000192633
6.92221e-05
0.000183871
0.000124034
0.000106108
8.0286e-05
0
0.000305092
9.02383e-05
0.00027342
0.000104804
8.42053e-05
0.000240912
0.000254139
0.000141506
0.00024618
8.09099e-05
0.00116625
0.000133745
3.09213e-05
6.80238e-05
0.000119029
0.000119263
2.50626e-05
0.000217495
6.97897e-05
0.000424423
2.97534e-05
0.000124589
0.000166797
0.000130603
0.000174832
0.00010897
0.000466666
0
0.000282122
7.16657e-05
0.000224144
0.000178279
0.000603883
0.000116194
0.000157917
0.000164351
0.000450616
0.000113441
0.00130657
0.000236632
0.000645558
0.00157978
0.000309155
0.000183518
0.00147012
0
0.000109634
0.000349459
2.73875e-05
0.000107266
0.000148226
0.00020272
0.0002904
0.000209534
0.000106228
6.8736e-05
0.000724961
0.00188457
6.66674e-05
6.09349e-05
0.000248027
6.90397e-05
0.000100945
6.75329e-05
0.000213589
9.37796e-05
0.000450609
0.000180105
0.00101765
0.000289426
0.000482673
0.000130505
0.000944154
0.0001166
4.27032e-05
0.000128444
0.00014351
0.0004946
0.000346128
0.000298896
0.000128628
0.000248421
0.000321518
6.95115e-05
0.00017993
0.000751032
0.000215615
0.000430999
3.43527e-05
0.000129116
0.000148469
0.00015071
9.63342e-05
0.000700965
5.82685e-05
0.000139999
0.00051595
0.000879602
0.00043189
0.000147351
9.69668e-05
4.6912e-05
0.0012662
2.23294e-05
5.46239e-05
0.000356924
0.000106041
0.000190251
0.000211581
8.101e-05
0.000161873
8.09345e-05
0.000101082
5.03617e-05
0.000162166
0.000124534
0.000125222
0.000638998
0.000135145
0.000302958
6.06281e-05
0.000126648
4.35125e-05
0.000193878
8.96185e-05
0.000142827
0.000201768
0.000167228
6.67842e-05
5.48868e-05
0.000102354
0.000259285
0.000440934
0.000260136
1.64678e-06
0.000261418
3.15739e-05
0.000192608
0.000149458
5.06854e-05
0.00830166
8.17302e-05
0.000111115
0.000275383
0.000499561
6.42869e-05
9.67788e-05
0.000108727
0.00059687
0
0.000772612
0.000102884
0.000576545
0.000230785
0.000431233
0.000292987
0.00010013
0.000134478
0.000181084
0.000340986
0.000349619
2.16213e-05
0.000167651
0.000334824
2.442e-05
0.000258281
0.000119602
0.000410449
0.000276551
0.000153326
0.000137343
0.000101662
8.51111e-06
0.000150478
0.000308402
0.000148495
0.000172749
0.000129072
9.62115e-05
9.08169e-05
0.000157996
0.000215508
0.000233955
0.000185354
0.00017947
5.28354e-05
0.000173717
0.000183392
7.87923e-05
0.000160269
7.34053e-05
0.000108516
7.23765e-05
0.000204374
0.000127359
0.000135123
0.000175946
0.000152054
0.000116038
0.000155238
0.000122326
0.00097058
0.000186364
0.000271063
6.0488e-05
0.000198253
0.000186313
0.000142544
0.000345944
3.87625e-05
0.000164898
0.00013578
6.6753e-05
9.72397e-05
0.000203654
0.000100042
0.000163493
0.000445995
0.000309026
0.00017618
9.62726e-05
9.96932e-05
0.000775806
0.00018499
0.000219923
0.000281451
0.000130742
0.000148934
0.000142495
0.000411515
3.31096e-05
0.000138387
0.000195077
0.000112009
6.97878e-05
7.82121e-05
0.000122969
0.000212465
0.000133433
0.000136363
0.000221754
9.0898e-05
0.000144936
0.00027554
0.000461166
8.54031e-05
7.11751e-05
0.000227519
0.000120279
0.000230916
0.000154692
0.000287786
8.1585e-05
0.000114821
0.000123887
0.000880246
0.000283852
0.000245977
6.10205e-05
0.00012057
6.7262e-05
4.94057e-05
0.000137796
0.000106835
0.000331065
0.000240161
0.00260307
0.000141501
0.000184509
0.000144062
5.56773e-05
6.01896e-05
0.000101376
8.65301e-05
0.000505108
0.00119057
7.11945e-05
0.000124807
0.00020258
0.000154967
0.000151752
7.51853e-05
3.4913e-05
4.90296e-05
0.000282777
0.000126715
0.000315218
0.00220908
0.000122432
0.000158546
0.000166023
9.10247e-05
8.71858e-05
0.000173965
0.00027006
0.000242983
7.8392e-05
0.000350847
0.000100489
0.00133059
7.68847e-05
0.000243443
0.000143914
0.00343574
0.000131971
0.000272835
2.92055e-05
0.000102656
9.42258e-05
0.000153192
0.000103545
0.000363709
0.000141114
0.000193854
0.000336201
0.000183961
8.74674e-05
0.000143797
0.00109745
0.000144546
8.82997e-05
6.68398e-05
0.000132261
0.000168574
0.000550445
0.000134188
0.000105786
0.000142689
0.000378629
9.46925e-05
0
0.000283646
8.18259e-05
0.000346452
0.000280231
0.000314202
0.000150319
0.000818299
0.000323634
0.000101734
5.98527e-05
0.000203727
0.000200679
0.000223374
0.000323325
0.000158259
0.000594076
0.000230349
0.000191039
0.000152393
8.80711e-05
0.00189694
7.33853e-05
0.000276133
0.000575683
0.000158638
0.000196231
3.97569e-05
0.00798017
0.000239968
0.000257346
9.98819e-05
6.36303e-05
0.000491962
0.000141856
0.000120618
9.00526e-05
9.56453e-05
0.000169298
0.00039421
5.38831e-05
0.000315998
7.73627e-05
0.000131563
0.000106804
0.000332477
0.000137154
0.000346854
7.37282e-05
0.000127464
0.000158839
6.76388e-05
0.000183264
8.0236e-05
0.000214116
0.000107412
9.96388e-05
0.000426736
0.000163955
7.46475e-05
0.000158594
0.000191322
0.000150507
0.000185601
3.57645e-05
3.89541e-05
0.000132131
0.000183923
0.000259643
0.000171218
6.08352e-05
0.000201811
8.91925e-05
0.000201037
0.000490103
0.000378572
5.21383e-05
0.000143887
3.63364e-05
0.000141165
8.46983e-05
0.000129847
6.61674e-05
0.00014264
0.000134413
0.000196872
0.000163718
0.000247208
0.000289047
0.000414157
0.00038662
9.96998e-05
9.84034e-05
0.000171011
0.000183156
5.20657e-05
8.10481e-05
8.35871e-05
3.37906e-05
0.000122643
2.98532e-05
9.79096e-05
7.32626e-05
0.000242483
0.0001741
0.000211446
0.00019124
0.000125448
3.74328e-05
0.000310935
0.000285903
0.00028193
0.000151669
0.000179901
4.10795e-05
7.46895e-05
0.000166348
0
0.000148601
0.00025134
0.000281411
8.09228e-05
0.000126269
6.04312e-05
1.19031e-05
0
0.000430104
0.000209279
3.58421e-05
0.000137874
0.000397343
0.000174779
0.000136511
8.76133e-05
0.000336943
0.000233087
2.21753e-05
0.000155218
0.000143769
0.000143792
0.000153458
0.000100269
0.000140999
0.000192932
5.30574e-05
0.000771451
0.00013386
0.000335138
0.000286858
0.000157994
0.000142526
0.000196551
0.000153317
0.000298053
0.000139685
6.08931e-05
0.000236789
0.000186849
0.000276112
0.000175644
0.000184682
0.000333421
0.000268238
8.44155e-05
0.000137521
3.42428e-05
0.000242155
7.00546e-05
0.000143518
0.00018243
0.000131731
0.000172853
0.000124463
0.00016243
0.0002677
0.000184992
0.000215622
0.000126545
0.000407225
0.000322193
0.000226796
0.000335553
9.16294e-05
0.000594491
7.40703e-05
0.00103055
0.000956809
0.000168946
8.19892e-05
0.000115715
0.000122637
5.78008e-05
0.00202392
0.000152997
7.41541e-05
0
0.000351946
8.62182e-05
9.88412e-05
0.000113515
5.43116e-05
0.00021341
5.39474e-05
0.00028652
0.000537074
0.000131315
0.000373738
4.69791e-05
0.000143164
0.000233359
0.000157432
9.16953e-05
0.000106457
9.43925e-05
0.000162011
0.000990808
0.000208507
0.000111696
0.000200207
0.000298378
7.81002e-05
0.000137516
1.53659e-05
0.000270886
0.000265881
5.49052e-05
0.00152597
4.56364e-05
0.000565843
0.00014113
0.000230225
0.000173801
0.000188131
0.000254864
0.000274814
0.000123235
0.000178153
0.000164764
0.00144522
0.000109036
0.000121865
0
0.000251454
0.000458639
0.000261503
6.70985e-05
0.000148617
0.000192946
0.00026518
0.000460298
7.40342e-05
0.000270237
9.27225e-05
0.000102538
0.000527321
0.000117387
7.70788e-05
5.47302e-05
0.00105109
0.000243229
0.000160211
0.000119077
0.00018495
5.5993e-05
0.000133179
0.00021364
0.000183361
0.000155531
0.000165101
0.000405466
0.000123904
8.34051e-05
0.00041087
0.00027155
0.00017731
7.56561e-05
8.92115e-05
0.000174337
0.000134725
0.000178347
0.000250035
5.45048e-05
0.000291914
0.000336106
3.45186e-07
2.24978e-05
0.000331965
0.0043176
9.15859e-05
0.000160755
0.000105152
0.000176155
0.000267226
0.000361724
2.72233e-05
0.000157951
0.000341115
7.81217e-05
0.000128411
0.000109515
0.000163788
0.000134663
0.00018235
0.000174923
2.09761e-05
0.000131652
0.000567402
9.64273e-05
0.000101918
0.000264736
0.000127331
0.000167815
7.06171e-05
0.000159338
0.000588547
0.000279225
0.000679696
0.000119194
0.000167311
0.000272009
0.000202655
3.57229e-05
0.00026709
9.66464e-05
0.000276053
0.000322773
0.000112289
0.000309764
4.57789e-05
0.000128262
0.000181724
0.000160304
0.000169399
0.000177065
3.19533e-05
8.24522e-05
0.000479712
0.000316898
0.00044059
4.93123e-05
0.000214159
0.000245698
6.91306e-05
0.000228275
0.000311259
9.71168e-05
2.97193e-05
4.54238e-05
0.000273302
0.000358889
0.000429827
0.000867338
7.22313e-05
0.000427264
0.000205757
0.000169523
0.000218008
3.21164e-05
0.000240345
0
0.00013504
0.000394378
5.15511e-05
0.000199574
0.000224332
0.000207936
0.000307093
4.20586e-05
0.000303551
0.00198249
4.69184e-05
0
3.83887e-05
0.000305379
0.000230047
0.000101171
2.05183e-05
0.000295943
0.000195262
8.89369e-05
0.000597191
0.00013743
0.000213045
0
0.000176712
0.000220914
0.000385656
0.000117346
8.49924e-05
4.39228e-05
