0.000438864
0.000599552
0.000377775
0.000588243
0.000670772
6.00284e-05
0.000590974
0.000646703
0.000328099
0.000406549
0.000468395
0.000234297
0.000868429
0.000147938
0.000266848
0.000437595
0.000369315
0.000385271
0.00162787
0.000258988
0.000375206
0.000286095
0.000560906
0.000502412
0.00319321
0.00089853
0.000351909
0.000256618
0.000738893
0.000556478
0.000231487
0.00031795
0.000359487
0.000849057
0.000606624
0.000309082
0.000587541
0.000238773
0.000181734
0.00054596
0.000463269
0.000199426
0.000162716
0.000340466
0.000494085
0.000936009
0.000281155
0.000718744
9.91518e-05
0.000192203
0.0486571
0.00246329
0.0006258
0.00072993
0.000551273
0.000390726
0.000360978
0.000830642
0.000985903
0.000181061
0.000351617
0.000164381
0.000279127
0.000201913
0.000342427
0.000537514
0.000754078
0.00153395
0.000103211
0.000123484
8.31504e-05
0.000300967
0.000218797
0.000219852
0.000285651
0.00121975
0.000668358
0.000436567
0.00251353
0.000339926
0.000656056
0.000352865
0.000391938
0.00374001
0.000347286
0.000407157
0.000324587
0.00213559
0.000392189
0.00017871
0.000335713
0.0011228
0.000764497
0.000453247
0.000300746
0.000260259
0.000285323
0.000155767
0.000780097
0.000544866
0.000290504
0.000336674
6.87793e-05
0.00042847
0.00126861
0.000547466
0.000118652
0.000491899
0.00880964
0.000646045
0.00131742
0.000238992
0.000482348
0.000432797
0.000945207
0.000732322
0.000209754
0.000486988
0.00124309
0.000177286
0.000445996
0.000257693
0.000136098
0.000106291
0.000504867
0.000218469
0.00084767
0.000792686
0.0001138
0.000170926
0.000987512
0.000818393
0.000330511
0.000528777
0.00759153
0.000209599
0.000234646
0.000674198
0.000443745
0.000203619
0.0001926
0.000746916
0.000447112
0.000639564
0.00107366
0.000502125
0.000217725
0.000313945
0.000509008
0.000363698
0.000355037
0.0005715
0.000102248
0.000223959
0.00310501
0.000341471
0.000398921
0.000267701
