0.000272674
0.00038961
0.000220771
0.00201157
0.000139043
0.00016832
0.000206633
0.000327331
1.19647e-05
0.000182852
0.000531243
0.000323824
0.000134191
0.000387219
0.000164993
0.000153385
0.000142872
0.00016546
0.000255664
0.00015306
0.000563093
7.44795e-05
0.00186061
0.000483078
0.000199278
4.76043e-05
0.000445022
0.000135597
0.000263477
3.35641e-05
0.000281112
8.39247e-05
0.00132589
0.000282022
0.000323036
0.000791405
0.000203432
0.000533411
1.14985e-05
0.000360949
0.000165934
0.0005601
0.000124126
0.000195317
0.000186288
0.00144166
0.000321248
0.000272247
0.000179099
0.000153485
0.000211608
0.00309908
0.000913192
0.000141818
0.000108115
0.000244992
0.000232379
0.000247607
0.000183741
0.00151614
0.000190673
0.000112227
0.000468254
0.00024118
0.000488789
0.000297888
0.000196408
0.000442145
0.000152514
0.000152554
0.000144267
0.0018039
0.000852176
0.00030428
0.000239701
0.0002737
0.000357959
0.000169161
0.000639178
0.00147657
3.3485e-05
0.000134439
0.000183997
0.000294648
0.00014448
1.68992e-05
0.000201623
6.122e-05
0.000122789
0.000141779
0.000389366
0.000104853
0.000150964
0.000291267
0.000203704
0.000296511
0.000310113
0.000267931
0.000105712
0.000169528
6.34666e-05
0.000578218
6.81146e-05
0.000290287
0.000253589
0.000137269
0.000217215
0.000239279
0.000337477
0.000163782
0.000307757
0.000127005
0.000282215
0.000171513
0.000303299
9.72667e-05
0.000222168
0.000105357
0.000219213
0.00032343
0.000523252
0.000331781
0.00144938
0.00202321
4.97887e-05
0.000124312
0.000145512
8.55273e-05
0.00019396
0.000277512
0.00175484
0.000709931
6.24918e-05
0.000368644
0.000133415
0.000334031
0.000635346
0.000288967
0.00344276
0.000302158
0.000533659
0.00039378
0.000153924
0.000533658
0.000211584
0.0001529
0.000257666
0.000198668
5.1567e-05
0.000148267
0.000292307
0.000313315
0.000243806
0.000176994
0.000279003
0.000327876
0.000463172
0.000100153
0.000177091
0.000197922
0.000186909
0.00021079
0.00139324
0.00010373
0.000205819
0.000259789
0.000299346
0.000541388
0.000344124
0.000240519
0.000272475
0.000342601
0.000106
0.000376034
0.000582265
0.000117859
0.000146856
0.000117177
0.00016023
0.000204395
0.00141337
0.000204384
0.000353645
0.000133132
9.49995e-05
0.000810383
0.000162648
0.000147621
0.000145066
0.000127953
5.33009e-05
0.000196745
0.000270037
0.000388813
0.000677752
0.000351017
0.000277702
0.000674662
0.000114119
0.000229139
0.000108995
7.77788e-05
0.000164636
8.95858e-05
0.000380096
5.66089e-05
0.000242978
0.000134284
0.000206302
0.000162031
0.000129755
0.000275113
0.000229217
0.000164104
0.000267337
0.000283463
0.000266125
0.000129969
0.00019035
0.000168226
0.000964763
0.000143645
0.00029144
0.000438086
0.000176299
0.000143401
0.000273928
0.000106003
6.17053e-05
0.000347252
0.000221357
0.000104218
0.00015582
0.000642511
7.54686e-05
0.000481056
0.000344607
0.000463567
0.000384223
0.00057274
5.21643e-05
0.000262044
0.00324952
0.000218721
0.000314635
0.000349702
0.00124888
0.000306251
0.000137614
0.00136999
0.000184226
0.000191912
0.000164626
8.7689e-05
8.80079e-05
8.26862e-05
0.000192481
0.000691964
0.000212482
0.000221581
0.000461938
6.60464e-05
0.000158123
0.000367316
0.000260143
0.000115596
6.64483e-05
0.000313263
1.71339e-05
0.000186568
0.000147653
0.000240305
0.000176989
0.000261498
0.000481689
0.000478007
0.000279238
0.000186798
0.000386172
0.000282768
0.000315764
0.000250901
0.000247729
0.000173398
0.000373723
7.32147e-05
0.000367516
0.0002352
0.000176138
0.000747343
0.000398169
0.000231595
9.80811e-05
0.00037126
0.000193837
0.000249872
0.000164248
0.000250386
0.00035181
0.000240509
0.000282042
0.000201574
4.58731e-05
0.000258139
0.000351925
0.000473137
0.000260064
0.000160311
0.00011909
0.000199597
0.000104212
0.000274108
0.00041873
5.94905e-05
0.000547326
0.000230247
0.000185037
0.000404353
0.000156668
0.000260618
0.00023893
0.000252034
0.000143187
0.000187416
0.000434855
0.000283394
9.22767e-05
0.000734315
0.000177307
0.000486654
0.000328195
0.000180896
0.000227489
0.00026068
0.000602487
0.000590926
0.000264707
0.000257054
0.00033715
0.00019075
0.00905554
0.00010747
0.000289344
2.99246e-05
7.20076e-05
0.00130769
0.000292961
0.000131279
0.00041955
0.000447903
0.000372311
0.00010785
0.00038595
0.000272215
0.00025084
0.000118823
0.000133848
0.000193186
0.000280035
6.35648e-05
0.000268447
0.000187563
7.76261e-05
0.000139764
0.000198515
0.000246735
0.00041667
0.000343
0.000177312
0.000107728
7.37217e-05
0.000442499
0.000228744
0.000188787
0.00152599
8.24914e-05
1.11384e-05
0.000350624
0.000210195
0.000185441
0.000187264
0.000194
3.56442e-05
7.55239e-05
0.000209158
0.000262237
0.000272783
0.000130891
5.46218e-05
0.000572778
0.000238335
0.00160359
6.45372e-05
0.000242731
0.000253377
0.000239941
0.000124444
0.000144433
0.000277418
0.000300981
0.000548215
0.00198381
0.000280367
0.000484257
0.00141207
0.000216828
0.000253323
0.00010778
0.000212697
0.000322027
0.000591784
0.000825722
0.000354546
0.000207641
0.000184364
0.000527519
9.84382e-05
0.000100427
0.00023886
9.14998e-05
0.000364896
0.000181216
0.000482111
0.000257659
8.17723e-05
0.000192131
0.000294845
0.000199021
0.000168317
0.000211282
7.12314e-05
0.000145863
0.00019281
0.00021289
0.000146024
0.000530851
0.000286842
0.000442373
0.00191691
0.000341488
9.61652e-05
0.000184691
0.000148336
0.00019679
0.000191938
0.000188642
0.000740673
0.00052375
4.5406e-05
0.000130716
0.000854103
3.70977e-05
0.000267539
0.000533811
0.000213261
0.000234332
0.000111631
0.000373016
9.35131e-05
0.000216036
0.000200128
0.000186008
0.0004164
0.00017714
0.000235936
0.000112008
0.000269008
0.000122118
0.000320999
0.000529857
0.00038984
0.000140405
0.000200868
0.0001938
0.00015061
0.000332057
2.88577e-05
8.40343e-05
0.000355339
0.00060543
0.000101345
0.000246061
0.000201197
9.30292e-05
0.000140497
0.000210267
0.00030245
0.000767876
0.000343592
5.67751e-05
0.00015988
0.000517992
0.000244481
0.000287203
0.000142216
0.000216533
0.000434418
0.000166664
0.00024312
0.000172872
0.00208605
0.000429516
0.000329543
0.000610232
0.00142469
0.000308059
8.48784e-05
0.000238297
0.00195342
0.00017224
0.000125006
0.000294346
0.00024357
0.000194852
0.000255307
4.60201e-05
0.000103628
0.000278973
0.000102575
6.92995e-05
0.000425136
0.000277186
0.000572098
8.86061e-05
6.00744e-05
0.000578233
0.000266147
0.000338062
0.000130086
0.000247219
0.000205157
0.000911294
0.000161062
0.000359675
0.000197907
0.000184702
0.000510952
0.000388701
7.88169e-05
0.000246351
0.105097
0.000223475
0.000165149
0.000483635
0.000118939
0.00019762
0.000309578
0.000605704
0.00184697
0.00120581
0.000308671
0.000467866
0.000237131
0.000247497
0.000268945
0.000378286
0.000133007
0.00022385
0.000157257
0.000237715
0.000422379
0.000157857
8.59267e-05
9.66872e-05
0.00025985
5.21102e-05
0.000235499
0.000223983
0.000112553
8.68587e-05
0.00027628
0.00040166
0.00185493
0.000340967
0.000568423
0.000206401
0.000396848
0.000388695
0.000629883
0.00015356
6.56748e-05
0.000191388
0.000798742
0.000270194
0.000137415
0.000971671
0.000143768
0.000311354
0.000200586
0.000358132
0.000188215
0.000414266
0.0001649
0.000249897
0.000110918
0.000225756
0.000177506
0.000112137
0.000267256
8.76961e-05
0.000184967
0.000297524
0.000399355
0.000124349
0.000218546
0.000256973
0.000313035
0.000137229
0.000444052
0.00014491
6.54621e-05
0.000469158
0.00015593
0.000705715
0.000218255
9.62076e-05
0.000269143
0.000869879
0.00039367
0.000100396
0.000406376
6.96182e-05
7.12978e-05
0.000567401
0.000277663
0.000226908
0.000418704
0.000354367
0.000470782
0.00024792
0.000412602
0.000143179
0.00103303
0.000733286
0.000277952
0.000199514
0.000192261
0.000464455
0.000217427
2.43631e-05
0.000383214
0.000268561
0.00136939
0.000599889
7.69594e-05
0.00039272
0.000287579
0.000189804
0.000353087
0.000429949
0.000406981
0.000319286
0.00016426
0.000541886
0.000326584
8.30465e-05
0.00038195
0.000182017
0.00097547
0.000185836
8.54119e-05
0.000751751
6.39789e-05
0.000359231
0.000454227
0.000204504
0.000132849
0.000132896
3.29048e-05
0.000315171
0.000129333
0.000776908
0.000333147
0.000269194
0.00015754
0.000222293
0.000126065
0.000720199
0.000193248
0.000327783
0.000151518
0.000430274
0.00026808
0.000468865
0.000359146
2.30747e-05
0.00110438
0.000151173
0.000304638
0.000231231
0.000374928
0.000245382
0.000140102
0.000213775
9.72866e-05
0.00121051
0.000404873
0.000121818
0.000197123
0.000196452
0.000387459
0.000173415
0.000280895
8.07454e-05
0.0002108
0.000276625
8.24615e-05
0.000204041
0.00166186
0.000216586
0.000186242
0.000358293
6.45845e-05
0.000195038
0.000371755
0.000242102
0.000388726
0.00042695
0.000246226
0.000188478
0.00140935
0.000131541
7.09775e-05
0.000341601
0.000129543
0.000170504
0.000407484
8.45861e-05
0.000294779
0.000116882
0.000200573
0.000341737
0.000500904
0.000219433
0.000314021
0.000368456
0.000246246
0.000176296
0.00128618
0.000304532
0.00261074
0.000149404
0.000667883
0.000136581
0.000188278
0.000154269
0.000165827
0.000256121
0.000430109
0.000284987
0.000224689
4.06739e-05
0.000284769
0.000125324
0.001269
0.000126593
0.000504051
0.000510271
0.000101416
0.000179766
8.13977e-05
0.000141625
3.06706e-05
0.000222653
0.000239535
0.000149117
0.000336626
0.000227857
0.000529266
0.000545663
6.92499e-05
0.000294343
0.000128178
0.000237451
0.000424417
0.000173219
0.000221213
0.000142007
0.000790663
3.74243e-05
0.000265338
0.00367824
0.000129203
0.000361349
5.86735e-05
0.000238608
0.000224322
4.15781e-05
0.000583227
0.00155333
0.000527409
0.000208493
0.000566534
0.000189236
0.000223692
9.56562e-05
0.00224668
0.000212672
0.000282112
0.00028812
0.000145717
0.000299719
7.78163e-05
0.000170098
0.000328879
0.000693479
0.000297433
0.000334308
0.000298482
1.02766e-05
0.000213732
0.000310887
0.000384181
0.000177371
0.000348096
0.000158131
0.000135499
5.11919e-05
0.000200757
8.50035e-05
0.000169523
0.000309825
0.000103397
6.44887e-05
0.000467502
0.000147303
0.000209004
0.000321563
5.54013e-05
6.56628e-05
0.000716747
0.000102034
0.000258261
0.000650537
0.000894694
0.000271594
0.000178271
0.000210241
9.85773e-05
0.000544284
0.0011169
0.000407985
0.000132779
0.000139351
6.49787e-05
0.000263288
0.000111729
0.00045163
4.78013e-05
0.000419771
0.00026918
0.00025163
0.000363208
0.000344222
5.51439e-05
0.000341108
0.000228765
0.000271444
0.000216308
4.52128e-05
0.000302914
0.000331348
0.00105647
0.000366448
0.000199777
0.000541693
0.000495864
0.000233528
0.000222034
6.78552e-05
0.000223494
0.000149551
0.000210269
0.000255659
0.000285487
0.000244808
0.000161612
0.000139212
0.000743196
2.65901e-05
0.000397439
9.00493e-05
0.000923994
0.000324043
0.000189806
6.10755e-05
0.000479032
0.000324995
0.00010909
0.000162842
0.000386647
0.000169348
0.000135756
0.000444743
0.00013556
0.00310309
0.000101286
0.00114558
0.000606673
0.000515498
0.000349663
0.000660372
5.47734e-05
0.000120682
0.000527514
0.000146057
0.00038809
0.000354821
0.00030344
0.000281737
0.000290648
0.000234449
0.000114319
0.000208061
8.65092e-05
0.000227208
0.000295863
3.71997e-05
0.000159052
9.26912e-05
0.000252677
0.000315904
0.000110963
0.000184007
0.000266695
0.000157504
0.000179909
0.000138521
4.62655e-05
0.00047304
0.000195678
0.000413468
0.000727442
0.000713284
0.000113376
0.000222811
9.95983e-05
0.000152412
9.48242e-05
0.00937775
0.000410053
8.59676e-05
0.000288945
0.000102617
0.00018936
9.48169e-05
5.326e-05
0.000279437
0.000259359
0.000277019
0.000382332
0.000202433
0.000141179
0.000392877
0.00101006
0.000647288
0.000118865
4.26662e-05
0.000760677
0.000204968
0.000147095
0.000633293
0.000223481
0.000193847
0.000202793
0.000218745
0.000988701
0.000172942
0.000116055
0.000271487
0.000898033
0.000155916
0.000182921
0.000301722
0.00012265
0.000200365
0.000387246
0.000243556
0.000229899
0.000711066
0.000699562
0.000372806
0.000296167
0.000111405
0.000479446
0.000166138
0.000133934
0.00149492
0.000107906
0.000235264
0.000295141
7.72461e-05
0.000263936
0.00186809
4.33325e-05
0.0003291
0.000245449
0.000654552
0.000116287
0.000135286
0.000216468
0.000182374
9.2655e-05
0.000169228
3.70899e-05
0.000398438
0.000112386
6.76606e-05
0.000432706
0.000147981
0.000124451
0.000310145
0.000189177
0.000203501
0.000224449
0.000348244
0.000227737
0.000190377
0.000287314
0.00025042
0.000151366
0.0001935
0.000129798
0.000200976
7.86473e-05
0.000480491
4.26793e-06
0.000160999
0.000212344
0.00105267
0.000155126
0.00013627
0.000435538
0.000211875
0.000206702
0.000115247
7.18807e-05
0.000735127
0.000259718
0.000609888
0.000100284
0.000413883
0.000462133
0.000548657
0.000190179
0.000319257
0.000188451
0.000876465
0.000582894
0.000466001
0.000220728
0.000126027
0.000189288
9.43198e-05
0.000304241
0.000223947
0.000138834
0.00071253
0.000759203
0.000291618
0.000204686
0.000286447
6.8234e-05
0.000277789
0.00479022
0.000228167
0.000196094
0.000896715
0.00047165
0.000365596
3.02076e-05
1.79516e-05
0.000384219
0.000355149
0.000296723
0.000415281
0.000299235
0.000258448
3.11461e-05
0.000445018
0.000181809
0.00019755
6.01844e-05
0.000167546
0.000195544
0.000108188
0.000373436
0.000100062
0.000280793
0.000234587
0.000387312
7.50538e-05
0.000111208
0.00035413
0.000558159
0.000382753
0.000235814
0.000102686
0.000122334
0.00012334
0.000142985
0.000362797
0.000231277
0.000397707
0.000249475
8.70839e-05
5.66028e-05
0.000342016
0.000324261
0.000243287
0.000111971
0.000234631
0.00312701
0.000140374
0.000486232
0.000291715
8.63725e-05
0.000303741
0.000162237
0.000437709
0.00026078
0.00022726
0.000401394
0.000211632
0.000270803
0.000739631
0.000120173
0.000195482
0.000212535
0.000124391
0.000197102
0.00012317
0.000673238
0.00108779
0.000678
0.000223963
0.000156073
9.6499e-05
0.000335201
0.000480822
0.000142938
0.00028756
8.78239e-05
0.00030506
0.000152635
0.000361291
0.000227489
0.000704487
0.000813139
0.000107209
0.000218707
9.18267e-05
0.000224492
0.00127827
0.000129679
0.000812644
0.00114184
0.000551656
0.000158157
0.000183868
0.000103274
0.000227704
0.000386911
0.00040849
0.000351236
0.000645739
0.00024424
0.000394531
0.000173163
0.00107401
0.000168737
0.000358234
0.000215132
0.000721901
0.000594148
0.00016526
0.000364229
0.000157513
0.000324118
0.000401225
0.000849296
0.000167289
2.15264e-05
0.000151457
0.000463693
0.000153382
0.000124743
6.01119e-05
0.000505967
0.000182516
7.99285e-05
0.000301094
0.000155733
7.446e-05
0.000220566
0.000439017
1.13697e-05
0.000335955
0.000369234
0.000183508
9.47357e-05
9.55314e-05
0.000173035
0.000755065
8.14247e-05
0.000472014
0.00017603
0.000351249
0.000234533
0.000155251
0.000177283
0.000526156
0.000205237
0.000429471
0.000343227
0.000154608
0.000200722
0.000226811
0.00108593
9.05524e-05
0.000200771
0.000307837
0.000188217
0.000196318
0.00084415
8.78894e-05
8.87736e-05
8.55404e-05
0.000675689
0.000318654
0.000643768
0.000235645
0.000390317
0.000306308
6.17183e-05
0.000370124
0.000138301
1.10935e-05
0.000126046
0.000134741
0.000507796
0.000161567
0.000221129
0.00019488
0.00042603
0.000259406
0.000242114
0.000103928
0.000118491
0.000129551
0.000129212
0.000122307
0.000457185
0.000171484
0.000498635
0.000300087
0.000127364
0.000214674
2.65192e-05
0.000284074
0.000279692
0.000207056
0.000297241
0.000384612
0.000216785
0.000307743
0.000190322
0.000426336
0.000409429
0.000117432
0.000145945
9.91213e-05
0.000356396
0.000457587
0.000147952
0.000155812
0.000202552
0.000295179
0.000222298
0.000287442
0.00015195
3.35237e-05
0.000233202
0.000132699
0.000151423
0.000122053
0.000302801
0.00023339
0.000264336
0.000489397
0.000169105
0.000211587
0.000218623
0.000274105
0.00036621
0.000248602
1.09389e-05
0.000280032
0.000223052
0.000140344
0.000291092
0.000272504
0.000428566
0.000943614
0.000120381
0.00117831
0.000373919
0.000281193
0.000344074
0.000232539
0.000177295
0.000225626
0.000277737
0.000140991
0.000210633
0.000449681
0.000409744
0.000308446
0.000427709
0.000127482
0.00010925
0.000218227
6.38747e-05
0.000206039
0.000311576
6.43234e-05
8.92537e-05
0.000205504
0.000230156
0.000143551
0.00018997
0.000459875
0.000234321
0.00119796
8.50028e-05
0.000171027
0.000455333
0.000216157
0.00257602
0.00266842
0.000479747
0.000155369
0.000218147
9.39304e-05
0.000443023
0.000491886
0.000165803
0.000309271
0.000367465
4.09023e-05
0.00855824
0.000132455
0.000258902
0.000161479
0.000204865
0.000170886
0.000170793
0.000160263
0.000360503
0.000125925
0.000197406
0.000154581
0.000203022
0.000153265
0.000300464
0.000220209
8.01083e-05
0.000629745
0.000191556
0.000133454
5.91127e-05
6.00618e-05
0.000246345
0.000149932
0.000400006
0.000453378
0.000302766
0.000237531
0.000257674
0.000247302
0.000804943
0.000104402
0.000157725
0.000283155
0.000342817
0.000371027
0.000410831
0.000397339
0.000337117
0.000160164
0.000159244
0.000144154
0.00011368
0.000399809
0.000173452
0.000349047
0.000268886
0.000215612
4.6463e-05
0.000237046
0.000236757
0.000235382
0.000324137
0.000458053
0.000391851
0.000265142
6.73314e-05
5.32645e-05
0.000166906
0.000767277
0.00012344
0.000156805
0.000439758
0.000247637
0.000106804
0.000246234
0.00497303
0.000156796
0.000603419
0.0002461
5.82432e-05
0.000112325
0.000215288
1.85014e-05
0.000577007
0.000614812
0.000672818
9.09212e-05
0.00021615
0.000354961
0.000342012
0.000150035
0.000225684
0.000215326
0.000156532
0.000337756
0.000235797
0.000303486
0.000239196
9.09954e-05
0.000214519
0.000241309
7.26019e-05
0.00330974
0.000179965
0.000211729
1.35595e-05
0.000631087
0.000140749
3.61764e-05
0.00167179
0.00100375
0.000238528
0.000132273
0.000289143
0.000170842
3.10975e-05
0.000306121
0.000114462
0.000135713
0.000276063
0.000288085
0.000187222
0.000382679
0.000278917
0.000177567
4.76256e-05
0.000194906
0.000474278
0.000114784
0.000311481
0.000128916
0.000134879
0.000490233
0.000261261
0.000464062
0.000606991
0.000199416
0.000167512
0.00026713
0.00313246
7.75467e-05
0.000198537
0.00018203
0.000829538
0.000895072
0.000665903
0.000295197
0.000226304
0.000363235
0.00022798
0.000295143
0.000258918
0.000208383
0.000514851
0.000103318
0.000290684
0.000480689
0.000233126
0.000299691
0.000166669
0.000207168
0.000366617
0.000306527
0.000185974
0.000330907
0.000172916
0.000274639
0.0003924
0.000120813
0.000528965
0.000245919
0.00076186
1.28858e-05
0.000160488
0.000110092
0.00011726
0.000626913
0.000312785
0.000204691
0.000704476
0.000220012
0.000162122
0.000183446
0.000422141
0.00020145
0.000316702
0.000187297
0.000563511
0.000675228
0.000224083
0.00133387
0.000300341
0.000334416
0.000280755
0.000137803
0.000125765
0.000175003
0.000462132
0.000474352
0.000365932
0.000250803
0.000186881
0.00010726
0.000165865
0.000290002
2.47177e-05
0.000354001
0.000477302
0.0022427
0.000224367
0.000339591
0.000311247
0.000641196
0.000118345
0.000189565
8.21235e-05
7.37074e-05
0.000379763
0.00301473
4.274e-05
7.41896e-05
0.000199324
3.95869e-05
0.000168747
0.000124744
0.000288727
0.00109324
0.000124349
0.000270644
0.000326117
0.00012495
0.00035227
0.000221647
0.000232307
0.000226233
9.86842e-05
0.000560044
0.000127896
0.000143025
0.000236446
0.000218904
0.000282288
0.0002257
0.000286008
0.000152073
0.000330961
0.00430449
0.000152276
0.000485199
0.000156372
0.000200764
0.000159704
0.000124587
0.000274922
0.000193685
0.000399256
0.000147989
9.69839e-05
0.000126356
0.000330754
0.00019445
0.000103378
0.000802702
0.000206884
0.000205366
0.000286112
0.000153185
0.000173881
0.000417263
0.000197991
0.00013767
0.000191303
0.000240566
8.22567e-05
0.000249102
0.000313211
0.000406423
0.000237719
0.000388703
0.000637429
0.00058239
0.000683832
0.000214065
0.000338504
3.55246e-05
0.00034777
0.000186005
0.00180629
0.000356039
0.000289706
0.00182823
0.000170012
0.00263668
0.000146833
0.000361181
0.000229364
0.000129194
0.00115997
0.000143681
0.000217094
0.00040381
0.00157583
0.000222857
0.000177047
0.000169056
3.33275e-05
0.000375033
0.00161664
0.000200959
0.000256154
0.000203656
0.000168986
0.000284119
0.000678782
0.000261744
0.000381347
6.9199e-05
0.000342493
0.000312689
0.000230286
0.00016611
0.000157276
0.00100016
0.000103834
0.00108017
0.00546267
0.000219639
0.000208361
0.000567116
0.000166461
0.00059436
0.000162448
0.000539538
0.000272233
7.93705e-05
0.000276317
0.000451109
0.00125232
0.000237578
1.03168e-05
1.29274e-05
0.000166209
0.000283006
0.000221256
0.0003507
0.000351244
0.000137565
0.000137713
3.09468e-05
0.000314007
0.000172808
5.65791e-05
0.000220645
0.000277179
0.000323468
0.000545015
0.000237612
0.000329422
0.000449956
0.000142576
0.0124235
0.000205893
0.000112535
0.000193228
0.000858738
0.000726514
0.000103317
0.000132354
0.000290459
0.000119599
0.000590506
0.00014192
0.000279618
0.000185681
0.000151258
0.00019635
0.000287194
0.000236707
0.00132811
0.000144846
0.000173975
0.0003252
0.000244627
0.000112519
0.000527629
4.51549e-05
0.000685328
0.000348132
0.000391656
0.00294895
0.000161661
0.000102008
0
0.000222907
0.000156816
0.000744945
0.000861954
0.000173127
0.000160153
0.000820632
0.000208947
0.000254651
0.000353501
0.000468761
0.000244995
0.000120476
0.000235912
0.000210076
0.000218343
0.000302653
0.000168865
0.000112261
0.000208197
1.09296e-05
6.82929e-05
0.000119363
0.000107418
0.000143576
0.000595878
0.000187735
0.000417914
0.000108155
0.000195487
0.000190948
0.000208631
0.00246236
0.000229547
0.000846521
5.91332e-05
0.000101173
8.87304e-05
0.000134285
0.000200943
0.000186836
0.000136647
2.93871e-05
0.000225239
0.000184294
6.34286e-05
0.000175351
7.81583e-05
0.000180185
7.88603e-05
0.000124277
0.000158327
0.000177065
0.000737813
0.000872828
6.73822e-05
0.000360613
0.000407844
0.000108845
0.000436219
0.00111611
0.000113725
6.8694e-05
0.00023399
0.000149524
0.000151531
0.000507591
0.000213254
0.000339543
0.000596825
0.000273342
7.0266e-05
0.000242747
0.000676315
0.000313607
3.21676e-05
0.000147591
5.45988e-05
7.19841e-05
0.000497701
5.70605e-05
0.00026769
0.000418738
0.000370607
0.000470993
0.00014268
0.00190963
7.02837e-05
0.000282607
6.75287e-05
0.000192532
7.2394e-05
0.000361579
0.000201616
0.000159455
0.000446481
0.000221629
0.000160983
0.000311734
0.000443729
0.000755898
9.90592e-05
5.78505e-05
0.000168962
0.000517428
0.000192891
0.000560474
5.87771e-05
0.000186506
0.000358859
0.000183276
0.000134055
0.000466879
9.11303e-05
0.000127771
0.000271426
0.00022174
0.00189865
0.000254557
0.000231449
0.000316675
0.000967205
0.000215131
0.000260172
0.000282694
0.00271618
9.73521e-05
0.000166812
0.000256213
0.000376886
0.000235554
0.000679338
0.000212359
0.000416203
0.000234937
0.00023509
0.00037396
0.000265501
0.000267217
0.000336354
0.000445741
9.04452e-05
0.000530606
0.000329614
0.000443441
0.000642273
0.000116349
0.000108888
0.000242402
0.000168561
0.000167755
0.000311912
0.000154546
0.000127564
0.000412236
0.000195486
0.000154651
5.68697e-05
0.000628974
0.000375746
0.00080966
0.000174559
0.000398148
0.000171188
0.000181664
0.000344276
0.00014738
0.000365445
0.000242226
0.000404857
0.000356875
0.000339193
8.51939e-05
0.00046866
0.000521162
0.000173219
0.00048751
0.00031764
0.000303532
0.000177284
0.000348742
0.000136269
0.000514742
0.000247476
0
0.000356708
0.000230149
0.00224617
0.00020552
0.00017313
0.000148214
0.000179979
0.000203313
0.000158165
0.000266845
7.25838e-05
0.000455574
5.61081e-05
9.49542e-05
0.000533931
4.05919e-05
0.000177938
0.000439708
0.000263334
0.000161006
0.000163083
7.13739e-05
0.0001186
0.000410003
0.000275096
0.000253139
9.83118e-05
0.000116908
0.000370606
0.000217314
0.000213056
0.000166382
0.000364435
0.000438497
9.70258e-05
0.000111925
0.00018629
2.2564e-05
0.000116437
0.0019299
0.000802446
0.00391353
0.000358376
0.000438644
0.000332423
0.000333183
0.000408858
0.000832951
0.000130796
0.000254531
7.08653e-05
2.15887e-05
0.000239741
0.000434675
0.000298071
3.14338e-05
0.000287791
0.000177259
0.000150992
0.000100275
0.00265429
1.77522e-05
9.26998e-05
7.26683e-05
0.000146906
3.78046e-05
0.000148243
0.000191066
8.06596e-05
0.000128027
0.000131296
0.000281021
0.000462855
0.000318188
0.000235412
0.000171568
7.26047e-05
0.000388116
0.000235802
0.000454889
0.0046981
8.26513e-05
0.000111521
0.00256256
0.000120016
0.000247944
0.000485834
0.000308319
8.66464e-05
0.000295843
0.000374923
0.000138111
0.00024824
0.000305944
0.00021053
0.000132092
0.00013548
0.000304918
0.000158054
0.000280261
0.00018873
0.00100714
0.000464053
0.000121527
0.000157097
0.00028306
0.000317281
0.000970156
0.000345021
0.000141456
8.55253e-05
0.000149732
0.00014238
0.000568665
0.00168228
0.00022858
0.000318261
0.000154889
0.000244496
0.000803503
0.000646966
0.000289295
0.000613947
0.00114276
0.00044782
0.000184888
0.000194515
0.000640565
0.000253732
0.000391978
0.000156845
8.91539e-05
0.00013712
0.000773707
0.000315723
0.000112651
0.000412611
0.000328427
0.000205022
0.000196765
4.82853e-05
0.000137723
0.000340906
0.000326494
0.000162749
0.000269205
8.67158e-05
0.00028689
0.000231481
0.000369306
0.000118805
0.000794096
0.00110689
0.000194867
0.000377951
0.000290817
0.000113113
0.000326124
0.000296277
0.000183743
0.00032471
8.64681e-05
0.000104641
0.000260325
7.88391e-05
0.000215482
8.20313e-05
7.80699e-05
0.000265554
0.000294425
0.000121326
0.000140925
0.000349156
0.000145504
0.000135052
0.000108012
0.000151687
0.000316192
0.000430228
0.000490668
0.00015748
0.000284124
5.69565e-05
0.000166246
0.000175599
0.000284612
0.000196439
2.34969e-05
0.000315518
0.000413441
0.000128614
9.83485e-05
8.65469e-05
0.000303007
0.000635347
0.00390223
0.000198512
3.21585e-05
0.000165805
0.000228156
0.000390916
0.000361053
0.000475314
0.000201453
0.000123571
0.000402165
0.000306622
0.000151319
0.000135805
0.000162783
0.00105953
0.00011946
0.000177805
0.00092733
0.000138175
0.000151106
0.0010354
0.000372427
0.000675716
9.7816e-05
3.54204e-05
0.000133266
0.00027601
3.628e-05
0.000663403
0.000285554
0.000227508
0.00022186
0.000252749
0.000147039
0.000239733
5.69289e-05
0.00041667
0.000292798
0.000326232
0.000223851
0.000175185
0.000349499
0.000188287
0.000272787
4.04049e-05
0.00036533
0.00014562
0.000184274
0.000287847
0.000143207
6.75299e-05
0.000165911
0.000184512
0.000122334
0.000194942
0.000272076
0.000132956
0.000691261
0.000959564
0.000808177
0.000100948
0.000156489
0.000294433
0.000299662
0.000772055
0.000472754
0.000425113
0.000149378
0.000525853
0.000204297
0.000210457
2.55622e-05
5.44858e-05
0.000533824
0.000167232
0.000170279
0.000182188
0.00012716
0.000200833
0.000188162
0.000202767
0.00019705
0.000247242
8.07056e-05
0.00010158
0.000232865
7.25409e-05
0.000282221
0.000231654
0.000322019
0.000115402
0.000412497
6.54225e-05
0.000299878
0.000319152
0.000219812
0.000214101
0.000199338
0.000145847
0.000435738
0.000212826
0.000263708
0.000237904
0.000773225
0.000259717
0.00024363
8.13859e-05
0.000211931
6.16317e-05
0.000279776
0.000122037
9.34896e-05
7.15574e-05
0.00019432
0.000380261
0.000645989
0.000283761
8.34903e-05
3.00416e-05
3.66657e-05
0.000393651
0.00273911
0.000825481
0.000213316
0.00020601
0.000227613
0.000384037
0.000149161
0.000305338
8.57699e-05
0.000124242
0.000100653
8.93423e-05
0.000642396
0.000102268
0.000108275
0.000327908
0.00014085
0.000375031
0.000381755
0.00122342
0.000132381
8.51297e-05
0.000452938
0.00019256
0.000184466
0.000284373
0.00318803
0.000267996
0.000605275
9.68736e-05
0.000378865
0.000403934
0.000469025
0.000285081
0.000681137
0.000144977
0.000222367
0.000154422
0.000219817
0.000203615
0.000330793
0.00124618
0.000164256
0.000135353
4.30268e-05
0.000544828
0.000118913
0.000229651
0.000121525
0.000111204
0.000331767
0.000206715
0.000222429
0.000400397
0.000242521
0.000197456
6.53013e-05
8.58966e-05
0.000188043
0.000266441
0.00011203
0.000118357
9.31446e-05
0.000185913
0.000244001
0.000125512
0.000391833
0.000253724
0.000220173
0.000172723
0.00013702
0.000204599
0.00021841
0.000145936
0.000408965
0.00012824
0.000373595
0.000114635
0.000522589
0.000429042
0.000198023
0.000261924
0.000382319
0.000413801
0.000110832
0.00022967
0.000128863
0.000178409
0.000430244
0
0.000302388
0.000587741
0.000505041
3.53687e-05
0.000519011
2.73753e-05
0.000389059
0.000569885
0.000171807
0.000931052
0.000103836
0.000167832
0.000211846
0.000203625
0.000220896
0.000193225
0.000399877
0.00393009
8.11989e-05
0.000102204
0.000186816
1.33384e-05
0.000461066
7.20818e-05
0.000302305
0.00067135
0.00115548
0.000214775
0.000176171
9.59984e-05
8.73888e-05
0.000260892
0.000346062
0.000358457
0.000284889
0.000165965
0.000188965
8.48241e-05
0.000407839
0.000199092
0.000274016
0.000206015
0.000127293
8.87474e-05
0.000120179
0.000361882
0.000106239
0.00191845
0.000259825
0.000222102
8.70789e-05
0.000263239
0.000858748
0.000445777
0.00018683
5.28723e-05
4.90081e-05
0.000244529
0.000173989
0.000305736
0.000267775
0.000672689
0.000254834
0.000242601
0.000182775
0.000268915
0.000488967
0.000216586
0.000184249
0.000502702
0.00528672
0.000191459
0.000571556
0.000346867
0.000233161
0.000291172
0.00106396
0.000212745
0.000105573
0.000121177
8.84085e-05
0.00224463
0.00013272
0.000274593
0.000136766
0.000829074
0.000821912
0.0001228
0.00057187
0.000239567
8.97458e-05
0.00029962
0.000171456
0.000200216
3.33833e-05
0.000186247
0.000119038
0.000264976
9.37352e-05
0.000163712
7.51408e-05
7.80386e-05
0.000120198
0.00123592
0.000147507
0.000256147
0.00015738
0.000335656
0.000235047
0.000122458
0.00011364
9.42316e-05
0.000197457
0.000210898
0.000148412
0.00402782
0.000159434
1.01766e-05
0.00655813
0.000145407
0.000208899
0.0001639
0.000218026
0.000421975
0.000262754
0.000311649
0.000167684
0.000165256
8.74686e-05
0.000216252
0.000186521
6.62731e-05
0.00103049
0.000150332
5.79491e-05
0.000133045
0.000246134
0.000264399
2.7815e-05
0.000327908
0.000276173
0.000218788
0.000242284
0.000354049
0.000149207
2.20076e-05
0.000128949
0.00013921
0.000194602
0.000192511
0.000204354
0.000183378
0.00026405
2.94513e-05
0.000164572
4.73043e-05
7.84464e-05
0.000160281
0.00038088
0.000167434
0.000363994
0.00129331
0.000181372
0.000231433
0.000122597
0.000273369
0.000226924
6.59201e-05
0.00012786
0.000318239
0.00012518
0.000255505
0.000678556
0.00166576
0.000408457
0.000180801
8.81539e-05
0.000225149
0.000147447
0.000306656
0.000414051
0.000949083
0.00025289
0.00127646
5.93045e-05
0.000121675
0.000145507
0.00028966
0.000204699
0.000572802
4.5458e-05
0.000226148
0.000155285
0.000557755
0.000168764
0.000544384
0.0022102
0.000278963
0.000374348
0.00020235
0.000145232
9.44967e-05
0.000176256
0.000278298
0.000369132
0.000550823
0.000600499
0.000324622
0.000241204
0.000248074
0.000958519
0.000377479
0.000156968
0.000353566
0.000269572
0.000398926
0.00010373
0.000134663
0.000144324
0.000214675
0.000222238
0.000394739
0.000259502
6.85813e-05
0.000164657
0.000377222
0.00012542
0.000145536
0.000189879
0.000107294
0.000293029
0.00018904
9.63376e-05
0.000179181
0.000308394
0.000841641
0.00015581
0.000130016
3.69937e-05
0.000147153
0.000341525
0.00032238
0.000553221
0.00027184
0.000305686
0.000254051
0.000193279
8.86758e-05
0.00024883
0.000513285
0.00031458
0.000223104
0.00016115
0.000208157
8.26646e-05
5.46303e-05
0.000486382
0.000271926
0.000204242
0.000194556
0.00432481
0.000230931
0.000202109
8.9855e-05
0.00017596
0.000125733
0.000141255
0.000119052
0.000121198
0.000339123
0.000558905
0.000541131
0.00122858
0.000287247
0.00021798
2.71959e-05
0.000214418
0.000199294
0.000115336
0.000163182
0.000231627
0.000138034
0.00015688
0.000136484
0.000656515
0.000458648
0.000266715
0.000372298
0.000264421
0.000144006
0.00105611
0.000308953
0.000306232
7.8386e-05
0.000227667
0.000213326
3.51635e-05
0.000183505
0.00014634
0.000768983
0.000506379
0.000236644
0.000191587
6.60634e-05
0.000293509
0.000426359
0.000156111
6.71557e-05
0.000260064
0.000783389
0.000310789
0.00013216
0.000120407
0.000200452
0.000231705
0.000501334
0.000204453
0.000143943
7.13964e-05
0.0166444
1.66065e-05
0.000304904
0.00081871
0.000123342
0.000338798
0.00093107
0.00198223
0.000362736
0.000213084
0.000255926
0.000686127
0.000173784
0.000176827
0.000231414
0.000295672
0.000659072
0.00015188
8.97516e-05
0.00835583
0.000270731
0.000281033
0.000338818
0.000179195
0.000350895
0.000255871
0.000216136
0.000149368
0.000345215
0.000110269
0.000631899
0.000100254
0.000185824
0.000177016
0.000205037
0.000107867
0.000674787
7.40268e-05
0.000139975
6.98804e-06
0.000140783
0.000400735
0.000119291
0.000232129
0.000621527
0.000714543
5.83715e-05
0.000228831
0.000133
0.000222404
0.000182673
0.000197973
3.32476e-05
0.000141149
0.000151774
7.21173e-05
0.000219297
0.00123283
0.000258642
2.15011e-05
0.000334598
0.000195929
0.000177393
0.000461898
0.000338914
0.000460147
0.000196351
0.000314692
0.000111679
0
0.000731543
0.000173015
0.000177079
9.7601e-05
3.4738e-05
0.000132125
0.000121188
0.000191603
0.00538911
0.000254479
0.000314687
0.000516352
7.93915e-05
0.000265904
6.01707e-05
0.000207284
0.00015474
0.000332258
9.82119e-05
0.000246439
0.000335146
0.000169016
0.000243387
0.000690309
2.46922e-05
0.000233489
0.000261529
0.000160608
0
4.55947e-05
0.000241722
0.00170761
0.000114664
0.000369065
0.000173945
0.000123268
0.000120947
0.000174161
0.000309777
0.000903524
0.00031928
0.000164017
0.000222709
0.000263805
0.000268113
0.000100598
0.000180234
3.84761e-05
0.000236444
5.97829e-05
7.7908e-05
0.000225518
0.000155479
0.000210861
0.000140553
6.11396e-05
0.000298912
0.00122696
0.000171056
0.000569744
9.7871e-05
0.000302775
0.000138931
0.000201043
0.000150857
0.000180589
0.000140465
0.00016965
0.00032333
0.000269202
0.000187135
0.000416867
0.000238362
0.000176537
0.000565655
0.000289976
0.000242695
0.000272272
8.53733e-05
0.000673461
0.00012897
0.000190068
0.000162819
5.20048e-05
0.000447386
0.00118675
0.000406652
0.000104545
0.000316825
0.000582396
0.000300174
0.000227265
0.000104395
0.000323036
9.44617e-05
0.000115246
0.000188037
0.000404631
0.000366708
0.000834309
0.000325367
0.000324217
8.81601e-05
0.000120479
0.000322027
9.90796e-05
0.000430931
0.000255638
0.000383008
0.000204912
0.000282893
0.00128996
0.000522787
0.000313037
0.000442344
0.000201306
0.00154245
0.000318506
8.71329e-05
0.000100999
0.00152961
0.000879832
0.000222773
0.000577366
0.000412342
0.000843759
0.000405089
0.000106358
0.000175722
0.000123499
0.000158421
3.34644e-05
0.000163867
6.68407e-05
0.000308183
0.000168343
0.00059809
0.000961621
0.000780703
0.00023145
0.00014271
0.000217037
0.000568989
0.000426874
0.0002929
9.3052e-05
0.000744422
0.00028045
0.000251768
0.000638662
0.000139268
0.000113392
0.000371993
4.67429e-05
0.000131012
0.00029362
0.000176872
0.000306422
0.00136195
0.000351775
0.000361335
0.000192496
0.000144493
0.000152873
6.72102e-05
0.000250549
1.06258e-05
5.06256e-05
0.000173133
0.000377094
0.000251496
0.000111546
0.0240128
0.000141017
2.3521e-05
0.000150866
0.000177554
8.19197e-05
0.000343372
0.000267436
0.00020635
0.0229241
0.000138053
0.000150587
0.000150993
0.000522513
0.0004215
0.00015442
0.000755372
0.000653674
0.000210627
0.000117574
0.000267415
0.0001575
7.90444e-05
0.000353817
0.000333303
0.000181203
0.000405104
0.00035112
0.0010931
0.000255954
0.000107367
0.000143411
0.000243507
1.44759e-05
0.000132227
0.000209027
0.000102655
0.00051024
0.000106757
0.000201518
0.000940814
0.000381402
8.97364e-05
0.000153827
0.000398789
0.000143811
0.000520359
0.000359402
8.30501e-05
0.000972909
8.10199e-05
0.000769333
0.000383423
0.000112509
0.000210295
5.59049e-05
0.000276657
0.000410195
0.000163766
0.000309779
0.000423081
7.10819e-05
0.000245348
0.000249437
0.000154625
0.000122198
0.000758627
0.000236042
0.000275312
8.6798e-05
0.000185265
6.95977e-05
0.000161794
0.000203878
0.000958485
6.23599e-05
0.000307703
6.96774e-05
0.000246661
0.000567431
7.30938e-05
0.00058267
0.000547186
0.000125764
0.000179837
0.000312355
0.000198192
0.000263817
0.000208976
0.000178409
0.00019312
0.000569333
8.2263e-05
0.000150756
6.11368e-05
0.000442771
0.000113277
0.000249588
0.000455687
0.000242832
0.000204225
0.000310461
4.81145e-05
0.000164041
0.000330176
0.00029515
6.23077e-05
0.000340742
0.000371702
0.000293268
0.000298297
0.000274469
0.000330812
0.00987011
0.000955943
0.000178532
0.000213057
2.66919e-05
0.000136245
5.94721e-05
0.000640529
5.55714e-05
0.000102667
5.52819e-05
0.000112302
0.000339408
0.000214549
0.00011542
0.000312706
0.000128514
0.000740682
0.000338895
0.00017621
0.000183456
0.000294186
0.000127639
0.000127573
0.000223542
0.000228788
1.12643e-05
0.000257515
9.66825e-05
0.000157834
0.00027795
0.000146419
0.000183478
0.00022251
0.000367415
0.000109234
9.66802e-05
0.000199203
0.000227344
0.000100558
0.000169808
0.000185823
0.000375195
0.000151733
0.00101157
0.000299673
0.000125041
0.000162881
8.78748e-05
0.000419521
0.000327522
7.96e-05
0.000300304
0.000330015
0.000316159
0
4.51504e-05
0.00061397
0.000168467
0.000199513
0.000204939
0.00133857
0.000140713
0.00108313
0.00022305
0.000308331
0.000320135
0.000797204
0.000282344
0.000141937
0.000669312
6.63189e-05
0.000406584
0.000170726
7.03352e-05
0.000161996
0.00023316
0.000253232
0.00023417
0.000439676
0.000375788
0.000287152
0.000156635
0.000117962
0.000154367
0.000104004
5.65497e-05
8.1338e-05
0.000181622
0.00304149
0.000212839
0.000195004
0.00030854
0.000520119
1.04798e-05
5.19343e-05
0.000236145
0.00148894
0.000210099
0.000145754
0.000227251
9.43727e-05
0.000184865
0.000100247
7.3583e-05
0.000386706
0.000742864
0.000291937
0.000251704
6.16583e-05
0.00120416
0.000112773
0.000199938
0.000335677
0.00020688
0.000307538
0.00179002
0.000341083
0.000112017
0.000130393
0.000171545
5.60168e-05
0.000405029
0.000375334
0.000108132
0.000587817
0.000224588
4.99915e-05
0.000384828
0.000282307
0.000152333
0.000205714
0.000267696
0.000243691
0.000140929
0.00157099
0.000285858
0.000254512
0.00119456
0.000471654
0.000548616
0.000261703
0.000232405
6.96853e-05
0.000451498
0.000105458
0.000132662
0.000181709
0.000131359
0.000135236
0.00010929
0.000531702
2.67094e-05
0.000104681
0.00037772
0.000380986
0.000307555
0.00021556
7.9391e-05
0.00121542
0.000415179
0.000182691
0.000235972
0.000102996
0.00022098
0.000313233
0.000458382
0.000343935
0.000105895
0.000159989
9.1882e-05
7.02257e-05
8.09711e-05
0.000417193
0.000243121
7.57609e-05
4.54032e-05
0.000267495
0.00062253
0.000134922
7.94997e-05
0.000223477
5.79688e-05
0.000251326
0.000701399
0.000168643
0.00028239
9.54354e-05
0.000508178
0.000430561
0.000255435
0.000217298
0.000230619
0.000281522
0.000246266
0.000300929
0.000130075
0.000157847
0.000634139
7.9827e-05
7.47655e-05
0.000169111
0.000131265
0.000571421
0.000324268
0.000601313
0.00061444
0.000199653
0.000128353
4.19967e-05
9.38821e-05
0.00011142
0.00013631
0.000186532
0.000208673
0.000280616
0.000123435
9.6821e-05
0.000241376
0.000213697
0.00027698
7.60135e-05
6.98816e-05
9.71383e-05
0.000102822
0.000131805
0.000266693
0.000131662
0.000189597
0.000275462
0.000293828
0.00440222
0.000226445
0.000173441
0.000154893
0.004643
0.000269793
0.000301511
0.000221774
4.48771e-05
0.000203216
0.000163069
0.000455452
0.000356919
0.000107943
9.50248e-05
8.50343e-05
0.00024709
0.00029407
0.000132291
0.00031308
4.12322e-05
0.000689578
0.000274043
0.000400276
0.000665206
0.0001616
7.70513e-05
0.0052014
0.00014106
9.85518e-05
0.000173659
0.000309512
0.000138283
0.000235591
0
0.000108484
0.000254251
0.000189982
1.56869e-05
0.00507484
0.000588983
0.00026293
0.000180525
0.000166812
0.000181897
0.000333078
0.000154496
8.26683e-05
0.000382523
0.000275779
0.000107003
0.000421144
0.000410786
0.000566326
0.000246344
0.000200877
0.000491417
0.000269987
0.00020138
0.000250219
0.000578451
9.75565e-05
0.00013815
0.000245845
0.000452886
0.00131056
0.000168291
5.57011e-05
0.0002634
0.000393688
0.000685317
0.000174694
0.000380696
0.000144036
0.000114261
0.000222914
8.80942e-05
4.28438e-05
0.00106487
0.000199961
0.000322536
0.000175469
0.00022278
0.000780199
0.000415768
9.65493e-05
0.000349137
0.000136327
0.000198563
5.50927e-05
0.000625262
0.0126075
0.000232722
0.000136384
0.000315551
0.000186613
0.000199635
0.000223254
0.00033061
0.000324799
9.27528e-05
0.00139768
0.000232538
0.000172339
0.0015698
0.000464597
9.25318e-05
0.000131595
0.00011007
0.000169018
0.000234263
0.000352956
0.000161115
0.000239559
0.00012302
0.000730885
4.44296e-05
0.000264855
0.000183018
0.000398338
0.000158742
0.000214965
0.000187825
0.000493204
0.000187665
0.000308987
0.000456114
0.000381267
0.00070043
0.000702596
0.000112261
0.000927614
0.000817428
0.000180304
0.000346816
0.000154681
0.000168423
8.53244e-05
0.000288241
0.00026877
0.000479405
3.27702e-05
0.000297838
0.000436541
7.15095e-05
0.00860578
0.000195673
0.000127173
0.000228753
0.000169316
6.37226e-05
0.000248861
0.000550402
0.00014817
0.000189183
4.89165e-05
0.000114719
0.000757249
0.000356502
6.92026e-05
7.5055e-05
0.000295341
0.000337092
7.21363e-05
0.000371521
0.000110752
0.00200934
0.00297617
0.00119541
0.000266848
0.000282183
0.000130952
0.000123087
0.000862109
0.000217552
0.000322957
0.000101739
0.000358002
0.000320178
2.67346e-05
0.000607413
7.87152e-05
0.000170764
0.000239939
0.000181017
0.000638712
0.000197223
0.00024489
0.000211966
0.000262832
0.000149592
0.000128328
0.000437301
0.000188489
0.000156474
9.7977e-05
0.000170208
0.00025433
0.000241328
0.000717139
0.00026626
0.000120629
0.000128159
5.23361e-05
5.5026e-05
0.000130427
0.000229306
0.00021719
0.000136423
0.000128864
8.76071e-05
0.000109904
0.00033189
0.000252216
0.0016444
0.000162832
0.000308683
0.000532302
0.000225481
0.00265519
0.000130218
0.000227651
0.000120505
0.000240546
0.000460531
0.000435066
0.000148482
0.00047169
0.000251754
0.0004599
0.000149718
0.000202285
0.000204258
5.49306e-05
0.000207365
0.000164286
0.000776253
0.000325789
0.00105084
0.000137377
0.000129478
0.00028915
0.000206059
4.59977e-05
8.91962e-05
0.00623698
0.00138835
0.000287132
0.000500355
0.000337214
0.00012551
0.000221072
0.000126122
0.000373464
5.40991e-05
0.001498
0.00146734
0.000149397
0.000339287
0.000313915
0.000366956
0.000372845
0.000234618
0.00235643
0.000167992
0.000279098
0.000220632
0.000267891
5.27189e-05
0.000486048
0.000164629
0.000320356
0.000190135
2.58488e-05
0.000132543
9.10897e-05
0.000220118
0.000165769
0.000186268
0.000400913
0.000856689
0.000504843
9.58895e-05
0.000374153
0.000174007
0.000121795
0.000159946
0.00102011
0.00019849
0.000150341
0.000457935
0.000160955
0.000162903
0.000131117
0.000245167
6.27797e-05
0.000200299
0.000691602
0.000198629
0.000689242
0.00024645
0.000370802
0.000241979
0.000357643
0.000326226
0.000261612
0.000237075
0.000468595
0.000218921
0.00010994
0.000175827
0.000195821
7.37839e-05
9.47658e-05
0.000191714
0.000106708
0.000289207
0.000170551
0.000368815
9.94768e-05
0.000148944
4.19177e-05
0.00124167
1.28774e-05
0.000198502
0.000133773
0.000874204
0.000249675
0.000142136
0.000114529
0.000442302
0.000516745
8.54819e-05
0.000158766
0.000159829
3.70458e-05
0.000349665
0.000356828
0.000621928
6.50293e-05
0.000179245
0.000962787
0.000290858
9.95049e-05
0.000242375
0.000127441
0.000124176
0.000226635
0.000194426
0.000352073
0.000319565
0.000246855
0.000161016
0.000131903
9.08562e-05
0.000560606
0.000238391
7.15698e-05
0.000142901
0.000257236
0.00031083
0.000166918
9.82533e-05
0.000183324
4.85395e-05
0.00031527
0.00146764
0.000566089
0.00107298
0.00161988
0.000113025
0.00015308
0.000954578
0.000485995
0.0001305
0.000114196
0.000239554
0.000197619
0.000297022
0.00022596
0.000195642
0.000274435
1.11314e-05
0.000350574
8.1438e-05
0.000196463
0.000361379
0.000707156
0.000125522
0.000606135
0.000211828
0.00022502
0.000574081
0.000364309
0.000213948
0.000294967
0.000215701
0.0001313
0.000191676
0.000296148
0.000232884
0.000117964
0.00232887
9.73174e-05
0.000155334
0.000341037
6.20411e-05
0.000412797
0.000191332
0.000230203
1.27635e-05
0.0004508
0.000112405
7.8705e-05
0.000128936
0.000618466
0.000493128
0.000597982
5.72893e-05
0.000244818
0.000395701
0.00145241
0.000489218
0.000135992
0.000113908
0.000138086
0.000334985
0.000353608
0.000208498
8.91179e-05
0.000290046
0.000368184
0.000262413
4.24475e-05
0.000343111
0.000136689
0.000135672
0.000152289
0.000457315
0.000128788
0.00457846
0.000104587
0.0055825
0.000264041
0.000243405
0.000361391
0.000250614
0.00022259
0.000338656
0.000172337
0.000625949
0.00372349
9.34528e-05
3.90094e-05
0.000386068
0.000433285
0.000185344
0.000353378
0.000169756
5.77742e-05
0.000233717
0.000408328
0.000274681
0.000224409
0.000138592
0.000615487
0.000132034
0.000138516
0.000153769
9.66902e-05
0.00059912
0.000495394
0.00119761
0.000159143
0.000262452
0.000605704
0.00012747
0.000239698
0.000967585
0.000256375
0.000188145
4.64048e-05
0.000147475
7.06268e-05
0.000282701
0.00018009
0.000439127
0.00145129
0.00026579
7.38425e-05
0.00138163
0.000218858
0.000402449
0.000220432
0.000294017
0.00023475
0.00019709
0.00020509
0.000426605
0.000120907
0.000134804
0.000171981
0.000116072
0.000224973
0.000307831
0.000179353
0.000297761
0.000141236
0.000159173
0.000101597
0.000102912
0.000240715
0.000354331
0.000109814
0.000156131
0.000339602
0.000314046
0.000175445
2.66169e-05
0.00019426
5.48291e-05
0.00112171
0.000439113
0.000557654
9.33778e-05
0.000281213
0.000227144
9.98532e-05
0.000127826
0.000180131
8.03402e-05
0.000811637
0.000227434
0.000509672
0.00013467
0.000170605
0.000174668
0.000388782
0.000875061
0.00013393
0.000264058
0.000178696
0.000210568
0.00040856
0.000353741
0.000241489
4.15013e-05
0.000472436
0.000486441
0.000193235
0.000238603
0.000173473
0.000224328
0.000989583
0.000158543
0.000357476
0.00022737
0.000474709
0.00023872
0.000179532
0.000151477
0.000352411
0.000401342
0.000160736
0.000202144
0.000505655
0.000100667
0.00263968
0.00026122
0.000281188
0.000304766
0.000348557
0.00011247
0.000171695
9.18933e-05
0.000273947
0.000214993
7.15699e-05
9.92522e-05
0.000130415
0.00034174
4.50346e-05
0.000448907
5.20013e-05
0.000222525
0.000210197
9.54237e-05
0.000163359
0.000315793
0.000122247
8.05894e-05
0.000308349
0.000129986
0.000379426
0.00048575
0.00048469
0.000683899
0.000247843
0.000286586
0.000132623
0.000129993
0.00016809
0.000286902
0.000220044
2.29439e-05
0.000783008
5.50914e-05
0.000211879
0.000288399
0.000749425
0.000131787
0.000220717
0.000227388
0.000218492
0.000122001
0.000541105
0.000159464
0.000399676
0.000135096
0.000735136
0.000512888
6.90299e-05
0.000346607
0.000381514
0.000295774
0.00015343
0.000208581
0.000436289
0.000352317
0.000530003
0.000337531
0.000647131
0.000130488
0.000118165
0.000156483
0.000174853
0.000403052
0.000568583
7.01009e-05
0.000296086
9.87676e-05
0.000268605
0.000613936
0.000319311
0.00025496
0.000204365
0.000460729
0.000950824
0.000186221
0.000375025
0.000329213
0.000470347
0.000164775
0
7.35202e-05
0.000648286
0.000181198
0.000363004
0.000473341
8.74463e-05
0.000572291
0.000160057
4.40356e-05
0.000982037
0.000304975
0.000187922
0.00028662
0.000246012
0.000282755
0.000386757
0.000248812
0.00116242
0.000281671
0.000193444
0.000135224
0.000215716
0.000276578
0.000201169
0.000182033
0.000171566
0.000108689
0.000467396
0.000374089
6.93202e-05
0.000135071
0.00024884
6.86e-05
0.000105162
0.000427734
0.00913929
0.000362212
0.000211306
0.00028112
0.000579107
1.07451e-05
3.9241e-05
0.000447893
0.000143905
0.000294643
0.000129034
0.000211372
0.000345759
0.000340566
0.000508603
9.31126e-05
0.000196438
0.00023492
0.000355844
0.000116928
0.000577397
0.000106547
2.69819e-05
0.000109026
2.18769e-05
0.000163939
0.00030764
0.000177425
0.000184373
0.000208811
0.000277021
0.000100877
0.000171941
0.000692412
0.000241954
0.000301749
0.000306833
0.000922163
0.000294721
0.000677801
0.000140114
0.000132368
0.00100324
0.000371746
0.00057847
0.000179366
0.000174485
0.000101187
0.000343824
0.000175459
0.000192255
0.000187766
0.000136625
7.80541e-05
0.0017862
0.000359135
0.00020329
0.00036994
0.00121279
0.000950931
0.000195261
2.03816e-05
0.000946023
0.000117328
0.000889076
0.000131144
0.00014886
0.0638595
0.000231238
0.000674364
0.000267126
0.000100673
0.00108384
0.000307978
0.000378074
0.000139397
5.39656e-05
0.0001234
0.000383712
0.000498518
0.000369504
0.000563269
0.00016458
0.000161964
0.000372231
0.00301568
0.000350814
0.000253818
0.000200075
0.000126593
0.000241974
0.000260217
0.000438515
0.000257273
0.000113815
0.000492128
0.000168911
6.7429e-05
0.000292247
0.000855855
0.000224709
0.000178733
0.000298735
0.000249153
0.000264733
0.000367277
0.000289307
0.000388842
0.000133696
0.000321858
0.000244813
0.000178101
0.000357945
0.00032571
0.000132544
0.000118702
7.75917e-05
0.00063767
0.000289683
0.000147141
0.0144812
0.000268308
0.000204245
0.000774969
0.000327866
0.000172385
9.29861e-05
7.5719e-05
0.000164847
0.000201932
3.19057e-05
4.88808e-05
0.000677075
0.000291758
0.00120615
7.06052e-05
0.000512343
0.000251654
0.000563043
0.000382985
0.000662944
0.000392666
8.96973e-05
0.000855067
0.000231007
0.000271685
0.00021486
0.00215809
0.000120901
0.000230867
0.000122461
0.00040743
0.000260992
0.00103751
0.000348151
8.75218e-05
5.48317e-05
0.000168865
0.000390183
0.000467429
3.27839e-05
0.000287312
5.42333e-05
0.00020419
0.000319564
0.000163757
0.000319679
0.000514418
0.000196545
0.00015421
0.00031534
0.000444046
0.000296114
0.00017378
0.000107821
0.000896369
0.000202041
0.000192841
0.000496563
0.000225481
0.000263787
0.000336422
0.0006162
6.92225e-05
0.000672991
0.0001343
0.000352453
0.000234925
0.000408659
0.000479051
0.00055653
0.000171458
0.000242348
0.00177772
0.000564019
0.000246365
0.000225787
0.000182899
0.00053053
0.000178505
0.000154594
0.000342848
0.000168175
0.00060817
0.000147872
0.000377879
0.000462333
5.09171e-05
0.000236179
0.000203297
0.00110216
0.000343669
0.000318211
0.000704832
0.000280894
0.00125608
0.000258869
0.000119255
0.0001321
0.000314316
0.000390989
0.000409769
8.06555e-05
0.000317636
0.000287664
5.55733e-05
0.00137001
0.000543701
0.000139218
0.000419292
0.000243034
0.000237104
0.000171037
0.000162216
0.000123656
0.000976146
0.000122156
0.000881582
0.000189389
0.00148912
0.000309492
0.000223572
0.000280828
0.000257339
0.00305426
0.000132746
0.000660095
0.000242135
0.000225074
4.85249e-05
0.000323694
0.000192823
0.000101556
0.000129324
8.51845e-05
0.000628934
6.63967e-05
6.00157e-05
0.000322221
0.000295216
0.000261433
0.000170955
0.000116672
0.000315177
0.000299869
0.000761979
2.22603e-05
0.00020109
0.0126762
7.60965e-05
0.000485347
0.000221174
8.77665e-05
0.000223153
2.66207e-05
0.000148375
0.000225255
0.000142007
0.0842994
0.000281557
0.000511945
0.000333473
0.00041755
0.0005956
0.000656437
0.000187623
0.00060634
0.000298329
0.00076034
0.000336165
0.000373765
0.000623462
0.000102809
0.000101404
0.000471599
0.000178294
0.000190991
0
5.99971e-05
0.000328313
0.000201541
0.000141247
0.000376945
0.000378167
0.000457641
0.000174159
0.000492338
0.000242841
0.000666647
0.000242928
0.000169953
0.000229681
0.000220583
0.000326196
0.000262833
0.000205547
0.000230516
3.87157e-05
0.000112742
0.000735696
0.000208229
0.000163945
0.000289601
0.000421906
0.000319403
0
0.000194106
6.32839e-05
0.000385484
0.00203116
0.000271549
0.000171917
0.000242169
0.000458941
9.4905e-05
8.40545e-05
0.000167284
0.000220437
1.13291e-05
0.000406617
0.000355373
6.91307e-05
0.000371359
0.000120089
0.00037809
7.47655e-05
0.000238844
0.000307351
0.000214663
0.000381825
0.00231541
0.000193638
0.000137304
0.000142999
0.000249323
0.000271242
0.00104484
0.0001038
0.000212248
5.69112e-05
0.000277907
0.000263835
3.05538e-05
0.000216147
6.38859e-05
0.000618654
0.000134859
0.000298037
7.90351e-05
0.00378539
0.000529236
0.000398081
3.21323e-05
0.000163652
0.000175191
0.000115833
9.56815e-05
0.000112472
0.000187101
0.00020002
0.00025889
0.00046335
0.000394371
0.000147118
0.000301547
0.000255555
0.00115089
0.000166917
0.000169601
0.000125161
3.33061e-05
9.53807e-05
0.000307186
0.000422656
0.000230659
0.000262583
0.000189541
8.21722e-05
6.57963e-05
9.73788e-05
0.000119924
0.000164357
0.000199236
0.000885142
0.00025044
0.000349718
0.000189195
0.000326753
0.000257993
0.000332952
0.000224315
3.46835e-05
0.00040092
0.000188208
0.000253151
0.00014634
0.000109523
0.000181922
0.000152752
0.000368864
0.000171083
0.000254203
6.07977e-05
0.000290748
0.000344108
2.19049e-05
0.000216895
2.95389e-05
7.62801e-05
0.00223424
0.000379178
0.00028117
0.000257562
0.000265232
0.000134758
0.000287302
0.000360691
0.000580196
0.000105621
0.000105672
0.000588129
0.00025363
0.000600549
0.000373462
0.000712241
6.52778e-05
0.000476308
0.00024519
0.000245823
0.00010259
0.00021981
0.000242443
0.00038877
0.000574299
0.000240362
0.000316718
0.000332112
0.000451457
0.000504233
0.000279133
0.000361795
0.00017905
0.000175377
0.000194653
0.000238591
0.000929449
0.000424591
5.95393e-05
0.000171086
0.000178113
0.000641802
0.000388516
0.000210491
0.000155531
0.000240184
0.000615952
0.00065918
0.00165413
0.00016569
0.00013422
0.000156774
0.000178337
0.000247203
5.34004e-05
0.00026916
0.00032008
3.40213e-05
0.000249419
0.000157425
0.000275393
0.000172105
0.000313199
3.50428e-05
0.00018136
0.000450572
0.000208721
0.000497603
0.000451345
0.000332606
0.000380979
0.00071814
0.00016747
0.000209186
0.000170581
0.000442049
0.000131358
0.000872939
0.000155225
0.000124769
0.000123342
0.000693706
0.00033829
0.000163934
0.000245631
0.000203525
0.000337927
0.000232874
0.000101111
0.000175943
0.000280098
0.000511338
0.000320968
0.000116525
0.000540328
0.000849251
0.00104201
0.000109187
0.000521817
0.000337377
0.000361874
0.000259457
0.00131375
4.89784e-05
0.000153862
0.000171555
5.95862e-05
4.05674e-05
0.000433606
1.32057e-05
0.000853255
0.000212333
0.000143168
6.46302e-05
4.96233e-05
0.000206686
4.71053e-05
0.000826662
8.85215e-05
0.000204661
0.000259814
0.000110922
9.99464e-05
0.000136915
0.000271187
0.000132451
0.000380077
0.000351359
0.000403644
0.000299112
0.000373223
0.000786758
0.000366758
0.000266917
4.4063e-05
0.000240683
0.000214478
0.000214247
0.000396155
0.000160576
9.60032e-05
0.000123313
0.00018296
0.000201671
3.5389e-05
7.87706e-05
8.39581e-05
0.000119933
1.16228e-05
8.92375e-05
0.000219416
0.000266809
4.47947e-05
0.000174435
0.000247347
0.000135542
0.00117837
0.00018674
0.000209142
0.000437581
0.000174832
0.000378413
0.00010994
0.0003438
0.000219972
0.00012846
0.00175883
0.000259649
0.000268931
0.000826191
0.000336103
0.000227023
0.0001926
0.000109224
0.000178759
0.000307999
0.000365412
8.80382e-05
0.000118112
0.000240753
0.000208517
0.000421704
0.000399418
0.000294719
0.000462958
0.000210689
0.000240164
8.51022e-05
0.000244197
0.000330648
0.000325603
0.000258741
8.8196e-05
0.000291988
0.000184651
0.000274117
4.29403e-05
0.000307022
0.0006256
0.000547273
0.000563166
0.000172191
0.000461816
0.000148259
0.000150045
0.000243967
0.000259998
0.000270125
0.000897724
0.000413263
0.000184617
0.000168039
0.000213245
0.000192801
0.000559513
0.000446635
0.000345805
0.000246809
5.78338e-05
0.000500626
0.000179317
0.00024416
0.000108389
0.000167817
0.000351646
5.81866e-05
0.000333317
0.000332667
0.000232421
0.000163713
0.00322034
6.23899e-05
0.000247294
0.000909791
0.000507955
7.44263e-05
0.00168927
0.000369956
0.000199163
8.82619e-05
0.000114662
0.000164842
0.000408086
1.53251e-05
0.000110749
0.000104666
0.00025154
0.000397151
0.000645773
0.000279282
0.000209013
0.000171408
7.15833e-05
0.000450745
0.000350875
5.0636e-05
0.00036933
0.000390309
7.30025e-05
0.000544437
0.000328291
0.000187082
0.000227451
0.00108071
0.000123821
3.57893e-05
0.000272903
0.000538354
0.000351035
0.000146176
0.000698199
0.000150339
0.000866382
0.000313398
4.92613e-05
0.00023181
0.000449181
0.000275512
0.00012718
0.000216455
0.000165781
0.000203348
0.000249311
0.000438267
0.000170894
0.000159206
0.000284598
0.00293212
0.000270722
0.000414955
0.00011214
0.00160132
0.000643708
0.000510737
0.000319887
0.00020402
0.00104103
0.00124941
0.000391652
0.0123583
0.00038998
5.22938e-05
0.000252708
0.000109472
0.000317371
0.000227693
0.000241808
0.000333746
0.000809303
0.000253372
0.000175588
0.00017058
0.000654424
0.000336323
3.78286e-05
0.000120901
0.000210216
0.000147328
0.00166741
0.000169726
2.47561e-05
0.000162225
0.000147361
0.00022398
0.00019137
0.000344347
0.000477123
6.59141e-05
0.000288822
8.98878e-05
0.00167719
0.0007062
9.10839e-05
6.30351e-05
0.000176409
0.000185373
0.000167842
0.000487298
0.000223956
0.00015111
0.00109985
0.000204224
0.000367186
0.00015975
0.000264804
0.000558066
0.000329925
0.00012099
0.000193525
0.000263235
0.000292881
0.000441822
0.000343396
0.000163098
0.000142437
9.25334e-05
0.000287221
0.000209933
0.000205262
0.000498505
5.70627e-05
0.000298514
0.000176712
0.000264274
0.000177779
0.000212978
0.000347024
5.82227e-05
0.000305847
0.000220418
2.79031e-05
0.000161633
0.000437105
0.000196228
0.000115788
0.000260139
0.000125737
0.000225115
0.000273821
1.28788e-05
0.00019781
0.00113892
0.000117676
0.000242231
0.00022881
0.000409031
0.000179482
7.70919e-05
0.000196098
0.00014277
0.000151646
0.000577015
0.00031217
0.000253778
0.000108287
4.92319e-05
0.000413336
0.000232835
0.000667999
0.000235855
0.000369847
0.000115242
0.000192088
0.000319773
0.000393569
0.00045461
0.000282612
0.00017869
0.000194211
0.000210696
0.000407244
0.000520317
0.000326811
0.000179417
0.000270112
0.000101772
0.00034882
0.00011899
0.000304466
0.00029534
0.000144319
8.52365e-05
8.71035e-05
7.9905e-05
0.000654751
8.98731e-05
0.000344604
0.000340604
0.000242756
0.000146697
0.000129325
0.000130124
0.000337193
0.000245774
0.000524775
0.000246716
0.000186257
0.000103311
0.00016326
0.000342801
0.000185786
0.000119513
0.000245985
0.000411316
0.000138237
0.00298453
0.000365126
0.000258439
0.000266243
0.000350029
0.00027688
0.000854573
0.000184832
0.000131009
6.75214e-05
7.45483e-05
0.000292327
0.000346648
0.000392613
0.000216333
0.00544031
0.000234273
0.000492815
0.000245545
0.000111642
0.000445446
0.00012062
0.000253007
0.000233939
0.000111709
0.000309537
5.30529e-05
6.26388e-05
0.000117387
0.000148166
0.00115376
0.00012288
0.000822797
0.00010377
0.000402598
0.000438583
0.00031762
0.000209456
0.000424947
2.64555e-05
4.58806e-05
0.000175101
5.08967e-05
0.000201223
0.000402768
0.000283726
0.000157743
0.000920755
0.00028302
9.10433e-05
0.000321704
0.000287214
0.000888883
9.28679e-05
0.000806527
0.000185809
1.9982e-05
0.00023731
9.85769e-05
0.000213861
0.000230714
0.000152334
0.00026778
0.000284834
8.92945e-05
0.000271882
0.000185573
0.000170104
0.00014615
0.0002777
0.000502449
0.000681866
0.000348818
0.000148549
0.000101808
0.000599966
0.000339339
8.19858e-05
7.15027e-05
7.13872e-05
0.000357495
0.000185269
0.000254217
0.000238746
7.29999e-05
0.000622444
3.40213e-05
0.000197046
0.000142629
0.000195918
0.000239669
0.000550513
0.000196523
7.89697e-05
0.000677148
0.000961817
0.000651062
0.000457601
0.000348704
8.86529e-05
0.000173559
0.000234989
0.000692877
0.000190747
8.09475e-05
0.000254562
0.000282437
0.000416571
0.000256255
0.000130796
0.000335674
0.000389173
0.00026106
0.000421581
0.000332526
0.00074138
0.00327857
0.000742936
0.000262112
0.000148018
0.000688364
0.000235922
0.00033278
0.000160658
0.000172326
6.63451e-05
0
0.00017893
0.00015865
0.000250035
0.000115076
0.000340198
0.000322669
0.000168843
0.000194025
0.000894873
0.000218009
0.000134907
0.000557031
0.000183855
0.00026956
0.000242089
0.000141158
0.000121432
0.00017848
0.000110527
0.000131186
3.3175e-05
0.000111522
0.000189029
4.45736e-05
0.000145473
0.000241956
0.000176219
4.91254e-05
9.93972e-05
0.000151993
0.00165158
0.000273306
0.000185732
0.000311841
0.000121027
7.2493e-05
0.000783036
0.000150719
0.000203274
0.000124747
0.000144521
0.000133919
0.000239616
0.000255493
0.000134042
0.000227004
0.000381443
1.75314e-05
9.54658e-05
0.000706539
0.000223163
8.70622e-05
0.000164283
0.000451644
0.000168611
5.00819e-05
0.00022169
0.00013024
0.000749814
7.59463e-05
0.000135115
0.000208292
0.000177155
0.00030459
0.000163202
0.000169331
0.000746772
0.000311468
0.000253022
0.000172117
0.000149994
0.000242532
0.000559577
0.00075308
0
8.11236e-05
0.000138395
0.000639819
0.000113747
0.000100952
3.71486e-05
0.000139786
0.000148107
0.000149648
5.43889e-05
0.00110968
0.00026472
0.000174462
0.000102405
9.85022e-05
0.000180216
0.000348688
0.00042279
0.000124456
0.000415055
0.000149765
4.80099e-05
0.000523306
0.000155627
0.000367908
0.000593905
0.000551116
0.000260352
0.000116401
0.000486226
0.000186551
0.000102557
0.000533236
0.000288593
0.000205207
0.000253338
5.09734e-05
0.000263883
0.000286255
0.000379371
0.000158807
0.000161613
0.000314338
0.000224093
0.000173517
0.000143449
0.000143846
0.000298405
0.000518471
0.000295659
0.000171247
0.000256529
0.000102865
0.000160182
0.000348861
0.00020676
0.000190784
0.000321866
0.000150863
0.000331306
3.08506e-05
0.00271931
0.000152691
0.000782345
0.00134306
0.000703309
0.000247968
8.03324e-05
0.000289926
0.000207201
0.000165617
5.36802e-05
0.000206943
0.000230942
0.000147577
0.000116957
0.000403056
0.000128895
0.000282565
7.17737e-05
0.000536843
0.000140862
0.000265614
0.000131406
0.000447647
4.63141e-05
0.000214752
0.000115679
0.000421446
0.000182781
0.000220783
0.000108444
0.000254724
0.000206734
0.000547934
0.000311146
0.000139262
0.000171756
0.000140824
0.000544818
0.000115829
0.00022164
0.000227617
0.000140996
0.000383075
0.000210356
0.000324842
8.51601e-05
9.54161e-05
7.92395e-05
3.99761e-05
0.000112808
0.000165279
0.000159447
6.38837e-05
0.000938968
0.000383211
0.000232929
0.000290397
0.000274375
0.000437135
0.000452499
0.000282621
0.000461021
0.000134786
0.000337616
0.000307031
0.00124865
0.000276018
9.56613e-05
0.00143629
0.000192488
0.000451745
0.000258766
0.000163559
0.000782406
6.97799e-05
0.000512881
0.000158177
8.37184e-05
0.00148997
0.000289575
0.00017157
0.000269055
0.000149716
0.000101388
0.00010502
0.000664317
0.000193025
0.000152915
0.00109217
0.000429625
0.000452878
0.000166349
0.000394687
0.000268615
0.000567177
0.000148122
0.0002549
7.74041e-05
3.86866e-05
0.000633879
0.000267724
3.39074e-05
0.00023619
0.000167935
0.000105057
0.000213381
0.000202028
8.08574e-05
0.000120645
0.000294956
0.000107191
0.000207164
0.000253245
0.000174258
0.00020356
0.000999884
3.35082e-05
0.000194433
0.000101464
0.000207538
0.000418571
0.000253882
0.000105036
0.00043185
0.000120924
0.000145658
0.000191689
0.000257829
8.08043e-05
0.000158325
0.000189503
0.000402065
0.000145333
0.000296078
0.000330028
8.31547e-05
8.69652e-05
0.000269264
0.000269244
5.65716e-05
0.000287889
0.000123157
0.000312322
0.000331731
0.000339877
0.000324529
0.000449061
0.000374218
0.000917177
0.000236192
0.000294642
0.000100102
0.000959531
0.000165814
0.00069272
0.00027167
0.000396958
0.00029523
0.000287153
0.000318361
0.000117859
0.00040455
0.000279834
0.000321517
0.000135721
0.000257104
0.000803084
4.90964e-05
0.000248355
0.000193878
3.27206e-05
3.45613e-05
0.000140908
0.000162578
8.95484e-05
0.000206936
6.92317e-05
0.000244354
0.000535137
1.12777e-05
0.000308155
0.000295879
0.00103002
0.000414292
0.000294043
0.000224875
0.000154084
0.000270337
6.7067e-05
3.19421e-05
8.91341e-05
0.000341859
0.000477194
4.36776e-05
4.95987e-05
0.000397727
0.000195847
0
0.00043756
0.000824972
0.000264909
0.000216232
4.04486e-05
0.000435106
7.47905e-05
2.96526e-05
0.000673961
0.000326124
0.0002152
8.95548e-05
0.00018258
0.000179125
0.00018867
0.00014172
0.000143979
0.0028248
0.00108074
0.00034659
0.000549222
0.000439029
0.000465907
3.81282e-05
0.000287863
0.000179776
0.000361524
0.000514825
0.000365533
0.000208131
0.000233968
0.000100612
0.000438868
9.74668e-05
0.000275464
0.000692106
0.000147392
0.000241078
0.000191928
0.000319367
3.31221e-05
0.000569929
8.28403e-05
0.000397258
0.000256797
0.000252641
0.000305658
0.000179283
0.000500431
0.000292026
4.13613e-05
0.00014011
9.65282e-05
0.000200101
0.000136182
0.000263668
0.000212132
0.000167342
0.000108981
0.000326731
0.000195399
0.00033504
9.57313e-05
0.000292636
0.000262852
9.98889e-05
5.23716e-05
0.000937824
0.000237535
0.00134851
0.000263096
0.00023689
0.000231802
0.000605273
0.000149009
4.83573e-05
0.000145485
0.000226888
0.000724178
0.000219337
0.000304485
0.000154422
0.000220927
0.000189148
0.000123287
0.00116509
0.000279776
0.000250711
0.000322037
0.000176072
0.000173265
0.000441376
0.000278306
5.69287e-05
0.000252917
0.000816564
0.00116422
0.000331487
0.000131613
0.000364638
0.000210255
0.000259433
0.000121279
0.000388446
0.000328051
0.000398157
8.09213e-05
0.000136344
0.000227076
0.000533919
0.000192786
0.000142603
0.000329844
0.000134571
0.000904375
0.000243775
0.000262553
0.000229882
0.000326542
0.000143941
0.000197423
0.000422633
0.000269105
0.000570736
0.000219445
0.000533029
0.000544412
0.000180165
0.000255652
0.000674733
0.000388926
0.00082919
0.00019879
0.000162007
0.000242257
0.000343039
0.000853797
0.000532116
0.00019784
3.22102e-05
0.000180276
0.000245212
0.000292015
0.00016595
0.000508807
0.000642894
0.000100448
0.000750555
0.000260908
9.23745e-05
1.45349e-05
0.000263385
0.000238845
0.000310095
9.92404e-05
0.000336642
0.000265667
0.00123749
2.67707e-05
0.000107729
6.37545e-05
0.000862415
0.000204
0.000340652
0.00103495
0.000626157
0.000349592
0.000164255
0.000221767
0.000224027
0.000293063
0.000906448
0.000196322
0.000273693
0.000593273
0.000103425
0.000228885
0.000301327
0.000263652
0.000172918
0.000219806
0.000208753
0.000187437
0.00316901
0.000121856
6.96174e-05
0.000233077
0.000294456
0.00013274
0.000328733
0.000291912
0.000122459
0.000509929
0.000165381
0.000152758
0.000493178
0.000435524
5.89845e-05
0.000228836
0.000865106
0.000147269
0.00028328
0.000111064
0.000180985
0.000436153
0.000151314
0.000603788
0.000212826
0.00034319
0.000229359
8.23063e-05
0.000148366
0.000216438
0.000110091
0.00420373
0.00014223
0.000207027
0.000109952
0.000197292
0.000718377
0.00347435
8.74163e-05
0.000864272
0.000139661
0.000200882
0.000253328
0.000167926
0.000249931
0.000187339
0.000128739
0.000193292
0.000216278
0.000389172
9.19167e-05
0.000392012
7.13792e-05
0.000259045
0.00015503
0.000227812
0.000170894
0.000205053
0.000141152
0.000171444
0.000162196
0.000131499
0.000193655
0.000257961
0.000274195
9.49216e-05
5.96231e-05
0.000271842
0.000644031
0.000499086
0.000229949
0.000196493
0.000155669
0.000184703
0.000141502
4.70765e-05
6.98823e-05
0.00027993
0.000247693
0.000207716
0.000103231
3.11275e-05
0.000216236
8.55419e-05
0.000401838
0.000115384
0.000429224
0.000230277
0.000136915
0.000338347
0.000326873
0.000165047
0.00129564
0.000177582
0.00022361
0.000123401
0.000387875
0.000437028
0.000341543
0.00014765
0.000368804
0.000466837
0.000387575
0.000159502
0.000241521
0.000117251
0.00031461
0.000503873
0.00117604
0.000440839
0.000476971
0.000199247
0.000384021
0.000225724
0.00021196
0.0002879
0.00015853
6.34986e-05
7.11136e-05
0.000206828
7.06617e-05
0.000307527
0.000234986
0.000650614
0.000230495
0.000205946
8.07381e-05
0.000137513
0.000245249
0.000111788
0.000193605
0.00309143
0.000105757
0.000438356
0.000332607
0.000198075
0.000498261
5.02052e-05
0.000431509
0.000155564
0.000103458
0.000212438
0.000503188
0.000304314
8.52816e-05
0.000388191
8.18895e-05
0.00827583
0.000161878
0.000129901
0.000182311
0.000139151
0.000743638
0.000262793
0.000189703
0.000367689
0.000910769
0.00018479
0.000239976
0.000350756
0.000609288
0.000410301
0.000376266
0.000281825
0.000301607
0.000314279
0.000134958
0.000298499
0.000645604
0.00011044
0.000201935
0.000425113
5.64523e-05
0.000193941
0.000154944
8.86057e-05
0.000228133
0.00131203
0.000263304
0.000196024
0.000116857
0.000574873
0.000102399
8.4201e-05
0.000116908
9.81279e-05
0.000182581
3.81652e-05
0.000733179
0.000335073
0.000140095
0.000159694
0.000120934
0.00142229
0.00035864
0.000203587
0.000135321
0.000245319
0.000144296
0.000316813
0.000373273
0.00264947
8.72305e-05
0.000157054
0.00019723
8.37716e-05
0.00014421
0.000261906
0.000703162
0.00021193
0.000215384
0.000242386
0.000264687
0.000160789
0.000142414
2.41811e-05
0.000248005
0.000770531
0.000403798
9.25507e-05
0.000125012
0.00014333
9.01404e-06
4.89255e-05
0.000131369
0.00026366
4.93259e-05
0.000306563
5.91203e-05
0.000173508
0.000149333
7.61563e-05
0.000245367
2.45471e-05
0.000723438
0.000534276
0.000224192
9.8907e-05
0.000267823
6.20318e-05
0.000467792
0.000573149
0.000395348
8.98281e-05
0.000223823
0.00018742
0.000112827
2.19901e-05
0.000354614
0.00022327
0.00025175
4.85424e-05
0.000287686
0.000303464
0.000343503
1.11208e-05
0.000238274
0.000185505
0.000179539
0.00135582
0.00030263
0.000368033
5.26939e-05
0.000363995
0.000217102
0.00016451
0.000376639
0.00016207
0.000128431
0.000155349
0.000311196
9.09191e-05
5.16359e-05
0.000109338
0.000101591
0.000228725
0.000342346
0.000117165
0.00023361
0.00031604
6.30196e-05
0.000175997
0.000629275
0.000196299
0.000138579
0.000128719
0.000202958
0.000674824
0.000372014
0.000403989
0.000248154
0.00019718
0.000162098
0.000115061
0.000389723
0.000247934
0.000115256
0.000536555
0.000277902
0.000484755
0.000579255
0.000225051
0.000321358
6.12513e-05
0.000214351
0.000581057
0.000136284
0.000110942
0.00038597
0.00028699
0.000145341
0.00053157
0
0.000452083
0.000221461
0.000294005
0.000819634
0.000188047
9.71647e-05
0.000483059
0.000308976
0.000168296
2.79893e-05
0.000127279
0.000570853
0.000199502
0.000408539
0.000433023
0.000381216
0.000111142
0.00046438
0.00435582
9.29815e-05
0.000212805
0.000253843
0.000281871
0.000259863
0.00104132
0.000232638
9.23974e-05
0.00034159
0.000113423
5.94204e-05
7.24803e-05
0.000172339
0.000331371
0.000192246
0.000287754
0.00056967
0.000249686
0.000167732
0.000145434
0.000247374
8.50833e-05
0.00103707
0.000140669
0.000159216
5.2945e-05
0.000189625
0.000143037
0.000296024
4.11754e-05
0.000334888
0.000254683
0.000165958
0.000222595
0.000281641
0.000438011
0.000238833
0.000352374
0.000230417
0.000111018
0.000309985
0.000196458
0.000139106
0.000768544
0.000488708
0.000312712
0.000328803
3.3882e-05
8.57942e-05
0.00012324
3.415e-05
0.000306006
0.000339583
0.00026319
0.00036831
0.000274864
0.00248318
3.41661e-05
0.0003252
3.88446e-05
0.000468941
0.000408169
0.000490297
0.000206405
5.13527e-05
0.000128922
0.000200724
0.000318762
0.000300128
0.000172474
6.41526e-05
0.000181778
0.000961883
0.00024107
0.00013035
0.000129429
0.00023595
0.000721155
0.000387857
0.000167077
0.000185157
0.000202444
0.000296647
0.000471869
9.73551e-05
0.000104238
0.00065638
0.000519053
0.000131769
0.000240797
0.000249566
0.000383279
0.000352899
0.000358198
0.000272474
0.000185389
0.000358967
0.000298435
0.000148638
0.000168693
0.000449244
0.000306217
0.000504697
0.000114406
0.000306011
0.000728547
4.13305e-05
0.000292004
0.000155019
0.000171026
0.000115758
0.000351958
9.35773e-05
1.63913e-05
8.54679e-05
0.000381554
0.000214744
0.000182111
0.000144846
6.24599e-05
0.000200743
0.000723585
0.000207292
0.000535245
0.000320418
0.000626409
0.000112737
0.000493326
0.000219595
7.19599e-05
0.000357812
1.57077e-05
0.000182782
0.000312689
0.00025417
0.000136025
0.000279872
7.80548e-05
0.000210523
0.000352578
8.4952e-05
0.000170122
4.81992e-05
0.000222266
0.00015933
0.000600608
0.000266303
0.000203702
0.000320707
0.000393045
0.00010693
0.000377987
0.000171169
0.00043377
0.000387163
0.000215457
0.000282407
0.000113254
0.00057932
0.000178745
8.37006e-05
0.00021246
0.000153741
5.6534e-05
0.000173752
0.000239074
0.000141385
0.00019278
0.000388874
0.000123991
7.14474e-05
0.000186312
0.000238285
0.000286405
0.000283592
0.000140845
0.000171968
0.000116322
7.29825e-05
0.000183197
0.000175614
8.57996e-05
0.00053903
0.000155023
0.000245845
0.000596466
0.00134151
0.000247629
0.000112322
0.000214895
0.000278752
0.000156717
0.000110317
6.31716e-05
0.00017244
0.000234168
0.000363912
0.000353112
0.000129292
0.000199393
0.000780611
0.000264074
0.000384247
0.000158994
0.00017515
0.000192277
0.00357582
0.000197187
0.000207243
5.15275e-05
0.000245572
0.00175886
0.00010973
0.000281866
0.000110703
0.000416391
0.000100449
7.89622e-05
0.000247231
0.000281039
0.000164949
0.000271824
0.00151982
0.00134914
0.000136672
0.00117489
0.000321959
0.000196343
8.37023e-05
0.000104862
7.13233e-05
0.000247844
0.000557297
0.000204253
0.000191084
0.000724377
0.000682428
0.000207286
0.000136404
0.000475574
6.07817e-05
0.000175598
0.000104675
0.0001172
0.000598739
0.000193951
0.000275335
0.000215738
0.000166587
0.000175746
0.000155181
0.000346705
7.65074e-05
0.000211169
0.00013396
9.47094e-05
0.000103099
0.000201458
0.000271184
0.000345473
0.000506476
0.000147766
0.000199207
0.000156123
0.000217895
0.000218866
0.000115108
0.000250561
0.000145218
0.000408471
0.000307823
9.14746e-05
0.000618719
0.000101871
1.08594e-05
0.000351437
3.30723e-05
0.000147913
0.000186613
0.000169923
0.000198066
0.00207483
7.76975e-05
3.38687e-05
0.000118628
0.000588196
9.27536e-05
6.3758e-05
0.000743024
0.000209092
0.00036604
0.00019933
0.000183941
0.000146013
0.000115202
0.000246493
0.000347681
0.00017503
0.000150323
0.00016105
2.95345e-05
0.000169973
0.000441573
0.000187428
6.68799e-05
0.000406166
0.000130224
0.000506779
0.000457389
0.000432156
0.000351582
0.000344302
0.000393495
0
0.00024848
0.00188936
0.000175917
0.000386919
0.000233223
0.000436116
0.000181843
0.000237273
0.000271271
0.000547494
0.000360532
0.000391279
0.000317254
0.000418559
0.000332095
0.000368586
0.000219934
9.10238e-05
0.000130713
4.10804e-05
0.000246861
0.000223551
7.92842e-05
0.000206878
0.00031507
0.00155435
0.000282421
8.09823e-05
0.000301048
0.000539071
0.000264473
0.000793849
0.000273186
8.23555e-05
0.00034483
0.00016023
1.62277e-05
0.000544107
0.000382609
0.000110672
5.72186e-05
0.000175936
0.000361931
0.000118061
0.00027978
0.000116633
0.000245263
0.00043549
0.000238054
0.000144463
0.000893053
0.000273021
0.000477718
0.00016262
0.000179809
0.000167446
0.000185686
0.000376823
0.000333798
0.000134539
6.84944e-05
0.000144061
0.00034138
0.000293716
0.000172655
0.000508696
0.000281108
0.000105687
8.70599e-05
0.000216668
2.41937e-05
0.000286522
0.00018631
0.000148335
0.000907095
0.000999395
0.000245735
8.0456e-05
0.000221531
0.000184258
0.000129827
0.000144748
0.000105048
0.000244517
0.000671354
0.000330399
0.000329354
3.30223e-05
0.000131252
0.000221423
7.48798e-05
0.000383908
0.000514092
0.0005602
0.000579508
8.28047e-05
0.000178657
0.000462917
0.000111279
0.000215844
0.000626868
0.000166382
0.00017195
0.000312744
0.000165206
0.000142583
0.000201196
5.6666e-05
0.000620406
0.00126622
7.40971e-05
0.000901411
0.00040702
4.60546e-05
0.000294453
0.000125117
0.000187745
0.00021177
0.000207031
0.000234119
0.000279056
0.000319561
8.16697e-05
0.000291123
0.000210575
0.0004501
0.000297591
0.000250274
1.06742e-05
0.000337621
0.000142584
0.000234154
0.00217949
6.5344e-05
0.000133673
0.000402697
0.000880382
0.00019529
0.000576258
0.000111361
0.000255661
0.000268748
0.000185545
0.000358388
0.000164459
0.000227046
0.000335357
0.000243237
0.000252123
8.75903e-05
0.000681017
8.23331e-05
0.000485483
0.000734063
0.000243939
0.000183882
0.00013897
0.000200217
0.000128959
0.000548224
0.000279895
0.000238719
0.000257519
2.4374e-05
0.000102197
3.04716e-05
9.16421e-05
0.000396995
0.000376986
0.000797286
0.000574693
0.000164976
0.000307182
0.00288332
0.000157129
0.00033113
9.79327e-05
0.000380764
1.06621e-05
0.000170938
0.000280287
0.000368302
0.000201417
0.000355086
0.000305705
0.000263638
0.000286516
0.000330808
0.000283559
0.000405255
0.000168613
0.000383163
0.000238512
0.000535317
0.000125225
0.000295084
0.000994503
0.000333065
0.000221094
0.000151116
0.000329235
0.000375523
0.000124416
6.83931e-05
0.000253137
0.000392719
0.000274582
0.000128638
9.36635e-05
0.00013338
0.000303203
0.000101523
0.000323542
0.000331851
0.000245071
0.000305226
0.00026646
0.00118666
0.000259024
0.00151247
5.16597e-05
0.000284932
9.22842e-05
0.00026528
0.000147895
0.000212977
0.00102799
0.000134542
0.000163053
7.04972e-05
0.000182121
0.00018977
0.000453459
4.74371e-05
0.00057915
0.000266158
9.5996e-05
0.000146191
0.00191337
0.000129157
0.000311163
0.000193478
3.92513e-05
0.000336165
8.34443e-05
0.000238948
0.000644486
0.000226017
0.000793205
7.363e-05
0.000283884
7.17645e-05
0.000809815
7.0511e-05
0.000205943
0.000319768
0.000162467
0.00014342
0.000187896
0.000388563
0.000408704
0.000107858
0.000206597
0.00018032
0.000442765
0.000291898
0.000686316
0.000826319
0.000122476
0.000145113
0.000422944
3.96785e-05
0.000625772
0.000392788
0.000578323
6.24012e-05
0.000234105
0.000351777
0.000283032
0.000191002
0.00598551
0.000235274
0.000285086
0.000191445
0.000737927
9.20467e-05
0.000150717
0.000451914
0.000180036
0.000237941
0.000196151
0.000142294
0.000219465
0.000397732
0.000864908
0.000118555
0.000221589
0.00038117
9.87375e-05
3.30703e-05
0.000262365
0.000130239
1.45411e-05
0.000247623
0.000304026
9.40982e-05
0.000105641
0.00311741
0.000368296
0.000273997
0.000564835
0.000127394
0.000150017
0.000421506
8.58845e-05
0.000347504
0.00021702
0.000280223
0.000199652
0.000185462
6.85435e-05
0.000478881
0.000182796
0.000135694
0.000157673
0.00364765
0.00135898
0.000328857
0.000228505
0.000176278
0.000474218
0.000362424
0.000302397
0.000168878
9.24456e-05
8.21844e-05
0.000363708
0.000112542
0.000335153
0.000504692
9.28675e-05
0.000373788
0.000375884
6.36373e-05
0.00028269
0.000299349
0.000212321
0.000205515
0.000199621
0.000259717
0.000581032
0.000232578
0.00196973
0.000235624
0.000355379
0.000101585
0.000206448
0.00033302
0.000128779
0.000177208
0.000158004
0.000532581
0.000204272
0.00021271
0.000270806
0.000631271
0.000116735
0.000251419
7.45261e-05
0.000128994
0.000175722
7.94108e-05
0.000605244
0.000798421
8.11519e-05
0.000288014
0.000136404
0.000694876
0.0001703
4.49203e-05
8.65009e-05
1.17973e-05
0.0002727
0.000218221
0.000655661
0.000847214
0.000118669
0.00019011
5.31592e-05
0.00014134
0.000267625
0.000190824
0.000218256
0.000416539
0.000169155
0.000101222
0.000231799
0.000441997
0.000108239
4.19041e-05
0.000474772
0.000332799
0.000183857
0.000166859
0.000104857
0.000108834
0.00049671
0.000413727
0.000104719
0.000835642
0.000206151
0.000161828
0.00016216
9.01281e-05
0.000272416
0.000103161
0.000221958
3.92532e-05
3.15973e-05
0.000256863
0.000137631
0.000866059
0.000175408
0.000133076
0.000366482
9.00296e-05
0.000183458
0.00012168
0.00010073
8.49003e-05
0.00149652
0.000161813
4.10857e-05
0.000238627
0.00017915
0.000277978
0.00017354
0.000217079
0.000433698
0.00042379
0.000184549
0.000119455
0.000142023
0.00027031
0.00042923
0.000656429
0.000104139
0.000763346
0.000202234
0.000371457
0.000430248
0.000226366
0.000621697
0.00129015
0.000318604
0.000232392
0.000310962
0.000293016
0.00023645
0.000328387
0.00014757
0.00034954
0.000485072
0.484192
2.36072e-05
0.000361655
0.000216361
0.000416288
0.000616373
0.000101748
8.71462e-05
0.000416714
0.000181435
0.00263161
2.93205e-05
0.000247116
0.000287784
0.000562926
9.36146e-05
0.000151769
0.000264881
0.000386355
0.000281753
0.000203817
0.000426722
0.000392164
0.000251423
0.000641173
0.000249571
0.000372187
0.000253831
0.000209365
0.00019893
0.000170127
0.000607348
2.8044e-05
0.000196163
0.000187117
0.00027147
0.00032183
0.000296878
0.000104296
0.000102432
4.19399e-05
0.000160207
0.000144244
0.000786244
0.000218938
0.00012471
0.000361742
0.000220671
0.000244697
0.000355074
0.000189399
0.000225843
0.000269639
0.000158566
0.000173561
0.00010086
0.000471912
0.000175011
0.000261743
0.000198768
0.000522351
0.000279283
0.000291476
0.000308619
0.000277186
0.000678694
0.0001366
9.91002e-05
0.000630269
0.000306461
0.00015314
0.000172007
0.000335548
0.000169064
0.000217642
0.00030108
0.000126852
0.000531511
0.000190633
0.000534015
0.000111903
0.000168978
0.000233873
0.000359706
0.000135079
0.000267125
0.000421617
9.00838e-05
0.00105298
0.00018116
0.00021399
0.000294539
0.000475658
0.000240761
0.000108819
0.000421774
0.00019104
0.000400148
0.000190908
0.000218418
0.000172748
0.000101998
6.39394e-05
0.0376504
0.000223972
0.000130715
0.000216532
9.62141e-05
0.00014023
0.00029263
0.000348764
0.000266797
0.000605152
0.000193389
0.000483067
0.00034632
0.000225305
0.00043779
