0.000484943
0.00050982
0.00043453
0.0025856
0.00084467
0.000369975
0.00123645
0.000545421
0.000458799
0.000908527
0.000372407
0.000116769
0.000608612
0.000314942
0.000932872
0.000462863
0.000735765
0.000323005
0.000466634
0.000326671
0.00150363
0.000677274
0.000294687
0.00132688
0.00203242
0.000254098
0.000137542
0.00156518
0.000656602
0.000465739
0.00027135
0.000492674
0.000452944
0.000685119
0.000338009
0.000197216
0.000226603
0.00298031
0.000398806
0.000261828
0.000124493
0.000382595
0.000116083
0.000448988
0.000980528
0.00038854
0.000464973
0.000545949
0.000396573
0.00185748
0.000762025
0.000343086
0.000259499
0.000270713
0.000424823
0.000399267
0.00158821
0.000737026
0.000993179
0.000792226
0.00114511
0.000763361
0.000968548
0.0036897
0.000332571
0.000869486
0.000716868
0.000595639
0.000327038
0.00170278
0.000724291
0.00107013
0.000209403
0.000925965
0.000278214
