0.000307683
0.000361382
0.000424701
0.000316735
0.000196191
0.000292463
0.000521314
0.000244161
0.000463494
0.00085807
0.000540839
0.000199063
0.000331922
0.000601442
0.000249893
0.000811897
0.000362639
0.000301793
0.000311095
0.000105469
0.00134492
0.00126364
0.00022099
0.000469162
5.77972e-05
0.000276048
0.000319236
0.000494675
0.000228989
0.000422132
0.000359799
0.000283984
0.000594249
0.000222759
0.000448169
0.000293241
0.000344857
0.000328603
0.000446833
0.000650072
0.000281251
0.000285028
0.00112424
0.000178674
0.000414454
0.000122454
0.000498856
0.000249302
0.000134674
0.000156699
0.000236392
0.00021226
0.000494201
0.000357021
0.0751965
0.000298765
0.000217382
0.000469279
0.000122011
0.00162408
0.000248988
0.00055812
0.000503645
0.000254138
0.000357545
0.00056195
0.000532217
0.000277897
0.000372933
0.000119065
0.000645649
0.000574726
0.000393069
0.000263315
0.000905235
0.00052653
0.000508295
0.000449276
0.00556218
0.000983977
0.000267427
0.000923324
0.00317124
0.000515191
0.000392798
0.000532419
0.000139419
5.33238e-05
5.26943e-05
0.000128655
0.000550753
0.000431426
0.000676233
0.000368603
0.00391225
0.000184058
0.000340143
0.000255084
0.000244641
0.000608072
0.000346752
0.000661536
0.00023873
0.000671928
0.000434348
0.000566231
0.000275524
0.000308184
0.000545317
0.00159942
0.000854555
0.000356034
0.00062768
0.000187534
0.000754797
0.000471911
0.000306713
0.000158181
0.000376066
9.42167e-05
0.000277737
0.000345896
0.000392215
0.000296297
0.000285435
0.000396334
0.000370946
0.000653332
0.000242274
0.0004446
0.000265337
0.000392133
0.00105027
0.00099983
0.000747528
0.000249223
0.000172382
0.000299532
0.000212869
0.000398126
0.000361727
0.000236639
5.92592e-05
0.00120126
0.000238379
0.000464857
0.000285033
0.000512111
0.000655373
0.000562281
0.000423148
0.000423693
0.000231862
0.000170639
0.000127571
0.000478506
0.000706809
0.000148409
0.000452908
0.000448713
0.00121567
0.00036155
0.000768203
0.00079074
0.000282208
0.000289165
0.00583387
0.000794722
0.000839818
0.000229393
0.00104139
0.0007068
0.000294658
0.00047693
0.000384797
0.000716038
0.000228699
0.000439533
0.000532773
0.000743888
0.000463863
0.000766826
4.79923e-05
0.00028778
0.000557659
0.000489549
0.00035498
0.000862363
0.000531874
0.000220104
0.000485975
7.25102e-05
0.000982376
0
0.000247885
0.000178918
0.000349542
0.000184179
0.00182578
0.000394437
0.000445181
0.000723534
0.000308101
0.000313596
0.000658062
0.000236322
0.000339749
0.00144462
0.000381875
0.000325367
0.00109356
0.000391046
0.00107135
0.00151297
0.00056363
0.000276862
0.00115174
0.000248954
0.000139381
0.000453369
0.00031248
0.000315407
0.00691413
0.000539474
0.000318419
0.00018828
0.000329316
5.36917e-05
0.00059575
0.000532741
0.000309938
0.000291296
0.000365168
0.000511604
5.08495e-05
0.000527297
0.000381852
0.000553006
0.000478593
0.000287316
0.000372345
0.0070439
0.000365504
0.000535371
0.000265689
0.000369478
0.000337429
0.000380966
0.000316499
0.000547348
0.000171178
0.000155797
0.000352397
0.000670886
0.000801259
0.000426914
0.000726283
0.00407464
0.00135527
0.000246622
0.0004099
0.00111372
0.000247535
0.00154024
0.000198335
0.000504413
9.40335e-05
0.000722006
0.00148085
0.000117371
0.000314025
0.000120768
0.000354175
0.00150109
7.3099e-05
0.000397553
0.000973047
0.000518764
0.000178261
0.000213909
0.000432643
0.000653837
0.000347454
0.0025856
0.000352163
0.00056129
0.00061709
0.00110028
0.000423211
0.000415305
0.00314252
0.000240403
0.00018198
0.000133246
0.000323884
0.000413568
0.00114854
0.000463131
0.000580411
0.000492962
0.00044125
0.00119769
0.000766626
0.000198315
0.000121199
0.00358358
0.000246879
0.000440162
0.000802926
0.000967217
0.00112188
0.00173747
0.00187145
5.44308e-05
0.000810257
0.000870627
0.000174945
0.00246441
0.000383814
0.000468223
0.000523548
0.000288024
0.000579944
0.000373649
0.00838068
0.000601177
0.000286862
0.000792444
0.000484854
0.000159162
0.000615101
0.00154508
0.000711567
0.000208093
0.00032946
0.000600305
0.000653657
0.000940534
0.00048407
0.000244936
0.00035279
0.000101869
0.000487554
0.000296098
0.000251763
0.00020549
0.00028493
0.000361122
0.000293541
0.0101222
0.00157055
0.000539856
0.000299096
0.000400824
0.000868898
0.000227707
0.000241977
0.000430322
0.000387083
0.000433379
0.000264643
0.00053175
0.000213517
0.000261355
0.00111647
0.000435359
0.000763154
0.000222363
0.000412464
0.000297959
0.000866659
0.000267226
0.000453571
0.000469822
0.000358447
0.000493687
0.00114102
0.000489679
0.00100215
0.000334237
0.000611208
0.000117587
0.000883346
0.000211246
0.000212295
0.000241343
0.000365728
0.000133526
0.000283951
0.000621331
0.000340422
0.00106406
0.00034159
0.000338473
0.000451808
0.000419915
0.000245257
0.00025129
0.000458717
0.000230736
0.000437694
0.000742401
0.000506695
0.000315409
0.000343587
0.000257001
0.00144904
0.000148443
0.00125874
0.000686557
0.00046394
0.000683266
0.000438465
0.000237983
0.000435342
0.000599922
0.000157712
0.000193655
0.000192006
0.000326428
0.000161739
0.000336636
0.000445045
0.000414234
0.000384372
0.000271499
0.000390342
0.000606085
0.00030751
0.00430509
0.000463542
0.000637745
0.00054995
0.00020006
0.000179531
0.000377073
0.000231983
0.000407316
0.000346559
0.000451218
0.000293226
0.000409895
0.00086553
0.000327531
0.000531929
0.00032549
0.000446753
0.000437698
0.000687899
0.000187718
0.000337106
0.00056138
0.000257905
0.00120163
0.000568548
6.00469e-05
0.000342032
0.000443897
0.000336604
0.000252622
0.00027444
0.000183361
0.00364693
0.000225867
7.6142e-05
0.000240213
0.000230044
0.000185266
0.000933649
0.000371775
0.000422332
0.00075446
0.000178483
0.000406585
0.00165017
0.000260819
1.94011e-05
0.000532902
0.000441547
0.000582335
0.000170586
0.00264319
0.000424523
0.000558952
0.000482451
0.00020036
0.000237066
0.000395435
0.000193045
0.00035991
0.000878314
0.000285206
0.000834766
0.000578033
0.000593138
0.00111071
9.98798e-05
0.000119791
0.000163439
0.000192808
0.000207554
0.000313479
0.00050067
0.00021313
0.00018747
0.000529056
0.000164319
0.000200233
0.000972019
0.000204127
0.00104051
0.000491627
0.000282096
0.000587963
0.00037683
0.000642713
0.000464396
0.000305488
0.00105751
0.00112695
0.000399162
0.000263232
0.000460657
0.00065738
0.000387608
0.00208835
0.000993076
0.000814444
0.000232271
0.000159884
0.000540891
0.000408467
0.00045628
0.000224448
0.000248081
0.000313885
0.000323279
0.000293228
0.000283167
0.000377372
0.000336118
0.000251458
0.000261517
0.000291267
0.000154117
0.0185262
0.000990474
0.000659815
2.2741e-05
0.000610337
0.000239086
0.000223311
0.000758312
0.000280548
0.000570649
0.000415874
0.000303677
0.000907289
0.000241113
0.000294193
0.000202655
0.000329606
0.000353498
0.000172408
0.00562818
0.000205987
0.000454053
0.000156482
0.000941201
0.00898437
0.000500672
0.000568675
0.000247067
0.000490232
0.000813791
0.000192846
0.000524163
0.000447023
0.0135955
0.000526526
0.000527879
0.000250026
0.000550415
0.000170476
0.000612153
0.000629462
0.000414231
0.000325739
0.0142023
0.0001965
0.000414809
0.000230967
0.000281732
0.000621093
0.00385867
0.00150544
0.000417537
0.000401958
0.000338222
0.000327117
0.000380096
0.000227584
0.000317152
0.000737019
0.000166637
0.000397132
0.000295732
0.000379476
0.000219991
8.01473e-05
4.67986e-05
0.000430491
0.000322914
0.000330298
0.000242082
0.000462877
0.000510373
0.000243495
0.00254659
0.000364465
0.000397911
0.000155161
0.000484818
0.00034044
0.000430414
0.000409182
0.000289793
0.000251603
0.000771558
0.000460739
0.000106627
0.000493981
0.000548727
0.000665375
0.000223262
0.000366351
0.000529869
0.000645019
0.000154949
0.000477115
0.000423194
0.00028577
0.000376117
0.000409062
0.000219417
0.000278686
0.000154593
0.000555655
0.00155005
0.000479909
0.000377162
0.000513696
0.000289699
0.000284606
0.000262547
0.000916722
0.000379542
0.000319911
0.00103715
0.000297072
0.00231825
0.00044985
0.000253056
0.000607483
0.000467688
0.000380252
0.000134662
0.00110777
0.00104771
0.000194928
0.000134757
0.000732427
0.000279667
0.000192147
0.000621045
0.000426048
0.000303108
0.000261996
0.000186688
0.00105234
0.000408101
0.00033258
0.000534802
0.000829387
0.000351877
0.00039133
0.000668936
0.000372258
0.000380087
0.000896619
0.00025828
0.000513851
0.000424211
0.000306021
0.000260661
0.000837922
0.000489618
0.000249608
0.000415262
0.00249293
0.000921886
0.00147606
0.000474187
0.000412841
0.000201693
0.000114513
0.000160184
0.000333115
0.000365317
0.0025805
0.000388278
0.000223141
0.00018407
0.000385882
0.000289516
0.000320497
0.000400468
0.000312416
0.000531991
0.000208178
0.000151968
0.000332619
0.000328589
0.00068708
0.000629008
0.000319726
0.000197305
0.000222007
0.000356519
0.000617578
0.000688464
0.000209679
0.000600017
0.000674599
0.000494774
0.00131898
0.000376888
0.000144177
0.000204582
0.000746018
4.78041e-05
0.000374636
0.000343442
0.000435793
0.000473594
0.000186599
0.00353365
0.000962103
0.000138712
0.0013033
0.000517362
0.000495407
0.000528601
0.000118249
0.000733793
0.00623946
0.00118653
0.000202255
0.000578925
0.000387755
0.000234064
0.00024344
0.000253022
0.000525212
0.000720671
0.000190763
0.000789867
0.000575786
0.000102107
0.000269201
0.000402091
0.00020011
0.000163781
0.000480446
0.000303291
0.000208502
0.000592948
0.000813611
0.00116598
0.000327278
0.00034648
0.000885697
0.000352706
0.000180807
0.000264458
0.000250493
0.000120578
0.000189916
0.000298735
0.00448517
0.000298377
0.000591595
0.000217
0.000649407
0.000247081
0.000403828
0.000210515
0.00217918
0.000148356
0.000457237
0.000389755
0.000695813
0.000228173
0.000206331
0.000314017
0.000121511
0.000301882
0.000712433
0.000355038
0.000525512
0.000239887
0.00104503
0.000239225
0.000233066
0.000317306
0.000297619
0.000346423
0.0002574
0.00026708
0.000533341
0.000496557
0.000114184
0.00028385
0.000467531
0.000449755
0.00119
0.000498993
0.000753328
0.000904894
0.000285123
0.000138528
0.000335561
0.000428147
0.000642291
0.00100444
0.00016273
0.000268571
0.000194076
0.00170198
0.000175433
0.000317278
0.000353134
0.00210523
0.000653069
0.000216853
0.000309368
0.000680415
0.000628362
0.000330458
0.000198512
0.000304824
0.00109087
0.000159585
0.000407897
0.000239844
0.000952824
0.0002792
0.000585572
0.000500711
0.000253829
0.000191828
0.000680365
0.00037841
0.000293096
0.0002285
0.000151073
0.000328596
0.000605681
0.000876089
8.12515e-05
0.000345976
0.000264044
0.000755453
0.000270086
0.000700017
0.000655867
0.000532077
0.000284237
0.000551698
0.000310119
0.000238925
0.000419593
0.000363353
0.000347513
0.000941149
0.000524776
0.000115502
0.000255561
0.000449626
0.000338158
0.000765532
0.000243691
0.0007233
0.000339919
0.000609752
0.000181755
0.000442539
0.00054798
0.000480996
0.000166414
0.000204216
0.00055456
0.00130983
0.000195295
0.000365751
0.000457999
0.000325345
0.000284374
0.000216175
0.00104478
0.000388568
0.000140568
0.000814813
0.000500423
0.000320841
0.000338835
0.000533071
0.000339232
0.000200872
0.000422709
0.000560618
0.000419537
0.000393449
0.000443002
0.000453441
0.000665845
0.000289575
0.000968236
0.000303033
0.000351705
0.000493348
0.000784939
0.000497038
0.000498488
0.000460188
0.000399424
0.00036454
0.000401968
0.00101517
0.00067815
0.000431863
0.000465679
0.000367808
0.000777861
0.000483588
0.000643732
0.000538201
0.000428991
0.000323229
0.00039303
0.000280374
0.00341799
0.00030956
0.000579733
0.000229414
0.000392828
0.000460004
0.000193005
0.000463778
0.00111303
0.0016481
0.000799855
6.6684e-05
0.000320673
0.00133175
0.000494175
0.000969838
0.000185222
0.000547676
0.000938528
0.000463733
0.000600085
0.000211187
0.000141443
0.00161676
0.000572713
0.000539491
0.000420065
0.000397744
0.000821844
0.000314847
0.000202177
0.000314533
0.000168471
0.000225926
0.00047577
0.000265393
0.000144775
4.69388e-05
0.000154969
0.000903941
0.000305466
0.000273036
0.00043163
0.000327798
0.00025209
0.00032259
0.000181001
0.000226613
0.000723774
0.000720073
0.000977165
0.000564198
0.000361372
0.000295578
0.00103729
0.000868627
0.000417853
0.000472314
0.00175689
0.000309585
0.000358178
0.00125916
0.000260592
0.000308687
0.000910885
0.000395425
0.000619798
0.000582481
0.000614445
0.000885355
0.000109812
0.000109512
0.000928017
0.000538393
0.000240057
0.000479233
0.00039415
0.000706898
0.000440823
0.00019938
0.000636749
0.000177701
0.000233331
0.000606676
0.000430992
0.000403045
0.000113084
0.000392859
5.43705e-05
0.000165528
0.000441665
0.000159856
0.000477431
0.000255534
0.000297387
0.00134283
0.00781982
0.000409948
0.000214118
0.00022617
0.000450064
0.000330101
0.000649737
0.00129501
0.000378301
0.00199658
0.000360616
7.8049e-05
0.00043681
0.000376841
0.00047719
0.000650248
0.000516025
0.000386854
0.000774958
0.000285159
0.000339171
0.000220835
0.000401679
0.000635577
0.00307608
0.000711062
0.000185241
0.000477238
0.000317914
0.00016747
0.000336606
0.00682406
0.00137173
0.00109907
0.00052189
0.000339502
0.000227452
0.000369563
0.000273605
0.000654793
0.000557904
0.000277575
0.000153059
0.000263541
0.000509446
0.000438274
0.000534774
0.00159732
0.00119287
0.000351512
0.000326103
0.000663452
0.000283974
0.000269009
0.000332732
0.00392426
0.000428403
0.000265738
4.98545e-05
0.000385281
0.000180093
0.000373097
0.000669002
0.000603562
0.000590222
0.000399017
0.00020888
0.000288302
0.00044819
0.000348175
0.000280594
0.000372902
0.000172651
0.000293285
0.000185099
0.000570248
0.000247206
0.000363257
0.000224866
0.000282431
0.000498347
0.000292221
0.00167773
0.00123851
0.000622367
0.00032882
0.000412282
0.00030771
0.00019512
0.000499768
0.000502887
0.000496537
0.000220264
0.000407725
0.000778646
0.000500245
0.000268366
0.000375022
0.000626584
0.00119289
0.000317346
0.000445356
0.000551127
0.000343046
0.000321264
0.000442366
0.000228302
0.0002021
0.000548477
0.000170109
0.000427656
0.000326164
0.000530164
0.000483207
0.000374324
0.000386719
0.000503043
1.84013e-05
0.000445046
0.000176576
0.000935738
0.000866593
0.000771727
0.000128089
0.0002814
0.000295077
0.000285723
0.0160362
0.000265613
0.000298181
0.000246908
0.000541086
0.000316629
0.000285659
0.000358266
0.000789327
0.000632075
0.000388054
0.000137065
0.000192475
0.000374329
0.000282951
0.000286587
0.000137077
0.00247964
0.000376961
0.000390855
0.000206469
0.000150908
0.000339028
0.000485403
0.00020579
0.000348261
0.000364148
0.000477231
0.0011014
0.000374413
0.000494378
0.000322319
0.0156617
3.57446e-05
0.000507891
0.000319947
0.000271151
0.000413566
0.000739692
0.000176264
0.00017337
0.000559406
0.000216586
0.00125808
0.000246194
0.000361123
0.000258427
0.000175707
0.00024643
0.000251357
0.00249954
0.000164817
0.000143816
0.000188799
0.000593006
0.000360531
0.00040895
0.000470254
0.000775388
0.000266702
0.000213357
0.000205251
0.000658869
0.00107632
0.000950212
0.000246617
0.000360607
0.000261141
0.000863974
0.000295996
0.000492795
0.000314714
0.000139263
0.00032918
0.00017875
0.000320943
0.00125627
7.70558e-05
0.00066041
0.00295404
0.00590628
0.000305564
0.000367793
0.00037602
0.000350266
0.000144012
0.00041351
0.000734479
0.000294878
0.000476017
0.000237335
0.000206808
0.000660772
0.000390603
0.000336804
0.000173818
0.000431373
0.000403063
0.000313161
0.000963685
0.000278927
0.0005833
0.000331846
0.000418921
0.000681709
0.000300086
0.000397511
0.000218937
0.000440431
0.000256255
0.000203556
0.000196363
0.000183946
0.000317455
0.000570328
0.000571345
0.000169932
0.000616269
9.66787e-05
0.00107475
0.00231927
0.000470063
0.00106141
0.000245642
0.000687906
0.000256651
0.000249161
0.000714204
0.000502748
0.00396358
0.000956847
0.000456907
0.00051351
0.00040573
0.000711939
0.000768341
0.000383569
0.000410546
0.000469699
0.000388511
0.000306047
0.000303197
0.000606756
0.000131676
0.00126505
0.00039527
0.000326036
0.00150126
0.000570333
0.000372887
0.000701558
0.0016486
0.000533707
0.00027491
0.000186373
0.000244882
0.000195239
0.000680377
0.000612358
0.00121319
0.000286083
0.000208077
0.000623431
0.000513507
0.000161493
0.000265673
7.66171e-05
0.000692086
0.000390975
0.000421558
0.000455026
0.00089127
0.000169331
0.000455584
0.000551598
0.000401945
0.000255353
0.00606535
0.000356217
0.00050069
0.00199937
0.000613779
0.00214007
0.00299312
0.000533244
0.0004553
0.000519641
0.000457636
0.000284425
0.000640069
0.000492706
0.000231896
0.000463126
0.000209445
0.000276217
0.00041831
0.000427184
0.000378826
0.000633767
0.000344506
0.000361024
0.000529183
0.000569141
0.000321663
0.000533349
0.000571684
0.00319977
0.000166604
0.000385049
0.000458863
0.000534488
0.000389036
0.00268508
0.00563438
9.3755e-05
0.000227264
0.000204206
0.000296203
0.000340548
0.00084356
0.000372241
0.000583812
0.000266743
0.000177787
0.000255371
0.000161569
0.000358684
0.000571398
0.000232641
0.000348462
6.81462e-05
0.000182211
0.000161264
0.000151004
0.000614444
0.000538431
0.000512747
0.000475873
0.00118801
0.00128573
0.000391795
0.000263376
0.000696096
0.000502804
0.000321677
0.00125894
8.85106e-05
0.000570356
0.000303316
0.000451394
0.00112107
0.000410714
0.000410054
0.00298713
0.00054697
0.000294087
0.000566402
0.000147416
0.000295313
0.000241302
0.000382434
0.000728558
0.000325591
0.000388111
0.000371949
0.000435775
0.000924296
0.000342934
0.00027889
0.000348677
0.000815325
0.000550288
0.000256571
0.000204127
0.00230476
0.00032364
0.0112111
0.000407839
0.000276741
0.000346118
0.000618679
0.000476198
0.00034103
0.000324519
0.000145332
0.000159915
0.000135241
0.000653139
0.000244745
0.000302395
0.000623434
0.000223538
0.000781921
0.000385414
0.000390509
0.000785996
0.00073864
0.000195613
0.000128136
0.000424615
0.000403725
0.000516119
0.000409199
0.000324738
0.000556076
0.000907779
0.000807663
0.000780193
0.000490193
0.000599352
0.00065669
0.000287247
0.000258494
0.000100076
0.000314131
0.000588124
0.000177643
0.000479362
0.000386315
0.000533024
0.000651376
0.00055451
0.00211507
0.000715168
0.00083248
0.00037005
0.000590331
0.000466809
0.000940897
0.000536939
0.000523182
0.000496851
0.000114922
0.0011181
0.000709354
0.000355329
0.000303508
0.000349267
0.000668138
0.00111192
0.000436401
0.000616297
0.00031943
0.000391685
0.00047321
0.000357592
0.00131435
0.000443841
0.000739977
0.000773325
0.000531036
0.000413233
0.000297712
0.000371058
0.000283414
0.000181809
0.000211726
0.000628753
0.000478091
0.000681851
0.000539809
6.4525e-05
0.00407468
0.00043845
0.000156225
0.000462996
0.00126741
7.25308e-05
0.000281169
5.24097e-05
0.000197706
0.000321312
0.000295553
0.000666317
0.000266185
0.000331633
0.000519599
0.000569587
0.000631136
0.000181646
0.000270334
0.000202053
0.000260534
0.00012968
0.000326653
0.000750915
0.000990496
0.000374071
0.000483046
0.00080411
0.000464143
5.07196e-05
0.000251227
0.000151132
0.00056799
0.000277756
0.000343011
0.000502891
0.000200874
0.000861846
0.0117703
0.000466291
0.000260697
0.000557686
0.000230266
0.00883732
8.33081e-05
0.000840153
0.00220635
0.00112926
0.000290058
0.000248561
0.000185196
0.000320683
0.00020363
0.000201675
0.000323008
0.00104573
0.000236408
0.000160876
0.00039001
0.000373008
0.000610886
0.00187646
0.000328647
0.000332759
0.00040913
0.000501968
0.000313499
0.000558554
0.000609144
0.000408561
0.000829294
0.000127384
0.000355738
0.000504121
0.000217671
0.000154403
0.000226687
0.000396512
0.000546218
0.000252987
0.000304809
0.000405978
0.000242706
0.000344293
0.000277753
7.74614e-05
0.00059747
0.000354759
0.000145738
0.000273068
0.000585588
0.000160079
0.00049166
0.000181176
0.000318007
0.00311592
0.00106607
0.000315369
0.000589337
0.00313469
0.000499981
0.000508594
0.000322959
0.000272351
0.000323617
0.0056305
0.000122799
0.000401762
0.000625139
0.00328304
0.000256332
0.000298982
0.000312124
0.000278697
0.000290823
0.000454311
0.000572405
0.000154013
0.000988153
0.000281575
0.000546115
0.000614469
0.000298043
0.0108721
0.000588415
0.000544812
0.000297411
0.000579449
0.000257008
0.000556881
0.000785313
0.000210828
0.000384602
0.000343316
0.000506083
0.000331081
0.000275354
0.000247756
0.000354168
0.000228748
0.00102362
0.00066933
0.000144682
0.00445678
0.000287626
0.000415799
0.000503294
0.000348718
0.000208207
0.000442895
0.000253537
0.000101738
0.000557575
0.000328715
0.00090828
0.000392891
0.000453003
0.0126743
0.000230635
0.000293493
0.00048434
0.000120012
0.00032264
0.000299813
0.000269545
0.000901117
0.000395857
0.00011648
0.000217791
0.000255
0.000121864
0.00119654
0.000611084
0.000202366
0.00181252
0.00051426
0.0001138
0.000399968
0.000459785
0.000497069
0.00029251
0.000370169
0.000293344
0.00331836
0.0131182
0.000513107
0.000445573
0.000396951
0.000227324
0.000455518
0.000489031
0.000334773
0.000309984
0.00098839
0.000267307
0.000602699
0.00117146
0.00125788
0.000509176
0.000610985
4.72577e-05
8.8843e-05
0.000627619
0.000374526
0.000459832
0.000293511
0.000300279
0.000335945
0.000341528
0.000922682
0.000347497
0.000515296
0.000376177
0.000318554
0.000544767
0.00052017
0.000490345
0.00051797
0.000644704
0.000525898
0.000323905
0.000186571
0.000725354
0.000609596
0.000428157
0.000938561
0.000634679
0.000401999
0.000140836
0.00864783
0.000199894
0.000566837
0.000157853
0.00103782
0.000386636
0.000406947
0.000460705
0.000531098
0.000525543
0.000529
0.00218835
0.00092919
0.000555368
0.000199729
0.000257413
0.000510664
0.000404737
0.000239733
0.000311476
0.000451713
0.000318977
0.000119643
0.000864983
0.000544688
0.00154616
0.000220022
0.00623909
0.00176379
0.000483183
0.000650825
0.000325415
0.00443004
0.000193142
0.000409441
0.000263928
0.000330028
0.000483084
0.000542659
0.000342494
0.000271501
0.00129587
0.00251146
0.000491734
0.000280753
0.000137428
0.00071196
0.000305027
0.00059151
0.000534654
0.000634499
0.000306546
0.000551836
0.000188585
4.19855e-05
0.000321869
0.000304134
0.000382952
0.000183163
0.000223886
0.000171086
0.000228688
0.000482017
0.000178941
0.000479215
0.00032667
0.000265205
0.000561068
0.000148824
0.000464205
0.000272162
0.000698282
0.000857847
0.000204006
0.000189704
0.000280263
0.000438866
0.000311464
0.000418985
3.49929e-05
0.000271235
0.000803127
0.000433837
0.00107156
0.000362113
0.000438533
0.000280942
0.000394986
0.000260132
0.000787995
0.000508615
0.000167446
0.000939709
0.000434894
0.000393296
0.000208626
0.0020706
3.4596e-05
0.000709237
0.00037545
0.00048418
0.000360997
0.000181205
0.000224844
0.000101898
0.000783415
0.00017756
0.000337068
0.000441137
0.000589281
5.3745e-05
0.000534594
9.87042e-05
0.000581281
0.000602761
0.00185206
0.000348603
0.00064345
0.000915271
0.000452383
0.000358248
0.00042067
0.000318261
0.000245605
0.000315789
0.000429134
0.000422039
0.000345809
0.000431509
0.000713755
0.000583152
0.000687721
7.91787e-05
0.000437627
0.000266315
0.000242263
0.000483277
0.000422121
0.000491098
0.000468973
0.00296302
0.000416332
0.000502028
0.000192069
0.000383594
0.000437882
0.000360064
0.000436217
0.000748257
0.000220965
0.000225428
0.000350539
0.000681128
4.97166e-05
0.000202237
0.00081178
0.00028428
0.000489714
0.000442132
0.000229633
0.000333825
0.000210053
3.79637e-05
0.000597546
0.000265313
0.00130893
0.000477256
0.000378094
0.000444291
0.00080362
0.000658525
0.000253447
0.000255757
0.000264759
0.000568434
0.000102578
0.000154248
0.00028284
0.000441895
0.000333034
0.000101334
0.000565309
0.000491205
0.000612449
0.000523521
0.000150661
0.000873246
0.000522859
0.000916794
0.000397496
0.00151437
0.000344633
0.000430479
0.000394731
0.000345082
0.000459333
0.000326105
0.000252909
0.000644495
0.000344417
0.000343811
0.000170313
0.000535388
0.000459171
0.000462785
0.000414728
0.00041561
0.000538042
0.000367896
0.00149015
0.000327004
0.000190122
0.000301223
0.000574722
0.000256438
0.000112114
0.000190188
0.00147342
0.00052421
0.000282569
0.000302241
0.000679593
0.000369393
0.00194237
0.000901026
0.000552051
0.000406088
0.000654202
0.000248295
0.000210737
0.000625534
0.00045744
0.000675884
0.000148767
0.000654885
0.000421666
0.000345548
0.000164185
0.00026259
0.000299754
0.000704805
0.00444261
0.000277204
0.00149427
0.000263575
0.000171333
0.000409621
0.000291017
0.000507716
0.000847736
0.000377347
0.000324622
0.000313397
0.000307585
0.000258946
0.000541193
0.000460366
0.00144543
0.000416341
0.000403634
0.000436317
0.000425901
0.00073726
0.000208439
0.000325676
0.000303344
0.000586609
0.000295613
0.000476331
0.000489314
0.000608099
0.000963326
0.000225107
0.00103736
0.000229506
0.000567085
0.000517245
0.000126534
0.00120243
0.000336377
0.00047205
0.00034141
0.000339081
0.000429816
0.000406608
0.000417004
0.000337612
0.000244656
0.000997313
0.000684907
0.000382275
0.000440185
0.000443594
0.000291797
0.000181275
0.000351395
0.000153227
0.000351817
0.000355241
0.000573942
0.000475526
0.00022408
0.00279787
0.00138146
0.00037079
0.000521028
0.000646273
0.000264462
0.000489542
0.000709391
0.000231029
0.000425751
0.000337689
0.00134458
0.00015766
0.000258376
0.000197871
0.000424899
0.000404969
0.000366261
0.000406777
0.000362072
0.000297758
0.000322103
0.000457544
0.0002735
0.000317321
0.000138726
0.000640229
0.00253427
0.000329159
0.000298323
0.000610643
0.000348058
0.00238305
0.000282893
0.000110147
0.000572522
0.000622505
0.000221524
0.000390152
0.000638101
0.00035823
0.000319357
0.00026556
0.000484932
0.000299673
0.000305046
0.000493995
0.000411193
0.00434258
0.000242514
0.000264429
0.0010419
0.000235493
0.000403942
0.000414741
0.000611271
0.00147525
0.000469241
0.000171094
0.00133877
0.00018398
0.000207311
0.000159936
0.00111228
0.000237449
0.000646474
0.000322715
0.000494043
0.000254453
0.000168328
0.000474051
0.000358339
0.000228499
0.000771754
0.000762817
0.00149265
0.000451211
0.000150177
0.000672246
0.000222859
0.000365511
0.000214514
0.00015269
0.000354559
0.000238912
0.000408924
0.000375491
0.00155636
0.000440839
0.00192177
0.000260696
0.000180175
0.000783317
0.000116792
0.000212993
0.000372919
0.00027619
0.000718917
0.00149497
0.000386914
0.00062887
0.000390963
0.000274982
0.000364088
0.000682896
0.000381895
0.000427016
0.000514033
0.000282732
0.000266279
0.00054049
0.000365804
0.000260013
0.000255505
0.000200337
0.000253976
0.000454434
0.000205049
0.000260132
0.000348746
0.000210097
8.54376e-05
0.000314011
0.000687804
0.000580464
0.000557183
0.00033313
0.000506118
0.00050478
0.000457706
0.000261785
0.000780701
0.000644226
0.000315403
0.000551592
0.00087844
0.00153971
0.000426682
0.000224838
0.000192779
0.000528646
0.000226335
0.000578801
0.000268395
0.000374925
0.000558554
0.000257136
0.000554617
0.000227521
0.000356852
0.000474078
0.000283286
0.00725808
0.0038024
0.00189063
0.000321144
0.000428989
0.000487025
0.000327346
0.000282489
0.00114545
0.000497843
0.000272231
0.000361692
0.000498642
0.000509908
0.00135785
0.000369435
0.000134974
0.000506729
1.87594e-05
0.00103384
0.000746555
0.00154542
0.000291744
0.000181694
0.000216081
0.000613481
0.000353969
0.000256376
0.000327418
0.000170923
0.000419848
0.000558206
0.000949734
0.00049752
0.000444501
0.000349163
0.003343
0.000382271
0.000442568
0.000259164
0.0002448
8.44594e-05
0.000342523
0.000356628
0.000496267
0.000998245
0.000180399
0.00017001
0.000183192
0.000435109
6.25145e-05
0.000675199
0.000414822
0.00049218
0.000261545
0.000976565
0.000586892
0.000333817
0.000308069
0.000232237
0.000725289
0.000715547
0.0003074
6.98412e-05
0.000159468
0.000344927
0.000840185
0.00142129
0.000257577
0.000473964
0.00234178
0.000389372
0.000514585
0.000934981
0.000492215
0.000187919
0.000302845
0.000119665
0.000426566
0.000157451
0.00033709
0.000315844
0.0003251
0.00117423
0.000543688
0.000695785
0.000136987
0.000605309
0.000428967
0.000364001
0.000374807
0.000524636
0.00108751
0.00241604
0.000594718
0.000150912
0.000219746
0.000273582
0.000145124
0.00043176
0.00283674
0.000195451
0.00046428
0.000488669
0.00014804
0.000298115
0.00102977
0.000262858
0.000471655
0.000135597
0.000316076
0.00111882
0.000360369
0.000348192
0.000238173
0.00125381
0.000465875
0.00111121
0.000305567
0.000125583
0.000304168
0.000277154
7.40398e-05
0.000321369
0.000270888
0.000321854
0.000243891
0.000223146
0.000440287
0.000276791
0.000471114
0.000277975
0.00170128
0.000416979
0.000432456
0.000292286
0.00276788
0.000438027
0.000454194
0.000651695
0.000406824
0.000683769
0.00439473
0.000303279
0.000162107
0.000315308
0.000215198
0.000342983
0.000721665
0.000211099
0.000112394
0.000123886
0.000360381
0.000242691
0.000464397
0.00237889
0.000291372
0.00016235
0.000614055
0.000316035
0.000457068
0.00025412
0.000744506
0.00139422
0.00039811
0.000433529
0.000276297
0.000222325
0.000224276
0.000198253
0.000181108
0.000333274
0.000376979
0.00108687
0.000899528
7.25649e-05
0.000354874
0.000277904
0.000321189
0.000369115
0.00060586
0.000650042
0.000323336
0.000494086
0.000866265
0.000448159
0.000298115
0.00119717
0.000378705
0.000187313
0.00201881
0.000881329
0.000447567
0.000151077
0.000402764
0.0010759
0.000179105
0.000572897
0.000280223
0.000777336
0.00303888
0.000585178
0.000288501
0.000297702
0.000116653
0.000248049
0.000109604
0.000567496
0.000359813
0.000868237
0.00184389
0.000663234
0.00026287
0.000277846
0.000515579
0.000467757
0.000268279
0.000399706
0.000553169
0.000382466
0.000231522
0.000195736
0.000447513
0.000184662
0.000254324
0.00100695
0.00053014
0.000165549
0.000243479
0.000129946
0.00033311
0.000169706
0.000226214
0.000146029
0.000747534
0.000430456
0.000309468
0.000210799
0.000408092
0.00209033
0.0019632
0.000235269
0.000930933
0.000415366
0.000383475
0.000138671
0.000380937
0.000371517
0.000288194
0.000298163
0.000512567
0.000526519
0.000475982
0.000124421
0.00052491
0.000198306
0.000420906
0.00050039
0.000168086
0.00337149
0.000807893
0.000449103
0.000247837
0.000648201
0.00024259
0.000117905
0.000402334
0.00144361
0.000251526
0.000741319
0.00371373
0.000792222
0.000423837
0.000272717
0.000542229
0.000506351
0.000152929
0.000378269
0.000340289
0.000514563
0.000278994
0.000706405
0.000341291
0.000204373
0.00043348
0.000751117
0.000901858
0.000264457
0.000837377
0.000233656
0.000347237
0.00127034
0.00169776
0.000583353
0.000436674
0.000443676
0.000212637
0.000342384
0.000520246
0.000396319
0.000251105
0.000794555
0.000149498
0.00081833
6.42088e-05
0.000236355
0.000382586
0.000157941
0.00145489
0.000413224
0.000529986
0.000324842
0.000209947
0.000312217
0.000599186
0.000326008
0.0010296
0.000351262
0.000521737
0.000164406
0.000325592
0.000142088
0.00138865
0.000198855
0.000170277
0.000491289
5.0119e-05
0.00046848
0.00299155
0.000341676
0.000352202
0.000495759
0.000168827
0.00386327
0.0020511
0.00059157
0.000374069
0.00155362
0.000764856
0.000467873
0.000298087
0.000427528
0.000316131
0.000394084
8.03811e-05
0.00193248
0.000274342
0.000309252
0.000260595
0.000297311
0.00129275
0.000822091
0.000421301
0.000746782
0.000366946
0.00517177
0.000758337
0.000345334
0.000463708
0.000310607
0.00022798
0.00716184
0.000488802
0.000178874
0.000328555
0.00126937
0.000415631
0.00101819
0.000431649
0.000603428
0.00451033
0.000157421
0.000389071
0.000616416
0.000196376
0.000441672
9.00005e-05
0.00026555
0.000303284
0.000836206
0.000456519
0.000654765
0.000104399
0.000190891
0.00179296
0.0112696
0.000471094
0.00027932
0.00200511
0.000313831
0.000570274
0.000675551
0.00026583
0.000177106
0.00014282
0.000454723
0.000495613
0.000322081
0.000310657
0.000283368
5.94682e-05
0.000432798
0.00106985
0.000741571
0.000728776
0.000330122
0.000731504
0.000835665
0.000548454
0.000217052
0.000186064
0.00031378
0.000294232
0.000491709
0.000873167
0.000357319
0.000386604
0.000339201
0.00139358
0.000361968
0.000672648
0.000271331
0.00128545
6.24484e-05
0.000190849
9.83622e-05
0.000495428
0.000588509
0.000346012
0.00141261
0.00024009
0.000364618
0.000395941
0.000919951
0.000675594
0.000903011
0.000790914
0.00684681
0.000483007
0.00109021
0.000162362
0.000304973
0.000302278
0.000394618
0.000412155
0.000332194
0.000434406
0.00141647
0.000140776
0.000389928
0.000310367
0.000129953
0.00220315
0.000282007
0.000831324
0.000916035
0.000163615
0.000433847
0.000254492
0.000408824
0.000796344
0.000536592
0.000585002
0.000417075
0.000273222
0.000524451
0.000277147
0.000554263
0.00376583
0.000326166
0.000801993
1.37071e-05
0.000523684
0.00143585
0.000340674
0.000203934
0.000422715
0.000385914
0.000528779
0.00038506
0.00025245
0.000221436
0.000560495
0.000280818
0.00362444
0.000296835
0.000330803
0.000267715
0.000122659
0.000855078
0.000719407
0.000431577
0.00181992
0.000378883
0.000388365
0.000387266
0.0025375
0.000224824
0.00038403
0.00134719
0.000853633
0.000231056
0.000199969
0.000249166
0.000109635
0.000344759
0.000576838
0.000504755
0.000401265
0.000194803
0.000966812
0.00037653
0.000586807
0.000208259
0.000469628
0.000451194
0.000308684
0.000482091
0.00141983
0.00103815
0.000601417
0.00024464
0.000374215
0.000191609
0.000282228
0.00130635
0.000143025
0.000388957
0.000341976
0.000286375
0.000574263
0.000589332
0.00170993
0.000210147
0.000510111
0.000731477
0.000400863
0.000459104
0.000509649
0.00105357
0.000430643
0.000268594
0.000320988
0.000166448
0.000615955
0.000635849
0.0036692
0.000451812
0.000342781
0.000374416
0.000731363
0.00185916
0.000818059
0.000129022
0.000434957
0.000443167
0.000614952
0.000396678
0.000439406
0.000819561
0.000443086
0.000143673
0.000557695
0.000347373
0.000610197
0.000434821
0.000544904
0.000243519
5.28793e-05
0.000496969
0.000581573
0.000463533
0.000309719
0.000259867
0.000196066
0.00128755
0.000321836
0.000803015
0.00115629
0.000114227
0.000476729
0.000232932
0.000948544
0.000999775
0.000832499
0.000452025
0.000374763
0.000388103
0.00165189
0.00021613
0.000279512
0.000339522
0.000521942
0.00184337
0.000508688
0.000974918
0.000417778
0.000581922
0.000176747
0.000368108
0.000366172
0.000490396
0.00136354
0.000225516
0.000258063
0.000311824
0.000305746
0.000812284
0.000595575
0.000160264
0.000519221
0.000306724
0.000527422
0.000543615
0.000574446
0.000354615
0.000212592
0.00113636
0.000453467
0.000369008
0.000856891
0.00054054
0.000420731
0.000321251
0.000340501
0.000618955
0.00472513
0.000120847
0.000601384
0.000417845
0.000436104
0.000914034
0.000586703
0.000329041
0.000519559
0.000219221
9.35638e-05
0.000435594
0.000456386
0.000666199
0.00151029
0.000970911
0.000530999
0.000535295
0.000772564
0.000570203
0.000244562
0.000348174
0.000610298
0.000580232
0.000318804
0.00257493
0.000247661
0.000385581
0.00107948
0.000412161
0.000554958
0.000192366
0.000329221
0.000190232
0.000341426
0.000118015
0.000147437
0.000430393
0.00225665
3.15964e-05
0.000586985
0.000364995
0.000327471
0.000424718
0.000522908
0.000265175
0.000537941
0.000306509
0.00036495
0.000485549
0.00032578
0.000166898
8.97631e-05
0.00042035
0.000170409
9.28696e-05
0.000406671
0.000445495
0.00112128
0.000131594
0.00502585
0.0154987
0.000365158
0.000331649
0.000194162
0.00032772
0.000489798
0.000321635
0.00226054
0.00045311
0.000263003
0.000400147
0.000383284
0.000431803
0.000603575
0.000604011
0.000440742
0.000205657
0.000412601
0.000602563
0.000356205
0.000241386
0.000448641
0.000245514
0.000197181
0.000406092
3.76886e-05
0.000366341
0.000298804
0.000426022
0.000160707
0.000168223
0.000270399
0.000806939
0.000669787
0.000129804
0.000310588
0.000287022
0.000280082
0.000216295
0.000383374
0.000235958
0.000313874
0.00155929
0.00017233
0.000269985
0.000386787
0.000548201
0.000738403
0.000553635
0.000290548
0.000901196
0.000172333
0.00038493
0.000138659
0.000597439
0.000742535
0.000602233
0.000243522
0.000211345
0.000674591
0.000760276
0.000286311
0.00153594
0.000300132
0.000608292
0.000235319
0.000501776
0.00034615
0.000963774
0.000601923
0.000450655
0.000520234
0.000192954
8.79008e-05
0.000798916
0.00108442
0.00112458
0.00230293
0.000314908
0.000755198
0.000472734
0.000353841
0.000207992
0.000259675
0.00201128
0.000226861
0.0176448
0.000254764
0.000393725
0.000674841
0.000231296
0.000501366
0.000378472
0.00158405
0.000787914
0.000520431
0.000412727
0.00032859
0.000883371
0.00402124
2.21229e-05
0.000412147
0.000637352
0.000182338
0.000137453
0.000912188
0.000144768
0.000194727
0.000386129
0.000554375
0.000443434
0.000295525
0.00030212
0.000735373
0.000371847
0.000159265
0.000273814
0.000338482
0.000501849
0.000322236
0.000370632
0.000321865
0.000576674
0.000753716
0.000495203
0.000757276
0.000818209
0.00023918
0.000598414
0.000179619
0.000467177
0.000246298
0.000611996
0.000398204
0.000423521
0.000201488
0.000443921
0.000250305
0.000303902
0.000972681
0.000410371
9.13604e-05
0.00054131
0.000161406
0.000470682
0.000158781
0.00140978
0.000426704
0.000361753
0.000371917
0.000308974
0.000105164
0.000389361
0.000736431
0.000210935
0.000183109
0.000365878
0.000525146
0.000131266
0.000309624
0.000478018
0.000483542
0.000823649
0.000191249
0.000790122
0.000354747
0.000471218
0.000290699
0.000575301
0.000704134
0.000712436
0.0135726
0.000539202
0.00016244
0.000416336
0.00055656
0.000521933
0.000631704
0.000233267
0.000311108
0.000373502
0.000266794
0.000896179
0.000543951
0.000395767
0.000197653
0.000212294
0.00087189
0.000277186
0.000519213
0.000981405
0.000487431
0.000121055
0.000388917
0.000109115
0.000306825
0.000180266
0.000583596
0.0235249
0.000148443
0.000755734
0.000221707
0.000548316
0.000439029
0.000326908
0.000313045
0.000310152
0.000247585
0.000570234
0.000254568
0.00077648
0.000394223
0.000706613
0.000235158
0.000510796
0.000250427
0.000647655
0.000274347
0.00029634
0.000323589
0.000328734
0.000116256
0.000861718
0.000460649
0.00022569
0.000709225
0.000598161
0.000359297
0.00589192
0.000450026
0.000284855
0.00116323
0.00017869
0.000170636
0.000333243
0.000606308
0.00233922
0.000693642
0.000205583
5.37472e-05
0.000339246
0.000401471
0.000266726
0.000355846
0.000340499
0.000630252
0.000763819
0.000732107
0.00031686
0.000809252
0.000326033
0.000607021
0.000304866
0.000357572
0.000342482
0.000638399
0.000114156
0.000523862
0.000333634
0.000132073
0.00107557
0.00113874
0.000275654
0.000317681
0.000387201
0.000936842
0.000533251
0.000717882
0.00134707
0.000118691
0.000748831
0.000422859
0.000407146
0.00318208
0.000354485
0.00349863
0.000364326
0.000403612
0.000251104
0.000426225
0.000951673
0.000722113
0.000235484
0.000418862
0.000302453
0.000211379
6.81111e-05
0.000122918
0.000692989
0.000795897
0.000134343
0.000255698
0.000389579
0.000295156
0.000196931
0.000235051
0.00046027
0.000437237
0.00030684
0.000347015
0.000240276
0.000323439
0.000293374
0.000299259
0.000374915
0.000155356
0.000390498
0.000272577
0.000253763
0.000510467
0.000348349
0.000284093
0.000348274
0.00120778
0.000754031
0.00345957
0.0005676
0.0037964
0.000250407
0.000603958
0.000263326
0.000575536
0.000216024
0.000508855
0.000184006
0.000439598
0.000288039
0.000231306
0.000108466
0.000986164
0.000165328
0.000235401
0.000417411
0.000203237
0.000309037
0.000386063
0.000296798
0.000327513
0.000394086
0.000574812
0.00024629
0.000116449
0.000419732
0.000555158
0.000189772
0.000282755
0.00225478
0.000531523
0.000269466
9.27903e-05
0.000294006
0.000200966
0.000211485
0.00997242
0.000644133
0.000219518
0.000208223
0.000392215
0.0100089
0.000511951
0.000781963
0.00257884
0.000648495
0.000268716
0.000986876
0.000531151
0.000564591
0.00019827
0.000293949
0.000148534
0.000153643
0.000190619
0.00126294
0.000139709
0.000374649
0.000458396
0.00033003
0.000429631
0.000529866
0.000327735
0.000545734
0.000658757
0.000288873
0.000154977
0.000436722
0.000352231
0.000330834
0.000354726
0.000739616
0.000927936
0.000203877
0.000446873
0.000589219
0.000138856
0.000740085
0.000301683
6.05991e-05
0.000327838
0.000464272
0.000148567
0.000519126
0.000407066
0.000513646
0.000445658
0.000272781
0.000508069
0.000258976
0.00033597
0.000390991
0.000465196
0.000274317
0.000737083
0.000747549
9.03533e-05
0.000401662
0.000466425
0.000694157
0.000619054
0.000514607
0.000201222
0.000470736
0.000273376
0.000241031
0.00048514
0.000912887
0.000420438
0.000173728
0.00115637
0.000411876
0.000485855
0.000244078
0.000302482
0.000524434
0.00039373
0.000651913
1.45456e-05
0.000718579
0.000214663
0.00332437
0.000259658
0.00124971
0.000635297
0.000257764
0.000597991
2.87772e-05
0.000535083
0.000726166
0.000295061
0.00026941
0.000111514
0.000299381
0.000182967
0.000796942
0.000387506
0.000221182
0.000239707
0.000232516
0.00119683
0.000605565
0.00645109
0.0004721
0.00025015
0.00137653
0.000123241
6.01625e-05
0.00147715
0.000217027
0.000616487
0.00027134
0.000164809
0.000390811
0.000188606
0.00192636
0.000419021
0.00028259
0.00188071
0.000274368
0.000495286
0.00119915
0.000506471
0.00295371
0.000314447
0.000524682
0.000471133
0.000700361
0.000186918
0.00133734
0.000493323
0.000480737
0.000939759
0.000470453
0.00131026
0.00050274
0.000412045
0.00030475
0.000226735
0.000485
0.000965034
0.000759407
0.000940275
0.000601072
0.000320535
0.000364949
0.000430721
0.000391621
0.000436301
0.000143627
0.00024927
0.000318696
0.000106537
0.000851753
0.000329526
0.00106257
0.000337578
0.00049632
0.000520445
0.000330375
0.000132051
9.94789e-05
0.000549923
0.000660434
0.000739238
0.000404559
0.000406747
0.000510981
0.000531655
0.0002743
0.000264503
0.000182906
0.000469911
0.00108899
0.00105239
0.000581046
0.000352972
0.00116419
0.00088181
0.000643624
0.000469697
0.000106856
0.000149927
0.000507342
0.000717076
7.55746e-05
0.00055572
0.000281442
0.000372486
0.0402546
0.000335225
0.000587814
0.000200608
0.000816708
0.00183265
0.00039111
0.00041225
0.000235827
0.000841842
0.000340725
0.000331972
0.0003356
0.000247925
0.000619528
0.000561195
0.000346562
0.000472038
0.000440815
0.000218976
0.000498688
0.000291518
0.000339537
0.00021569
0.000769508
0.000519177
0.000345292
0.000332193
0.000469647
0.000509854
0.000348403
0.000387026
0.000346812
0.000681546
0.00123485
0.000349554
0.000496469
0.000190873
0.000226818
0.000540943
0.000354869
0.000500854
0.000966644
0.000468343
0.000320594
0.00187604
0.00143572
0.000484021
0.000123559
0.000584863
0.000871936
9.89269e-05
0.00017869
0.000210037
0.000740109
0.00109944
0.000253848
0.000271448
0.000242847
0.00114841
0.000476396
0.000401327
0.000214913
0.000298013
0.000622146
0.000491381
0.00450672
0.000251177
0.000727448
0.000249001
0.00142889
0.00148433
0.00084385
0.00202094
0.000605353
0.000450273
0.000633833
0.000362011
0.00036707
0.000236271
0.000300126
0.00010989
0.00048982
0.000443883
0.000302861
0.000734801
0.000102658
0.000406226
0.000284405
0.000463159
0.000908598
0.000618725
0.000343545
0.000370486
0.000274249
0.000154879
0.000436897
0.00273046
0.000403335
0.000206246
0.000221079
0.000300413
0.00039089
0.000361731
0.000738865
0.000362253
1.03797e-05
0.000505775
0.000450043
0.000454834
0.000404746
0.000214637
0.000443894
0.000772661
0.00132381
0.00080604
0.000576674
0.000451424
0.000290879
0.000550668
0.000252283
0.0012123
0.000240533
0.000308663
0.000259167
0.0010004
0.000728666
0.000617728
0.000100219
0.000363271
0.000452163
0.000321127
0.000605199
0.000920313
0.000201939
0.00149925
0.000871568
0.000303185
0.000541168
0.000362346
0.00114536
0.000556798
0.000242424
0.000447304
0.000844889
0.000379449
0.0001014
0.000338565
0.000393665
0.000355752
0.000213331
0.0004957
0.000892118
5.67283e-05
0.000339285
0.000668659
0.000240662
0.000335385
0.000466598
0.000732462
0.000462368
0.000472097
0.000393379
0.000308424
0.000231935
0.000422071
0.000243023
0.00113813
0.000395303
0.000571014
0.000434994
0.000133561
0.000954816
0.00106501
0.000301551
0.000235863
0.00435013
0.000396424
0.000719292
0.000244135
0.000602623
0.000270296
0.000380252
0.000232408
0.000167632
0.000544873
0.00050904
0.000345464
0.000314726
0.000897499
0.000260865
0.00223904
0.000333528
0.000358929
0.000344376
0.00036669
0.000933809
0.000701518
0.000308059
0.000152205
0.00012672
0.000104597
0.0010402
0.000306267
0.000254675
0.00048742
0.000764234
0.00262048
0.000228983
0.000259098
0.000224997
0.000785046
0.000795634
0.000240092
0.000962386
0.000271084
9.96469e-05
0.00056719
0.000436912
0.000273157
0.000489303
0.000263813
0.000256834
0.00609614
0.000920502
0.000296695
0.000319954
0.000439056
0.00033863
0.00104929
0.000575524
0.000309763
0.000261538
0.000345359
0.000321651
0.00015449
0.000114537
0.000153791
0.00035874
0.000469023
0.000856132
0.000751497
0.00108049
0.00327828
0.000218017
0.00199318
0.000666856
0.000693433
0.000247798
0.00156554
0.00183137
0.000535547
0.000639609
0.00021586
0.000125671
0.000427132
0.000273962
0.00090893
0.000188345
0.000343423
0.000346685
0.00057198
0.000160828
0.000264101
0.000618073
0.000405037
0.000371941
0.000152729
0.000374095
0.00022884
0.000556673
0.000214047
0.0087245
0.000925238
0.000271042
0.000891427
0.000243675
0.000511661
0.00042179
0.000179808
0.000270803
0.000937749
0.000715347
0.000288506
0.00719112
0.000315003
0.000739892
0.000707063
0.000446859
0.000361444
0.000587362
0.000551872
0.000154864
0.000516797
0.000158842
0.00097004
0.000230502
0.000462562
0.000144816
0.000192502
0.000547635
0.000757249
0.000486525
0.000305209
0.000370104
0.000273422
0.00116959
0.000160031
0.000135372
0.00048495
0.000123351
0.000565781
5.38946e-05
0.000295897
0.00179645
0.00186347
0.000365902
0.000326443
1.63032e-05
0.000565685
0.000300222
0.000736839
0.000197797
0.000779211
0.000405641
0.000471374
0.000490622
0.00036451
0.000234442
0.000164388
0.000599275
0.000119985
0.000592183
0.000445707
0.000379913
0.000480173
0.000265243
0.000339073
0.00923886
0.000284874
0.00250801
0.000419122
0.000128433
0.000401142
0.000326435
0.000212437
0.000210909
0.00084037
0.000185226
0.000598061
9.51189e-05
0.000300459
0.000403027
0.000253918
0.000531368
0.00104238
0.000387059
0.000196533
0.000333168
0.000815975
0.00019221
0.000660265
0.000246273
0.000386838
0.000596864
0.000396856
0.00200756
0.000213443
0.0016472
0.000305019
0.000252587
0.00148757
0.000522438
0.000611189
0.000593863
0.000209319
0.000180729
0.0015035
0.000509835
0.000156563
0.000208087
0.000171823
0.00027654
0.000295996
0.000625947
0.000572841
0.000939605
0.000260703
0.00120989
0.000405665
0.000288142
0.000324637
0.000453278
0.000319882
0.0031512
0.000775595
0.000386953
0.000928534
0.000293971
0.000573946
0.000500357
0.00143446
0.000755369
0.000239818
0.000173792
0.00148735
0.000370748
0.000603718
0.00126448
0.000380055
0.000106049
0.000941201
0.000413886
0.00293086
0.000315157
0.000614779
0.000509541
0.000188971
0.000976968
0.000505401
0.000912667
0.00035984
0.00036186
0.000523073
0.000236019
0.000406991
0.000155695
0.000130116
0.000313633
0.000342532
0.000923783
0.000321761
0.00561364
0.000695443
0.000409996
0.000568505
0.000248817
0.000205124
0.000705807
0.00036684
0.000259312
0.0005048
0.000715126
0.000338714
0.00120758
0.000253358
0.000489407
0.000218954
0.000297803
0.000191461
0.000270965
0.00168776
0.00222301
0.0002547
0.000273271
0.000348559
0.000153784
0.000567706
0.000710501
0.00064982
0.000291825
0.000803367
0.000187469
0.000317892
0.000785214
0.000508921
0.000177927
0.000782495
0.00023203
0.000296924
0.00063077
0.000290457
0.000449599
0.000216278
0.000467193
0.00018151
0.000243294
0.000258671
0.00036269
0.000298208
0.00015485
0.00047943
0.00116759
0.000500664
0.000489556
0.00188674
0.00341831
0.000341547
0.000282103
0.000384602
0.000246906
0.000377935
0.00101142
0.000674613
4.2292e-05
0.000263261
0.000406855
0.000567072
0.000565297
3.45412e-05
0.000334758
0.00179006
0.000291533
0.000648439
0.000584299
8.75178e-05
0.000273921
0.000397262
0.000283979
0.000576058
0.000297925
0.000118325
0.000362083
0.000552057
0.000361365
0.000607474
0.000639985
0.00037664
0.0011854
0.000483995
0.000330764
0.000516002
0.000466273
0.000553438
0.000732987
0.00241573
0.000315734
0.000438839
0.000441543
0.000391037
0.000587012
0.000221916
0.000242915
7.86086e-05
0.000344013
0.000172229
0.000302361
0.000419249
0.000129466
0.00188327
0.0005649
0.000231209
0.00335254
0.000861623
0.00105859
0.000281515
0.000607991
0.000360713
0.000699297
0.000510581
0.000809896
0.00024595
0.00134772
0.000410887
0.000556208
0.000486277
0.000600549
0.000372263
0.00021035
0.0004289
0.000890641
0.000872614
0.000232825
0.000140745
0.000242644
0.000553521
9.63873e-05
6.29503e-05
0.00013397
0.000450381
0.000258017
0.00038246
0.000257263
0.000278692
0.00013109
0.00140986
0.000249477
0.000424507
0.000445696
0.000178152
0.00057116
0.00048816
0.000579095
0.000485462
0.000297218
0.000197297
0.000567519
0.000414061
0.000440348
0.000627159
0.000210092
0.000504247
0.000294307
0.00034883
0.00021851
0.000301278
0.000411498
0.000703252
0.000634024
0.000436475
0.000468529
0.000289135
0.000762671
0.000245217
0.000245733
0.000465832
0.000439087
0.000248184
0.000186172
0.00058018
0.000150232
0.000653468
0.000635115
0.000307718
0.000242413
0.000170531
0.00160316
0.000262795
0.00029537
0.000385085
0.000218312
0.000542947
0.000128352
0.000158877
0.000587992
0.000334275
0.000402371
0.000433306
0.000327277
0.000241518
0.000497678
0.000177523
0.000443871
0.000713896
0.000179134
0.000294119
0.000163642
0.000313125
0.000583327
0.000826959
0.000161413
0.000227592
0.000577946
0.000265554
0.000678698
0.000515142
0.000425296
0.000248121
5.96037e-05
0.000591763
0.00114131
0.00161114
0.000337359
0.000417236
0.000235459
0.00415601
0.00091159
0.000928252
0.000214898
0.000804677
0.000203058
0.000296862
0.000542103
0.000140063
0.000501468
0.000369453
0.000211382
0.000185983
0.000295119
0.000270416
0.00177675
0.000378494
0.000368825
0.00134795
0.000849306
1.51021e-05
0.000820712
0.0103993
0.000319416
0.000518237
0.000423225
0.0013938
0.000928278
0.000319462
0.000241582
0.000252263
0.000971113
0.000341019
0.000557963
0.000412177
0.000471972
0.000214077
0.000211669
0.000899111
0.000223994
0.000193578
6.28601e-05
0.000267403
0.00027718
0.00237757
0.000236968
0.000382346
0.000738207
0.000236843
0.000252807
0.000826974
0.000207029
0.00358353
0.000795461
0.00439284
0.000664085
0.000156031
0.000585641
0.000304861
0.00104174
0.000596981
0.000978181
0.000403776
0.000110701
0.000455736
0.000663075
0.000179768
0.000192245
0.000931656
0.000722958
0.000254533
0.000310936
0.00118368
0.000123157
0.000526729
0.000966654
0.00613416
0.000511663
0.000366257
0.000238853
0.000295165
0.000270704
0.000442966
0.000266471
0.00043235
0.000390792
0.000262908
0.000370255
0.000334999
0.000469921
0.000248111
0.000383624
9.35854e-05
0.000641672
0.000375609
0.00104533
0.000645597
0.000238555
0.000707514
0.000193268
0.000485316
0.000406642
0.000225232
0.000134163
0.000156871
0.000736444
0.000353339
0.000304738
0.0005454
0.000510104
0.000700668
0.000505533
0.000430605
0.000397073
0.000743242
0.000110125
0.000494664
0.000347698
0.000296429
0.000122001
0.000525799
0.000731552
0.00102238
0.000315659
0.000177852
0.0185661
0.00037507
0.000448054
0.000969701
0.000282445
0.000690782
0.000237374
0.000316837
0.00079251
0.000241992
0.000340683
6.86297e-05
0.000279832
0.000439111
0.000123585
0.00105414
0.000497621
0.000183746
0.000231719
0.000261274
0.00155814
0.000185504
0.000156916
0.000326771
0.00115546
0.00015198
0.00185701
0.000460802
0.00104384
0.000374038
0.000371621
0.000503926
0.000293144
0.000223608
0.000190995
0.000478588
0.000427833
0.000219542
0.000340061
0.000153379
0.000606745
0.000333956
0.000228753
0.000237149
0.00026503
0.000258072
0.000587825
0.000145965
0.000196973
0.000492313
0.000678366
0.000277103
0.000501783
0.000624499
0.000319269
0.000366594
0.000519474
0.00036011
0.00010425
0.000139981
0.000686132
0.00045362
0.000426003
0.0007948
0.000788082
0.000731164
0.000545724
0.000608533
0.000158989
0.000265674
0.000643459
0.00035545
0.000470044
0.000311704
0.000422821
0.000244061
0.00237099
7.19088e-05
0.000689555
0.000588621
0.000292662
0.00118149
0.000274587
0.000188735
0.000452138
0.000395581
0.000643576
0.000335334
0.000341582
0.000462221
0.000181
0.000562812
0.000289921
0.000324732
0.000226639
0.000204055
0.000287854
0.000396445
9.34814e-05
0.000595037
0.000999278
0.000452866
0.000417017
0.000149546
0.000203492
0.000218724
0.000629761
0.00025255
0.000612108
0.000300544
0.000766025
0.000335618
0.000545914
7.45937e-05
0.000262884
0.000495778
0.00103525
0.00167383
0.000362196
0.00474272
0.000344522
0.000300663
0.000284112
0.00111675
0.000559592
0.00129674
0.00491384
0.000434795
0.000647478
0.000808107
0.000503758
0.00205491
0.000186772
0.000283152
0.000647907
0.000670662
0.000137305
0.000440984
0.000573664
0.000170433
0.000495007
0.000966825
0.000481135
0.000664226
0.00038374
0.000432753
0.000571548
0.000243314
0.000242065
0.000261477
0.000379102
0.000449747
0.000400896
0.000337025
0.000153491
0.000333307
0.000390454
0.000572484
0.000226862
0.000603471
0.00046872
0.000422193
0.000442496
0.000148989
4.28675e-05
0.000270693
0.000400692
0.000451523
0.000159465
0.000271545
0.00224368
0.000633069
0.00024072
0.000163935
0.000421409
0.000337577
0.000950063
0.000993717
0.000317434
0.000523575
0.00165566
0.00114134
0.000137057
0.000174632
0.00204934
0.000498471
0.000239846
0.00126485
0.000437799
0.000439405
0.000442094
0.000746961
0.000366146
0.000699699
0.000258498
0.000275918
0.000537798
0.000300721
0.000329867
0.00210769
0.000929587
0.0042085
0.000145726
0.000426399
0.00017203
0.000182533
0.000486119
5.08569e-05
0.000450006
0.000799584
0.000298716
0.000527754
0.000647765
0.000417837
0.000332866
0.000579462
0.0004865
0.000425897
0.00141767
0.000489482
5.93742e-05
0.000284452
0.000686393
0.00019266
0.00064535
0.000932199
0.000367375
0.000538865
2.1241e-05
0.000440985
0.000235216
0.000416163
0.000864976
0.00046164
0.000336605
0.000302121
0.000735484
0.000388851
0.00050937
0.000582507
0.000305802
0.000496531
0.000387962
0.000648356
0.000239704
0.000243157
0.000329856
0.000240046
0.0154937
0.000362737
0.000531717
0.000555441
0.000415899
0.000372887
0.000287328
0.000819717
0.000267641
0.000548997
0.00091781
0.000233271
0.000377078
0.00275137
0.00100947
0.000118326
0.000464409
0.00346876
0.000501908
0.000374587
0.000499315
0.000500987
0.000154523
0.00031373
6.11877e-05
0.000412984
0.000539272
0.000291141
0.000486734
0.000615412
0.000512791
0.000368531
0.000353408
0.000267098
0.000257276
0.000432756
0.000203442
0.000599952
0.000552111
0.000411137
0.000290382
0.000350604
0.000107234
0.00105449
0.000281999
0.000862748
0.00224686
0.000120824
0.000858846
0.000230091
0.000864913
0.000240889
0.000500934
0.000329991
0.000302555
0.000147576
0.000589083
0.000854932
0.000511206
0.0003072
0.000253101
0.000552842
0.000777021
0.000861866
0.000522116
0.0017623
0.000257809
0.000364181
0.000749834
0.000432498
0.000437155
0.000623554
0.000740608
0.000180639
0.000496934
0.00024011
0.000136638
0.000409697
0.000495791
0.00047555
0.000415171
5.87378e-05
0.000391341
0.000445643
0.000660378
0.000585518
0.000328769
0.000721422
0.000184968
0.000549211
0.000819971
0.000261618
0.00030718
0.000438971
0.000109502
0.000353003
0.000516037
0.000165995
0.000273578
0.000254306
0.000330303
0.000679358
0.000271284
0.000466325
0.000248908
0.000223152
0.013032
0.000409806
0.000815592
0.000353322
0.000248673
0.000367266
0.000481586
0.000330835
0.000437437
0.000222217
0.000272715
0.0006052
0.000420632
0.000541146
0.000816455
0.000502422
0.000278506
0.000399543
0.000498542
0.000594221
0.000343356
0.00145911
0.000391498
0.00107833
0.000385057
0.0001162
0.000427534
0.00049015
0.000763037
0.000604893
0.000381601
0.000529963
0.000580606
0.000620825
0.00089756
0.000667968
0.00203596
0.000384155
0.000561634
0.00111629
0.00132411
0.000257753
0.000271475
0.00224519
0.000347294
0.000550141
0.000617791
0.000275687
0.000238394
0.000387774
0.000158829
0.000493547
0.00132917
0.000393883
0.00134198
0.00050753
0.000505821
0.000128396
0.000799304
0.00133983
0.000324192
0.000457717
0.000458224
0.000263737
0.000435517
0.000172386
0.00189799
0.041325
0.000241294
0.000637523
0.000159377
0.00104013
0.000278419
0.000481071
0.000276577
0.00022483
0.00050899
0.00111819
0.000300717
0.000274541
0.000871652
0.000361623
0.000198514
0.000243662
0.000444788
0.00197385
0.000253351
0.000594252
0.000332046
0.000542854
0.00036117
0.000345798
0.000442526
0.00125134
0.000268996
0.000322487
0.000279292
0.000590031
0.000169596
0.00048435
0.000244013
0.00031529
0.000654374
0.000370884
0.000328795
0.000307374
0.000516822
0.000260712
0.00012782
0.000583613
0.000616197
0.00028867
0.000234738
0.000320968
0.00236044
0.0010159
0.000352931
0.000856858
0.000451617
0.00056788
0.000251103
0.00121561
0.000107542
0.000675405
0.000281886
0.000204912
0.000400464
0.00187039
0.000262279
0.000362292
0.000241884
0.000423196
0.000853521
0.00030168
0.000389494
0.000483723
4.30712e-05
0.00254931
0.000322712
7.86468e-05
0.000349203
0.00065605
0.000281042
0.00136803
0.000639998
0.000147619
0.00179657
0.000203376
0.000514689
0.000263807
0.00100398
0.000234289
0.000463194
0.000441548
0.000463894
0.000611794
0.000443676
0.000393749
0.00115398
0.0023697
0.000230571
0.00128994
0.000516152
0.000453459
0.000254128
0.000169873
0.000274332
0.00115389
0.000514788
0.00142542
0.00029205
0.000379723
0.000601867
0.000652614
0.00133636
0.000281991
7.27718e-05
0.000365333
0.00116
0.000351265
0.00057811
0.000487159
0.000669315
0.000415068
0.000378113
0.000187197
0.000752935
0.000289511
0.000178204
0.000472965
0.000238753
0.00043609
7.90087e-05
0.000301024
0.00109597
0.000337935
0.00040704
0.00030423
0.000754644
0.000500131
0.00291674
0.000147486
0.000424258
0.00204712
0.000296653
0.000864866
0.000568625
0.000352427
0.000318094
0.000343465
0.000277006
0.000180812
0.000316335
0.00564014
0.000586196
0.000149004
0.00179162
0.000532978
0.000482727
0.000513287
0.000973742
0.000205516
0.000318934
0.000458364
0.000133759
0.000260974
0.000107403
0.0174042
0.000398994
0.000238039
0.000630314
0.000527713
0.000210322
2.26999e-05
0.000288115
0.000386169
0.000730463
0.000417903
0.000250688
0.000395546
0.000554745
0.000139841
0.00049902
0.000289206
0.000159973
0.000976778
0.000544046
0.00027632
0.000218023
0.000626783
0.000200613
0.000304415
0.000272713
0.000660796
0.000218541
0.000450608
0.00165585
0.000661209
0.00029315
5.97289e-05
0.000157764
0.00027382
0.00023041
0.00055761
0.000366812
0.000398911
0.000118701
0.00020733
0.000208597
0.000194487
0.000106046
0.00024082
0.000351904
0.000360241
0.00068823
0.000413305
0.000795843
0.000262955
0.000410135
0.000706412
0.000708063
0.000193551
0.000336901
0.000663464
0.000271704
0.00093603
0.000701317
0.00855654
0.000412708
0.00139667
0.0003323
0.000269419
0.000292221
0.00267436
0.000433374
0.000393942
0.000367689
0.000523397
0.000405206
0.000422024
0.000801032
0.000141352
0.000225337
0.000162341
0.000296702
0.000352809
0.000276788
0.000426517
0.000325469
0.000349473
0.000180762
0.00030777
0.000313691
0.000830466
0.000594264
0.000753916
0.000213805
0.000304741
0.00115311
0.000434266
0.000164348
0.000128621
0.000196102
0.000497188
0.000447751
0.000521963
0.000471207
0.00026559
0.00135331
0.000162739
0.000231427
0.000632127
0.000611153
0.00023424
0.000688525
0.000355088
0.000432311
0.00512149
0.000427382
0.00024873
0.000770833
0.000911071
0.000264919
0.00124375
0.000490774
0.000463246
0.000139065
0.000200063
0.000366325
0.000363585
0.000854016
0.00753975
0.000309988
0.000524519
0.000414987
9.68617e-05
0.000236368
0.000498518
0.000298062
0.000950851
0.000238263
0.000397712
0.000397762
0.000838099
0.000378185
0.000248457
0.00369374
0.000457447
0.00038946
0.000248806
0.000239779
0.00113896
0.000391195
0.000976381
0.00020607
0.000819011
0.00035224
0.000511407
0.000276531
0.0216021
8.26319e-05
0.000367239
0.00095435
0.00047483
0.000393691
0.000419794
0.00291957
0.000421139
0.00071828
0.000188018
0.000504858
0.000105316
7.67029e-05
0.000555278
0.000953754
0.000142456
0.00032886
0.000500881
0.000275847
0.000354054
0.00107919
0.000366873
0.000189685
0.000213898
0.000390643
0.000288685
0.00138027
0.000516248
0.000744155
0.000303027
0.000223881
0.00103263
0.0010326
0.000347323
0.000648145
0.000341148
0.00058201
0.000421497
0.000449405
0.000284776
0.000413709
0.000418642
0.000393951
0.000542703
0.000462269
0.00018753
0.000500592
0.000440054
6.0594e-05
0.000901219
0.000399838
0.000661567
0.000724854
0.000147106
0.000316629
0.000479086
0.00150332
0.000260444
0.000388352
0.000478363
0.000527342
0.00182715
0.000220496
0.000500343
0.000302694
0.000371673
0.000360833
0.000733858
0.000249783
0.0016422
0.000527637
0.000311515
0.000394178
0.00105596
0.000419434
0.000105108
0.000355894
0.000195965
7.62168e-05
0.000374095
0.00091421
0.000478535
0.0294458
0.000494451
0.00029953
0.000256423
0.000260992
0.0006389
0.000323546
0.000444113
0.00010933
0.000292926
0.00142642
0.000249295
0.000584822
0.000235323
0.00038408
0.000584205
0.00020353
0.00104648
0.000402377
0.000530366
0.000419718
0.000471358
0.000308763
0.000314227
0.000764898
0.000203511
0.000348175
4.09967e-05
5.85054e-05
0.000222228
0.000201974
0.000268336
0.000330482
0.000127291
0.000535067
0.000498039
0.000145474
0.00046235
0.000569238
0.000617202
0.000206654
0.00153035
0.000646024
0.000413694
0.000421114
0.00250956
0.000575372
0.00036729
0.00027674
0.00116046
0.000408434
0.000362988
0.000810119
0.000233644
0.000208157
0.000428129
0.000413533
0.000575411
0.000353664
0.000304524
0.00173607
0.000504049
0.000336258
0.000193543
0.000146146
0.000268686
0.000400198
0.000426009
0.00020127
0.000373478
0.000423951
0.000229305
0.000514285
0.000726883
0.00032896
0.000267035
0.000352255
0.000324659
0.000510581
0.00139051
0.00120186
0.000760905
0.00205689
0.000328172
0.000893062
0.000217967
0.000411746
0.000172467
0.000281324
0.000226985
0.000174831
0.000185168
0.000363709
0.000151511
0.000291233
0.000159557
0.00036413
0.000143643
0.000240133
0.000257962
0.000392293
0.000453977
0.000378567
0.000459313
0.000187795
0.000382913
0.000577671
0.000454615
0.000223859
0.0015896
0.000371795
0.000272971
6.515e-05
6.01756e-05
0.000257056
0.000322464
0.000393754
0.000480212
0.000825014
0.000694613
0.000179441
0.000176228
0.000303955
0.000209187
0.000399957
0.000219959
0.000292241
0.000376663
0.000460403
0.000418652
0.000317167
0.000311953
0.00061905
0.000576922
0.00945586
0.000159223
0.00047577
0.000568946
0.000986077
0.00281852
0.000540347
0.000328988
0.00116304
0.00105507
0.000156198
0.00101835
0.00048252
0.000333631
0.000281602
0.000230487
0.000106394
0.000221803
0.000198184
0.000292308
0.000345885
0.000405999
0.000337701
0.000469412
0.000928383
0.000293815
0.000198623
0.00110567
0.000285285
0.000627608
0.000212391
0.000534105
0.00184276
0.000431713
0.000470497
0.000298401
0.000462496
0.0014403
0.000283194
0.000425289
0.00109185
0.000665137
0.00022222
0.000174249
0.000350906
0.000873011
0.000291364
0.000274111
0.000517717
0.000468367
0.000198941
0.00145
0.00011479
0.00122018
0.000201635
0.000842584
0.000341155
0.000337825
0.00116639
0.000231152
0.000587035
0.00038868
0.000520283
0.000322848
6.44887e-05
0.00124013
0.000955559
0.000693621
0.000438634
0.00012557
0.000325085
0.000307335
0.000161465
0.000233644
0.000122303
0.000235748
0.000302521
0.000474755
0.00143326
0.000459039
0.000419759
0.00139327
0.00876537
0.000342024
0.000427968
0.000631975
0.00202998
0.000222787
0.000410422
0.000167419
0.000451564
0.000360312
0.00142683
0.000448612
0.000954749
0.000383358
0.000533467
0.000549333
0.000456318
0.00125899
0.000501004
0.000139739
0.000767161
0.000411095
0.000144963
0.000300293
0.000433061
0.000566209
0.000682972
0.000471434
0.000204103
0.00037243
0.000366367
0.000651733
0.000462286
0.000457483
0.000408831
0.000109826
0.000242457
0.000149592
0.000146018
0.00027791
0.000246421
0.000440482
7.57394e-05
0.000808886
0.000310447
0.000377102
0.000388655
0.00011717
0.000550118
0.000333344
9.57127e-05
7.58615e-05
0.0013828
0.000346393
0.000280384
0.000256627
0.00034327
0.00054538
0.000419643
0.000235963
0.000626138
0.000306926
0.000413778
0.000242299
0.000397359
0.000239468
0.000484465
0.00076093
0.00135828
0.000651736
0.000342888
0.000490241
0.000277602
0.000354239
0.000215565
0.000744839
0.000283287
0.00108329
0.000241881
0.000322016
0.000458089
0.00058251
0.000367625
0.000108162
0.00031423
0.000347382
0.000350808
0.000210505
0.000842186
0.000729135
0.000266179
0.000609091
0.000392564
7.91464e-05
0.000440676
0.000221152
0.000592785
0.00049795
0.000274861
0.00273739
0.000424965
0.000462593
0.000415994
0.000466208
0.000468313
0.000382716
0.000382268
0.000248874
0.000598333
0.000432292
0.000355286
0.000322271
0.0012244
0.000342236
0.000204989
0.00046706
0.00285006
0.000452424
0.000527621
0.000279776
0.000248056
0.000275476
0.000227247
0.000192671
0.000525225
0.000412752
0.00144547
0.000312165
0.000340389
0.000258077
0.000275522
0.000558087
0.000601357
0.000140343
0.000175304
0.000375703
0.000129822
0.000443731
0.00242949
0.000556261
0.000899216
0.000356569
0.000179111
0.000411036
0.000183753
0.000440542
0.000232285
0.0106719
0.000254579
0.000207519
0.00143233
0.000220444
0.00112535
0.000521665
0.000477746
0.000962922
0.000350975
0.000371207
0.000397249
9.75492e-05
0.000175746
0.000472514
0.000222428
0.000944597
0.00058275
0.000166991
0.000629659
0.000473968
0.000638816
0.000267648
0.00488675
0.00595765
0.00114823
0.000508761
0.000363387
0.000747127
0.000351041
0.000282976
0.000355256
0.0054458
0.000184758
0.000657439
0.000389806
0.000348854
0.000549114
0.000302056
0.000928062
0.000770879
0.000314082
0.000605099
0.000401605
0.000377747
0.000396754
5.12218e-05
0.000857877
0.000431581
0.000890699
0.000178594
0.000183327
0.000300854
0.000517506
0.000356434
0.0013073
0.000604335
0.000254466
0.000685173
0.000467892
0.000863798
1.36699e-05
0.000276718
0.000551029
0.000980718
0.000258768
0.000527836
0.000293517
0.00402038
7.14293e-05
0.000326799
0.000471971
0.000703819
0.000573601
0.000529677
0.00125209
0.000376132
0.000283653
0.000150943
0.000770582
0.000913435
0.000692009
2.35413e-05
0.000919534
0.000806276
0.00221391
0.000244107
0.000377113
0.000352816
0.000502633
0.000548298
0.000264738
0.000182284
0.000234539
0.000510712
0.000212412
0.000278835
0.000379605
0.000461845
0.000328127
0.000341339
0.000700453
0.000572172
0.000146286
0.000140294
0.000356214
0.000206072
0.000247203
0.000906297
0.00047928
0.000926673
0.000688709
0.000716575
0.000429261
0.000180124
0.000676868
0.000342799
0.000302067
0.000262359
0.00010891
0.0104876
0.000152424
0.000221037
0.000568059
0.000601316
0.000468452
0.000465846
0.000457334
0.00041426
0.00187934
0.00939936
0.000257979
0.000379679
0.000285209
0.00102398
0.000349029
0.000387643
0.000499471
0.000551306
0.00146085
0.000217736
0.000765717
0.000369259
0.0011417
0.000367293
0.000232344
0.000494414
8.69817e-05
0.000587324
0.000417462
0.000440148
0.000376408
0.000255222
0.000192659
0.000657676
0.00225931
0.000160505
0.000134002
0.000300766
0.00251097
0.000151087
0.000129994
0.000288811
0.00112924
0.000450119
0.000532656
0.000518083
0.00049051
0.000143028
0.000276105
0.000145546
0.000266805
0.000371794
8.54313e-05
0.000771177
0.0019943
0.000706514
0.000419358
0.000268031
0.000250338
0.000642592
0.000358385
0.000397361
0.000227447
0.000804301
3.1197e-05
0.00056881
0.00045612
0.000264519
0.00122323
0.000165038
0.000307819
0.000353579
0.000725569
0.000424819
0.000320648
0.000201144
0.000287763
0.000143559
0.00039513
0.000349873
0.000782064
0.000259676
0.00350152
0.000776479
0.000675246
0.000395521
0.000698058
0.000205158
0.000516902
0.000342127
0.0147579
0.000341246
0.00041385
0.000439765
0.000711376
0.000911481
0.00101665
0.000193579
0.00013051
0.000518033
0.000630613
8.39414e-05
0.00551582
0.00146164
0.000553672
0.000541238
0.000673503
0.00030815
0.000476775
0.00034782
0.000829744
0.000460281
0.000207047
0.00132989
0.118145
0.000501565
0.000112208
0.00062611
0.000374492
0.000338916
0.000379413
0.000913384
0.00114494
0.000651182
0.000205838
0.000378995
0.00028648
0.00112135
0.000458254
0.000157039
0.000450242
0.000381323
0.000423169
0.000808099
0.00158412
0.000853394
0.000736208
0.000386297
0.0006221
0.000812424
0.000348371
0.000359476
0.000203246
0.000587297
0.000462243
0.00053573
0.000262436
0.000126692
0.000166948
0.000154454
0.000592813
0.000568117
0.000100611
0.000318067
0.000639041
0.000512139
0.000225986
0.000222041
0.000549931
0.00165154
0.000546297
0.000706378
0.00652642
8.53254e-05
0.000103335
0.000173786
9.4065e-05
0.000424778
0.000243225
0.000463582
0.000341573
0.000307316
0.00265684
0.000275664
0.000330145
0.000265473
2.32156e-05
0.000815398
0.000240081
0.000183727
0.00129596
0.0101206
0.000266802
0.000465566
0.000779534
0.000528558
0.000324906
0.000359547
0.000350704
0.000350492
0.000923185
0.00020067
5.44467e-05
0.000504466
0.000599433
0.000128187
0.000317855
0.00046632
0.000227627
0.000238566
0.000363406
0.000626603
0.000475798
0.000620471
0.000397534
0.000605413
0.00287917
0.000294171
0.000510431
0.000390513
0.000452801
0.000165036
0.00122836
0.00133908
0.000532194
0.0002391
0.00042969
0.000226919
0.000174759
0.000107611
0.000212922
0.000199033
0.000473638
0.000380415
0.00184257
0.00143788
0.000372574
0.000802739
0.000388067
0.000501632
0.00070357
0.00038817
0.0031888
0.000407322
1.25938e-05
0.000254857
2.56253e-05
0.000160617
0.000262021
0.000441225
0.000277337
0.000545021
0.000613807
0.000182112
0.000498648
0.000192277
0.000283136
0.00026489
8.07429e-05
0.000729083
0.000349158
0.000224439
0.000625327
0.000344731
0.000247056
0.000165831
0.000332312
0.000512564
0.000182547
0.000476241
0.000190051
7.73326e-05
0.000671717
0.000372039
0.000291723
0.00035298
0.000416146
0.000143204
0.000227099
0.000190344
0.000416699
0.000249192
0.000540628
0.000209242
0.000480781
0.00057122
0.000800726
0.00063256
0.000410242
0.000230508
9.01127e-05
0.000383667
0.00198277
0.000578684
0.00140047
0.000281558
0.000689191
0.000361687
0.000132611
0.000452716
0.000101922
0.000237671
0.000196526
0.000524256
0.000247422
0.000304562
0.000593147
0.000310743
0.000333804
0.000949449
0.000356077
0.00043707
0.000253216
0.000917516
0.000206503
0.000364069
0.00058632
0.000267556
0.000116452
0.00126154
0.000557088
0.000596415
0.00045352
0.000378885
7.97419e-05
0.000494509
0.000326866
0.000823864
0.00069213
0.000463194
0.00022239
0.000286513
0.000870614
0.000184465
0.000443726
0.000272111
0.00431603
0.000325438
0.00219982
0.000529846
0.000628478
0.000382426
0.0003399
0.000443662
0.000367324
0.000275219
0.000211962
0.000833744
0.000265809
0.000125653
0.000180795
0.000336187
0.0002655
0.000533107
0.00314957
0.000258641
0.000220859
0.000259755
0.000935986
0.000496123
0.000457148
0.000245515
0.000526294
0.0009813
0.000451367
0.000693305
0.000425066
0.000481746
0.000481157
6.7316e-05
0.000182017
0.000387419
0.000624496
0.000333655
9.64743e-05
0.000275091
0.000874411
0.00035392
0.000127279
0.000483295
0.0002755
0.000368887
0.00033469
0.000182855
0.000825725
0.000189228
0.000292995
0.000386002
0.000337851
0.000365542
0.000176674
0.000492988
0.000253596
0.000850467
0.0003867
0.000492547
0.00415017
0.000502695
0.000287922
8.11963e-05
2.19486e-05
0.000171579
0.000260684
0.00043482
0.000235589
0.00034925
0.000835055
0.000322967
0.000430576
0.00057007
0.000249901
0.000303733
0.00053609
0.000608101
0.000324347
0.000136916
0.000332582
0.00109934
0.00023185
0.000205418
0.000485864
0.000199642
0.000614225
0.000326052
0.000615928
0.000396969
0.000486594
0.000252928
5.46075e-05
0.000264064
0.000409362
0.000401467
0.000514114
0.000550796
0.000403103
0.002294
0.000441556
0.000189098
0.000218079
0.000319112
0.000244508
0.000147189
0.000677363
0.000505834
0.03426
0.000377568
0.000282442
0.000860738
0.000686744
0.000145735
0.000439537
0.000448422
0.000308657
0.00035842
0.000517291
0.000283171
0.000502283
0.000361163
0.000259005
0.00273282
0.000413371
0.000894355
0.00453652
0.00037897
0.000303397
0.000874232
0.000364563
0.000486586
0.0141016
0.000346689
0.000434942
0.00074162
0.000542867
0.000883737
0.00021735
0.000167782
0.000286592
0.000348493
0.000786011
0.000568833
0.000845552
0.00108862
0.000228832
0.0179167
0.000456358
0.000349502
0.000466403
0.00010932
0.001211
0.000374049
9.8085e-05
0.000216761
0.000331938
0.00039421
0.000351924
0.00117136
0.000144896
0.000552939
0.000362832
0.000122867
0.000175826
0.000192636
0.000493624
0.000251726
0.000335668
0.00326749
0.000611606
0.000353295
0.000380087
0.000168354
0.00107587
0.000326113
0.000303757
0.000602651
0.000309446
0.000267125
0.00025386
0.000503638
0.000320025
0.0010324
0.000371159
0.000242487
0.000355583
0.000374963
0.000192833
0.000174597
0.000678387
0.00140164
0.000596104
0.000817212
0.000463489
0.000342311
0.000180608
0.000322102
0.000381162
0.000320186
0.000171259
0.000192802
0.000313193
0.000199834
0.000448238
0.00070616
0.000483083
0.000367086
0.00067709
0.000290132
0.00101039
0.00056483
0.000230968
0.000284092
0.000349657
0.000457021
0.000497322
0.000150438
0.000288072
0.000475498
2.68362e-05
0.000650186
0.00090458
0.000534203
0.000376385
0.000274275
0.00185066
0.00021332
0.000337647
0.000323438
0.00415436
0.00043718
0.00056771
0.000794692
0.00021955
0.000571734
0.000321096
0.000347758
0.00020952
0.000785766
0.00248699
0.000200102
0.000302595
0.000277813
0.00016327
0.000387868
0.00252021
0.000600963
0.00389674
0.000205126
0.000582413
0.000309593
0.000425752
0.000156574
0.000218795
0.000176298
0.0005224
0.00102865
0.000825773
0.000351728
0.000140533
0.000302576
0.000356233
0.000281761
0.000355502
0.00114543
0.00064175
0.000797975
0.052441
0.000137438
0.000207837
0.000321553
0.000146484
0.000602303
0.000603523
0.000685344
0.00224285
0.000301101
0.000249728
0.000444841
0.0003979
0.00467179
0.000244226
0.00018182
0.00018265
0.00013753
0.000734756
0.000338286
0.00028361
0.00097293
0.000146534
0.000631393
0.000220966
0.000417627
0.00321158
0.00044226
0.000306607
0.000573387
0.000323045
0.000496681
0.000219705
0.00036104
0.000494049
0.000955974
0.000715087
0.00104105
0.000211966
0.000167182
0.000464561
0.000380246
0.000527456
0.000634437
0.000509563
0.000127347
0.000443154
0.000550419
0.000441028
0.0151879
0.000290945
0.000250725
0.000824947
0.000344872
0.00045156
0.000286198
0.00066573
0.000756672
0.00022291
0.000403692
0.000147911
0.000232883
0.000765466
0.0002103
0.000443694
0.00770006
0.000137475
0.000339954
0.000985525
0.000286803
0.000655584
0.000589859
0.000158064
0.000604997
0.00037826
0.000506951
0.000131583
0.000585604
0.000327335
0.000236169
0.000212457
0.000116155
0.000461524
0.000747638
0.000618817
0.000427884
0.000438385
0.000335281
0.000475715
0.000488498
0.000302782
0.00087548
0.00524943
0.00085377
0.000172825
0.000337541
0.000741289
0.000544547
0.000250757
0.000346309
0.000714455
0.000700924
0.000460407
0.000702595
0.000342209
0.000195015
0.000387401
0.000531422
0.000256256
0.000301647
0.00136863
0.000108876
0.000805399
0.000173625
0.000507149
0.000434942
0.000194953
0.000271139
0.00186159
0.000265853
0.000266219
0.000283199
0.00014795
0.000507717
0.00106141
0.000154795
3.95709e-05
0.00014751
0.000655897
0.000286644
0.000519865
0.000199453
0.000675209
0.0011549
0.000295263
0.000276088
0.00328092
0.00104473
0.000739719
0.000150457
0.000316108
0.000660496
0.00440962
0.000608149
0.000416217
0.000337154
0.000721279
0.000380339
0.000364673
0.000650581
0.000443785
0.000430314
0.000347221
0.000950042
0.00104737
0.000265897
0.000283058
0.000516618
0.000143616
0.000380147
3.79445e-05
0.000589469
0.000629722
0.000285779
0.000668184
0.000671517
0.000186953
0.000258875
0.000376717
0.000323194
0.000338159
0.000308972
0.000307459
0.000164563
0.000202025
0.00060143
0.00141914
0.000463569
0.000177965
0.00014702
0.000135744
7.59755e-05
0.000372424
0.000400418
0.000203304
0.000263338
0.000475416
0.000146839
0.000482893
0.000300539
0.000418539
0.00226694
0.000404887
0.000294178
0.00075474
0.000409146
0.000429883
0.000506045
0.000213364
0.000440607
0.00187531
0.000760633
0.000239361
0.001719
0.000355102
0.000312661
0.000386728
0.00029848
0.000162593
0.000306031
0.00055616
0.00107818
0.00108786
0.00057136
0.000303085
0.000569658
0.000524765
0.00112555
0.000293473
0.000757652
0.000199555
0.000981812
6.02483e-05
0.000186333
0.000199766
0.000203708
0.000273285
0.000351856
0.000376419
0.000635679
0.000505646
0.00029601
0.000366891
0.000569306
0.00024982
0.000993746
0.00101848
0.000377346
0.000431779
0.000248344
0.000349105
0.000267209
0.000349232
0.000298063
0.000385582
0.000233084
0.000359235
0.000941292
0.000698089
0.00100008
0.000449185
0.000403091
0.000659096
0.000574095
0.000414983
0.000878602
0.00130217
0.000452089
0.000274167
0.000772001
0.000481159
0.000735312
0.000143872
0.000901493
0.000220983
0.000595704
0.000364539
0.00077087
0.000698056
0.00123709
0.000949303
0.000475131
0.00052052
0.00063274
0.000346146
0.00138974
0.000866295
0.00196776
0.00015195
0.000181711
0.00113952
0.000309929
0.000346035
0.000707957
0.000922458
0.00058066
0.000427711
0.000379674
0.0050576
0.000377744
0.00217499
0.000396332
0.0077014
0.000371784
0.000257139
0.000484738
0.000407463
0.000259795
0.000589449
0.00035572
0.000416751
0.00033055
0.000558521
0.000573243
8.23201e-05
0.00128331
0.000307712
0.000293626
0.00188656
0.000547696
0.000221148
0.00136621
0.000675871
0.000226296
0.000174397
0.000161206
0.000318475
0.00743263
0.000308619
0.000796312
0.00120071
0.000333591
0.000244477
0.000300912
0.000321922
0.000279136
0.000288415
0.000407892
0.000437444
0.00105587
0.000357512
0.000419138
0.000423501
0.000445134
0.000201185
0.000261999
0.000517815
0.000129126
0.000388085
0.000596308
0.000340713
0
0.000533818
0.000380013
0.000213752
0.000125004
0.000243655
0.000383996
0.000342181
0.000306312
0.000543232
0.000453761
0.000285549
0.000627574
0.000240348
0.000502864
0.000223591
0.00032617
0.000731979
0.000103885
0.000214714
0.00224316
0.000565126
0.000367882
0.000119301
0.000742592
0.000171607
0.00744751
0.000712353
0.000117211
0.000507778
0.000569521
0.000315458
0.000569847
0.000175873
0.000209505
0.000172792
0.000396292
0.00106554
0.000322795
0.000267384
0.000472921
0.000303081
0.000463917
0.00029372
0.000220308
0.00301421
0.00043109
0.000777771
0.000338633
0.000251627
0.000403765
0.000239797
0.000233639
0.000349269
0.000364324
0.000427469
0.000929387
0.000354847
0.000367283
0.000750869
0.000205313
0.000821837
0.00038425
0.000656844
0.000537276
0.000483713
0.0004334
0.00265994
0.000363463
0.000751739
0.000728072
0.00021619
0.000593598
0.000395115
0.000106151
0.000353975
0.000711321
0.000404536
0.000346088
0.000897909
0.00026657
0.000267646
0.000103782
0.000343891
0.000243162
0.00133147
0.000514031
0.000166044
0.00106498
0.000630333
0.000349126
0.000353118
0.000362446
0.0011703
0.000345482
0.000294057
0.00085376
0.000462143
0.000317676
0.000315722
0.000346434
0.000344265
0.00127233
0.000207163
0.000291164
0.00113634
0.00136569
0.000435582
0.000178405
6.67968e-05
0.000313913
0.000310306
0.00091776
0.000305881
8.40331e-05
0.000114858
0.000233633
0.00345079
0.00468662
0.000420117
0.000428737
0.0008116
0.000650643
0.000259294
0.00039259
5.94915e-05
0.0039747
0.000289936
0.00159759
0.000392913
0.00023698
0.000397851
0.000225791
0.000432631
0.000277183
0.000294117
0.000448793
0.000406176
0.000382235
0.000153691
0.000501645
0.000477521
0.000357063
0.000633288
0.000441686
0.000460733
0.000240971
0.00038075
0.00225987
0.000750432
0.000245707
0.000269049
0.000309103
0.000593517
0.000842705
0.00061927
0.00125771
0.000154988
0.000956129
0.000701042
0.000412359
0.000554852
0.000288684
0.000291546
0.00034591
0.00124258
0.00034819
0.000460435
0.000898841
0.000405356
0.000564041
0.00022818
0.00180477
0.00113612
0.000117113
0.000298994
0.00091405
0.000892319
0.000564667
0.000720325
0.000329552
0.00020596
0.000244626
0.000898957
0.000309764
0.00148586
0.000252452
0.000411913
0.00040656
0.000125609
0.000417107
0.00065049
0.000388123
5.72743e-05
0.000117477
0.00020246
0.000214165
0.000547129
0.000377606
0.000419912
0.000264845
0.000728117
0.000211228
0.000142366
0.000283329
0.000163088
0.00308079
0.000711105
0.000278253
0.000542928
0.000492748
0.000390064
0.000245995
9.7562e-05
7.9857e-05
0.00197412
0.000408812
0.000358268
0.000113731
0.000366053
0.000328754
0.000295672
0.000257801
0.000360856
0.000326887
0.000495395
0.000542185
0.000317461
0.000298139
0.000267693
9.44231e-05
0.000516431
0.000545134
0.000826632
0.000719683
0.000533752
0.00164116
0.00259438
0.000359008
0.000198279
0.0111715
0.00475008
0.000301952
0.000490208
0.000358458
0.000389885
0.000381797
7.38675e-05
0.000901318
0.000195348
0.000372051
0.00086373
0.000167454
0.000552156
0.000108792
0.000253702
0.000196599
0.000467515
0.00110373
5.45562e-05
0.000389184
0.000586813
0.000292063
0.000770257
0.000622872
0.002481
0.000266228
0.000275668
0.000322727
0.00074153
0.000188279
0.000356103
0.000530565
0.000437374
0.000214628
0.000458936
0.000657806
0.000451468
0.000537563
0.000348986
0.000223274
0.000164144
0.000766968
0.000305295
0.000355183
0.000410995
0.000321151
0.000567339
0.000749925
0.000391694
0.000516132
0.000730676
0.000615953
0.000180952
0.000615952
0.000357561
0.000173113
0.000167616
0.000173174
0.000519371
0.000296756
8.98781e-05
0.000124686
0.000351942
0.000255063
0.000204446
0.00070033
0.000323878
0.000930938
0.000278215
0.00158894
0.000597951
0.000938164
0.000387676
0.000421772
0.000975207
0.000362107
0.000305395
8.98678e-05
0.000817232
0.000450104
0.000198113
0.00070028
0.000449759
0.000231562
0.000483355
0.00110403
0.000554268
0.000496396
0.000380832
0.000425374
0.00148237
0.000421787
0.000748137
0.000444209
0.0011473
0.000275708
0.000450772
0.000485942
0.000193827
0.00018476
0.000627027
0.000405754
0.000213252
0.00042476
0.00123471
0.000411215
0.000402929
0.000262738
0.000392575
0.000410392
0.000409933
0.00141084
0.000365824
0.000384199
0.000260286
0.00149975
0.000231504
0.000313111
0.000292225
0.00131443
0.00385912
0.00161558
0.000297736
0.000152926
0.000341864
0.000274818
0.000356159
0.000264377
0.00126414
0.000253833
0.000262873
0.000712348
0.000260334
0.00131406
0.000207917
0.00019417
0.000656824
0.000142527
6.95427e-05
0.000603318
0.000388529
0.00042035
0.000212471
0.000206573
0.000183316
0.000220073
0.000864128
0.000430049
8.7694e-05
0.000379624
0.000689516
0.000478925
0.000378977
0.000614755
0.000436109
0.000411101
0.000326829
0.0139078
0.000613442
9.4792e-05
0.00037041
0.00036047
0.000875186
0.000434665
0.000895917
0.000550801
0.00035607
0.000190093
0.000362136
0.000240183
0.000628706
0.000278153
0.000386172
0.000231143
0.000675298
0.000615755
0.000254965
0.000617923
0.000720146
0.000629643
0.00120194
0.000204308
0.0001328
0.000407754
0.000710361
0.000368088
0.000157653
0.00243582
0.00370959
0.000658638
0.000528096
0.00089517
0.000470464
0.000440892
0.000370258
0.00034044
8.13915e-05
0.00145838
0.000451228
0.000320456
0.000386518
0.000302857
0.000498766
0.00037342
0.00017484
0.000660031
0.000212241
0.0010695
0.000427175
0.000114146
0.000661714
0.000268324
0.000551877
0.000321154
0.000357667
0.000373206
0.000690242
0.000243516
0.000262512
0.000136853
0.000222312
0.000413121
0.000334269
0.000262071
0.000216888
0.000141464
0.00036151
0.00023465
0.000392454
0.000210994
0.000904221
0.000415554
0.000388823
0.000244665
0.00119964
0.000979139
0.000211932
0.00119979
0.000253195
0.00012301
0.000154544
0.000164752
0.000290668
0.000239567
0.000410037
0.000144099
0.000271368
0.00220027
0.000178372
0.000376198
0.00055904
0.000426131
0.000357861
0.000299388
0.00035456
0.000389296
0.000519665
0.000157312
0.000637404
0.000402386
0.000770674
0.000919462
0.00587632
0.000164441
0.00111727
0.000589784
0.000378704
0.000378234
0.00049527
0.000947007
0.000289575
0.000154384
0.000453858
0.000352747
0.00049921
0.000513209
0.000339568
0.000208053
0.000150253
0.000219678
0.000226476
0.000231019
0.000113749
0.00121048
0.000412427
0.000205117
0.000405363
0.000309719
0.000174785
0.000391136
0.000279115
0.000476558
0.000368608
0.00048775
0.000517332
0.0013558
0.000567252
0.000635891
0.00124265
0.00402237
0.000298586
0.000528333
0.000566409
0.00028253
0.000402387
0.000813395
0.00133923
0.00033779
0.00171529
0.000331623
0.00152493
0.000299767
0.00396387
0.000275075
0.000351648
0.000433465
0.000603305
5.05511e-05
0.00206516
0.00048295
0.000161981
0.000451101
0.000231491
0.000146684
0.000295298
0.000157371
0.00101035
0.000472574
0.000603811
0.000194043
0.000241096
0.000168414
0.000416806
0.000415564
0.00062501
0.000451105
0.000226873
0.000724608
0.000349931
0.00140689
0.000203954
0.000974226
0.000505739
0.000378412
0.000416709
0.000121279
0.000297747
0.000164832
0.00065242
0.00054984
0.000343795
0.000649983
0.000261262
0.000543246
0.000430347
0.000444651
0.000574535
0.000442716
0.000579986
0.0001871
0.000132378
0.00020947
0.00015532
0.000476865
0.000497399
0.000280206
0.000394948
0.000144654
0.000454549
0.00039943
0.000444122
0.00260895
0.000910804
0.000828858
0.000277449
0.000470762
0.00144727
0.000475242
0.000273662
0.000172306
0.00041649
0.000219349
0.000927179
0.0120851
0.00092487
0.000901067
0.000645019
0.000356009
0.000580719
0.000209561
0.000578029
0.000378717
0.000168286
0.00076015
0.000716133
0.000351741
0.00274151
0.00103438
0.000397075
0.00135167
0.000663885
0.000242788
0.00159238
0.000348511
0.00105151
0.000400159
0.000298574
0.000254913
0.000605771
0.000316145
0.000424567
0.000704411
0.000125391
0.000974044
0.000292793
0.000263436
0.000438313
0.000370017
0.00039708
0.000123263
0.00588724
0.000579224
0.00019127
0.00979791
0.000359932
0.00143833
0.000208587
0.000121606
0.00102823
0.000884212
0.000174369
0.000441009
0.000259313
0.000373105
0.000576307
0.000601554
0.000617533
0.000436649
0.000301834
0.000926856
0.000442532
0.000248587
0.000179848
0.000340488
0.00144835
0.000284778
0.00164499
0.000170537
0.00038984
0.000296497
0.00029711
0.000277745
0.000330823
0.000268885
0.000725691
0.000731132
0.000287275
0.000311421
0.000431796
0.000836779
0.000202853
0.00058693
0.000191634
0.000467163
0.000390914
0.000358466
0.000438575
0.000509272
0.000733815
0.000490389
0.000359165
0.000350208
0.00127179
7.33883e-05
0.000249616
0.000565288
0.000419596
0.000473757
0.000202051
0.000417653
0.000909614
0.000268329
0.000435561
2.16395e-05
0.000147133
0.000520411
0.000365418
0.000635439
0.000495576
0.000586702
0.000164547
0.000264252
0.000384458
0.00020199
0.000161217
8.22412e-05
0.000368991
0.000361854
0.0031402
6.98556e-05
0.000283321
0.000401152
0.0003094
0.000503119
0.00140197
0.000332251
0.000382773
0.000290998
0.000255764
0.000175982
0.000330817
0.000720343
0.000936024
0.00118643
0.000413253
0.000257088
0.000373322
0.000368516
0.000420691
0.000128437
0.000245802
0.000334449
0.000457529
0.000222045
0.000504641
0.000408374
0.000124062
0.000453805
0.000231101
0.000257058
0.000726597
5.53272e-05
0.000705062
0.000560787
0.000695378
0.000345579
0.000201344
0.00119154
0.000203445
0.000324124
0.000256191
0.0018858
0.000261929
0.000218229
0.00069155
0.000565023
0.000342355
0.00033431
0.000228105
0.00131496
0.000293319
0.000136641
0.000176445
0.000373603
0.000386027
0.000652846
0.000155449
0.000490067
0.00159761
0.00051197
0.000856879
0.000223335
0.000328686
0.000332169
0.000450673
0.00286325
0.000206419
8.76907e-05
0.000503138
0.000455744
0.000509179
0.000291832
0.000513711
0.000178203
0.00052992
0.000749127
0.000469061
0.000348986
0.00190206
0.000498862
0.000809754
0.000286001
0.00236348
0.000353789
0.000587883
0.000895596
0.000444688
0.000339678
0.00033451
0.000282974
6.02582e-05
0.000535104
0.000363201
0.000204557
0.000201233
0.000500154
0.000962129
0.00015749
0.000234282
0.000978804
0.000978351
0.000419813
0.000337538
0.000959092
0.000204041
0.00121702
0.000174825
0.000233271
0.0004693
0.000341964
0.000521779
0.0215368
0.000234559
0.00269748
0.000418021
0.000382458
0.000354938
0.000509526
0.000139894
0.00012405
0.000147994
0.00036684
9.17815e-05
0.000364472
0.000429272
0.00156891
0.000472084
0.000744073
0.00133057
9.33605e-05
0.000186446
0.00480723
0.000785856
0.000772591
0.00034667
0.000437328
0.000128268
0.000286515
0.000542689
0.000578169
0.000277279
0.000384199
0.000549444
0.000637657
0.000589774
0.000571419
0.000502818
0.00325905
0.000497668
0.000854613
0.000636769
0.000388624
0.000494981
0.000609823
0.000279625
0.000562402
0.00110611
0.000508691
0.000166458
0.000490737
0.000609352
0.00070102
0.00119968
0.000766892
0.00129652
0.000619286
0.000371077
0.00134524
0.000646647
0.000157908
0.000397117
0.000294952
0.000270062
0.000323094
0.000497609
0.00020058
0.000574725
0.000365362
0.000586869
0.00119107
0.000349137
0.00143162
0.000232176
0.000384705
7.72945e-05
0.000216019
0.00037524
0.000341494
0.000251877
0.000822354
0.000250518
0.000426045
0.00018151
0.000196557
0.000841407
0.000329291
4.60267e-05
0.000311427
0.000808253
0.00147053
0.000365439
0.000222822
0.00018702
0.00029437
4.67778e-05
0.000447259
0.000489338
0.000342511
0.00146238
0.000273817
0.00114174
0.000214165
0.000116377
0.000333608
0.000139019
0.000443648
0.000731463
0.000198901
0.000549023
0.000211809
0.000196945
0.000276253
0.000361632
0.000216049
0.000927846
0.00015907
0.000400529
0.000433703
0.00021953
0.000813189
0.000496001
0.00253669
0.000801646
0.000465898
0.000204207
0.00379745
0.000429238
0.000639681
0.000238376
0.00185468
0.000100084
0.000212451
0.000608452
0.00111399
0.00041057
0.00207806
0.000700019
0.000518757
0.00110878
0.000310567
0.000368485
0.000360414
0.00129129
0.000601219
0.000343133
9.30216e-05
0.000585691
0.000634214
0.00103173
0.00085478
0.000128468
0.000246663
0.000352096
0.00015854
0.000279889
0.000470234
0.000319487
6.31308e-05
0.000296679
0.000779902
0.000543146
0.00100661
0.000414074
0.000468584
0.000825209
0.00111576
0.000279828
0.000630454
0.000832662
0.000430292
0.000297438
0.000373845
0.000124087
0.00044585
0.000394684
0.00042299
0.000917649
0.000785033
0.000367656
0.000136248
0.000121326
0.000539403
0.000368727
0.00107466
0.00122339
8.53449e-05
0.00035189
0.000554473
0.000382921
9.38703e-05
0.000671267
0.00017411
0.00167248
0.000120119
0.000159143
0.00107891
0.00066358
0.000605403
0.000533687
0.00139775
0.000150141
0.000216433
0.000232803
0.000340075
0.000796131
0.000810004
0.000441865
0.000319982
0.000238296
0.000114892
0.000119946
0.000527053
0.000680885
0.000540804
0.000380743
0.000388571
0.000240362
0.000320263
0.000278068
0.000377118
0.000322208
0.000247704
0.000323345
0.000424901
0.000355796
0.000616143
0.000198663
0.000565276
0.000899222
0.000784198
0.000175773
0.000504478
0.000829859
0.000496925
0.000512198
0.00022245
0.000166649
0.000343956
0.0010367
0.00041014
0.000792107
0.000314108
0.000209279
0.000291704
0.000490115
0.00039149
0.000422712
0.000321334
0.000485553
0.00028583
0.000384611
9.57169e-05
0.00122206
0.000498621
0.000359503
0.00077045
0.000349774
0.000343024
0.000342985
0.000311857
0.000364807
0.000103337
0.000171314
0
0.000624463
0.000557108
0.000192591
0.000785213
0.000612948
0.000260472
0.000369761
0.000498633
0.000249327
0.000251275
0.000193336
0.000518918
0.00174194
0.000157083
0.000260239
0.0024425
0.000369051
0.00105042
0.000419359
0.00022853
0.000526931
0.000281504
0.000438354
0.000269147
0.000527485
0.000645727
0.000289296
0.000595265
0.000326739
0.000223218
0.00637102
0.000347408
0.000663082
0.000563585
0.000268637
0.000280535
0.000356126
0.000397735
0.000724983
0.000361697
0.000788862
0.000331142
0.000443542
0.000270168
0.000423139
0.000995629
0.00108119
0.00027668
0.00085114
0.000548533
0.00564261
0.000576658
0.000197859
0.000427585
0.000195907
0.000385213
0.0004539
0.000153714
0.000393292
0.000422086
0.000301332
0.000339624
0.000226908
0.0005302
0.000291514
0.000512985
0.00112236
0.000360707
0.000404962
0.000300791
0.000366073
0.00040283
0.000108189
0.000467247
0.00036185
0.000557918
0.000858753
0.00145342
0.000204477
0.00042065
0.00021268
0.000130048
0.000162465
0.000185139
0.000366106
0.00134981
0.000367585
0.000880229
0.00469535
0.000359011
0.000359601
0.000436679
0.000306934
0.00247614
0.000512716
0.000137717
0.00025843
0.000289733
0.000642621
0.000618114
0.000554322
0.000684902
0.000279571
0.000249165
0.00183133
9.7856e-05
0.000381517
0.000462296
0.00016308
0.000365553
0.000405157
0.000324679
0.000214264
0.000269394
0.00109166
0.000469812
0.000270661
0.000172363
0.000229622
0.000813706
0.000321977
0.000397118
0.000450531
0.000586558
0.000418965
0.000202465
0.000344189
0.000421624
0.000896137
0.000291084
0.00035698
0.000559601
0.000464229
0.000325976
0.000542431
0.000269926
0.000514728
0.000361614
0.000405465
0.000280272
0.000378969
0.000306301
0.000359487
0.000566454
0.000230256
0.000512709
0.000175419
0.000287487
0.000112341
0.000310801
0.000460688
0.000204214
0.000142687
0.00121218
0.000199234
0.000460625
0.000457752
0.000541405
0.00265954
0.000280194
0.000338199
0.000597012
0.000511147
0.000304704
0.000155603
0.000337774
0.00168235
0.00320838
0.000572633
0.00062256
0.000540627
0.000726383
0.000311117
0.000379176
0.000315098
0.000452508
0.000760634
0.000983306
0.066977
0.000190435
0.000519398
0.000407537
0.000505821
0.000308008
0.000271604
0.000179077
0.000462634
0.00109142
0.000448569
0.000580255
0.000299887
0.000167084
0.000547207
0.000386109
0.000312704
0.000467974
0.000369314
0.000538042
0.000235042
0.000591298
0.00011867
0.000388222
0.000537086
0.000177787
0.000267069
0.000163882
0.000289774
0.000462593
0.000134312
0.0008181
0.000417828
0.000649823
0.000407298
0.000444434
0.000310245
0.000705438
0.000244759
0.000153255
0.000686304
0.000384675
0.000270542
0.000553494
0.000298134
0.00139987
0.000246583
0.000274189
0.000414376
0.000514019
0.0002671
0.000323519
0.000958589
0.000476707
0.000392993
0.000206771
0.000532746
0.00211414
0.000732923
