5.13802e-05
0.000230488
0.000172797
0.00013567
0.000265886
0.000252834
9.22961e-05
0.000327559
0.00023464
9.89079e-05
9.01291e-05
0.000108017
4.12961e-05
0.00023688
6.12666e-05
0.00023281
0.00013479
0.000331646
0.000144235
0.000238684
7.24391e-05
0.000176841
0.000131977
0.000378417
7.93633e-05
0.00032525
1.76818e-05
0.000113931
7.45372e-05
0.000214191
0.000140684
0.000237392
0.000335311
0.000176856
0.000170815
9.52746e-05
0.000186471
0.000195164
6.80775e-05
0.000282213
0.000108177
0.000136558
0.000284503
0.000457135
0.000198435
0.000187668
0.000280629
0.000123449
0.000275132
0.000223904
0.000198833
0.00059344
7.7641e-05
0.000110405
0.000148985
0.000217145
0.000715461
0.000148483
4.52624e-05
0
3.10032e-05
0
5.92807e-05
0.000128392
0.000104557
0.00018787
0.00015696
0.000396384
0.000106655
0.000122088
0.00019033
0.000125259
6.51716e-05
0.000228523
0.000574869
0.000139068
0.000156905
0.000210026
0.000355499
0.000628218
0.000191282
0.000442878
0.000141231
0.000159086
0.00134518
0.000339164
0.000196248
0.000133554
0.000285338
0.000226341
4.78449e-05
6.12678e-05
8.97038e-05
0.000209092
0.000447059
0.000129171
0.000230551
0.000109946
0.00015411
0.000233392
0.000263738
0.000125382
0.000163619
0.00026704
9.90542e-05
0.000269363
4.32696e-05
0.000109608
0.000507268
0.000256063
4.20138e-05
0.000450933
0.000727548
0.000514037
0.00437364
0.000137704
0.000140733
0.00025645
0.000178783
0.000134868
0.000146457
0.00247877
5.70562e-05
0.000730945
0.000181855
0.000146797
0.000297127
8.55431e-05
0.000150714
0.00011404
0.000283061
0.000218128
0.000487736
0.000165669
0.000282418
0.000270695
0.000129564
0.00010067
0.000209042
0.000159719
0.000323854
0.000131417
7.7149e-05
0.000255361
3.07197e-05
9.55029e-05
0.000383275
0.000181476
0.000358665
0.000263532
6.45313e-05
4.49529e-05
9.70585e-05
0.000226585
0.000352519
0.00014556
0.00027414
0.00104079
8.78545e-05
0.000166156
0.000207718
0.000178909
0.000336892
9.26713e-05
0
0.00987654
0.00013423
0.000238163
0.00396989
0.000196073
0.000250849
1.8677e-05
0.000120378
8.47275e-05
0.000891266
0.000132132
0.000213655
0.00015249
0
0.000196647
0.000187365
0.000248832
0.000447612
1.57345e-05
6.4769e-05
6.59646e-05
3.71303e-05
8.62471e-05
0.000213973
0.000236277
0.000201973
0.000160606
6.89978e-05
0.000162821
0.000253985
0.000765015
0.000145924
9.46249e-05
0.000306707
0.000912668
0.000176838
0.000496983
2.91975e-05
0.000168203
0.000233783
7.47511e-05
0.000308427
0.000461396
0.000121473
0.00057134
0.00019483
0.000342625
0.000201804
0.000159098
0.000278683
0.000204455
0.000197966
5.58026e-05
0.000161767
0.000258735
0.000195442
0.000170312
0.00112083
0.000139428
0.000196702
2.35824e-05
0.000225164
0.00139784
0.00015668
0.000273906
7.95471e-05
8.84079e-05
0.000531973
0.000176138
0.000196314
8.03178e-05
0.000106915
0
0.000832152
0.000486616
7.97784e-05
2.45661e-05
6.59676e-05
0.000260909
0.00010601
4.80059e-05
0.00172907
0.000128906
0.000141774
0.000168019
8.28318e-05
0.000203008
0.000384575
0.0003313
0.000204144
0.000114705
0.000243895
0.000292156
0.000142549
0.000152443
0.000327409
0.000200077
5.37509e-05
4.9445e-05
0.000609155
6.1692e-05
0.000414954
0.000550011
0.000468398
0.000365689
0.000229782
0.000403682
0.000135112
0.00014898
0.00026455
0.000681014
0.000141831
0.000149082
0.000155144
6.31261e-05
0.00011756
0.000197517
0.00702534
0.000330834
0.000147205
0.000202798
0.000155933
7.02521e-05
2.87563e-05
0.000183359
4.52835e-05
0.000279463
0.000698251
0.000211807
7.80635e-05
0.000242342
0.000259421
0.00021021
0.00404343
8.98122e-05
0.000141882
2.88442e-05
0.000192613
0.000258004
6.41736e-05
0
0.000158038
0.000181299
0.000308635
0.00012826
0.000582732
0.000255744
0.000234286
0.000166467
0.00707323
0.000106127
2.16463e-05
0.000105726
0.000175662
5.90455e-05
0.000576213
0.000181352
0.000700535
0.000188996
0.000113063
0.000121655
0.000489173
7.02822e-05
5.43812e-05
0.000224669
0
0.000124515
0.000842785
0.000186323
0.000443968
0.000200422
0.00012173
0.000142856
0.000182896
0.000286835
7.71342e-05
0.000164645
0.000320387
2.56443e-05
0.000127796
0.000162941
0.000233693
6.00508e-05
0.000269454
0.000206171
3.23554e-05
0.000460956
0.000211698
0.000186403
0.000193391
0.000377393
0.000185683
6.94954e-05
0.000154774
0.000104154
0.000279948
0.000135687
0.000168564
0.000269109
0.000217596
0.000143285
0.000178387
0.000152393
6.66534e-05
0.000467377
0.000235118
7.44413e-05
0.000238905
0.000222119
0.000154136
0.000196634
0.000239661
0.000118158
0.000327452
0.000106339
0.000175572
0.000114092
9.5832e-05
0.000213116
0.000194259
8.71669e-05
0
9.75231e-05
0.000438951
0.000172035
0.000221188
0.000257845
0.000208902
0.00020967
7.53001e-05
0.00026538
0.0004812
0.000175332
6.06514e-05
0.000113343
0.000188637
0.000332009
0.000255383
0.000238249
0.000147551
0.000119481
0.000134133
0.000174454
0.000179095
0.000201404
0.000177153
8.08084e-05
0.000277567
9.56444e-05
6.16264e-05
5.54847e-05
0.00130032
0.000163816
5.53229e-05
4.27661e-05
0.000373451
0.000212536
0.000268174
0.000249603
0.000357167
0.000152099
0.00032445
0.000203376
0.000159614
1.22721e-05
2.45179e-05
0.000146541
0.000574879
0.000302385
0.000113303
0.00056819
0.000131122
0.000206005
0.000175862
6.0689e-05
0.00040931
0.000276495
0.000400473
0.000420642
3.99788e-05
6.64665e-05
0.000166872
0.000129531
9.96359e-05
0.00014082
2.94892e-05
0.000103858
5.70509e-05
7.69826e-05
7.91696e-05
5.38326e-05
1.38639e-05
0.000229138
4.50598e-05
0.000104359
2.58074e-05
0.000125296
0.00033568
0.00028684
0.00045255
0.000183788
0.00154992
0.000122085
8.51413e-05
0.000323171
8.71148e-05
0.000153046
0.000274433
0.000140877
0.000178704
0.00031145
0.000272919
0.0006908
0.000169188
0.000120923
7.51052e-05
0.000697029
0.000227261
0.000605466
0.000109893
0.00017382
0.000227483
0.000121806
0.000572198
0.000132332
0.000322083
0.000144573
9.06805e-05
0.000130733
6.23862e-05
0.000227987
0.00130939
0.000352036
0.000184657
0.000762808
0.000208446
0.000420985
0.000112157
0.000206144
0.000159129
0.000215673
0.000113744
5.46807e-05
0.000403422
2.88328e-05
0.000227362
0.00127249
0.00024315
0.000159574
0.00015364
0.00143705
0.000330982
8.17468e-05
0
0.00517398
0.00011001
0.000263033
0.000381125
0.000315524
0.000338532
0.000172056
0.000140018
0.0001082
9.61501e-05
0.000150708
0.000173321
0.000238541
0.000149302
1.29926e-05
5.24758e-05
0.000375743
0.000265849
0.000209236
0.00140056
0.00053283
0.000251653
0.00027426
0.000246637
0.000509212
0.000244771
0.000149421
0.000250384
0.000280147
9.71923e-05
0.000193204
0.000199085
8.94848e-05
0.000123247
0.000318843
0.000605505
0.00016403
0.000184877
0.000212532
0.00015555
0
0.000131967
0.000157368
0.000134458
0.000159064
4.12327e-05
0.00025471
0.000342552
0.000270244
7.5472e-05
0.00018092
8.1963e-05
0.000152703
0.000127633
0.000160212
0.000100747
0.000249722
0.000303868
0.00027028
0.000193612
0.000268283
0.000158219
0.000151155
0.00014749
0.000415564
0.000241844
0.000513652
0.000206413
0.00093328
0.000489356
7.28425e-05
0.000534084
0.000825102
0.000401945
0.000325638
0.000117758
0.000207498
0.000225237
4.88329e-05
8.71552e-05
4.36903e-05
0.000179173
3.5555e-05
0.000323499
5.66499e-05
0.000116844
0.000158802
0.000156662
4.7463e-05
0.000124475
0.000217692
0.000160978
0.000157566
0.000124822
2.73297e-05
2.55208e-05
0.000167733
0.000190146
0.000437812
0.000411934
0.000219345
0.000206027
0.000125092
0.000342508
0.00031872
0.000271349
0.000225846
0.000105888
0.000134567
0.000300481
0.00059903
0.000799137
0.000110102
0.00018614
0.000239541
0.000404264
0.000274543
5.50887e-05
0.000128933
0.000154268
0.000152414
0.000127601
0.000296739
0.000160663
0.000159563
0.000352931
0.00010141
0.00020486
9.41081e-05
0.000203365
0.00015867
6.89595e-05
5.25279e-05
0.000177358
4.46209e-05
0.00112619
0.000368769
0.000176449
0.000248349
0.000113204
0.000123555
0.000363416
0.000105499
0.000221757
0.00043648
0.000124772
3.83104e-05
3.83666e-05
0.000526039
0.000372535
0.00122066
4.73875e-05
0.000123641
4.39442e-05
0.000135711
5.1031e-05
2.36098e-05
0.000182584
0.000149479
8.42316e-05
0.000134285
0.000140066
0.00014435
0.000192907
0.000296633
0.000262588
6.46256e-05
0.000122823
0.000149816
4.06214e-05
0.000257308
0.000155778
0.00039284
0.000422162
0.00049399
8.14434e-05
7.02587e-05
0.000294037
0.000101437
0.000553464
0.000154297
9.46687e-05
7.5672e-05
0.000296986
9.61446e-05
0.000269658
0.000404251
0.00015731
8.05065e-05
0.000141278
0.000419687
0.000113424
0.000225457
0.000204124
0.000268448
0.000364089
0.000111506
4.48185e-05
0.000978414
0.000173784
0.000243439
0.000402616
9.32538e-05
6.74603e-05
0.000133553
0.000189295
8.32049e-05
0.000155234
0.000114852
7.5511e-05
0.000340694
0.000166102
6.14251e-05
0.000289475
0.000174219
4.74635e-05
0.000445589
0.000142355
0.000192431
0.000296127
1.29506e-05
0.000355721
0.000165907
0.000143107
8.82453e-05
0.000118425
8.39408e-05
0.000211968
0.000226164
0.000213326
0.000237445
0.000114006
0.000272466
0.00112233
0.000272109
0.000127285
0.00034954
0.000112267
7.05941e-05
0.000114236
0.000194278
4.77571e-05
0.000172307
0.000257691
1.0449e-05
0.000343234
0.000157599
0.000166102
0.00096669
0.000210979
0.000209949
0.000188126
8.53733e-05
5.5472e-05
0.000158139
8.90773e-05
3.31326e-05
5.98339e-05
0.000296012
0.000107084
1.14876e-05
0.0075437
0.000969421
0.000107899
8.0086e-05
0.00013489
0.000216211
0.00365349
0.000374627
0.000175635
0.000104483
0.000120767
4.85763e-05
0.000111002
0.000397204
0.000202976
0.000185518
0.000430798
0.000143009
0.000132356
0.00081443
0.000231187
0.000130592
0.000119507
0.000219452
9.01241e-05
0.000153528
0.000373848
0.000232861
0.000101776
0.000236778
0.000320175
0.00015494
0.000270756
0.00081672
5.91671e-05
0.000257493
0.00104922
0.000252737
0.000110652
0.000174916
0.000162359
0.000254809
2.33346e-05
0.000141852
0.000185614
0.000125843
0.000190115
0.000237649
0.000293511
0.00016562
0.000130622
0.000162839
0.000162585
0.000378636
0.000374453
9.99005e-05
0.000259892
3.61322e-05
0.000670291
0.00012772
0.000236301
0.000363947
0.000113453
0.000224379
0.00015015
0.000186124
0.000336235
4.90164e-05
5.7475e-05
0.000435373
0.000413763
0.000251338
7.89673e-05
8.20105e-05
0.000203453
0.000111755
6.36428e-05
0.000116488
0.00030214
0.00014427
0.000459261
0.000252385
0.000117591
0.000154436
0.000515607
0.000225716
0.00022359
9.62325e-06
0.0002461
2.52317e-05
0.000690845
0.000153607
4.40715e-05
0.000152135
1.00395e-05
0.000294645
0.000145751
0.00012332
0.000498683
0.000232083
0.000424612
0.000221266
0.000192255
0.000128139
0.000287252
0.000614818
0.000207863
0.000118095
0.000268788
0.000267246
6.18963e-05
0.000216556
0.00300313
0.000106539
0.000187292
0.000143326
0.000144299
0
0.000111034
8.96516e-05
