0.00437517
0.000642341
0.000758394
0.00176923
0.000566646
0.000596434
0.000787418
0.00104689
0.000797351
0.000441287
0.000810958
0.000304691
0.000618359
0.00041293
0.000860575
0.0015634
0.00080995
0.00100679
0.00116766
0.000838655
0.00100291
0.000384385
0.00122289
0.00114792
0.000645984
0.000961607
0.000309579
0.000664131
0.000628557
0.000219053
0.00075055
0.00108496
0.000431224
0.00042292
0.000906648
0.00141139
0.00166018
0.000592162
0.000491103
0.000431476
0.000396382
0.000549566
0.000372147
0.000981079
0.000975927
0.0011278
0.000754791
0.00100005
0.000484468
0.000670885
0.000301014
0.000616684
0.000209087
0.000496889
0.000301923
0.00159128
0.000771554
0.000568412
0.000678014
0.00088199
0.000611108
0.000392118
0.000840268
0.00144852
0.000870722
0.00089022
0.00215293
0.00205665
0.00248457
0.00322047
0.00032138
0.000973717
0.00026501
0.000593177
0.00093538
0.000584725
0.000466179
0.00041367
0.000518173
0.00102757
0.000474222
0.000410139
0.00024992
0.00049072
0.000710682
0.000879653
0.000647219
0.000655034
0.00052218
0.000733165
0.00171914
0.000488357
0.00129279
0.00277129
0.000579563
0.000409671
0.000401208
0.000263458
0.0155091
0.000765029
0.00583135
0.000646751
0.000676224
0.000102463
0.000304745
0.000560584
0.000958471
0.000408557
0.00108139
0.000333128
0.000822401
0.000259847
0.000360463
0.000522276
0.00102944
0.000947171
0.000533602
0.000853199
0.000412505
0.000517186
0.000544843
0.000641884
0.000322488
0.000625246
0.00045901
0.000536603
0.000525134
0.000504907
0.000813967
0.00060841
0.000528476
0.000264773
0.000800029
0.00053723
0.000693437
0.000123519
0.000824821
0.000331524
0.000911055
0.00175363
0.000276041
0.000640775
0.000811715
0.000864957
0.000686951
0.000738513
0.000483193
0.000790166
0.00116853
0.000802146
0.00102745
0.000359916
0.000779072
0.000554859
0.000702868
0.000919435
0.000829538
0.000633428
0.00079926
0.0006328
9.11506e-05
0.000328492
0.000229771
0.000837035
0.00081275
0.000532689
0.000383587
0.000483532
0.000411257
0.00274612
0.000627651
0.00102215
0.000601021
0.000607924
0.000887403
0.000540461
0.00180036
0.00129595
0.000457259
0.000464752
0.00285252
0.00115034
0.00174699
0.00100057
0.000409079
0.0331873
0.000577411
0.00288433
0.000262278
0.000722734
0.000708818
0.000639947
0.000511743
0.000672085
0.00101876
0.000644445
0.000823758
0.00179911
0.000480301
0.000500764
0.00117042
0.000589031
0.000984986
0.000524293
0.000527478
0.00179206
0.000984814
0.00210999
0.00122009
0.000460563
0.000804384
0.000989031
0.000711637
0.00020563
0.000435236
0.00119868
0.00123852
0.000779353
0.000512817
0.000400274
0.000721672
0.000559195
0.0004896
0.000564431
0.000742118
0.00070612
0.00064578
0.000494048
0.00743019
0.000697888
0.000334588
0.00113357
0.000391113
0.000168376
0.00061356
0.00130551
0.000711158
0.000822666
0.000647648
0.00111287
0.000743323
0.000568845
0.00134846
0.000960475
0.00121867
0.00204022
0.000570378
0.000629125
0.000943845
0.000208122
0.000422228
0.000131077
0.000770528
0.0024076
0.00128758
0.00106431
0.000341048
0.000340933
0.000242157
0.00057306
0.000218901
0.00100249
0.0020364
0.0003549
0.000712767
0.000468762
0.0054643
0.000948135
0.00104014
0.000888409
0.000940231
0.000591031
0.000572452
0.00116789
0.000452348
0.000521727
0.000423949
0.000855507
0.000283913
0.000265583
0.000420982
0.00143741
0.000919771
0.000604948
0.00140939
0.000486032
0.00220967
0.000499823
0.000957503
0.00150533
0.000393142
0.000229424
0.000512229
0.000367263
0.000425473
0.000360597
0.000627416
0.00369931
0.000653138
0.000343735
0.000771388
0.000612249
0.000703237
0.00023095
0.00121834
0.000760448
0.00105942
0.000246546
0.00107754
0.00181797
0.00058232
0.000575641
0.000596002
0.0010791
0.000667265
0.000690799
0.000424458
0.000873768
0.000615497
0.000629261
0.000362004
0.00116942
0.000514328
0.000743499
0.000270838
0.000987148
0.000450681
0.00281878
0.000559173
0.000689716
0.000319323
0.00252667
0.000449069
0.00291792
0.000540052
0.000956723
0.000410485
0.000928402
0.0435856
0.000938557
0.000155742
0.000717493
0.0039603
0.00107293
0.000986899
0.000965086
0.00137689
0.000662993
0.0012264
0.000669926
0.0009828
0.000412399
0.000702988
0.00743885
0.00057842
0.000380865
0.000853775
0.00077793
0.00106431
0.000732266
0.000504619
0.000986108
0.000202873
0.00112005
0.000368039
0.000319214
0.00522046
0.000814464
0.000824863
0.000830578
0.00100042
0.00107403
0.000374021
0.00152613
0.000290819
0.000755321
0.000961566
0.00211035
0.000277573
0.00076871
0.000594524
0.000617454
0.0020191
0.000322939
0.00125601
0.000178778
0.00071331
0.00253892
0.00109066
0.000243023
0.000822944
0.00114558
0.000656501
0.00134138
0.00073404
0.00113662
0.000455044
0.000403058
0.0033584
0.000684925
0.000692957
0.000256818
0.0060241
0.000778517
0.000533451
0.00417135
0.000359854
0.00061614
0.00147347
0.000671077
0.000404955
0.00159907
0.00327124
0.000803374
0.000656757
0.00056947
0.000800333
0.00493804
0.00102867
0.000537104
0.000709439
0.000709121
0.000873502
0.00060682
0.000564078
0.00145317
0.000957336
0.000748111
0.00165308
0.000441376
0.000506521
0.000420656
0.00167052
0.000565176
0.00037004
0.000564
0.000354569
0.0019083
0.000530447
0.00169697
0.000584812
0.0109179
0.00115451
0.000618311
0.000589227
0.000478377
0.000535921
0.00945197
0.00121607
0.00050134
6.89672e-05
0.00100073
0.000523746
0.00139092
0.000437063
0.000201409
0.00111083
0.000971057
0.000718811
0.000680322
0.000480149
0.0335934
0.000583367
0.00108675
0.00091385
0.00127715
0.00123803
0.000576008
0.00033386
0.00112581
0.000807869
0.000540717
0.000449152
0.000978166
0.000670738
0.000570626
0.000638104
0.000463884
0.000295682
0.00118717
0.000997548
0.00103506
0.00542032
0.000534663
0.000826347
0.000779428
0.000940617
0.00281061
0.000822107
0.000549644
0.000563143
0.000378939
0.000466118
0.000210694
0.0020545
0.000714373
0.000836465
0.000316483
0.000494167
0.000405963
0.00060635
0.00180361
0.000480783
0.000509204
0.000500179
0.000336027
0.00135166
0.000818536
0.000386666
0.000704193
0.000745036
0.000901411
0.000807554
0.000425159
0.000634724
0.000987208
0.000341988
0.00125462
0.00076767
0.00112825
0.000934451
0.000766869
0.000669545
0.000333374
0.000734169
0.000296572
0.000969019
0.000531579
0.000255785
0.000619136
0.00071675
0.000523883
0.000888887
0.000358293
0.000520398
0.000302253
0.000330939
0.000723673
0.00016625
0.000650238
0.000417526
0.00887844
0.000617547
0.000426657
0.000458116
0.00059011
0.000655476
0.000390912
0.000233545
0.000571304
0.000500245
0.000328572
0.000876208
0.000518143
0.000495902
0.000614099
0.000900456
0.000502672
0.000900552
0.000543015
0.000478455
0.000396871
0.000801406
0.0004027
0.000625438
0.000773083
0.000416061
0.000748199
0.00035936
0.000940079
0.00106186
0.00124332
0.00132482
0.000442618
0.000516239
0.000381972
0.00798457
3.42587e-05
0.000310478
0.000464708
0.000447187
0.000699232
0.000728096
0.000390995
0.000635732
0.000449929
0.000934079
0.000519987
0.000629345
0.000415191
0.00040671
0.00072914
0.000416215
0.000625704
0.00026532
0.00140951
0.00155387
0.000935326
0.000642096
0.000654142
0.00108649
0.000782524
0.000920734
0.000477438
0.000403284
0.000862621
0.00438979
0.00113813
0.000861973
0.000379272
0.00584121
0.000879776
0.000565494
0.000580856
0.000502465
0.000465332
0.000763067
0.000490659
0.000759727
0.00184693
0.000370707
0.000891689
0.0030175
0.00136226
0.000506895
0.00138154
0.000708867
0.000775377
0.00116262
0.0053144
0.000611868
0.000387227
0.000944111
0.000313811
0.000404525
0.000931065
0.000444144
0.000677602
0.000316118
0.00148612
0.000360514
0.000629336
0.000710878
0.000520434
0.000652855
0.000570633
0.000804681
0.00169424
0.000707978
0.000656222
0.000952966
0.000645041
0.000507851
0.000762679
0.000654709
0.000429556
0.000552889
0.000319257
0.000246222
0.000425948
0.000248775
0.000345988
0.000468013
0.000107453
0.000550351
0.00142929
0.000411509
0.00112882
0.000687217
0.00963875
0.000943008
0.000752861
0.00323193
0.000765052
0.0019885
0.000550474
0.000641917
0.000138459
0.000486115
0.000285032
0.000880568
0.000893085
0.000908168
0.000185774
0.00101429
0.0013491
0.000585745
0.00102754
0.000454108
0.00049474
0.000593635
0.000582022
0.000381257
0.000843915
0.00124152
0.000538635
0.000740427
0.000593673
0.0010126
0.00161576
0.000698475
0.0014419
0.000549381
0.000256954
0.000966195
0.000577682
0.00193165
0.00146926
0.000485607
0.000450601
0.000470119
0.00119184
0.000689327
0.00113196
0.00053283
0.000206192
0.00103531
0.00053368
0.0011063
0.000660952
0.00458943
0.000569052
0.00176708
0.000491484
0.000424024
0.00185978
0.00092844
0.00176495
0.000587248
0.000248731
0.000188194
0.00074673
0.000918368
0.000325668
0.00150316
0.00130879
0.000837017
0.000687198
0.000353747
0.00217303
0.000842494
0.000733259
0.00112799
0.000454968
0.00123215
0.000340061
0.000424516
0.000848572
0.000199013
0.00083458
0.000579985
0.000934871
0.00143035
0.00107178
0.000871211
0.00136589
0.000581029
0.00032286
0.00046809
0.00104884
0.000577519
0.000974388
0.000152814
0.000955176
0.00109493
0.000821578
0.000868842
0.000796374
0.000762069
0.000366812
0.000565682
0.000727392
0.000928292
0.000382875
0.00347256
0.000415549
0.000213499
0.00025874
0.000419214
0.0018483
0.00045275
0.000900011
0.00416758
0.000670249
0.000359365
0.00120363
0.000403735
0.000310434
0.0083525
0.00046769
0.00306846
0.000508404
0.0014107
0.00161211
0.000599285
0.000814437
0.00216276
0.000793491
0.000551325
0.00079686
0.000279489
0.000238888
0.000241607
0.000331675
0.000553682
0.00101549
0.00252465
7.38623e-05
0.00061038
0.000684696
0.000759259
0.000818468
0.00452653
0.00089827
0.000443369
0.000430539
0.000410795
0.00112325
0.000636816
0.00622052
0.000565373
0.000918537
0.00016406
0.000239642
0.00149886
0.000343672
0.00059059
0.0146738
0.000442897
0.000263461
0.00128169
0.000906916
0.000915243
0.000461497
0.0006428
0.00155857
0.000677029
0.000829287
0.000786519
0.000842604
0.00105022
0.000674829
0.00252974
0.000987733
0.000609723
0.000120465
0.000594598
0.000447584
0.00356874
0.00058441
0.000712835
0.00054568
0.00146431
0.000611923
0.000678801
0.000449225
0.00135142
0.000607032
0.000679168
0.000454501
0.00081619
0.000440232
0.00196926
0.0018537
0.000263388
0.000351661
0.000386805
0.00070975
0.00051979
0.000414184
0.000697039
0.000542535
0.000213924
0.000403455
0.00136579
0.00402617
0.00230654
0.000880855
0.000614588
0.000716036
0.000923858
0.0010971
0.000723165
0.00389646
0.000584401
0.000854748
0.000438011
0.000950015
0.010019
0.000712482
0.000834262
0.000728313
0.00148359
0.00160227
0.000656785
0.000696319
0.00438876
0.000106057
0.00083888
0.000719277
0.000564745
0.000579309
0.000241154
0.000368115
0.000583021
0.000484942
0.000591166
0.000968518
0.000485104
0.000651802
0.000452064
0.000350066
0.00014182
0.00733492
0.0019262
0.000441167
0.000611013
0.000408299
0.00066525
0.000598771
0.000338108
0.000589543
0.00159169
0.000489557
0.000338883
0.000492531
0.00119727
0.00127963
0.00125594
0.000427466
0.0020661
0.000420855
0.000878873
0.000809311
0.00065634
0.000878805
0.00213655
0.000713201
0.0001778
0.000900126
0.000562941
0.0031597
0.000507755
0.000433724
0.000473533
0.000581452
0.000421431
0.000429773
0.00244881
0.000524216
0.000345391
0.000635858
6.00477e-05
0.000227374
0.000389672
0.000534403
0.00134632
0.00041137
0.00157049
0.000269763
0.000575243
0.000319701
0.000294508
0.0002303
0.000514334
0.000248617
0.000712797
0.000740068
0.00124182
0.000775544
0.000854061
0.000561244
0.000617769
0.00046339
0.000687256
0.000280462
0.000842906
0.0010826
0.000141694
0.00053168
0.000681707
0.000288809
0.000883227
0.000325279
0.000801721
0.000351602
0.000420508
0.00296805
0.000598275
0.00125155
0.000569815
0.000288745
0.000904067
0.000901092
0.00100477
0.000363567
0.00164571
0.00061726
0.00040057
0.000301682
0.0007583
0.00212017
0.000835655
0.000557202
0.00173433
0.00301165
0.00107442
0.000488898
0.00095687
0.000296134
0.000602558
0.0018049
0.000746777
0.00121641
0.000940191
0.000423442
0.000376722
0.000358165
0.000800589
0.000389648
0.000759354
0.000571576
0.000329478
0.000610156
0.000289117
0.000789529
0.000130034
0.000357629
0.000612703
0.000700117
0.000532295
0.000569599
0.00214509
0.000859641
0.000531792
0.000573112
0.000640642
0.000576844
0.000685786
0.000532041
0.000631127
0.000966104
0.000477093
0.000291167
0.000775962
0.00225233
0.000514724
0.00272898
0.000985875
0.00071083
0.000877621
0.000562752
0.000519656
0.000367053
0.000652516
0.000627405
0.000500997
0.000682993
0.000761801
0.000559401
0.00136717
0.00100366
0.00176287
0.00114341
0.000395462
0.000355796
0.00944388
0.000592748
0.000709367
0.00143136
0.000453057
0.000440631
0.000551825
0.00105528
0.00109314
0.000515968
0.000402571
0.00105116
0.000692233
0.000261976
0.000541474
0.00119891
0.00100777
0.000460573
0.000597929
0.000430382
0.0264286
0.000418674
0.000397175
0.00107798
0.000119861
0.00388785
0.000356534
0.00120835
0.00163242
0.000467887
0.000412488
0.000662165
0.000290979
0.000670814
0.000957527
0.000692964
0.000730108
0.000374781
0.00103285
