0.00249677
0.00174515
0.00156063
0.00264612
0.00240404
0.00145127
0.00183164
0.00142648
0.0760427
0.00209083
0.00172645
0.00148642
0.00475906
0.00221921
0.00155365
0.00336613
0.000942472
0.000656774
0.00211374
0.0011444
0.00176943
0.000887758
0.00291563
0.00110618
0.00153629
0.00175979
0.00113201
0.00175985
0.00149053
0.00131792
0.00131954
0.00177774
0.00171581
0.00194101
0.00464265
0.00290324
0.00121102
0.00140077
0.00113001
0.00149274
0.00269595
0.00566839
0.00344059
0.00117628
0.00111989
0.000791252
0.00322473
0.00140947
0.00162628
0.00294513
0.00136666
0.000867822
0.00170651
0.00129719
0.00138938
0.00113871
0.00155319
0.00244835
0.000263221
0.00223669
0.00301996
0.00168914
0.00157208
0.0025762
0.000926438
0.00134716
0.00106251
0.00172689
0.00348219
0.00116149
0.00152998
0.00207718
0.00724913
0.00101765
0.00191491
0.00248581
0.00273094
0.00147163
0.0126635
0.00296144
0.0011429
0.0012082
0.00187394
0.00128393
0.00117707
0.0018083
0.00232286
0.00388176
0.00135062
0.00281016
0.00549223
0.00520233
0.00150247
0.00219578
0.00121715
0.0021148
0.000867994
0.0101111
0.0010286
0.00627798
0.00163091
0.00437904
0.00130771
0.00202309
0.00181951
0.00158437
0.00139162
0.00125123
0.00322975
0.00156993
0.00211275
0.00169389
0.00138777
0.00354693
0.00251004
0.00220669
0.00170279
0.00182936
0.00354128
0.00215436
0.00277555
0.00241953
0.0030348
0.00108117
0.00140924
0.00223714
0.00301845
0.00283558
0.0021533
0.00209768
0.00213784
0.00194563
0.00131369
0.00149711
0.0155013
0.00115688
0.00246616
0.00167217
0.00231747
0.00105732
0.00146646
0.00124217
0.00172615
0.00423491
0.000526329
0.00309984
0.00167604
0.00193884
0.00181805
0.00425606
0.00198456
0.000661951
0.00214952
0.000834797
0.00156602
0.00166582
0.00116163
0.00140701
0.0011613
0.00136578
0.00115335
0.00182724
0.00714095
0.0019999
0.00104625
0.00212377
0.0012404
0.00163581
0.00245984
0.00539583
0.00119857
0.00224894
0.00238737
0.00184148
0.0114758
0.000532754
0.00108326
0.00118689
0.00274887
0.00105533
0.0058459
0.00138596
0.00250686
0.00151259
0.00453184
0.00244197
0.00123621
0.000949961
0.00177054
0.00287866
0.0050432
0.00149351
0.00266084
0.00286162
0.00277956
0.000931656
0.00480221
0.00343438
0.00125842
0.000739298
0.00171522
0.00167554
0.00580612
0.00213932
0.00194676
0.00138235
0.00210273
0.00100109
0.00235674
0.00169419
0.00309632
0.00145948
0.00239547
0.00106797
0.000871676
0.00102015
0.00141036
0.00122355
0.00298133
0.00176141
0.00125723
0.00110902
0.000940666
0.000958251
0.00200085
0.0011527
0.00102026
0.00093853
0.0023469
0.00208934
0.00133775
0.0021261
0.00212838
0.00227279
0.00152171
0.00216111
0.00190232
0.00485612
0.00123062
0.00147337
0.00132907
0.00263569
0.00361163
0.00134139
0.00135927
0.00223158
0.000942776
0.0025935
0.00163261
0.00260316
0.00160001
0.00124068
0.00229924
0.00246185
0.00129613
0.00154302
0.00151396
0.000783895
0.00465921
0.00260728
0.0023936
0.00237826
0.00158431
0.00161378
0.00220072
0.00145817
0.00121756
0.00276594
0.00132879
0.000966171
0.00193435
0.000917365
0.00218257
0.00176512
0.00203033
0.00593018
0.00490376
0.00102246
0.00487075
0.00410908
0.00270158
0.00172365
0.000622254
0.00127911
0.00247213
0.00246091
0.00151471
0.00227615
0.00124492
0.00308701
0.00149551
0.00150472
0.00136321
0.00174941
0.00199144
0.00104135
0.00202627
0.00391134
0.00206245
0.00269773
0.00487218
0.00143839
0.00249889
0.0019577
0.00207045
0.00158271
0.00146436
0.0100003
0.000635293
0.00214566
0.00178342
0.00132901
0.00215362
0.00597594
0.00229352
0.0010929
0.00228913
0.00250296
0.00177379
0.00101013
0.00835188
0.00220942
0.0012825
0.000913911
0.00181503
0.0243639
0.000630659
0.00195775
0.000991606
0.00348652
0.00233107
0.00228719
0.00231047
0.00232047
0.00387061
0.00255083
0.00198468
0.00283587
0.00111692
0.0298955
0.00229417
0.00125891
0.0104474
0.00193417
0.00148827
0.00224362
0.00271276
0.00247291
0.0016417
0.0010552
0.0012652
0.0015784
0.00534999
0.00148881
0.00261454
0.00350611
0.00139711
0.00131426
0.00160517
0.000771698
0.00246225
0.00126629
0.00181185
0.00364282
0.00214697
0.00232449
0.000902239
0.00342086
0.0224285
0.0015459
0.00228988
0.0014181
0.00336344
0.00401525
0.00152675
0.00189516
0.000937983
0.00187404
0.000847714
0.00237584
0.00698086
0.00345134
0.00130515
0.00243697
0.00187744
0.00208784
0.0021942
0.00135805
0.00258964
0.00243754
0.00448144
0.00153578
0.00498631
0.00293919
0.00147408
0.00152445
0.00306903
0.00264415
0.00199653
0.00158351
0.0013729
0.00202751
0.00121266
0.0078576
0.00115826
0.00153329
0.00181104
0.00111628
0.00623184
0.000581222
0.00251592
0.00179861
0.00105636
0.000767614
0.00108662
0.00286303
0.00260279
0.00257161
0.00314432
0.00164893
0.00169958
0.00159609
0.00213023
0.00225112
0.00153555
0.00189261
0.00146511
0.00118043
0.00555257
0.00180822
0.000528119
0.00226905
0.000631969
0.0033707
0.00146678
0.000790484
0.0026936
0.0014563
0.0016341
0.00129227
0.00313097
0.00217367
0.00274246
0.00119441
0.000749208
0.00974896
0.000762771
0.00163721
0.00193891
0.0014327
0.0022832
0.00187168
0.00235432
0.00154673
0.00130742
0.00115649
0.00453159
0.00160724
0.0035062
0.00147553
0.000938957
0.00115596
0.000918391
0.00212583
0.00277018
0.000485388
0.00252548
0.00113216
0.0016736
0.00109317
0.00100693
0.00186456
0.00253164
0.00224449
0.00467964
0.00095572
0.00152759
0.00103527
0.00212234
0.0013291
0.00130679
0.00197269
0.0034214
0.00163278
0.00132397
0.00110426
0.00113
0.00436785
0.0023722
0.00230959
0.00182608
0.00548646
0.00245399
0.00140384
0.0014024
0.00200126
0.00181114
0.00149972
0.000560147
0.00245294
0.00172155
0.000914718
0.00114201
0.0207119
0.00121335
0.00103081
0.00136458
0.00243685
0.00121713
0.00300599
0.0523946
0.00254508
0.000899594
0.00112302
0.00334072
0.00545342
0.00161471
0.00241408
0.00161117
0.00460505
0.00223153
0.00283262
0.00212762
0.000912512
0.00557295
0.00549088
0.00506995
0.00195578
0.000842128
0.00355262
0.00113374
0.00104079
0.00428638
0.00287215
0.00160279
0.00216332
0.00167884
0.00103655
0.00148187
0.00655827
0.00431162
0.00242616
0.00128397
0.00396183
0.000963423
0.00119532
0.00113528
0.00168591
0.000853679
0.0011981
0.0040397
0.00163006
0.00172842
0.00209276
0.00509182
0.00131555
0.00095109
0.00181894
0.0032638
0.00134429
0.0106359
0.0130844
0.00102487
0.0103331
0.00222306
0.0110368
0.00114205
0.00166686
0.0300555
0.00200407
0.00115595
0.00230335
0.00142192
0.000897742
0.00215038
0.00239241
0.00222052
0.0013991
0.00538959
0.00137679
0.009549
0.00147746
0.00254623
0.00167265
0.00149887
0.0065167
0.00235133
0.00307029
0.00161319
0.000451983
0.00366852
0.00118738
0.00177259
0.00134253
0.00612981
0.00186813
0.00201227
0.00165359
0.00150263
0.00128433
0.00255657
0.00147002
0.00312468
0.00325978
0.000980644
0.00482305
0.00157278
0.00138705
0.00311659
0.000972139
0.00206729
0.00177496
0.000996246
0.00115393
0.00612245
0.00138094
0.00107084
0.0016554
0.00130415
0.00682914
0.00232521
0.00154829
0.00145917
0.00172163
0.00184904
0.00247756
0.00138115
0.00154518
0.00198698
0.00285086
0.00269954
0.00106799
0.00193774
0.00186416
0.000940161
0.00114896
0.00309035
0.00272142
0.00234181
0.0017995
0.00151627
0.00110817
0.000845372
0.00348208
0.00117051
0.00123566
0.00177818
0.001616
0.00241011
0.00298517
0.00156356
0.00228601
0.0018972
0.00147162
0.00254896
0.00155592
0.0014468
0.00295044
0.00100622
0.00320231
0.00100867
0.00143764
0.00209804
0.0016692
0.00295486
0.00174326
0.0004984
0.00107562
0.00126656
0.00154717
0.00242368
0.000626119
0.00184454
0.000399218
0.00173259
0.00245938
0.00126113
0.00122257
0.000874292
0.00214135
0.00310605
0.00119249
0.00168155
0.00235732
0.00092575
0.00189973
0.00215593
0.00210557
0.00190553
0.00161294
0.00158234
0.00177385
0.00136598
0.012824
0.00140118
0.00098505
0.000488344
0.000715723
0.0169237
0.00181281
0.00166507
0.00157696
0.00157659
0.000809024
0.00300336
0.00256537
0.00229458
0.00102893
0.000965971
0.0012158
0.00860609
0.00179605
0.00220851
0.00163197
0.00147596
0.00226109
0.00294962
0.00163118
0.00276893
0.00271069
0.00600478
0.00213812
0.00120547
0.00170628
0.000321482
0.00117748
0.00268475
0.000738605
0.00219885
0.00143996
0.00127814
0.00134124
0.00769407
0.00102087
0.00160158
0.00112159
0.00127838
0.0012017
0.00115878
0.00105813
0.00157414
0.00192134
0.00246458
0.0018357
0.0084828
0.0010176
0.00151345
0.0013292
0.00130924
0.00294821
0.00184313
0.00107714
0.00111284
0.00190503
0.00196439
0.00179105
0.00142505
0.00266242
0.00482887
0.00224344
0.00123589
0.00114775
0.00126827
0.00181585
0.00126076
0.000988906
0.0017694
0.00674673
0.00128574
0.00285662
0.0360808
0.0448648
0.000996498
0.00175012
0.00334113
0.0145743
0.00259045
0.00202485
0.00202783
0.00269408
0.00157782
0.00106237
0.00118913
0.00135835
0.00770302
0.00157281
0.00619943
0.00166527
0.00194212
0.00176372
0.00295538
0.00249843
0.00194492
0.00221186
0.00144133
0.00185073
0.00147287
0.00215474
0.00514354
0.0075278
0.0025162
0.00212005
0.00271563
0.00184099
0.00198795
0.00148164
0.00200846
0.000652448
0.00104634
0.00123165
0.00116853
0.00235054
0.00206901
0.00145503
0.00220551
0.00159208
0.00240248
0.00104819
0.00206107
0.000864474
0.000876404
0.00217278
0.00220363
0.00385808
0.00530587
0.00175647
0.00208595
0.000998191
0.00298975
0.00103574
0.000976457
0.00114754
0.00555862
0.00136666
0.00189605
0.00205626
0.000855705
0.0017244
0.00110544
0.00241885
0.00100572
0.00185661
0.00230999
0.00181026
0.0033614
0.00354337
0.00137629
0.0022027
0.00157001
0.0015704
0.00295153
0.0015604
0.00135557
0.001292
0.0165097
0.0024588
0.00133396
0.00117134
0.00215913
0.0015201
0.0112126
0.00120428
0.00102172
0.00115551
0.00157924
0.00393821
0.00185717
0.00167819
0.000748567
0.00253656
0.000931784
0.00140756
0.0017095
0.00248101
0.00291521
0.00126037
0.00270876
0.0011258
0.00182006
0.0060561
0.00178292
0.00469762
0.00162308
0.000833871
0.00291573
0.00240172
0.00268176
0.00243852
0.00233326
0.00120964
0.00148824
0.00345893
0.00119323
0.000745224
0.00089816
0.00144072
0.00170622
0.00133814
0.00287888
0.00176058
0.00320894
0.00223502
0.00227476
0.00974567
0.00407712
0.00278708
0.0019878
0.00130376
0.00125102
0.000677446
0.00166874
0.000991166
0.00174914
0.00219543
0.00166725
0.000631386
0.00316228
0.00259769
0.000872511
0.00254102
0.00246976
0.00238446
0.0065474
0.000967479
0.00227025
0.00116978
0.00152189
0.00177574
0.00212543
0.00117341
0.003738
0.00186412
0.00171938
0.00195432
0.00169544
0.0177427
0.000735756
0.0224781
0.00291055
0.0015788
0.00152058
0.00216351
0.00138665
0.00043875
0.00143381
0.00234097
0.00130052
0.00186834
0.00115263
0.000832018
0.000994121
0.000572689
0.00254142
0.00309036
0.00158055
0.00169179
0.00172834
0.00188621
0.0009134
0.00306898
0.00146784
0.000942702
0.00156841
0.000855657
0.000732232
0.00138719
0.00175389
0.00137343
0.00159217
0.00139754
0.00121323
0.00202496
0.00144942
0.00134346
0.00704983
0.00392917
0.00130867
0.0207025
0.00197199
0.00213015
0.00178657
0.00118393
0.00114083
0.00206218
0.00199
0.0015262
0.00174592
0.00307604
0.00228612
0.00166158
0.00241519
0.00242188
0.00145932
0.00125701
0.00269529
0.0015399
0.0028126
0.00210363
0.00226505
0.00186363
0.00164029
0.00107959
0.00649963
0.0025253
0.00255098
0.000931782
0.00498141
0.0156617
0.000805035
0.0012745
0.00261579
0.00226822
0.00165007
0.0014478
0.00157435
0.00285697
0.00113369
0.00172296
0.00249156
0.00161114
0.00771398
0.000858139
0.0013065
0.0013316
0.00203859
0.0037712
0.000795963
0.00219254
0.00519622
0.00271115
0.00199042
0.0019183
0.00153607
0.00187839
0.00184233
0.00231309
0.000979487
0.00171345
0.00138879
0.00144671
0.0156303
0.0326779
0.000754291
0.00212518
0.000774652
0.00431423
0.00240297
0.00154999
0.000915247
0.00269946
0.00161213
0.000676433
0.00138142
0.00214108
0.00807421
0.00143952
0.00168632
0.00110117
0.00151511
0.000850649
0.0012199
0.00128327
0.00117059
0.00067286
0.000910863
0.00152633
0.0013105
0.00146016
0.00547667
0.00196251
0.00184962
0.00208057
0.0012533
0.00322638
0.00118544
0.00151118
0.00171384
0.00148143
0.00199785
0.00709779
0.00131707
0.00148403
0.00158158
0.00203574
0.00403026
0.00180331
0.00172568
0.000867322
0.000916013
0.00237146
0.00166822
0.0028552
0.001597
0.00350883
0.00117442
0.000963821
0.00187109
0.00253184
0.00254438
0.00167991
0.00218843
0.00124761
0.0015333
0.00201075
0.00111223
0.000934673
0.00482619
0.000542591
0.00113471
0.00180864
0.00163193
0.00159199
0.00275355
0.00104438
0.00121501
0.0045324
0.00151135
0.00313975
0.00142543
0.006201
0.00547766
0.00328845
0.00198586
0.00864411
0.00453203
0.00140499
0.00116579
0.00877688
0.00168859
0.00323558
0.00191377
0.00258101
0.00154329
0.00239616
0.00197883
0.00138732
0.00128191
0.00194579
0.00146277
0.00956528
0.000477124
0.00179681
0.00216951
0.00156258
0.00190737
0.000900362
0.00360684
0.00840927
0.0013141
0.000929817
0.00131821
0.00147585
0.002337
0.00180763
0.00183824
0.00127925
0.0022477
0.00152424
0.00195212
0.00178391
0.0027935
0.00123986
0.00155185
0.00110082
0.00202691
0.00224107
0.00154169
0.00126273
0.00197234
0.00237196
0.00227962
0.00220025
0.00163468
0.00183131
0.000763708
0.00141586
0.00160741
0.00160739
0.00195748
0.00446967
0.00120925
0.00290084
0.00242112
0.00187132
0.00107924
0.000770096
0.00228577
0.00544036
0.00155062
0.00190167
0.001706
0.00186458
0.00130378
0.00298554
0.00145693
0.00176082
0.00178144
0.00164325
0.00285628
0.00124395
0.00196661
0.00254779
0.00373029
0.00131236
0.00267181
0.00102707
0.00222014
0.00177041
0.00206242
0.00678734
0.00257039
0.0017146
0.000790389
0.000809921
0.0024207
0.00288612
0.00308156
0.00178323
0.0010837
0.00379381
0.00184681
0.00140042
0.00170918
0.000929041
0.00216029
0.000993584
0.00200815
0.00320922
0.00112846
0.00223485
0.00102083
0.00152092
0.00271307
0.00175824
0.000581173
0.00395031
0.00184026
0.00267568
0.00128662
0.017155
0.00163717
0.014784
0.00172825
0.00537263
0.00223437
0.00123328
0.0010249
0.00140196
0.00228953
0.0010458
0.00526198
0.000508438
0.00213399
0.00230155
0.00117388
0.00200064
0.00146128
0.00135111
0.00363952
0.00123817
0.00135393
0.00121903
0.00194624
0.00162232
0.00134323
0.00183598
0.00126988
0.000772912
0.00115604
0.00141877
0.00129011
0.000771634
0.00116214
0.00171189
0.00211987
0.00118489
0.00519293
0.00250777
0.0018584
0.00108635
0.00105632
0.00137762
0.00203296
0.00287552
0.00123772
0.00125682
0.00150588
0.00247013
0.00163611
0.0011893
0.00087582
0.00155287
0.00134402
0.00129613
0.000954106
0.00142938
0.00907168
0.00361735
0.00197327
0.0013742
0.0016707
0.00165276
0.00142519
0.00314598
0.00221297
0.00171471
0.000812698
0.0022491
0.00123659
0.0027516
0.00173826
0.00252611
0.00808787
0.00770192
0.00110263
0.00217495
0.000994065
0.0020481
0.00162944
0.00170651
0.00178703
0.00179099
0.00067877
0.00123391
0.00231733
0.0100917
0.00364062
0.00161954
0.00270356
0.00109131
0.000891271
0.00129705
0.000660866
0.00148015
0.00322465
0.00186619
0.00138265
0.0026111
0.00283707
0.00249017
0.00155836
0.00174049
0.00164762
0.00180186
0.00389698
0.00141388
0.00176445
0.00205637
0.00130917
0.00156365
0.00228406
0.00192315
0.00762269
0.00139782
0.00169247
0.00476662
0.00251823
0.00199479
0.00571153
0.00632544
0.00307633
0.0017903
0.00215651
0.000813251
0.00182805
0.00232459
0.00183919
0.00230908
0.00236201
0.00270111
0.0209148
0.00281845
0.00415818
0.00139724
0.00180092
0.00112809
0.00162638
0.00129661
0.00129241
0.00123357
0.00198517
0.00230447
0.00232047
0.00203367
0.00284864
0.00114167
0.00265157
0.00175756
0.00258933
0.000694017
0.00206846
0.00261667
0.0058112
0.00147227
0.00248912
0.0160365
0.00234511
0.000679215
0.0010554
0.00185934
0.00195774
0.00188947
0.00132725
0.00100374
0.00161657
0.00255855
0.00144294
0.00161506
0.00146745
0.00245679
0.00581917
0.00220352
0.00124101
0.00157421
0.00208305
0.00558904
0.00140223
0.00147612
0.00193738
0.00252021
0.00766095
0.00212466
0.00588178
0.00146232
0.0018614
0.00230239
0.000933655
0.00124629
0.0025113
0.00556991
0.00330282
0.00475109
0.0027298
0.00221494
0.00117187
0.00166965
0.00375555
0.0011834
0.00421177
0.00168943
0.00141819
0.00121445
0.000342576
0.00196811
0.0019121
0.00070432
0.00186467
0.00164101
0.00357538
0.00386423
0.00124936
0.000985088
0.00167967
0.00518963
0.0117991
0.00268584
0.0010018
0.00249903
0.00250756
0.00159807
0.00644854
0.0112555
0.00200727
0.000918207
0.0024446
0.0026696
0.00114569
0.00240273
0.00225402
0.00162989
0.00186947
0.00126068
0.00102706
0.00149128
0.00149231
0.00175343
0.000867584
0.00125579
0.00207077
0.00412995
0.000800088
0.00095411
0.00195334
0.000748619
0.000851152
0.00192758
0.00195079
0.00262209
0.00163982
0.00063412
0.00113042
0.00206504
0.000731676
0.00189311
0.00127154
0.00308031
0.00312177
0.00222833
0.00167134
0.00120412
0.00470731
0.000947963
0.00220459
0.00158463
0.00248273
0.002298
0.002672
0.0124589
0.00215482
0.00111605
0.00440309
0.00278862
0.00360957
0.00179121
0.00305476
0.00134262
0.00244997
0.000798824
0.00448375
0.0008467
0.00118193
0.00311195
0.00220153
0.00245072
0.00170189
0.000896458
0.00118295
0.000715797
0.00341949
0.0271189
0.0125788
0.00198051
0.00202685
0.0015719
0.00260421
0.00058123
0.001749
0.00716344
0.00152219
0.00167985
0.00458088
0.00144335
0.00142502
0.00186496
0.00180549
0.0041041
0.00218158
0.0126939
0.00227368
0.00127437
0.00278648
0.000584783
0.0190602
0.00241804
0.00182761
0.00275315
0.00181107
0.0014899
0.00144647
0.00258732
0.00214995
0.000620226
0.00101751
0.00205862
0.00178854
0.00174396
0.000551928
0.00193981
0.00175399
0.00143034
0.00336164
0.00173421
0.00260585
0.001281
0.00128055
0.00162182
0.00250523
0.00267149
0.00424191
0.00291643
0.00155853
0.00123429
0.00167712
0.00232518
0.00222839
0.00157871
0.0017796
0.00134875
0.00233712
0.00179197
0.00314097
0.00202213
0.0023684
0.0022942
0.00131989
0.0038986
0.0155856
0.00164765
0.00162888
0.000990336
0.00109548
0.00173094
0.00117309
0.00161691
0.00177697
0.00149974
0.00232274
0.000949898
0.00218816
0.000726328
0.00075155
0.00162925
0.00235179
0.00190292
0.0011183
0.00913261
0.00191774
0.0016018
0.0011947
0.000970266
0.00149505
0.0023278
0.00131901
0.00194314
0.00228468
0.00294435
0.00262424
0.00116958
0.00330187
0.00102078
0.0023133
0.00163095
0.00327917
0.00700184
0.00146812
0.00305702
0.00118647
0.000971411
0.00185127
0.00193686
0.00260061
0.00137683
0.000850533
0.00470411
0.00137357
0.00112195
0.00241865
0.0012562
0.0017631
0.00193305
0.0024408
0.00161973
0.000912648
0.00178491
0.00137923
0.00215597
0.0020622
0.00182511
0.000883258
0.000794196
0.00114805
0.00376888
0.00120257
0.000647212
0.00266871
0.00221682
0.00152477
0.00153134
0.00186341
0.00150291
0.00163924
0.00076548
0.00410203
0.0015372
0.00091313
0.00165515
0.00114107
0.00746554
0.00160295
0.00249207
0.00180231
0.00212969
0.00117428
0.00331854
0.00179268
0.00121699
0.00138421
0.00189434
0.00746996
0.00278008
0.00173852
0.00213036
0.00144693
0.00191608
0.00165211
0.0016444
0.00169313
0.00179784
0.00126804
0.00168404
0.00156709
0.000933039
0.00135546
0.0284822
0.000747921
0.00334914
0.00194547
0.00230517
0.00268148
0.00469251
0.000920764
0.00183046
0.00369671
0.00117103
0.00121587
0.00479061
0.00111965
0.00194518
0.00242307
0.00199545
0.0012179
0.00218719
0.00366918
0.00208953
0.00111762
0.00145853
0.00225909
0.0027109
0.00251013
0.00818614
0.00208151
0.00126159
0.00237922
0.00105245
0.00127252
0.00124884
0.00268529
0.00322693
0.00132866
0.00139809
0.00176706
0.00247773
0.00191073
0.000768828
0.00181395
0.00126601
0.00206806
0.00201689
0.00127725
0.00332531
0.00231549
0.000513146
0.00651724
0.00432056
0.00312609
0.000866974
0.018604
0.0020457
0.00920634
0.00185677
0.000823927
0.00155437
0.0027133
0.00163739
0.00170619
0.00145932
0.00344161
0.00109079
0.00219385
0.00196149
0.0043111
0.000739401
0.00171706
0.00248858
0.00129771
0.000850275
0.00333701
0.0010857
0.00173426
0.00226776
0.00137026
0.00178717
0.00149697
0.00255314
0.00538323
0.00237905
0.00219942
0.00127264
0.000823262
0.0169764
0.00287678
0.00157891
0.00220424
0.00371822
0.0011076
0.00228776
0.00191119
0.00147922
0.0025223
0.00170038
0.00144733
0.00150338
0.000712661
0.00174352
0.00309662
0.000830256
0.00146548
0.00188588
0.00213722
0.00786569
0.00195507
0.00392718
0.000773592
0.00247593
0.00300534
0.00228426
0.00234213
0.00192915
0.00120542
0.000928034
0.00344544
0.00163376
0.00138858
0.00184087
0.0022407
0.0017629
0.000942402
0.00311704
0.00167362
0.00141924
0.00155666
0.0019923
0.00170272
0.00152445
0.00352875
0.00105081
0.00116425
0.0012376
0.00367399
0.041081
0.00207558
0.00162034
0.00121885
0.00190187
0.00427209
0.00108147
0.000787472
0.000957513
0.000919106
0.00258039
0.0236697
0.00491328
0.002019
0.00162528
0.00212499
0.00499613
0.00297626
0.00320597
0.00236515
0.00199084
0.00469506
0.00127405
0.0029196
0.00467859
0.0032587
0.00134982
0.00108919
0.00166233
0.00159184
0.00282222
0.00253895
0.00314038
0.0030719
0.00125911
0.00143334
0.00189409
0.000833469
0.00182046
0.00300761
0.0015221
0.000469537
0.00151173
0.000742061
0.00470194
0.00187711
0.00098409
0.00368645
0.00131274
0.00154368
0.00210308
0.00159313
0.00203887
0.00125355
0.00536446
0.00156142
0.00141688
0.00503721
0.000961363
0.00199433
0.00145824
0.00153665
0.00263222
0.00105991
0.00141666
0.00184111
0.00224786
0.00156444
0.00120115
0.00187145
0.00180871
0.00226629
0.00174983
0.00298527
0.00152177
0.00126621
0.00135255
0.0028466
0.00117386
0.0013917
0.00198163
0.00156649
0.00174579
0.00101633
0.00275356
0.00183028
0.00113496
0.00130662
0.00288462
0.000983263
0.00173565
0.00241826
0.00124198
0.000729233
0.00222925
0.00227962
0.00149109
0.0014356
0.00086068
0.00168573
0.00146151
0.00117002
0.00173281
0.00099018
0.00117916
0.0980161
0.0015438
0.00321648
0.00178522
0.00174579
0.00189317
0.00221586
0.000568236
0.00144833
0.00311807
0.00159475
0.00210897
0.00199479
0.00219316
0.00218169
0.00829716
0.00269219
0.00164251
0.00159453
0.00171556
0.0042423
0.00184147
0.00151268
0.00164039
0.00164653
0.00210706
0.00149992
0.00117109
0.00234225
0.00398526
0.0133103
0.00117032
0.00140236
0.00241288
0.00679975
0.00147622
0.000899822
0.00153672
0.00262794
0.00230661
0.000905744
0.00243357
0.00209931
0.00156873
0.00154952
0.00339062
0.0171265
0.00200624
0.00124757
0.00167578
0.000765917
0.00165926
0.00211873
0.000793989
0.00120471
0.000902656
0.00156877
0.00210916
0.00275709
0.0108416
0.00121775
0.00205087
0.000850598
0.000864491
0.0030861
0.00190449
0.0019185
0.00118152
0.00257764
0.00159241
0.00176066
0.00173123
0.00262138
0.00146969
0.00330105
0.0033606
0.000715767
0.00109188
0.0024176
0.00108229
0.00299168
0.0013757
0.00109239
0.00198992
0.00203191
0.00121166
0.00186622
0.00105486
0.0015408
0.000884987
0.00119591
0.00129611
0.00161905
0.00105205
0.00210172
0.00252699
0.00200977
0.00222895
0.000844289
0.00411696
0.00145997
0.00424023
0.00295057
0.00224713
0.0026077
0.00149341
0.00201635
0.00534587
0.00210108
0.000703908
0.00194408
0.00123436
0.00120912
0.000920531
0.00517431
0.041661
0.00593142
0.00205377
0.0010758
0.00301515
0.00197156
0.00177173
0.00135852
0.00167761
0.00143092
0.00069379
0.00446486
0.00159537
0.00233739
0.00103223
0.000704664
0.00482335
0.00127754
0.00413578
0.00117065
0.0027504
0.0019837
0.00139709
0.0011344
0.000834051
0.00136847
0.0016862
0.0011267
0.00150587
0.00241688
0.00139373
0.00347216
0.00183259
0.00161424
0.00182365
0.00605228
0.00104257
0.0035648
0.00237385
0.000946522
0.00121774
0.0030433
0.000837112
0.00108775
0.00284775
0.00239332
0.00192226
0.001966
0.00566006
0.00239622
0.00131233
0.00217839
0.0011722
0.00199593
0.00147344
0.00108247
0.00227545
0.00205434
0.00196187
0.00183105
0.00155893
0.00107947
0.00136301
0.00180765
0.0015519
0.00232717
0.00304251
0.00179383
0.00189057
0.00143632
0.00140492
0.00185856
0.00106149
0.00252674
0.00105112
0.00241148
0.00091454
0.000619609
0.00241169
0.00490067
0.00108574
0.0173567
0.00409231
0.00258869
0.00111973
0.000956899
0.00223806
0.000590862
0.00379986
0.00366968
0.001016
0.00111914
0.00124867
0.00189752
0.00400225
0.00162601
0.00237059
0.0011361
0.000946979
0.00537091
0.00459777
0.00144854
0.00203625
0.00177305
0.00121004
0.00175699
0.000950517
0.00133166
0.0021722
0.00248508
0.00135357
0.0011619
0.00121021
0.0331518
0.000973542
0.00296803
0.00195993
0.00274447
0.00174069
0.00285017
0.00151903
0.003632
0.000842116
0.00245384
0.00214535
0.00561643
0.00183385
0.00112856
0.00127274
0.00112825
0.00212075
0.00222508
0.00160177
0.00114958
0.00157446
0.00155658
0.0015514
0.00084635
0.0130084
0.00144213
0.00214633
0.00351348
0.000999257
0.00123051
0.00211201
0.00149879
0.00113272
0.00198579
0.00101493
0.00168587
0.00254274
0.00150387
0.00216612
0.00188333
0.000748569
0.00398226
0.00186747
0.00237542
0.00141621
0.000790627
0.00146272
0.000780033
0.00147086
0.00268594
0.00194265
0.00141221
0.00134539
0.00520097
0.00229446
0.000923361
0.00264839
0.00163881
0.00175244
0.00231684
0.00166002
0.00176537
0.00236724
0.00234558
0.00465232
0.00269317
0.00153477
0.00189093
0.00109981
0.00266613
0.00103611
0.00157247
0.00217069
0.00180635
0.00136907
0.00183038
0.0015715
0.00254764
0.00153213
0.00150512
0.00139915
0.00638219
0.00105065
0.00303889
0.00219337
0.000906843
0.00145408
0.00636556
0.00167413
0.00173284
0.00202036
0.00214376
0.00221425
0.0014382
0.00240177
0.00642238
0.00187992
0.0008513
0.00367001
0.00166535
0.00977611
0.00414531
0.000653555
0.00192839
0.0050228
0.00343865
0.00230659
0.00225367
0.000532814
0.00151652
0.00353428
0.0015822
0.00247837
0.00174935
0.00191039
0.00196755
0.00136168
0.00326158
0.00125142
0.00156718
0.00298653
0.00210507
0.00127155
0.00155986
0.00371446
0.00160837
0.00110675
0.00135904
0.00264717
0.000890866
0.00133911
0.00593033
0.00134449
0.00234805
0.000941133
0.00123729
0.000999709
0.00148998
0.00181536
0.00132568
0.000875395
0.00384202
0.00139774
0.00142186
0.00132349
0.00307358
0.00180045
0.00161131
0.00278905
0.000970846
0.00122018
0.00144291
0.00156435
0.00742269
0.00263005
0.00112015
0.00498546
0.00103152
0.00144974
0.000623791
0.00128467
0.00159913
0.00486732
0.00123667
0.00392053
0.00212069
0.00126797
0.00685346
0.00242344
0.00348755
0.0145563
0.00265661
0.00180592
0.000693507
0.00233439
0.00253163
0.00136737
0.000954589
0.00129032
0.00186122
0.00184274
0.00225698
0.00297554
0.00106656
0.00269326
0.00214223
0.00279823
0.00142533
0.00262529
0.00205461
0.00211092
0.0019854
0.000854601
0.00265904
0.00157697
0.00129929
0.00331796
0.00290812
0.00199035
0.00207397
0.00251454
0.00169871
0.000963665
0.000967698
0.00281364
0.00297432
0.00984021
0.00122645
0.00866984
0.00178408
0.00158841
0.00321415
0.00209063
0.00123813
0.00127787
0.00627464
0.00253206
0.00190193
0.00210207
0.00150807
0.00176578
0.00193649
0.00341864
0.00115369
0.00352657
0.00163616
0.00164836
0.00167984
0.000658482
0.00166812
0.00183338
0.00237033
0.00272949
0.0024101
0.000803458
0.00176149
0.0022584
0.00203721
0.00039342
0.00170121
0.00135909
0.000795339
0.00139535
0.00197918
0.00052868
0.00262806
0.00155013
0.0011793
0.00158335
0.00251556
0.00246152
0.0017987
0.00145538
0.00233554
0.00236062
0.0018423
0.00141376
0.00158893
0.00214357
0.00491003
0.00104173
0.00187202
0.000921969
0.00203041
0.00193073
0.00132155
0.0020704
0.000840979
0.00208433
0.000915512
0.00189639
0.000928076
0.00312104
0.00205647
0.000607263
0.00176073
0.00243723
0.00155653
0.00149344
0.00134463
0.00244425
0.00223975
0.00174915
0.000664338
0.00239433
0.0055784
0.00198198
0.00465072
0.00370243
0.00636094
0.00278711
0.00122287
0.00158056
0.00197996
0.0024033
0.00122106
0.00132819
0.00245385
0.00736237
0.00192251
0.00542541
0.00175823
0.002245
0.00171591
0.00222478
0.00213741
0.00249973
0.0143944
0.00167162
0.00132245
0.00107927
0.00176126
0.000770071
0.00184207
0.00180354
0.00185653
0.00190999
0.00160686
0.00150793
0.00167188
0.0014513
0.00134618
0.000407151
0.000625467
0.00212489
0.00306282
0.00141824
0.00630583
0.00434131
0.00261682
0.00206525
0.000920846
0.00577268
0.000992773
0.00173443
0.00127788
0.0017629
0.001046
0.00153361
0.00169759
0.00192232
0.00114589
0.00103494
0.00161048
0.00212442
0.0013291
0.00228168
0.000867905
0.00133073
0.00143517
0.00118068
0.0150189
0.001836
0.00247141
0.00206301
0.00263159
0.00249896
0.000986844
0.0010422
0.000956058
0.0732033
0.00071325
0.00159009
0.00217142
0.000815905
0.00148731
0.00227792
0.00194708
0.00386829
0.00183202
0.00151275
0.00149292
0.00139827
0.00105993
0.00270289
0.00264125
0.0034389
0.00324119
0.0105576
0.00252762
0.000894592
0.00120709
0.00164746
0.00452584
0.00173606
0.00267891
0.00123338
0.00152902
0.0017086
0.00196565
0.00225368
0.00256129
0.00203557
0.000732675
0.00183467
0.0014911
0.00123799
0.00318512
0.00138075
0.00309211
0.00239787
0.000621468
0.0018407
0.00183272
0.00397777
0.00233822
0.00238814
0.00442962
0.00248208
0.00204185
0.00295076
0.001427
0.00119306
0.00173623
0.00261534
0.00150261
0.00115476
0.00162285
0.00215023
0.000767645
0.00111768
0.000970657
0.00187596
0.00186364
0.00144656
0.00103769
0.0013749
0.00197801
0.00416391
0.00232156
0.00213872
0.00288501
0.00164329
0.00119667
0.00194601
0.00577622
0.00112196
0.00168856
0.00222467
0.000976524
0.00187193
0.00299785
0.00105475
0.00108148
0.00148232
0.00844065
0.00206982
0.00204593
0.00142876
0.00140838
0.00179974
0.00108223
0.00223025
0.00210257
0.00243488
0.00304981
0.000459785
0.00266503
0.00117052
0.00431576
0.000754064
0.00207257
0.00101443
0.00194733
0.00163623
0.000986407
0.00531195
0.00165404
0.00182344
0.000804146
0.00135095
0.00180106
0.000975463
0.00189604
0.00926456
0.00178771
0.000664793
0.00687307
0.00187074
0.0016677
0.00346287
0.00263529
0.000854148
0.00236663
0.00123471
0.00161445
0.00183533
0.00186523
0.00165305
0.00205411
0.00133283
0.00205966
0.0023138
0.00192744
0.00278452
0.00107434
0.00172047
0.00289025
0.00156281
0.00302236
0.00283237
0.0012638
0.00107379
0.000997951
0.00268734
0.00133704
0.000726193
0.00146355
0.00150308
0.00301144
0.00113093
0.00420422
0.0033561
0.00384019
0.00291204
0.00133181
0.00119313
0.00151878
0.00125386
0.00114709
0.00133719
0.000883761
0.00129902
0.00192812
0.000291561
0.00187744
0.0011207
0.00238893
0.00200862
0.00160333
0.00124703
0.00215623
0.00122562
0.00147062
0.0010473
0.000762161
0.00112403
0.00105807
0.0024527
0.00404186
0.00220883
0.00523443
0.00157376
0.00112257
0.00147374
0.00106381
0.00235121
0.00155532
0.00255966
0.00187304
0.00604508
0.0084125
0.000555686
0.000912215
0.00121726
0.0017865
0.00174002
0.00180613
0.00116718
0.00243527
0.00389768
0.0013401
0.000671899
0.00095673
0.00170677
0.00135681
0.00149911
0.00472481
0.00191912
0.00440607
0.00125293
0.00402155
0.00194026
0.0013811
0.00186595
0.00404623
0.0141107
0.0123324
0.00181656
0.00168318
0.00213912
0.00264646
0.00279272
0.00170269
0.00230543
0.00516434
0.000765187
0.00560901
0.00163425
0.00215144
0.00193217
0.000932925
0.00152184
0.00093915
0.00145613
0.00222802
0.00211672
0.000779538
0.00198878
0.00365083
0.00265492
0.00198498
0.00366253
0.00235437
0.00107488
0.00193608
0.00114728
0.00587657
0.00182393
0.00336422
0.000997562
0.00476139
0.00116053
0.0023001
0.00197012
0.000998218
0.0020497
0.00139257
0.00103485
0.00148608
0.00130967
0.00251062
0.00145463
0.000945301
0.00128728
0.00166987
0.00353528
0.00177987
0.00214587
0.00134897
0.00208241
0.00130563
0.00216586
0.00177551
0.00153203
0.0034061
0.00124295
0.00142998
0.00108958
0.00064707
0.00102849
0.00137924
0.00105026
0.00181158
0.00174933
0.00132867
0.000704855
0.00487014
0.000949827
0.00105015
0.00250102
0.00296969
0.00194474
0.00148414
0.0021725
0.00103524
0.00106932
0.00109729
0.00125982
0.00106351
0.00415125
0.0053151
0.00142326
0.000958556
0.00164161
0.00176899
0.00176301
0.0019835
0.002125
0.000992805
0.00149696
0.00218579
0.00140696
0.00189828
0.00324555
0.00129519
0.00135018
0.011384
0.00221677
0.00220125
0.00130546
0.00183182
0.00113838
0.00143841
0.00186826
0.00218567
0.00133006
0.00428435
0.00233074
0.00157742
0.0013788
0.00113606
0.00232026
0.00224835
0.00182138
0.0012491
0.000876014
0.00274007
0.00266881
0.00144336
0.00200473
0.00161334
0.00273669
0.00121228
0.00253929
0.00210521
0.000961005
0.00126387
0.00113033
0.00178395
0.00112504
0.00314049
0.0023255
0.00475982
0.00158293
0.00387091
0.00187661
0.00135134
0.0023483
0.00187283
0.00109918
0.00301138
0.00237538
0.0021989
0.00199424
0.00477148
0.00851038
0.00937489
0.00133744
0.00115733
0.00320207
0.00191049
0.00199143
0.00155244
0.000749628
0.00171013
0.00159056
0.00148375
0.00185165
0.00194709
0.00145167
0.00112877
0.00134054
0.00352456
0.00332499
0.00220104
0.00131036
0.00147013
0.00120949
0.00253359
0.000889106
0.00120102
0.00211301
0.00177878
0.00185078
0.00217829
0.00106852
0.001279
0.00446592
0.00193149
0.00189578
0.00269045
0.0011128
0.00170358
0.00224625
0.00154477
0.00277413
0.00208929
0.0118647
0.00132935
0.00207487
0.00494076
0.0325639
0.00106403
0.00253753
0.00788653
0.00091948
0.00157519
0.00128509
0.00183624
0.00119454
0.00202251
0.00149607
0.00113191
0.00258183
0.0020321
0.00176006
0.00156548
0.00390742
0.00270716
0.00186297
0.00370065
0.00134929
0.00112101
0.00181886
0.00244085
0.00167418
0.0133868
0.000619765
0.00145138
0.00354307
0.00105095
0.00112316
0.00248124
0.00171603
0.00158634
0.00248305
0.00125827
0.0027622
0.00243502
0.00108947
0.00204545
0.00159823
0.00477614
0.00152158
0.0018321
0.00178049
0.0020172
0.00137229
0.001892
0.00149519
0.000914904
0.00165723
0.00165835
0.00236407
0.00226291
0.00810357
0.00146413
0.000896131
0.00294365
0.00273391
0.00127504
0.00345252
0.00259848
0.00210641
0.0227821
0.00151994
0.00149595
0.00180059
0.00245003
0.000856735
0.00480398
0.00132849
0.00148547
0.00082333
0.00214618
0.00511538
0.00204722
0.00212458
0.00147845
0.00169401
0.00237347
0.00218822
0.00104276
0.00204674
0.00259455
0.002951
0.00198684
0.00320291
0.0014978
0.00403199
0.00146145
0.00288603
0.00115385
0.00250288
0.00251653
0.00146163
0.00293924
0.00132632
0.00211613
0.00199258
0.00259382
0.000943111
0.00151868
0.00365879
0.00255921
0.00538169
0.00243419
0.00144043
0.00173266
0.00284137
0.00180038
0.00235623
0.00161557
0.00192631
0.00213178
0.000780686
0.00283929
0.00207307
0.00165186
0.000872502
0.00388402
0.0109755
0.00139302
0.0224757
0.00196356
0.00631473
0.00504344
0.00136402
0.00299055
0.0038158
0.000781118
0.00152245
0.00177454
0.00132583
0.00153994
0.00380677
0.00219189
0.00156047
0.00161878
0.00134295
0.00149671
0.00176234
0.00250335
0.00140889
0.00206296
0.189419
0.00177904
0.000812047
0.00172273
0.00233272
0.00263118
0.00186852
0.00117905
0.00186446
0.00139118
0.00179774
0.000784066
0.00221008
0.00280889
0.00392506
0.00211988
0.00180341
0.00109849
0.00444386
0.00164228
0.0021007
0.000748377
0.00218817
0.0025849
0.000968885
0.00109226
0.0031021
0.000613137
0.00179321
0.00141486
0.00174322
0.00205903
0.00193696
0.00186848
0.00276461
0.00206621
0.00297031
0.00126898
0.000658425
0.00176338
0.00185611
0.00281784
0.00296525
0.00195653
0.00252373
0.00317439
0.00113699
0.00164879
0.00387215
0.00275104
0.00275137
0.00139614
0.00180764
0.00233901
0.00117725
0.00181537
0.00173762
0.00133219
0.00228644
0.00170069
0.00175889
0.00128656
0.00181404
0.00113045
0.00248416
0.00250964
0.00193428
0.000952648
0.00249796
0.00101214
0.00273361
0.00343289
0.00192305
0.00232008
0.00183684
0.0267805
0.0025208
0.00440719
0.0126918
0.00369701
0.00123257
0.00120484
0.00110345
0.00285557
0.00127624
0.00114247
0.00463416
0.00177327
0.00268742
0.00225093
0.00336722
0.00203275
0.000765579
0.00164783
0.00688717
0.00369848
0.00135568
0.00175094
0.0106314
0.00143489
0.00182277
0.00227477
0.00170976
0.0016366
0.00179207
0.00143829
0.00112736
0.00103659
0.00280077
0.00199934
0.00166591
0.00247731
0.000956402
0.00181024
0.00268305
0.0015313
0.0134603
0.00943243
0.00249014
0.00128455
0.00344502
0.0285557
0.00173763
0.00272799
0.00157767
0.00241792
0.00228738
0.00154224
0.00146651
0.0028747
0.00137319
0.000867666
0.00173302
0.00168048
0.00236847
0.00162564
0.00192875
0.00198299
0.00162958
0.00139393
0.00163367
0.00446106
0.00137423
0.000951544
0.000902778
0.0013361
0.00155114
0.00403154
0.00140122
0.0024675
0.00695155
0.000869233
0.00175855
0.00104769
0.00166452
0.00268692
0.00110961
0.00202783
0.00116398
0.00310471
0.00185718
0.0040175
0.00376188
0.00262372
0.0033205
0.00142184
0.00209688
0.0018731
0.00215265
0.00554602
0.00364947
0.00234509
0.00244781
0.00647619
0.00169003
0.00377263
0.00191094
0.00282415
0.00269401
0.00515078
0.00182139
0.006225
0.00329876
0.00121406
0.00710406
0.00143024
0.00341263
0.00176775
0.00335874
0.0139869
0.00226572
0.00135387
0.00142974
0.00160798
0.00223816
0.00160246
0.00124623
0.00104788
0.00121544
0.00197088
0.00224239
0.00219692
0.000848608
0.00131623
0.00197095
0.00252552
0.00157302
0.000602039
0.00113269
0.0033094
0.00137559
0.00249534
0.00132034
0.000882867
0.00132666
0.00272872
0.00117335
0.00460846
0.00171755
0.000792473
0.00100707
0.00070023
0.00125444
0.00230053
0.00155526
0.000787999
0.00128052
0.00454142
0.00103175
0.00233001
0.00145027
0.00235388
0.00253079
0.00132746
0.00135894
0.00148553
0.00107446
0.00346224
0.00200026
0.00266937
0.00222966
0.00123597
0.0017151
0.00143386
0.00164481
0.00361535
0.0023649
0.00116863
0.000927952
0.00138806
0.00441241
0.00370305
0.00237588
0.00635867
0.00164035
0.00162313
0.00140051
0.00820086
0.00141523
0.0138138
0.00129299
0.00135128
0.00220955
0.00688219
0.00114379
0.00128232
0.00466059
0.00510927
0.00184701
0.00115408
0.0333631
0.00474333
0.00186892
0.000550516
0.00536721
0.00183259
0.00327208
0.00163121
0.00163572
0.00362423
0.00170631
0.00155426
0.00154477
0.00198245
0.00187658
0.00229442
0.0017424
0.00201365
0.00138578
0.00113837
0.00104264
0.0023023
0.00031546
0.00232563
0.00338486
0.00229844
0.00256118
0.00208439
0.00181855
0.00199165
0.00258775
0.00174322
0.0011211
0.00202162
0.00138682
0.00116265
0.00148599
0.00403982
0.00286454
0.000900926
0.00136761
0.00258215
0.00258576
0.00143688
0.00150875
0.00163949
0.00150637
0.00151863
0.0078934
0.000898913
0.001318
0.0022846
0.00302359
0.00132011
0.00397088
0.00123261
0.00175804
0.00118394
0.00196231
0.000970226
0.00121202
0.00174776
0.00121198
0.00184986
0.00243217
0.00134761
0.00152338
0.0115654
0.00329889
0.00118095
0.00334632
0.00235986
0.00105705
0.0022532
0.00133569
0.00115317
0.00140945
0.00201315
0.00351499
0.00142843
0.00211611
0.00272468
0.000850367
0.0011994
0.00154513
0.00240592
0.00782798
0.00247457
0.00104203
0.00272423
0.00214649
0.00537903
0.00237452
0.00313724
0.00135654
0.00060394
0.00105505
0.00259103
0.00246355
0.00245269
0.00274584
0.00271699
0.00168937
0.00186085
0.00220084
0.00113707
0.00207046
0.00235929
0.00364189
0.0263748
0.00190039
0.00147839
0.00219215
0.00286595
0.00204684
0.00189423
0.00140443
0.00214511
0.000749878
0.00186511
0.00151335
0.00183502
0.00181761
0.00190276
0.00133976
0.00343171
0.00218556
0.00137961
0.000686816
0.00162575
0.0042662
0.00245165
0.00252709
0.00142627
0.00123364
0.0110488
0.000986623
0.00195264
0.00186899
0.000953857
0.00154673
0.00319593
0.00140779
0.00204182
0.00557081
0.0010185
0.0012046
0.00309284
0.00296212
0.00268212
0.00231396
0.00660444
0.00486217
0.00129372
0.00305841
0.000712991
0.00130453
0.00308137
0.00138488
0.00142148
0.0018235
0.00168502
0.000679881
0.00113123
0.0334379
0.00199712
0.00214101
0.000898888
0.00123084
0.00305865
0.00222036
0.000925348
0.00139406
0.000893802
0.00255159
0.00125524
0.00251327
0.00113451
0.00100774
0.000929398
0.000903667
0.00196605
0.00062879
0.000735202
0.00127827
0.00201055
0.00125851
0.00167779
0.00224637
0.00223124
0.00399536
0.00380899
0.00268247
0.00178183
0.000663482
0.00173741
0.00168078
0.00237061
0.00175664
0.00245968
0.00154865
0.000406134
0.00150491
0.00191161
0.00601451
0.000984476
0.00135818
0.00248722
0.0020049
0.00130487
0.00319389
0.0143246
0.00281106
0.00153492
0.00218914
0.00131429
0.00156789
0.00157778
0.00229298
0.00210933
0.00174515
0.00182213
0.0015929
0.00155774
0.00257472
0.00268186
0.00574192
0.00181609
0.00207862
0.00248039
0.00227239
0.00180915
0.00229672
0.00224357
0.00145165
0.00352519
0.00200033
0.00209778
0.00101688
0.00310066
0.00314135
0.00201315
0.000944712
0.000994855
0.00231868
0.001334
0.00373965
0.00478193
0.00109098
0.00159776
0.00136614
0.000788603
0.00167697
0.00158624
0.00176045
0.0014929
0.00513078
0.000675828
0.00224778
0.00216208
0.00503948
0.0023258
0.00144568
0.00195464
0.00113211
0.00160555
0.00157058
0.00166235
0.00426697
0.00185204
0.00477769
0.00230603
0.00158175
0.000958044
0.00175131
0.00152747
0.00125722
0.000549959
0.00156843
0.208807
0.00276403
0.00194006
0.00159354
0.00397715
0.0017705
0.00245288
0.0011522
0.000994412
0.00141848
0.00138427
0.00193417
0.00135674
0.0023713
0.00184166
0.00332189
0.00130781
0.00202469
0.000937673
0.00931633
0.00133022
0.00162306
0.00252167
0.00240575
0.00220514
0.00110712
0.0022521
0.00157907
0.000917878
0.000717836
0.00291956
0.00113411
0.00251171
0.00730849
0.00150799
0.000628209
0.00149238
0.00218609
0.00207355
0.00242208
0.00124165
0.000929249
0.00412998
0.0033828
0.00333429
0.00194058
0.00155122
0.00244689
0.00218433
0.00271767
0.00117502
0.00214828
0.00219343
0.00156243
0.0201892
0.00139328
0.00224865
0.00101173
0.00366
0.00175699
0.00151672
0.00124039
0.0013613
0.00183331
0.00170114
0.00144747
0.00220914
0.00398564
0.00269127
0.00091161
0.00287302
0.00186917
0.00275816
0.0245833
0.00442577
0.0010114
0.00139476
0.00222265
0.00160782
0.0011314
0.00130739
0.0026529
0.00167918
0.00223821
0.00174097
0.00216617
0.00219441
0.0016804
0.00199588
0.00190291
0.00142097
0.00288613
0.00212821
0.0018645
0.00187823
0.0115882
0.002522
0.00372287
0.00345793
0.00355136
0.00377798
0.00523967
0.0024497
0.00141902
0.00176037
0.00136341
0.000708558
0.00265525
0.0020708
0.00367011
0.00466987
0.00200638
0.00154784
0.00132658
0.00141378
0.00167224
0.00358767
0.000794642
0.00123368
0.00390241
0.00158983
0.0033384
0.00141309
0.00157183
0.00161553
0.00264781
0.000488103
0.000882034
0.00135995
0.000732578
0.00141839
0.00112565
0.000904959
0.0017966
0.000836549
0.00128864
0.000944683
0.000985631
0.000495137
0.00310774
0.00258422
0.00105159
0.00171138
0.0176637
0.00210236
0.00127666
0.00279194
0.00222445
0.0399232
0.000617169
0.0102266
0.000786085
0.00226251
0.00305638
0.000879832
0.0021921
0.0376651
0.00188601
0.00088341
0.00416265
0.00188443
0.000751795
0.00230227
0.000838993
0.00128664
0.00248688
0.00172849
0.00442428
0.00114191
0.0015723
0.0197762
0.00337636
0.0018293
0.00155656
0.00147579
0.00315313
0.00173212
0.00213507
0.00109227
0.00356723
0.00124348
0.00137582
0.00192611
0.00200033
0.00153289
0.00268215
0.00306046
0.00150102
0.00132079
0.00125393
0.00153716
0.00152545
0.00141062
0.00195469
0.00161038
0.00142454
0.00118666
0.00191238
0.00196227
0.00173528
0.00270647
0.00188881
0.00199398
0.00112694
0.0237817
0.00136453
0.00260187
0.00108994
0.00170091
0.00932857
0.00184711
0.00182841
0.00176061
0.001903
0.00535511
0.00135065
0.00219683
0.00218481
0.00207568
0.000781381
0.00150058
0.00169777
0.00216731
0.00416176
0.00197839
0.00115075
0.00099506
0.00379961
0.0022119
0.00226974
0.00223215
0.00356039
0.00288313
0.00290201
0.00147808
0.0010157
0.00291856
0.00227847
0.00170901
0.00289297
0.000669712
0.00247364
0.000571609
0.00148737
0.00160583
0.00305835
0.00321991
0.00240872
0.00143498
0.00445269
0.00174779
0.00167174
0.00232332
0.00268098
0.00251409
0.00170654
0.00193997
0.00139245
0.00238721
0.00194026
0.00186255
0.00174637
0.00135076
0.000659848
0.00206242
0.00217617
0.00201625
0.005468
0.00193813
0.0022676
0.00142057
0.00912294
0.00158941
0.00252102
0.00121249
0.000903314
0.00129683
0.00227721
0.00138509
0.00195623
0.000607
0.0015885
0.00205887
0.00122528
0.000869502
0.00126345
0.0350573
0.0013037
0.00238074
0.0143806
0.0015826
0.00166799
0.000966394
0.00291017
0.00227275
0.00158463
0.000964265
0.000799947
0.011409
0.00134764
0.00107474
0.00198342
0.00119556
0.0024523
0.00252152
0.00133871
0.0031431
0.00234636
0.00121534
0.00234271
0.001909
0.00154741
0.000505536
0.00391125
0.00096931
0.00173995
0.00146145
0.00121142
0.00140122
0.00157392
0.00210263
0.00193325
0.00236016
0.0015126
0.00513668
0.000995378
0.0028996
0.00260732
0.00120405
0.00206994
0.00104109
0.00119231
0.00183221
0.00206433
0.0107389
0.00156548
0.00394509
0.00223253
0.00296914
0.000845577
0.0022132
0.00305372
0.00134697
0.00367444
0.00196343
0.0139307
0.00115336
0.00267493
0.00198054
0.00208362
0.00629374
0.00230609
0.00257617
0.00366307
0.00289906
0.00142765
0.00176594
0.00118408
0.00172317
0.00238686
0.551689
0.0127732
0.00126903
0.00139923
0.00097304
0.00173422
0.0010937
0.00145802
0.00194329
0.00191835
0.00121346
0.00163226
0.00121688
0.0237606
0.00414037
0.00181661
0.00208647
0.00142114
0.00364325
0.000810274
0.00151992
0.00162096
0.00129806
0.0016988
0.00153749
0.0244616
0.00110492
0.00196966
0.00216636
0.00175548
0.00331208
0.00139956
0.0011633
0.00117345
0.0019863
0.00188626
0.00201558
0.000953778
0.000914232
0.00196128
0.00240909
0.0197006
0.00364514
0.00086766
0.00360845
0.00123031
0.00160165
0.00120713
0.00129523
0.00166837
0.00124077
0.00278486
0.01684
0.00272399
0.000697375
0.000599616
0.000936719
0.000593884
0.00219616
0.000775973
0.00252812
0.00258748
0.00119418
0.00341853
0.00276348
0.00308579
0.0017703
0.00182432
0.000897647
0.00377
0.000694337
0.000968165
0.00105052
0.000800001
0.0019132
0.00127627
0.00130156
0.00217583
0.00183429
0.00516061
0.00159632
0.00203553
0.0018461
0.0140393
0.00146641
0.00211278
0.00181958
0.00183895
0.000482879
0.00122114
0.00194649
0.00300113
0.00078092
0.00278109
0.0347235
0.00255129
0.00147629
0.00102986
0.00188407
0.00178375
0.00151366
0.00111314
0.0014868
0.00124117
0.00391988
0.00184696
0.00194852
0.00135266
0.00134895
0.0012163
0.00183501
0.00249839
0.00810471
0.00123531
0.0012047
0.00139768
0.00141555
0.00180334
0.00270884
0.00205783
0.00107493
0.00496353
0.00114537
0.00100285
0.00126284
0.000783655
0.00271921
0.00157027
0.00101496
0.000807175
0.000996483
0.000785099
0.00151121
0.00129175
0.00135157
0.00232039
0.000856616
0.00148941
0.00284745
0.00144973
0.00381676
0.0011608
0.0016333
0.00165581
0.0015096
0.00180588
0.00210454
0.00121153
0.00314848
0.00115252
0.000849211
0.00150097
0.00146449
0.000895872
0.00495236
0.0016811
0.00197249
0.00170839
0.00170231
0.00102765
0.00147223
0.00126426
0.00103938
0.000693778
0.0014777
0.00128919
0.0191769
0.0020941
0.00543159
0.00079915
0.00130152
0.00160574
0.0036073
0.00582588
0.00264199
0.00162244
0.00189081
0.00193376
0.00257873
0.00177002
0.00128849
0.00184381
0.00184746
0.00168527
0.00253116
0.00188555
0.00460003
0.00125456
0.00206393
0.00217579
0.00518802
0.00539884
0.00173466
0.00173443
0.00184808
0.00168628
0.00178033
0.00157713
0.00905263
0.00182607
0.00194623
0.0004791
0.00107268
0.00250626
0.00258383
0.00134248
0.000913088
0.00235367
0.0019057
0.00586942
0.00157078
0.00588907
0.00183472
0.00193247
0.00100994
0.00181013
0.00091665
0.00209003
0.00129484
0.00686296
0.00844143
0.00160338
0.00124036
0.00392671
0.00142794
0.00146518
0.00245638
0.002476
0.00523126
0.00135728
0.00504005
0.00200979
0.00126446
0.0016557
0.00179728
0.0024216
0.0010918
0.000814698
0.000952475
0.000820034
0.00183307
0.00263457
0.00205547
0.000870996
0.00240603
0.00238085
0.00547206
0.000787348
0.00463735
0.00139685
0.000768692
0.00137067
0.00150592
0.00379995
0.00149162
0.00309698
0.0016517
0.00153639
0.00102041
0.00241264
0.00316987
0.00211289
0.00097143
0.00179395
0.00237232
0.00203371
0.001716
0.00103312
0.00425921
0.00156856
0.00191375
0.0011417
0.00374533
0.0016145
0.00274101
0.00178818
0.00228414
0.00185899
0.00310094
0.00198108
0.00158809
0.00249957
0.00294235
0.00174392
0.00159581
0.00175751
0.000925646
0.00190979
0.00117909
0.0019093
0.00324251
0.00197426
0.00145488
0.00133214
0.00175425
0.00297632
0.00154171
0.00145485
0.00136055
0.00465843
0.00297392
0.00115701
0.00143768
0.00134258
0.00256315
0.00200413
0.00141057
0.0116599
0.00169646
0.00137137
0.00123164
0.00195687
0.00496552
0.00175961
0.00264125
0.00506893
0.00312424
0.00101773
0.000629977
0.00217261
0.00124674
0.00286819
0.000551883
0.000784721
0.00159666
0.00122343
0.00105203
0.000981322
0.00196642
0.0018411
0.00162183
0.00242384
0.00248305
0.00188322
0.00569328
0.00258113
0.00185491
0.0066574
0.000993332
0.0015365
0.00646734
0.00209826
0.0020039
0.0021758
0.00137799
0.00276415
0.0025878
0.00138507
0.00308686
0.00176108
0.00143935
0.00211862
0.00200866
0.00185346
0.000934869
0.00200699
0.00181788
0.00420155
0.00383434
0.00169457
0.00123501
0.000825901
0.00169535
0.000806628
0.00148472
0.00123449
0.000833765
0.00112868
0.00211917
0.00628303
0.00223462
0.0023661
0.00110583
0.00200558
0.00164223
0.000910369
0.0019059
0.00216482
0.00100345
0.00207106
0.00184517
0.0013797
0.00126669
0.00126689
0.00189894
0.00166008
0.00290526
0.00207362
0.00165621
0.00270439
0.0018103
0.00486166
0.00172589
0.00123509
0.00170278
0.00275158
0.00107216
0.00224794
0.00188544
0.00621004
0.00204884
0.00197486
0.00257495
0.00115882
0.0215533
0.000545677
0.00159514
0.00113151
0.00113725
0.00148663
0.00209062
0.000897247
0.00242575
0.00245543
0.00194607
0.00166185
0.00378158
0.00462962
0.00211883
0.00320678
0.00178879
0.00120381
0.00199176
0.00205709
0.00115319
0.00101035
0.000685098
0.00496039
0.00244088
0.00143585
0.00112082
0.00242448
0.00148571
0.00801191
0.00184513
0.00336637
0.00106495
0.000916114
0.00212497
0.00285823
0.0048171
0.00159394
0.000747215
0.00207413
0.00174624
0.00228622
0.00221543
0.00165299
0.0016567
0.0011884
0.00236324
0.00138132
0.00244482
0.000576816
0.0013241
0.000968763
0.00218517
0.0019645
0.00499171
0.00209298
0.00161676
0.00255897
0.000609631
0.00394168
0.00190925
0.0013707
0.00199479
0.00387166
0.00203221
0.00289247
0.0201698
0.00300537
0.00178355
0.00107164
0.0030202
0.00235125
0.0012055
0.352952
0.000906154
0.00244196
0.00241317
0.00096449
0.00512204
0.00148927
0.003202
0.000740237
0.00178811
0.00263287
0.00541228
0.0006003
0.000879905
0.00290846
0.0019597
0.00101326
0.00186798
0.0016231
0.000490914
0.00267955
0.00140857
0.0019934
0.0016696
0.00214497
0.0022482
0.00182248
0.00298297
0.00154598
0.00277513
0.00121674
0.00177352
0.00345404
0.00138618
0.00198959
0.00927697
0.00141446
0.00152996
0.00171573
0.00207746
0.00178394
0.00223223
0.00185554
0.000313687
0.00343106
0.00434007
0.00219664
0.000588481
0.000894534
0.0011572
0.00168182
0.00219629
0.00209277
0.00186198
0.00161388
0.0018467
0.00156359
0.00098973
0.00140301
0.00142991
0.0030697
0.00211959
0.00179234
0.00139401
0.00259064
0.00446559
0.00260157
0.00265766
0.00224028
0.00438137
0.000805397
0.00234239
0.0153793
0.00169922
0.00392836
0.000854631
0.00137397
0.00354169
0.00236947
0.0014871
0.0020238
0.00199681
0.00138331
0.00206506
0.00234235
0.00511908
0.00148044
0.00152727
0.00197712
0.00126433
0.00217839
0.00152458
0.00100212
0.00128463
0.000793294
0.00200311
0.00110797
0.00113604
0.00101021
0.00257698
0.00207671
0.0025866
0.0024334
0.00239206
0.00190146
0.00129489
0.00277783
0.00103016
0.00208516
0.00204442
0.00129655
0.00223677
0.0021661
0.00261127
0.00175052
0.00448286
0.00479201
0.0024611
0.0015678
0.00162928
0.00100647
0.00286316
0.00187474
0.00112165
0.0034948
0.00148998
0.00300503
0.00257278
0.00225374
0.00200135
0.00195376
0.00144944
0.00115005
0.00196983
0.000790516
0.0653595
0.00186603
0.00204859
0.00598342
0.011656
0.00293684
0.0026189
0.00131391
0.00218316
0.00295984
0.00237672
0.00129386
0.000982785
0.00337168
0.00222221
0.00281844
0.00223733
0.000859031
0.00229098
0.00658268
0.00112116
0.00214502
0.00178231
0.00195833
0.00218023
0.0128924
0.00197042
0.00109004
0.00110656
0.00222077
0.00314952
0.00114332
0.00220061
0.00326307
0.00258528
0.00165182
0.0012186
0.00187942
0.000679964
0.00204709
0.0143762
0.00136715
0.0022254
0.00816906
0.0016947
0.000907455
0.0030255
0.0023622
0.00266268
0.00368694
0.000878241
0.00233991
0.00395687
0.00243168
0.00200572
0.00161181
0.00154425
0.00466133
0.00224158
0.00130753
0.00348936
0.00194064
0.00207889
0.00360811
0.00234261
0.00225433
0.00244405
0.00193455
0.00232589
0.000892513
0.00144348
0.00299571
0.00221842
0.00247323
0.000640215
0.00227187
0.00179535
0.00394105
0.00274797
0.00160364
0.00143597
0.000739818
0.00112598
0.000673123
0.00346413
0.00291388
0.00128491
0.00246619
0.00203397
0.00472267
0.00735325
0.00188287
0.000802958
0.00245705
0.00137365
0.00265038
0.00192293
0.00277247
0.000876756
0.00271739
0.00173598
0.00185167
0.00217826
0.00180868
0.00158606
0.00177027
0.00281149
0.00216695
0.00238434
0.00124393
0.00143588
0.00175801
0.00239155
0.00355401
0.000821642
0.00351124
0.00306096
0.00177263
0.00171013
0.0111163
0.00115495
0.00302645
0.0031121
0.00254794
0.00207232
0.0027551
0.0023065
0.00153573
0.010002
0.00611447
0.0153147
0.00118359
0.000468037
0.00244732
0.00238415
0.00184692
0.00208378
0.00108214
0.00106879
0.0021002
0.00184263
0.00138381
0.00325014
0.00142035
0.00152145
0.00195316
0.00145101
0.00116114
0.00346661
0.00173825
0.0012287
0.00260816
0.00290423
0.00207431
0.00195105
0.00182757
0.00119978
0.00167145
0.00377568
0.00179728
0.00289425
0.00222132
0.00161205
0.000973016
0.0015538
0.00154465
0.00113906
0.00125743
0.00117327
0.0047503
0.00140388
0.00126605
0.00324076
0.00459274
0.00145196
0.00101267
0.00164897
0.00201452
0.00136949
0.00203174
0.000912639
0.003923
0.000943375
0.00137861
0.0015654
0.00111449
0.00100708
0.00925225
0.00171018
0.00128294
0.00170475
0.00259515
0.00189145
0.0012319
0.00414488
0.000893441
0.00142001
0.00165518
0.00102439
0.000765082
0.00377525
0.00317691
0.00393921
0.00276158
0.00522803
0.000835624
0.00221333
0.00915703
0.0033917
0.00213418
0.00132149
0.00223581
0.00197872
0.00272544
0.00255015
0.00107559
0.00123995
0.00334708
0.00151878
0.00143104
0.00434767
0.0013247
0.00123272
0.00247062
0.00296326
0.00186731
0.0014082
0.00150751
0.000677886
0.00114251
0.00234283
0.00213143
0.000868762
0.00224264
0.00163584
0.00258626
0.00106939
0.00246355
0.00148048
0.0018605
0.00165626
0.00165918
0.00129845
0.00246919
0.00285929
0.00164924
0.00197002
0.0024679
0.00173142
0.00123333
0.00716787
0.00143244
0.00278741
0.00222969
0.000920349
0.00227608
0.00145437
0.00214505
0.00183947
0.00219338
0.00430076
0.000949266
0.00335338
0.0019135
0.00188206
0.00196018
0.00169009
0.00161509
0.0034311
0.00169078
0.00165966
0.00500108
0.00268602
0.00109479
0.0019067
0.00179286
0.00148743
0.00578339
0.00292848
0.00315833
0.000739922
0.00285533
0.00140733
0.00154114
0.00408933
0.00102288
0.00258109
0.00309104
0.00100653
0.000845681
0.00362787
0.00140727
0.00170969
0.00346112
0.00125813
0.0091695
0.00246151
0.0009511
0.00245209
0.00891642
0.00164515
0.00214146
0.00143574
0.000966563
0.00164507
0.00178091
0.00286715
0.00234659
0.00424123
0.00196106
0.0018849
0.00247011
0.001627
0.00169395
0.00431089
0.00135338
0.000905203
0.00097135
0.0015559
0.00108328
0.00107245
0.000904558
0.00176475
0.0020189
0.00131214
0.00253825
0.00303417
0.00265323
0.00205257
0.00430152
0.00225986
0.00130217
0.00137364
0.00145688
0.00183142
0.00122918
0.00279254
0.00216078
0.00287148
0.00187915
0.00187613
0.00176676
0.00329662
0.0019027
0.0034241
0.00202256
0.00301403
0.00192103
0.00170712
0.001825
0.000813442
0.00106011
0.00162766
0.00292526
0.00184315
0.00227036
0.00835551
0.00486245
0.00125832
0.00216352
0.00228444
0.00228676
0.00385418
0.00103507
0.00127571
0.00145526
0.00141579
0.00446963
0.00173273
0.00152894
0.0018685
0.00181362
0.00217626
0.059769
0.00232713
0.00221218
0.00901013
0.000856594
0.00178781
0.00333111
0.00343928
0.00218927
0.0054894
0.00207912
0.00146965
0.00222334
0.00159977
0.00174293
0.00290912
0.0100186
0.000815278
0.00137789
0.00153136
0.0019931
0.00469671
0.00204957
0.00104542
0.00106998
0.00143765
0.00136682
0.00315332
0.0037697
0.00133782
0.00183313
0.00199429
0.00105092
0.00407212
0.00224698
0.00129952
0.00152391
0.00194467
0.00146307
0.00111967
0.00102517
0.00147748
0.020004
0.000969882
0.00409162
0.000812514
0.00166724
0.00203995
0.00577926
0.00250173
0.00233328
0.00131341
0.0026676
0.00247696
0.000952344
0.00221032
0.00360214
0.00171339
0.00297742
0.00240699
0.000584462
0.00109391
0.00133575
0.00203421
0.00127
0.00521259
0.00288102
0.00138897
0.0181727
0.00191383
0.000611199
0.0012275
0.00132519
0.00108324
0.00153684
0.00395116
0.00292753
0.00162109
0.00412109
0.00150201
0.00154211
0.000625083
0.00136527
0.0015368
0.00196542
0.00123108
0.0014486
0.00271509
0.0011559
0.00317608
0.00553589
0.00247152
0.0021045
0.00277902
0.0107708
0.0029169
0.00196899
0.00518161
0.00215501
0.00244723
0.00128331
0.00108784
0.0020746
0.00154642
0.00437342
0.00152071
0.00207484
0.00103275
0.0021141
0.00048331
0.00137013
0.00123181
0.00320516
0.00329083
0.00166058
0.00105662
0.00121686
0.00197603
0.00147929
0.00133558
0.0182846
0.00166729
0.00131257
0.0015995
0.0029783
0.0168743
0.00209953
0.00216333
0.00137768
0.0057615
0.00125619
0.000562162
0.00161425
0.00220551
0.00202407
0.00291372
0.00257589
0.00160264
0.0022246
0.00198871
0.00151577
0.00150642
0.00473067
0.000903831
0.00216372
0.00346808
0.00195699
0.00190431
0.00237184
0.00128408
0.000726275
0.00455453
0.00175949
0.000836543
0.00125379
0.00172014
0.00243708
0.00142834
0.000669843
0.00562455
0.00169047
0.00159156
0.00381242
0.00165194
0.0019554
0.00164844
0.00142977
0.00174624
0.00142766
0.00140206
0.00146357
0.00331639
0.00173704
0.00143384
0.00139782
0.000821058
0.00148706
0.000774991
0.00547642
0.00165078
0.00218035
0.00111886
0.0376282
0.0013219
0.00362616
0.00111716
0.00219196
0.00184859
0.00156342
0.0024568
0.00199207
0.00224167
0.00157464
0.0040365
0.00222466
0.00142719
0.00178515
0.0018497
0.00102285
0.00129356
0.00208235
0.00194734
0.00347771
0.00245446
0.00179624
0.00166165
0.00496585
0.00117526
0.0128177
0.00205448
0.00163718
0.00219939
0.00147337
0.00209166
0.0249832
0.00138639
0.00220909
0.00219967
0.00257477
0.001703
0.00131031
0.00180178
0.00182191
0.00117843
0.0260511
0.000508757
0.00162377
0.00143007
0.00277433
0.00226339
0.000939295
0.0120307
0.00189982
0.000963332
0.00164975
0.00277688
0.00171045
0.000800948
0.00387064
0.00203255
0.00252078
0.00142271
0.00186665
0.00571186
0.00125416
0.0033577
0.000837248
0.00275972
0.0125195
0.00306092
0.00238088
0.00183595
0.00842858
0.00449891
0.00396693
0.00169432
0.00274325
0.00143116
0.00164656
0.00132745
0.00251447
0.003247
0.00116113
0.00148859
0.00172215
0.00158335
0.00138141
0.00263685
0.00203761
0.00126004
0.00236525
0.0019005
0.0018581
0.00156205
0.0027983
0.00141977
0.00194247
0.00220939
0.00127915
0.00308426
0.00721365
0.000821245
0.00183106
0.00179043
0.00493369
0.00270172
0.00638801
0.00134057
0.00180491
0.00132207
0.00187202
0.00262314
0.002419
0.00138086
0.00215012
0.00200693
0.00202817
0.00407961
0.00136281
0.00155591
0.00136821
0.00163248
0.00190335
0.00511113
0.00144348
0.00267734
0.00151573
0.00291668
0.00201256
0.00146137
0.00847669
0.0186171
0.0317568
0.00245686
0.00172313
0.00222978
0.00200792
0.00120317
0.00226003
0.00206291
0.00190993
0.000681218
0.00518768
0.00257174
0.00618594
0.00203941
0.0012799
0.00151227
0.00132633
0.00188211
0.0010915
0.000991254
0.00383127
0.00434091
0.00411149
0.0024643
0.00264718
0.00160798
0.00134488
0.00127731
0.0070234
0.00205927
0.000852277
0.000888544
0.00679827
0.00190363
0.00233452
0.00242544
0.00136026
0.00432292
0.00169723
0.00219097
0.00133486
0.00169004
0.00156133
0.00268359
0.00131005
0.00078972
0.00117839
0.00206951
0.00298781
0.00189915
0.00516763
0.000600229
0.00174487
0.00179747
0.00120311
0.00130017
0.0014209
0.00231137
0.00243713
0.00337734
0.00149525
0.00227144
0.00145255
0.00127933
0.00187307
0.00185564
0.000954925
