0.000601566
0.000687557
0.00146697
0.000372127
0.00112764
0.000508631
0.000666676
0.00104239
0.00081578
0.000424808
0.000855575
0.00124568
0.000764523
0.000917646
0.000754266
0.000915624
0.000819987
0.000608672
0.00141041
0.0011342
0.000722056
0.000718832
0.000756995
0.000592267
0.00063032
0.000327738
0.000336757
0.000399382
0.000666308
0.000343816
0.000457424
0.000742527
0.00250914
0.00628471
0.000367535
0.00177916
0.000608405
0.00113136
0.000306904
0.000804615
0.000356077
0.000447342
0.000761133
0.00119396
0.000465221
0.00047735
0.000195677
0.000488021
0.00145958
0.000613512
0.000889401
0.000897674
0.00153836
0.000371326
0.000445294
0.000919677
0.000205355
0.000520659
0.000970135
0.000486685
0.000276357
0.000644756
0.000438116
0.00079756
0.000945151
0.000456225
0.000378169
0.000209243
0.0508572
0.000705098
0.000947485
0.000396435
0.00116474
0.000810276
0.000563228
0.000319961
0.000336141
0.00114185
0.000435957
0.000469285
0.000639107
0.0065206
0.000605067
0.000665699
0.00108508
0.000792094
0.000357238
0.000958199
0.000640993
0.000737041
0.000343476
0.00122264
0.000425649
0.000590917
0.00042328
0.00116413
0.000546489
0.00086779
0.00229584
0.0010987
0.00138442
0.000348499
0.000669975
0.000941353
0.00109767
0.00409128
0.00100487
0.0008802
0.000609947
0.000402596
0.000409687
0.000353489
0.000683337
0.000986589
0.000426391
0.00105421
0.00100268
0.00103762
0.000425525
0.000647419
0.000471274
0.00116122
0.00024184
0.000794279
0.000420628
0.000369183
0.00125409
0.000444366
0.00117684
0.000764677
0.000339342
0.00453545
0.00117208
0.00173919
0.000525792
0.000712089
0.000288065
0.000623363
0.00152604
0.00219223
0.000673503
0.000542176
0.000727393
0.014246
0.0014641
0.000335421
0.00144498
0.00362064
0.00039171
0.000715377
0.00416616
0.00143487
0.00495244
0.000556572
0.000626438
0.000700841
0.000301731
0.000615619
0.000316016
0.000828546
0.000482475
0.000546382
0.00100546
0.000559741
0.00154134
0.000835015
0.000369124
0.000447898
0.000712837
0.000218981
0.00249466
0.000411152
0.00221173
0.00042727
0.000850114
0.000740417
0.000223213
0.000553187
0.000528558
0.00131122
0.000492189
0.000815968
0.000561843
0.000591971
0.00101384
0.000706999
0.000909414
0.000513365
0.000714611
0.000342968
0.000142174
0.00422106
0.000705196
0.00117622
0.000551613
0.00148747
0.000415763
0.000874609
0.000299419
0.000797958
0.000181857
0.000345276
0.000393661
0.000939653
0.000148864
0.000564622
0.00232729
0.00344386
0.00019557
0.000765277
0.000908011
0.00114185
0.000905587
0.0007046
0.0017263
0.000633198
0.00072712
0.000762863
0.000648175
0.000397219
0.000247836
0.000107734
0.000437118
0.000810611
0.000390262
0.000327562
0.000578001
0.00282203
0.00406846
0.00258466
0.000969267
0.000975862
0.000336658
0.00430617
0.00629419
0.000311802
0.000630919
0.00093097
0.000636778
0.000390317
0.000526773
0.0172463
0.000575683
0.00102176
0.00100963
0.00083271
0.000868714
0.00056424
0.00146315
0.000582565
0.00124534
0.000469437
0.000494258
0.000286943
0.000236873
0.000542438
0.00053147
0.00120867
0.000201246
0.000781276
0.000542108
0.000828198
0.00581376
0.00131545
0.00104306
0.000866662
0.000978833
0.00181812
0.000880776
0.000440484
0.00038415
0.000633385
0.0034599
0.00102695
0.000524222
0.000398819
0.000569966
0.000898145
0.000687985
0.000423669
0.000646815
0.000493564
0.0105504
0.0005608
0.000790171
0.00029551
0.000397803
0.000385654
0.00212968
0.000437197
0.000499616
0.000599421
0.000981579
0.00214178
0.000108026
0.000535242
0.000747842
0.00116872
0.000442268
0.00100071
0.000596472
0.000962698
0.000584814
0.00111553
0.000380447
0.000725414
0.00125397
0.0011047
0.00145579
0.00255162
0.00121699
0.000629065
0.000484562
0.00108878
0.0020844
0.000339426
0.000391783
0.00066743
0.000784041
0.000763964
0.000543049
0.000682294
0.000459653
0.000458203
0.000738382
0.000593339
0.00139907
0.00413724
0.00147956
0.000468283
0.000705035
0.000499602
0.00123471
0.00149223
0.000875841
0.000465404
0.000653089
0.000374562
0.000406348
0.000817815
0.0017252
0.00168514
0.000559953
0.000549631
0.00126578
0.000550676
0.0010091
0.000561801
0.000485358
0.00077462
0.000497231
0.000674562
0.000859621
0.00117147
0.000452147
0.00116676
0.0011139
0.000597669
0.0015309
0.000601209
0.000463553
0.00020134
0.00049189
0.000431423
0.00216644
0.000884598
0.00194225
0.000154306
0.00155717
0.000700899
0.00140234
0.000733696
0.000630656
0.000347204
0.000662183
0.000406811
0.000538552
0.00486032
0.00513977
0.000280235
0.00393288
0.000690724
0.000961747
0.00055386
0.000336755
0.0216852
0.000519682
0.00179653
0.000448571
0.00116703
0.000416762
8.99476e-05
0.00101346
0.000519349
0.00206125
0.000801178
0.00104895
0.000584929
0.000656212
0.000610731
0.000621843
0.000537815
0.00111577
0.000518857
0.000918728
0.000680877
0.00108283
0.000527052
0.00104748
0.000268824
0.000602079
0.00112297
0.00013908
0.000446955
0.000588198
0.000670523
0.000738624
0.000424659
0.000567723
0.000225319
0.000685507
0.000684183
0.00107268
0.00262227
0.000901188
0.00112104
0.00147354
0.000921044
0.00040545
0.000677331
0.000724143
0.000226883
0.000471134
0.000557636
0.000168504
0.000366853
0.0006586
0.000421404
0.000668161
0.000511736
0.000411274
0.000337463
0.00146317
0.00253937
0.000619291
0.000666246
0.000389618
0.000140832
0.000596803
0.00243989
0.00134049
0.000720167
0.00062458
0.000581221
0.00816223
0.00104761
0.000449461
0.00120239
0.00114856
0.000652539
0.00128009
0.000746994
0.000716394
0.000537451
0.000684802
0.000365115
0.00062119
0.000219096
0.000943077
0.000416893
0.000383049
0.00111435
0.000602924
0.000111879
0.000674526
0.000864018
0.000626697
0.000476669
0.000355779
0.000479803
0.000408463
0.000647958
0.0010424
0.00105085
0.000569321
0.000922169
0.000657155
0.000638045
0.000355579
0.00485511
0.000736503
0.000713155
8.5315e-05
0.00041959
0.00112152
0.000448436
0.000905157
0.000830133
0.000821885
0.00107899
0.00420484
0.00121175
0.000597825
0.000629905
0.000662024
0.000864621
0.000732732
0.00103549
0.00125637
0.000737694
0.000836894
0.00107773
0.000697546
0.00140666
0.000522439
0.000720552
0.000761607
0.00102146
0.000324376
0.000500078
0.00148241
0.00023967
0.000522772
0.000649576
0.000697339
0.000791914
0.000798202
0.000598602
0.00198731
0.000885956
0.000693809
0.000312749
0.00146746
0.000382628
0.0191246
0.00049764
0.00136743
0.000951677
0.000558532
0.000405318
0.00113125
0.000622257
0.000667538
0.000530574
0.00511233
0.000118868
0.000206828
0.000628674
0.000995106
0.000498514
0.00159372
0.000265067
0.000777623
0.000771549
0.000697331
0.00050773
0.000736813
0.000631842
0.00121098
0.000497074
0.000929332
0.00162306
0.000345536
0.000301049
0.00139962
0.000533556
0.000702962
0.00046187
0.0004265
0.00035019
0.00102007
0.000807239
0.000769081
0.000324035
0.000496914
0.000689253
0.000227335
0.000369853
0.000857581
0.000387886
0.000639302
0.000323413
0.000654699
0.000752606
0.000720352
0.000437119
0.000709947
0.000506801
0.000190015
0.000268914
0.000410253
0.000597934
0.0016594
0.000674849
0.000571515
0.000570533
0.000864713
0.000570927
7.96295e-05
0.0010975
0.000541741
0.000535975
0.0003536
0.000268249
0.00075081
8.45399e-05
0.00115643
0.00062419
0.000222992
0.00068532
0.00045385
0.00156457
0.00096984
0.000900983
0.000811331
0.000459255
0.0010927
0.000693132
0.00338281
0.000918874
0.00153427
0.000759863
0.000832478
0.000858757
0.000850555
0.000621989
0.000411222
0.000861089
0.000499501
0.00130927
0.0111156
0.000496679
0.000647406
0.000339583
0.00241389
0.00165166
0.000799354
0.000718259
0.000829823
0.00279254
0.000447659
0.00427223
0.000434753
0.000492739
0.00044969
0.000336584
0.00031502
0.000840136
0.000214594
0.000761701
0.000395865
0.000264969
0.00063537
0.000718527
0.00107488
0.000284235
0.000625873
0.000272315
0.000337377
0.00065909
0.00042897
0.000751228
0.000566314
0.00074086
0.000500429
0.00053485
0.000913144
0.00184406
0.00044226
0.000877054
0.000780768
0.000541463
0.000418519
0.00059273
0.000187329
0.000794578
0.000518939
0.00092521
0.000485434
0.000647916
0.000672273
0.000488442
0.000498332
0.000744128
0.000268135
0.000791865
0.000687147
0.00119469
0.000615278
0.000487594
0.000468951
0.000358386
0.000696602
9.1365e-05
0.000839655
0.000600897
0.000947956
0.00106407
0.00197346
0.000462174
0.000389854
0.00253366
0.00070414
0.0034379
0.000597879
0.000487795
0.000596927
0.00266632
0.00191678
0.000452452
0.00101349
0.000693198
0.000446997
0.000109316
0.000640481
0.000235091
0.000859666
0.00310889
0.000584318
0.00152135
0.00107011
0.0017245
0.000791111
0.000565167
0.000729125
0.000695541
0.0013197
0.00576476
0.000980763
0.000752573
0.00151479
0.00059474
0.000595586
0.000226605
0.00474679
0.000888601
0.00584425
0.000879662
0.000390818
0.000723698
0.00457959
0.000286673
0.000721325
0.00053982
0.000428651
0.000590418
0.000229796
0.00053132
0.00450062
0.000405749
0.000359534
0.000384707
0.00105519
0.000708855
0.00024789
0.000439669
0.00156333
0.000992354
0.000922483
0.000270313
0.00207208
0.00190313
0.000900054
0.00271717
0.00172665
0.000473944
0.00191476
0.000623632
0.00157107
0.00010527
0.00119075
0.00186605
0.000566604
0.00630026
0.00140821
0.000743187
0.000741086
0.00112324
0.00118932
0.000670424
0.000452972
0.00074474
0.000536815
0.000934284
0.000615904
0.000486292
0.000459316
0.000439981
0.000254742
0.000634805
0.000363866
0.000824263
0.00239712
0.000608369
0.000227414
0.000422588
0.000648632
0.000780129
0.000487734
0.000795092
0.000757629
0.000236607
0.000511015
0.000322189
0.00673341
0.000269804
0.000642089
0.000522046
0.00047957
0.000569301
0.00346663
0.0030205
0.000290366
0.00126329
0.00085925
0.000714246
0.000688281
0.000487182
0.00115988
0.000491931
0.00049293
0.000472777
0.000476064
0.000717974
0.000962132
0.00103998
0.000710284
0.000727679
0.000916655
0.00037353
0.00131906
0.000389158
0.000254762
0.000481164
0.00123378
0.000288838
0.000193586
0.000683364
0.000418074
0.000696254
0.000856347
0.000984331
0.000470556
0.000336312
0.000101241
0.000763491
0.000304664
0.000415589
0.000323233
0.000251395
0.000498399
0.000192475
0.000791412
0.000629663
0.000778715
0.00304978
0.000291415
