0.00109858
0.000700891
0.000505585
0.000640642
0.0015876
0.00123998
0.000479022
0.00101456
0.000310407
0.0087245
0.000775513
0.00106439
0.000905303
0.0168645
0.000464202
0.00201395
0.000336728
0.00130468
0.00121859
0.000935288
0.00347642
0.00105678
0.000752984
0.000197764
0.00160279
0.00236239
0.00301253
0.000418605
0.000832253
0.000751711
0.00042981
0.00174723
0.00160301
0.000661706
0.000777189
0.000556012
0.00125604
0.000580502
0.00103784
0.00105114
0.00245261
0.00035126
0.000582315
0.00407806
0.00123939
0.00115434
0.00179089
0.00160124
0.0010473
0.000778151
0.000825112
0.0011134
0.00092504
0.000592901
0.000702575
0.00063423
0.000965802
0.000299498
0.000721839
0.0011588
0.000754011
0.00133994
0.000658759
0.000691713
0.00113238
0.00100299
0.000866488
0.000745558
0.000593909
0.00126281
0.000910936
0.000862637
0.00122403
0.000574905
0.000905595
0.00112096
0.00171815
0.000609871
0.00047548
0.000342997
0.00108883
0.00066984
0.00855106
0.000620222
0.00132139
0.000254606
0.00186058
0.00125517
0.000919521
0.000848938
0.000500795
0.000581622
0.000745944
0.000541236
0.000477038
0.000382157
0.000781991
0.00165382
0.00464794
0.00235019
0.00096047
0.0020049
0.00117746
0.000782137
0.00103194
0.0754994
0.0010696
0.00113648
0.0011655
0.000921642
0.000477146
0.000918443
0.00131915
0.00154097
0.000739177
0.000645656
0.000562552
0.000887782
0.002599
0.00093591
0.000610737
0.00114993
0.00343188
0.00213362
0.00067686
0.00135193
0.00358838
0.000682223
0.000528192
0.00123087
0.00274419
0.000658534
0.000975279
0.000303453
0.00201028
0.00134863
0.00103283
0.00100907
0.000611024
0.000669271
0.00458567
0.00115262
0.00138162
0.000802641
0.0181507
0.00063847
0.00219459
0.000648477
0.00123345
0.000593612
0.00123708
0.00249453
0.00641108
0.00036239
0.00301496
0.000689234
0.000981577
0.000999145
0.00451624
0.000395786
0.00820339
0.000811703
0.00117882
0.00318398
0.00056045
0.000821302
0.00188072
0.000833586
0.000677744
0.00177788
0.00115829
0.000899832
0.000854092
0.000611341
0.00071974
0.00105966
0.000874542
0.000847465
0.00850804
0.00134306
0.000543274
0.00472319
0.000732438
0.000209751
0.00049727
0.000713933
0.000907812
0.00103095
0.000419603
0.00112456
0.0020603
0.00152167
0.00117785
0.00144351
0.00179842
0.0155016
0.000981895
0.000521315
0.000516063
0.0016151
0.000766303
0.000569046
0.00123202
0.00164313
0.00136684
0.000478816
0.00143833
0.000834176
0.000592794
0.000281576
0.000975484
0.000692321
0.00111168
0.00136316
0.00349691
0.000940643
0.000648176
0.00137766
0.000349287
0.00261676
0.00437887
0.000954513
0.00101175
0.00079928
0.00121237
0.00484895
0.00105731
0.00121751
0.00173896
0.00109106
0.000640158
0.00192114
0.000862527
0.0012601
0.000339202
0.000406258
0.00150804
0.000683198
0.000557126
0.000440244
0.0010535
0.000510133
0.000364449
0.00170588
0.000736254
0.000276177
0.000681767
0.00695352
0.00164517
0.000293836
0.00100589
0.00145274
0.000679377
0.00197642
0.00120422
0.00120853
0.000826831
0.000731505
0.000992524
0.000986283
0.000852309
0.00202237
0.000571285
0.000529771
0.000419158
0.00156253
0.000722176
0.000953471
0.000227757
0.00402836
0.00138123
0.000718243
0.00164592
0.00127053
0.000253469
0.00133599
0.000256575
0.00103923
0.000268617
0.000875855
0.000826489
0.00206589
0.000573188
0.00112958
0.000684112
0.000495592
0.000427947
0.000325906
0.000404826
0.000651575
0.000824418
0.000533569
0.00106755
0.000468167
0.000720198
0.00106863
0.00106945
0.0010441
0.00040463
0.00185265
0.00122695
0.000263135
0.00116704
0.000739828
0.00105631
0.00100506
0.00092986
0.000357613
0.000853433
0.00102257
0.000449901
0.000768801
0.000794007
0.00285006
0.000432109
0.000825357
0.00120774
0.0017288
0.000870679
0.00124682
0.00103385
0.00127999
0.00084627
0.000576908
0.00178723
0.000705926
0.000631494
0.000567028
0.0012333
0.000873173
0.00076534
0.000540814
0.000955881
0.000627456
0.00121757
0.000621691
0.00123029
0.000330799
0.00160813
0.00101845
0.00132651
0.000929391
0.00134885
0.00067918
0.00221335
0.000885507
0.0017947
0.00107032
0.00187833
0.00084662
0.000859418
0.000893827
0.000330192
0.00138815
0.00109837
0.00133804
0.00151851
0.000393212
0.00110466
0.00115809
0.00144006
0.000363836
0.000175583
0.000633588
0.000864889
0.000851205
0.00144881
0.000568482
0.000647099
0.00185392
0.00222652
0.00184111
0.000715294
0.00109026
0.00091475
0.00190321
0.000285473
0.000490888
0.0007345
0.000675784
0.00106394
0.00133396
0.000634058
0.000546574
0.000509866
0.0013887
0.00108682
0.000935422
0.00265351
0.000777013
0.000375146
0.00401612
0.000800438
0.000658498
0.000664619
0.00115976
0.000657532
0.000245477
0.0010909
0.00072485
0.000844076
0.000443898
0.000756324
0.000873868
0.00087231
0.00133118
0.00155217
0.00114661
0.00108672
0.00334767
0.000662943
0.000896666
0.00140439
0.000838205
0.000699362
0.00118727
0.000699668
0.000681691
0.000666942
0.00103295
0.000913299
0.00183967
0.000494234
0.00466499
0.00123274
0.00054624
0.000819346
0.000980925
0.000446063
0.00076326
0.000881462
0.000602223
0.000711347
0.00159378
0.0027124
0.0010953
0.000306088
0.000369456
0.000979688
0.00102993
0.000764424
0.000930133
0.000748571
0.00112175
0.000738179
0.000730502
0.00066389
0.00047509
0.00247652
0.00076524
0.00115878
0.000655573
0.00106246
0.00170292
0.00127018
0.000842191
0.00045244
0.000749137
0.000385312
0.0012042
0.000909237
0.00125733
0.00102378
0.00113381
0.00342856
0.000496288
0.000564038
0.000526436
0.000225725
0.00103925
0.00099444
0.000417348
0.0034143
0.000850769
0.000346928
0.000802492
0.00121693
0.00213735
0.000499714
0.00112326
0.00109977
0.000558572
0.0006811
0.000899501
0.00116011
0.000836384
0.000982949
0.000788888
0.0020582
0.00180603
0.000521991
0.00135983
0.00119433
0.0352608
0.00067465
0.000309491
0.000979308
0.00212501
0.000484382
0.00126882
0.000513024
0.000746762
0.00139532
0.000917359
0.000706788
0.000754712
0.00108353
0.000407872
0.00744616
0.000733546
0.000467807
0.000548339
0.000383527
0.00108159
0.000489147
0.00062815
0.0020754
0.0011591
0.00923504
0.000840989
0.000654483
0.00111678
0.00108719
0.000637701
0.000499057
0.000523954
0.000595658
0.00055046
0.0234056
0.000707519
0.002803
0.00110936
0.000560926
0.000604171
0.00109199
0.000690737
0.000951323
0.00314292
0.000532559
0.000565741
0.000509161
0.000655047
0.000360218
0.000694741
0.000836875
0.000505728
0.000720883
0.000969472
0.000849348
0.00524615
0.00115274
0.00101248
0.000466158
0.000441039
0.0011618
0.00656208
0.000868035
0.00170761
0.000747498
0.000182146
0.00121523
0.000453729
0.000773371
0.00220599
0.00141047
0.000357175
0.00311907
0.00103277
0.000439479
0.0016171
0.00304186
0.00114993
0.000967155
0.000123339
0.000626466
0.000593079
0.000727024
0.000931625
0.00117171
0.00361368
0.000605047
0.00118711
0.00074304
0.000886453
0.000734831
0.00042611
0.000743843
0.00107694
0.00208064
0.00106336
0.000558808
0.000278562
0.000954322
0.000237993
0.000873337
0.000498618
0.000831074
0.000318212
0.000554435
0.00192667
0.000765119
0.00108932
0.00025306
0.00128872
0.00172277
0.00454332
0.00118164
0.000686214
0.00104512
0.00452175
0.000946889
0.000767752
0.00138821
0.000516026
0.000184321
0.000537585
0.0015307
0.000866313
0.000474533
0.00216243
0.000441736
0.000895744
0.000812261
0.000713874
0.0021384
0.00126722
0.000713487
0.00120272
0.00073371
0.00237864
0.000737982
0.000491512
0.000763921
0.000601167
0.000845139
0.0012048
0.00572572
0.00127925
0.0013954
0.00105073
0.00057282
0.00100032
0.00146586
0.00165331
0.00140196
0.00283209
0.00230994
0.00061847
0.00109538
0.000912553
0.000703272
0.00123978
0.000861023
0.00112995
0.000605064
0.00133304
0.000325475
0.00116512
0.0013381
0.000909193
0.00110872
0.000896398
0.000461018
0.00183948
0.00084813
0.000707747
0.000804954
0.000846682
0.00243574
0.000951685
0.000412755
0.000896176
0.00150588
0.000532803
0.000670874
0.00100865
0.000510087
0.000658054
0.000604362
0.00172892
0.000998141
0.000511894
0.0011992
0.000448727
0.000915554
0.00338979
0.000742189
0.00139307
0.0013343
0.000927112
0.00168915
0.00180508
0.000732375
0.00155186
0.000680186
0.000556112
0.000627819
0.000855716
0.00150994
0.000597271
0.00208336
0.00123702
0.000630787
0.00468236
0.00186891
0.00151339
0.00092371
0.000358153
0.000782537
0.000129925
0.000415272
0.000838971
0.000611873
0.00143404
0.000486881
0.000370126
0.00336103
0.00108269
0.000969932
0.00459681
0.000521106
0.000390161
0.000658275
0.000963731
0.000615409
0.000313474
0.000595323
0.000533833
0.000463722
0.000796672
0.000761863
0.00109171
0.00130958
0.00195713
0.00106106
0.00760772
0.000557871
0.000848362
0.000716936
0.000754925
0.000484869
0.000755833
0.000735499
0.00047346
0.000648107
0.000732554
0.00315806
0.000856513
0.000768558
0.0011725
0.000448547
0.00162078
0.00103709
0.00103312
0.000679545
0.00109689
0.00152006
0.00058648
0.00630218
0.000377639
0.00118795
0.000650958
0.00142489
0.000589751
0.00153259
0.000228059
0.000728115
0.000832929
0.000801125
0.00139411
0.000713417
0.00171321
0.000619316
0.000923717
0.000957257
0.00064297
0.00112447
0.000350718
0.000752868
0.000441179
0.00966859
0.000478619
0.00149788
0.000365594
0.000533958
0.00108766
0.000873821
0.000613724
0.000962609
0.000395633
0.00309688
0.00400213
0.000800223
0.000555446
0.00111615
0.00126829
0.000713548
0.000918682
0.000909055
0.000773675
0.000639934
0.000465457
0.000659743
0.000760879
0.00119431
0.000362142
0.000642353
0.000821176
0.000290497
0.00059414
0.000602744
0.00212075
0.000760909
0.00129913
0.000599321
0.00106989
0.00126815
0.00188725
0.000906457
0.00119745
0.00102537
0.00253888
0.000344056
0.000619229
0.000963205
0.000349185
0.000837956
0.00118039
0.000808009
0.00150016
0.00329803
0.00129557
0.00127189
0.000648615
0.00535243
0.00168786
0.0015214
0.000419183
0.0118887
0.000448304
0.000487093
0.00122284
0.000937529
0.00103724
0.000892639
0.000654634
0.00144578
0.00673461
0.00121208
0.00184194
0.000419305
0.00205412
0.000619613
0.000334171
0.00114399
0.00382879
0.00071558
0.00693078
0.000714317
0.000540216
0.000458853
0.00184903
0.000421293
0.000678028
0.000534766
0.00150094
0.000678576
0.000589838
0.000794878
0.00464955
0.00132976
0.00112534
0.00861595
0.000878496
0.000617268
0.000667895
0.00052909
0.000706981
0.000788391
0.00101074
0.00133267
0.000581478
0.000827247
0.00084549
0.0011088
0.00124615
0.000580675
0.000664668
0.00078887
0.000647593
0.00120632
0.000576694
0.00121384
0.00046154
0.00138894
0.000577037
0.000527897
0.00148958
0.000724716
0.00115981
0.00222367
0.000639813
0.000693167
0.000985761
0.000599833
0.00468711
0.00502995
0.0127729
0.000350747
0.00141774
8.12503e-05
0.00142424
0.000773521
0.000791462
0.00121796
0.00146701
0.0009022
0.000980073
0.00125653
0.000750613
0.000696662
0.00112457
0.000249989
0.00111587
0.00107079
0.00132841
0.00109998
0.000566116
0.000717067
0.000732345
0.000601009
0.000804212
0.000967789
0.000596743
0.00159051
0.000396775
0.00071247
0.000806618
0.000911971
0.000592024
0.000966795
0.00146296
0.000915882
0.000411264
0.000451915
0.000922299
0.000670125
0.00174595
0.000607775
0.000320674
0.000552911
0.000813277
0.000861322
0.00101105
0.000599616
0.000678594
0.000541197
0.000980012
0.000884169
0.000555066
0.00235383
0.000595361
0.000901863
0.00082398
0.000854765
0.00119971
0.000492655
0.000354464
0.000615845
0.0071534
0.000773122
0.00122738
0.000865877
0.000698685
0.00183485
0.00152633
0.000718452
0.000883428
0.000586108
0.000290084
0.000504314
0.00102631
0.000476885
0.000875948
0.00100607
0.000877485
0.00161403
0.00101024
0.000519702
0.000731649
0.00106192
0.00149815
0.000587516
0.000587919
0.000611954
0.000537687
0.000822747
0.000823485
0.00160248
0.00100976
0.000862581
0.00101347
0.0010645
0.00022522
0.00342924
0.000629517
0.00117926
0.0013709
0.000363519
0.000559535
0.0028742
0.000675865
0.00106588
0.000610966
0.000772396
0.000618483
0.00109538
0.00162641
0.000674382
0.00231562
0.000831287
0.000954382
0.000927777
0.000888587
0.00104798
0.000862041
0.000586556
0.00033371
0.000746693
0.0011352
0.000607138
0.000499603
0.000674014
0.000267901
0.00123926
0.00137544
0.00215681
0.000630604
0.000672403
0.00175378
0.000873771
0.001205
0.000617142
0.00313176
0.00101957
0.000738821
0.000739406
0.000705122
0.000684082
0.000308683
0.00175915
0.00114688
0.00151191
0.000819811
0.000435681
0.00140761
0.00053117
0.000830962
0.000502174
0.000847796
0.000566555
0.023314
0.000988156
0.000888504
0.00127477
0.00104416
0.000571116
0.00410713
0.00215358
0.000373622
0.000614044
0.000874919
0.00192596
0.000451912
0.00121504
0.00255405
0.00122609
0.001873
0.000376672
0.000577158
0.00133127
0.000476188
0.000468818
0.000744045
0.000958869
0.00127578
0.0514025
0.000774007
0.00120027
0.00109964
0.00124447
0.00104564
0.000628256
0.000608579
0.000841065
0.00213614
0.000888722
0.00824043
0.00086592
0.00147391
0.000775694
0.00226453
0.000620818
0.0012479
0.00109656
0.000809515
0.000650131
0.00140899
0.00208982
0.00130094
0.000625932
0.00133423
0.00241734
0.00122109
0.000966349
0.000294112
0.000723919
0.00235749
0.000912017
0.000994662
0.000983331
0.00206444
0.000468479
0.000542683
0.00190621
0.000401971
0.00102076
0.000710959
0.00120704
0.000473771
0.00145653
0.000596273
0.000479048
0.00109512
0.000661543
0.000518897
0.00129651
0.000438784
0.000646215
0.000717527
0.00121862
0.000529062
0.000623191
0.00116254
0.000700724
0.00052836
0.00280179
0.00093923
0.00239222
0.000691899
0.00080661
0.00177782
0.00011199
0.0007341
0.00294266
0.000647627
0.00648506
0.00107498
0.000367519
0.00102856
0.000731107
0.000936375
0.00100301
0.000629851
0.00110817
0.00118066
0.0011581
0.00201989
0.00358896
0.00024012
0.0010577
0.000907606
0.000741515
0.00069824
0.000796452
0.000456128
0.00143852
0.00124826
0.000702128
0.00115848
0.00236729
0.00145194
0.000794647
0.00138081
0.000737309
0.000460688
0.000931597
0.000413554
0.000137014
0.000650158
0.000492531
0.0012013
0.00107446
0.000975515
0.00205596
0.00132601
0.00106626
0.00129088
0.000542635
0.000770545
0.000547757
0.00117744
0.000790229
0.00118642
0.00244395
0.000740873
0.000824817
0.00114548
0.00289365
0.000831977
0.000847785
0.000595295
0.000981286
0.000592174
0.000872589
0.000813306
0.000611809
0.000868037
0.000237375
0.00067497
0.00135885
0.000577286
0.000874777
0.000372952
0.000701118
0.000224183
0.00187782
0.00266479
0.000801082
0.00053808
0.000658674
6.35856e-05
0.00279505
0.000736573
0.000643107
0.000758797
0.00065636
0.000986874
0.00141155
0.00113651
0.000856663
0.000742011
0.000883336
0.000550516
0.000947071
0.00100888
0.00118559
0.000615816
0.000849806
0.00148579
0.00199896
0.00119819
0.00051919
0.00105161
0.00188267
0.00353183
0.000426064
0.000884414
0.000928831
0.00103681
0.00121992
0.00048175
0.000367061
0.000423757
0.000804395
0.000529464
0.00106319
0.000842913
0.000764119
0.000760941
0.000667959
0.00019618
0.00105959
0.00070456
0.000748451
0.000617464
0.000662954
0.000693904
0.00110536
0.000546758
0.000930292
0.00168307
0.00792014
0.00139062
0.000840916
0.00045703
0.000570829
0.000653014
0.000914107
0.0010687
0.000697684
0.00374602
0.000349722
0.000865866
0.000745153
0.000326625
0.00044319
0.000515978
0.00121644
0.000886412
0.000601246
0.000371438
0.00042099
0.0014509
0.00272817
0.000364316
0.00050945
0.00087074
0.00118938
0.00081785
0.00378004
0.00393699
0.00032247
0.000336761
0.000692949
0.00155924
0.000671164
0.000421064
0.000519968
0.00156322
0.00079937
0.000648408
0.00134133
0.000702548
0.000729164
0.0015297
0.000557541
0.000694358
0.00101689
0.00088272
0.000932103
0.000376161
0.00065306
0.00109272
0.00160066
0.000840929
0.000845119
0.000577755
0.000706597
0.000542598
0.00225015
0.000909799
0.000842787
0.03431
0.000663712
0.00810804
0.00140869
0.00110186
0.000644629
0.000346525
0.000797351
0.00154652
0.00152354
0.00145894
0.000268118
0.000905971
0.000849353
0.00107549
0.00106526
0.00151864
0.000974799
0.000835969
0.00107546
0.000860857
0.00119129
0.00155751
0.000527477
0.00113026
0.000667083
0.0013923
0.00126168
0.000856707
0.00109836
0.00120772
0.00114545
0.000910541
0.0018515
0.00115894
0.000985393
0.000955233
0.00097338
0.00112286
0.00187487
0.000877767
0.000696281
0.000343797
0.00201631
0.00140818
0.000627875
0.000677339
0.000552266
0.000315264
0.00174329
0.0105202
0.000519234
0.000661477
0.000826267
0.000604857
0.000653928
0.000776241
0.000870231
0.000446287
0.0017619
0.00110937
0.00108087
0.00449754
0.0581312
0.00101712
0.00125551
0.00260614
0.00121291
0.000353487
0.00136955
0.00260667
0.0010066
0.00104237
0.000799472
0.000644182
0.000975005
0.000334354
0.000743071
0.000499265
0.00110438
0.00040899
0.00135235
0.00076486
0.0011534
0.00149007
0.000846645
0.000603292
0.000558891
0.000930172
0.0008851
0.00109731
0.000665316
0.00207442
0.000565361
0.00113242
0.000643815
0.000509735
0.00152761
0.000820027
0.0008888
0.000532941
0.000231154
0.000667142
0.000669371
0.00124681
0.00241408
0.000791302
0.00100998
0.00118606
0.00161444
0.000563771
0.000673895
0.000924567
0.00031123
0.00164758
0.000862304
0.000304244
0.00141393
0.00069378
0.00090778
0.000506494
0.000362044
0.00100509
0.000834195
0.000751798
0.00131077
0.00156659
0.00101723
0.000891943
0.001109
0.000996323
0.000821429
0.00092545
0.00120361
0.000544895
0.00135885
0.00101574
0.000901234
0.000729016
0.000576344
0.000713191
0.00147128
0.000968037
0.00378689
0.00064282
0.00127114
0.000547339
0.00119606
0.00080517
0.000692165
0.00115933
0.00196117
0.00127055
0.0580398
0.000865723
0.00217626
0.000883074
0.00492585
0.00131828
0.00156143
0.0015134
0.00053338
0.00133184
0.000749074
0.00165631
0.000766158
0.000733384
0.00391797
0.000828417
0.000673585
0.00130312
0.000515614
0.00105395
0.000650227
0.00128411
0.000588281
0.00105124
0.00067298
0.00063832
0.000614938
0.000650813
0.000253619
0.00127714
0.000537584
0.000758534
0.00334439
0.000518362
0.00117252
0.00139926
0.000784765
0.00202889
0.000440027
0.00102635
0.000856698
0.00147322
0.00129665
0.00141005
0.00104173
0.00135485
0.00093078
0.00150037
0.000413054
0.00144978
0.000404782
0.000460665
0.00103195
0.00155688
0.00104533
0.0010706
0.00066184
0.000828155
0.000455606
0.00197766
0.000740159
0.000490553
0.000555874
0.00563548
0.000623967
0.00113403
0.00121797
0.00140157
0.000816943
0.000610907
0.000724788
0.000587836
0.00127618
0.000351134
0.0009805
0.000821475
0.00139188
0.000381418
0.00196697
0.0011857
0.00118763
0.00142902
0.00121495
0.000703321
0.00182325
0.000633263
0.000521494
0.00109608
0.000514058
0.000728978
0.00131964
0.00253455
0.000938914
0.00111273
0.000389443
0.00164959
0.00066763
0.000570446
0.00185929
0.00232266
0.00114501
0.000642116
0.0030729
0.000650338
0.0102676
0.000732259
0.000690604
0.000904499
0.00106666
0.000768164
0.000385328
0.000807841
0.000862963
0.00114589
0.000357193
0.000652268
0.000629114
0.000595586
0.00105326
0.000744868
0.000713173
0.000680759
0.000583506
0.00467205
0.00121411
0.000627749
0.00620264
0.0103265
0.000852938
0.000768438
0.000759829
0.000741301
0.000592634
0.00274646
0.00104334
0.00155495
0.000758407
0.00203913
0.000380408
0.000705785
0.000775041
0.000873933
0.00136524
0.0014669
0.000691648
0.00103909
0.000593159
0.00315204
0.000487293
0.00193553
0.000985371
0.000640024
0.000374725
0.0014458
0.000940361
0.00112461
0.00490454
0.000304501
0.00106901
0.0017745
0.00119871
0.000665033
0.00122268
0.00075125
0.00110801
0.000735016
0.00113693
0.00201106
0.000840953
0.00238713
0.00137936
0.000535649
0.00058139
0.00193321
0.000670124
0.000368635
0.000954025
0.000622955
0.000891774
0.000398197
0.00134493
0.000631302
0.00342266
0.000812046
0.00150286
0.000481833
0.00235914
0.000418403
0.000710386
0.000446108
0.00130619
0.00081917
0.000769605
0.000309332
0.00134288
0.000886177
0.00202103
