0.000186877
0.000229548
0.000281435
0.00297129
0.000244431
0.000106454
0.000335972
0.000595622
0.000344544
0.000267395
0.000451862
4.14854e-05
0.000285356
0.000165062
0.000237057
0.000132663
6.96606e-05
0.000306327
0.000212023
3.92729e-05
0.000715557
0.000442775
0.00125384
0.000573712
0.000449852
0.000161754
0.00021764
0.00396869
3.28922e-05
6.67717e-05
0.00378102
0.000335572
0.00026643
0.00012641
0.000537636
0.000419494
0.00026283
0.00024258
0.000278933
0.000459491
0.000362226
0.000678349
0.00028888
0.000444255
0.000623338
0.000227587
0.000209851
0.000359436
0.000829231
0.000139554
0.000425994
0.000160503
0.000267049
0.000170842
0.000270124
0.000402669
0.000421475
0.00032213
0.000449171
0.000346627
6.72934e-05
0.000701046
0.000310176
0.000239637
0.000245617
0.000377591
0.000222139
0.000859915
8.94821e-05
0.00418361
0.000262702
0.000775442
0.000270712
0.000453623
0.00017869
0.000252652
0.000211114
0.000396479
0.000366748
0.000180648
0.000197099
0.000247163
0.000146301
0.000399287
0.000145498
0.000274411
5.50744e-05
0.00062867
0.000534258
0.00032168
0.000154333
0.000505923
0.000107701
0.000421819
0.000380499
0.00057963
0.000122499
0.000647844
0.000331345
0.000396034
9.13675e-05
0.000202729
0.000392444
6.78472e-05
0.000240746
0.000926374
0.000194221
0.000561531
0.000730816
0.000222727
0.000472805
0.000617171
0.000568206
0.000558402
0.000142086
0.00043766
0.000814915
0.00026216
0.000209953
0.000300539
0.00114047
0
0.000413201
0.000257239
0.000845474
0.000259697
0.000407297
0.000330776
1.08126e-05
5.32374e-05
0.000382337
0.000147833
0.000402075
0.000223106
0.000120653
0.000774267
0.00041823
0.000200598
0.000514944
0.000231663
0.000271894
0.000322652
0.000294554
0.000440705
0.000214458
0.000106546
0.000290858
0.000716967
0.000207755
9.53678e-05
0.000362602
0.000600229
0.000114553
9.46009e-05
0.000388849
0.00041139
0.000341346
5.61931e-05
0.000346361
0.000324999
0.000324419
0.000179748
0.000284442
0.0021652
0.000188682
0.000154007
0.000175771
6.8032e-05
0.000111335
0.000588516
0.000234454
0.000296574
0.000208761
8.8882e-05
0.000342435
0.000335714
0.000143842
0.000290759
0.000248068
0.000416991
0.000465929
0.00374294
0.000139897
0.00144429
0.000387135
0.000426319
0.000286483
0.00030744
0.000517766
0.00101726
0.000250467
0.000651415
0.00112975
0.000249166
0.00016323
0.000355244
0.000283956
0.0012432
9.04697e-05
3.0656e-05
8.42733e-05
0.000203294
0.000481559
0.000658327
0.000587699
0.000305671
0.000235153
0.000256531
5.48206e-05
0.000641069
0.000203721
0.000249247
0.000160137
0.000174077
0.000412625
0.000132977
0.0019236
0.000213964
0.000320436
0.000320897
0.000681927
0.000277374
0.00026665
0.000635616
0.000108066
0.000622423
0.000215565
0.000359496
0.0162331
0.000396196
0.000318109
0.000391379
0.000313431
0.000220949
0.00197063
0.000150314
0.000325331
0.000143382
0.000719764
0.000523274
0.000429298
0.000945973
0.000621254
0.000245339
0.000347742
0.00046062
0.000221673
0.00072171
0.000432174
0.000558117
0.000305025
0.000247073
8.47531e-05
0.00039185
0.000541473
0.000196488
0.000304637
0.000288846
0.000164852
0.000263478
0.000296093
0.000889609
0.000205896
0.000391808
0.000276964
0.000301976
0.00060373
4.43731e-05
0.00126639
0.000306274
0.000189471
0.000289381
0.000126307
0.000172848
0.0004842
0.000679402
0.000367505
0.000294461
0.000159638
7.31501e-05
0.000496242
0.000162874
0.000303779
8.20472e-05
0.000377153
0.000345124
0.000138186
0.000209818
0.000424482
0.00053831
9.12861e-05
0.000190173
9.40053e-05
0.000253515
0.000520769
0.00074741
0.00026915
0.00160893
0.000293809
0.000466398
0.000103571
0.000224881
9.54114e-05
1.3222e-05
0.000467498
0.00177417
0.000494644
0.000340488
0.000199216
0.000147675
0.000475056
0.000423483
0.000381304
0.000289659
0.000210861
0.000532566
0.000357157
0.000349851
0.000682545
0.00068111
0.000429941
7.60279e-05
0.000172137
0.000786515
0.000340391
0.000163262
0.000214147
0.000153734
0.000427167
0.000461161
0.000188747
0.000323429
0.000270078
0.000717368
7.633e-05
0.00115454
0.000246269
0.000465219
0.000175854
0.00026893
0.000981741
0.000281043
0.000376077
0.000842937
0.000309289
0.000610334
0.000250093
0.00049427
0.000338288
0.000346375
0.000188948
9.40417e-05
0.000217583
0.00313526
0.000983116
0.000932257
0.000153842
0.000308494
0.000578443
0.000344542
0.000503087
0.000177053
0.000397886
0.000588675
0.00058734
0.00031069
0.000320539
0.000236268
0.0013499
0.000423196
0.000177777
0.000143147
0.00102114
4.05863e-05
0.000256994
0.00187709
0.00059081
0.000353959
0.000795814
0.00209488
0.000270376
0.000614338
0.000177482
0.000317476
0.000111287
0.000395763
0.00032614
0.00053397
0.000375847
0.000213696
0.000357203
0.000405055
0.000409397
0.00021566
0.00146859
0.00220747
0.000152052
0.000242054
0.000197619
0.000159537
0.000280245
0.000146006
0.000492108
0.000599635
0.000570328
0.000983533
0.000153767
0.000127281
0.000186475
0.000194733
0.000191396
0.000207526
0.000310624
0.000154272
0.000242103
0.000176836
0.000126539
0.000446759
0.000243321
0.000300395
0.00168878
0.000192366
5.29513e-05
0.000277241
0.000379207
0.000274164
0.000277607
0.000591675
0.000182692
0.000131044
0.000301389
0.000355437
0.000224422
0.000193507
8.76475e-05
0.000389412
0.000203035
0.000404332
0.000154358
0.00052422
0.000463824
0.000122883
0.000497668
0.000336389
0.00133019
0.000246469
0.00087341
0.000193457
0.000199696
0.000251899
0.00062725
7.82833e-05
0.00017318
0.000372342
0.000214477
0.000142016
0.00840706
0.000378641
0.000391401
0.000159797
0.000395586
6.02996e-05
0.000123448
0.000531105
8.07667e-05
0.000245314
0.000221033
0.000573482
0.000270298
0.000490883
4.87326e-05
0.000665585
0.000367107
0.00022416
0.00466962
0.00143877
0.000404231
0.000335506
0.00031273
4.88393e-05
0.000125641
0.000430162
0.000193107
0.000431493
0.000371689
0.000117242
0.000477327
0.000324685
0.000312091
0.000473624
0.000153909
0.000967194
0.000202534
0.000171657
0.000389225
0.000337843
0.000162967
0.000387273
0.000281562
0.000266861
0.000308246
0.000140016
0.00027019
0.000187915
0.000563691
0.000169846
0.00055377
9.40752e-05
0.000261901
0.000510951
0.000236245
0.000253702
0.00049916
0.000515403
0.00204508
0.000152455
0.000499433
0.000627701
0.000133406
0.000424923
0.000753718
0.000299099
0.00062475
0
0.000284916
0.000221976
0
0.000101336
0.000349356
0.000112
0.000241168
0.000506298
0.00156345
0.000336837
0.00034347
0.000109397
0.000782635
0.000441854
0.000891257
0.00024504
0.00012643
0.000241172
0.000214425
0.000303207
0.000122974
0.000458837
0.000400571
0.000557767
0.000310313
0.000304425
0.00022355
0.000196875
0.000102733
0.000490662
0.000118045
0.00921673
0.000301298
0.00149036
0.000195807
0.000620484
0.000294815
0.000352857
0.000501853
0.000195014
0.000310994
0.000712279
4.44879e-05
0.000312817
0.000324132
0.000213918
0.000322925
0.000410475
0.000198975
0.000838547
0.000136976
0.000423325
0.000306687
0.00013611
0.000318158
2.30747e-05
0.00015156
0.00018684
0.000407963
0.00046828
0.000443171
0.000260342
0.000144106
0.000372703
0.000447404
0.000656525
2.82137e-05
0.000386985
0.00148432
0.000824403
0.000244307
0.00040362
0.000298291
0.000261729
0.000508755
0.000466109
0.000441075
0.000421432
0.0001885
0.000297906
0.000211107
0.000204961
0.000247513
0.0002377
0.000210566
0.000281868
0.000452577
3.02237e-05
0.000461029
0.000222802
0.000189294
0.000405776
0.000250251
0.000237235
0.00086104
0.000304655
0.000634474
0.000481446
0.000647595
0.000224143
0.000404392
0.000230882
0.000641616
0.000439894
0.00549407
0.0018173
0.000644434
0.000357193
0.00115524
0.000550225
0.000695904
0.000395096
0.000309457
0.00025814
0.000301989
0.000167432
9.86167e-05
0.000428518
0.000289725
0.000364383
0.000485735
0.000379349
0.000316644
0.000196826
0.000419929
0.000725555
0.000770446
0.000279521
0.000715483
0.000281581
0.000174429
0.000214001
0.00150781
0.000516667
9.49155e-05
0.00132563
0.0007467
0.000473074
0.000235145
0.00474191
0.000220308
0.000438517
0.000515171
0.000206159
0.000259058
0.000247406
0.000225004
0.000369312
0.000180286
0.00121034
0.000219287
0.000237618
0.000136022
0.00033685
0.00027538
0.000538613
0.000551395
0.000357308
0.00174061
0.00138557
0.000342473
0.0188691
0.00252714
0.000743992
3.62761e-05
0.000906619
6.73835e-05
0.000184826
0.000331607
0.000197085
0.000582916
0.000171716
0.000861531
0.000755514
0.00420121
0.000106726
0.000312359
0.000517895
0.000385487
0.000701789
0.000403915
0.00067731
0.000254645
0.000313916
0.000537433
0.000150046
0.00100576
0.000357601
0.000228912
0.000311581
0.000338372
0.000765597
0.000654057
0.000759672
0.000164213
0.000365604
0.000602991
0.000435454
0.000320831
0.000210622
0.000105804
0.00391965
0.000288533
0.000352272
0.000341178
0.000412558
0.0019982
0.000660373
0.000365293
0.000294408
0.000220592
0.000298698
0.000167062
0.000281831
0.000352021
0.000251123
0.000413675
0.000366993
0.000486506
0.000187453
8.86456e-05
0.000291199
0.000273769
0.000327463
0.000240199
0.000381216
0.000477346
0.000146251
0.000158442
0.000129685
0.000361771
0.000291618
0.000718454
0.000209633
0.000149566
0.000471662
0.000265822
8.14723e-05
0.000249998
0.000260739
0.000445413
0.00237945
0.000333015
0.000318794
0.000161388
0.00023505
0.000379568
0.000245174
0.000197198
0.000378461
0.00088394
0.000143619
0.000339381
0.000557933
0.000233856
0.000141947
0.000337987
0.000174211
0.000180385
0.000487948
0.00027208
0.000952747
0.000152614
0.000311783
0.00035141
0.00047034
0.000106128
0.0019237
0.000423397
0.00111238
9.14928e-05
0.000287162
0.000195537
0.00043827
0.000127652
0.000268673
0.000227096
0.00030109
0.000107278
0.000659648
0.000398594
0.000311351
0.00016113
0.000243114
0.00032839
0.000224403
0.000515279
0.000375469
0.00203793
0.000546289
0.000768398
0.000340171
0.00017901
0.000111456
0.000912926
0.000291382
0.000503311
0.000828738
0.000288325
0.000147466
0.000182089
7.35825e-05
6.21726e-05
0.000439607
0.000127618
0.000201401
0.000266347
0.000270672
0.000326634
0.000602964
0.000273159
0.000250736
0.000336354
0.000496073
0.000214736
0.000154064
0.00183098
0.000437999
0.000372577
0.000269799
0.000564211
0.000349483
0.000193346
0.000245875
0.00097363
0.000145251
0.000214603
0.00016697
0.000303756
0.000298587
0.00037257
0.000285553
0.000485089
0.000404823
0.00218958
0.00121264
0.000514741
0.000196157
0.000397459
8.77097e-05
0.000311061
0.000402093
0.000339141
0.000190115
0.000235479
0.00011628
0.000165786
0.000554439
0.000222583
0.000309571
0.000357928
0.00055566
0.000370397
0.000125363
0.000277915
0.000472013
8.19513e-05
0.000368929
0.000313321
0.000116972
0.000199596
0.000473157
0.000669658
7.9373e-05
0.00556447
0.000557075
0.000282458
0.000273241
0.000261384
0.000227521
0.000212207
0.000178947
0.000315575
0.000504349
0.000255086
0.00025876
0.000285107
0.00043529
0.000608002
0.000255384
0.000369294
0.000312957
0.000357383
0.000188676
0.000218689
0.000441476
0.000312245
0.000412803
0.000272616
0.000343519
0.000152922
0.000513777
0.000228865
0.000285136
0.000116811
0.000129977
0.000985953
0.000118734
0.000399611
0.000228944
0.00013053
0.000334246
0.000332897
0.000509538
0.000432635
0.000441411
0.00029393
0.00022521
0.000223925
0.000302034
0.000362556
0.000182335
0.000491235
0.000517411
0.000220815
0.000851143
0.000556822
0.000253274
0.000752709
0.000160229
0.000651403
0.000315899
0.000114931
0.00043694
0.000430159
0.000440573
0.000214597
0.000438608
0.000355295
0.000390239
0.00019124
0.000227797
0.000288761
0.000524679
0.000202385
0.000852444
0.00105503
0.00103702
9.82827e-05
0.000605129
0.000525026
5.71471e-05
0.000140405
0.00022719
0.000303185
0.000264548
0.000632015
0.000140986
0.000399097
0.000200743
0.000565869
0.000543599
0.000395304
0.000460137
0.000334896
0.000644141
0.000198678
0.000625974
0.00029546
0.000235962
8.95343e-05
0.00016785
0.00166466
0.000450679
0.000232557
0.000368892
0.00023378
0.000128237
0.000302795
0.000368498
0.000423996
0.000348372
0.00113338
0.000341486
0.000385611
0.000184733
0.000294646
0.000114401
0.000450061
0.000409292
0.000550456
0.000135221
0.00168565
0.000440394
0.000111272
0.000142234
0.00198911
0.000166447
0.000236592
0.0017066
0.000371005
0.000472742
0.000274907
0.000570325
6.68877e-05
0.000211269
0.000323523
0.000866852
0.000322642
0.000323733
0.000289141
0.000172958
0.000312062
0.000307975
0.000560471
0.000500288
0.000355925
0.000110162
0.000218812
0.000432081
0.000370358
0.000806884
0.000252943
0.000338329
0.00255087
0.000157309
0.000138657
0.000259493
0.000601162
0.000579037
0.000290777
0.000423372
0.00134624
0.000349676
0.000337294
0.00021059
0.000132217
0.000199196
0.000206242
0.000285233
0.000187171
0.000100528
0.000488175
0.000349491
0.00030986
0.000153053
0.00131086
0.000897297
0.000131642
0.000209644
0.00016259
0.000230711
0.0002089
0.000363056
0.000290568
0.000926855
0.000526422
0.00037864
0.000330911
0.00141091
9.41601e-05
0.000252255
0.000251944
0.000335271
0.000311442
0.000245949
6.6748e-05
0.00330628
0.000227109
0.000228876
0.000300203
0.000329393
0.000239254
0.000133966
0.000285074
0.000341951
7.1826e-05
0.000207808
0.000173571
0.000181772
0.00114858
0.000448353
0.000253316
0.000630333
0.000437796
0.000447596
0.000669612
0.000321893
0.000649744
0.000273282
3.74804e-05
0.000810714
0.000217467
0.000242239
0.000282039
0.000553859
0.000255585
0.000288875
0.000476986
0.000631593
0.000150874
0.00022645
0.000389538
0.000397606
0.000896255
0.000454239
0.000323817
0.000244893
8.40672e-05
0.000973047
0.00123575
0.000237776
0.00134498
0.000702002
0.000306833
0.00101892
0.00290536
0.000132121
0.000387958
0.000465622
0.00046918
0.000351576
0.00424983
0.000104086
0.000118477
0.000222849
0.000171119
0.000254821
0.00127791
0.000117458
0.000158753
0.000225551
4.40678e-05
0.000458323
0.000623794
0.000395428
0.000240618
0.000221553
0.000173578
0.000913277
0.000570536
0.000231583
0.00184598
0.000106136
0.000524198
0.000604954
0.000381295
9.35943e-05
0.000127724
0.000783156
0.000556615
0.000354547
0.000486348
0.000249028
0.000187767
0.000261438
0.00045083
0.000375529
0.000448928
0.000323958
0.000259312
0.000265354
0.000475974
0.000319737
0.000259686
0.000422897
0.000573694
0.000402441
0.000102566
0.00283712
0.00039241
0.000115051
0.000455303
0.000954311
0.000359071
0.000289018
0.000299827
0.000194383
0.000183065
0.000235129
0.000159284
0.000566604
0.000213581
0.00206675
0.00210213
0.000939477
0.000347975
0.000101105
0.000276564
0.000210423
0.00012201
7.57356e-05
0.000336171
0.000405194
0.000512215
0.000318144
0.000324135
0.000447938
0.000334121
0.000673235
0.0219805
0.000341598
0.000393734
0.000174313
0.000154823
0.000347751
6.70654e-05
0.000298065
0.000261368
0.000324917
0.00198808
0.000241906
0.000717397
0.000285234
0.000176263
0.00160016
0.000144871
0.000234414
0.000114395
0.000198626
0.000324277
8.99238e-05
0.000105274
0.00067075
0.000171365
5.41651e-05
0.000317005
0.000417763
0.00119994
0.000203839
0.000143499
0.000315699
0.00134957
0.000356857
0.000357414
0.000316458
0.000231468
0.000446646
0.000171805
0.000159256
0.000220297
5.38769e-05
0.000566066
0.000515876
0.000152526
0.000210982
0.000156811
1.02317e-05
0.000476243
0.000215201
0.000400961
0.000346848
0.000372421
0.000124653
0.000474159
0.00220101
0.000323949
0.000470447
0.000234811
0.000251154
0.000609974
0.000293095
0.000156832
0.000162914
0.000136959
0.000246301
0.000335857
7.95053e-05
0.00494782
0.000659982
0.000220605
0.000362871
0.000588689
0.000196376
0.000430702
0.000148777
0.00305874
0.000258561
0.000283521
0.000279788
0.000261416
0.000218798
0.000230001
0.000227116
0.000152661
8.96144e-05
0.000356199
0.000150836
0.000529257
0.000232993
6.34071e-05
0.000413566
0.000253621
0.000361859
0.000897137
0.000544833
0.000811006
0.000355774
0.000254236
0.000140483
0.00047055
0.000266302
0.000276867
9.30397e-05
0.00023692
8.47464e-05
0.000284722
0.000322884
0.00183001
0.000487243
0.000319459
0.000319032
0.000101815
0.0135601
0.000685026
0.000518462
0.000179918
0.000460363
0.000459548
0.000535083
0.000444845
0.000562684
0.000110271
0.000626309
0.000295099
0.000421011
0.00546896
0.000505676
0.000293776
0.00101242
0.000359169
0.000208292
0.000341148
0.000541973
0.000864362
0.0006254
0.00031479
0.000167111
0.000497431
0.000369073
0.000733932
0.000154945
0.000262385
0.00025759
0.000325996
0.000184937
0.000521067
0.0022456
0.000488277
0.00096448
0.000133315
0.000313193
0.000366493
0.000129574
0.000569994
0.000490536
0.000233625
0.000196391
0.000647655
0.00125346
0.000476031
6.04376e-05
0.000237305
0.000178747
0.000323334
0.000216715
0.000321184
0.000216202
0.000257368
0.000319873
0.000554844
0.000546195
0.000234757
0.000337518
0.000451181
0.000333943
0.000331251
0.000204145
0.000195356
0.000206563
0.000242262
0.000391072
0.000163687
0.00020431
0.000247129
2.3896e-05
0.000257266
0.000570388
0.000274552
0.000363521
0.000279906
0.000382588
0.00172956
0.00147325
4.35311e-05
0.000218793
0.00152285
0.000647602
0.00030613
0.000288617
4.83288e-05
0.000606964
0.000785442
0.000382424
2.93643e-05
0.000121362
0.000223715
0.000119743
0.00130347
0.000126228
0.000118727
0.000160757
0.000180933
0.000400763
0.000974947
0.000277941
0.00033426
0.00067246
0.000542813
0.000486666
0.000505865
0.000211098
0.000296698
0.000277524
0.000643694
0.000853961
0.000492371
0.000307504
0.000349211
0.000144241
0.000394478
0.000288931
0.000136496
0.000382278
0.00011912
0.000108152
0.000148045
0.0247638
0.000752035
0.000289986
0.000395166
0.000375334
6.42725e-05
