0.000346944
0.0184252
7.5149e-05
0.000327622
0.00166189
0.000186879
0.000185031
0.00012044
0.000103243
0.000223645
0.000262787
0.00170414
0.000219755
0.000205225
0.000282508
0.000270072
0.000202744
0.000177443
0.000233975
0.00028598
0.000143283
9.09025e-05
0.0010452
5.63705e-05
0.000239493
0.000218827
0.00206942
0.000195845
0.000514392
0.000315567
0.000223566
0.00015076
0.000744963
0.000174592
3.31383e-05
0.000302194
0.000144201
0.000588121
3.80325e-05
0
0.000153673
0.0011441
4.7872e-05
0.000362112
0.000212619
7.90548e-05
0.000254995
0.000744975
0.000313872
0.000146629
0.000180225
0.000149254
0.00024112
0.00103079
0.000477322
0.00025831
0.000341288
0.000434907
0.000216758
6.33476e-05
0.000777985
0.00029089
0.000892064
0.000175961
0.000724978
0.000255272
0.000167549
0.000453654
0.00017784
0.000107753
0.000170624
0.000182696
0.000372796
0.000896315
0.000108666
0.000226055
0.000276975
8.18324e-05
0.000190663
0.000233004
5.09124e-05
0.00026332
0.000159518
0.000542567
0.000442784
0.000551429
7.87587e-05
0.000267837
0.000198722
0.00037114
4.39177e-05
6.00914e-05
0.000120635
0.000605591
8.35027e-05
0.00023118
0.00116914
0.00182377
0.000103407
0.000138798
9.61808e-05
0.000133538
0
0.000211135
0.000150307
0.000397592
6.00287e-05
0.000185381
0.000216363
0.000200421
0.000404802
0.000309562
2.60664e-05
0.00012946
0.00015609
0.000424217
0.000152278
0.000311159
0.000670132
0.000127947
0.000339392
0.000604534
0.000101765
0.000366054
6.54925e-05
0.000119096
0.000190524
0.000241078
0.00436734
0.000179385
0.000286787
0.000166499
0.000133685
0.000894006
0.000418515
0.000179013
0.000173708
0.000568058
0.00018917
0.000380727
0.000373511
9.71392e-05
0.000654605
4.64415e-05
0.000230332
0.000255617
0.000184239
0.000139061
0.000178962
0.000341837
0.000137667
0.000477562
0.000364387
0.000129403
4.05499e-05
0.000424986
0.000185891
0.000297049
0.000340042
0.000180507
0.000113807
0.000142919
0.000104345
0.000183318
6.21798e-05
4.35276e-05
0.000331815
0.000188953
0.000212919
0.000252069
0.000337018
4.06917e-05
0.000180034
0.000281139
0.000274329
0.000159342
0.000100449
0.000160552
0.000126406
0.000190424
0.000163493
2.57771e-05
0.000156339
6.55245e-05
8.79985e-06
0.000158656
0.000250023
7.8424e-05
0.000300132
0.000297931
0.000117444
0.00060643
0.000336222
0.000644511
0.000291282
0.000112352
0.000531218
0.000183735
4.0764e-05
0.000234493
0.000334306
0.000223302
9.03821e-05
7.6305e-05
0.000108497
0.000186525
0.000361118
0.000301218
0.000215069
0.000326307
0.000233297
0.000584191
0.000217689
0.000868942
0.000596587
0.000519551
0.000943597
0.00080413
0.000232038
0.000309291
0.000416093
0.000135122
0.000391342
0.000744865
0.000323581
0.000690706
0.000278364
0.000334065
0.000434386
0.000156159
0.000253744
0.000166364
0.00027021
0.00533324
0.000189187
1.87093e-05
0.000256301
0.000118668
0.000114794
0.000294571
0.000103007
0.00354616
0.00029017
0.000176939
0.000482559
0.00404271
0.000134259
0.000138009
0.000253611
0.000391169
0.000565872
0.000173045
0.000190442
0.000137697
0.000357331
0.00440294
0.000178876
5.99227e-05
0.000235737
9.26633e-05
0.000337814
0.000474455
0.00023881
0.000228361
0.000183034
0.000280222
0.000352282
0.000258868
0.000273034
0.000473574
0.000189266
0.000262551
0.000212163
0.000204042
0.000349415
0.000464364
0.000172181
0.000108548
0.000175816
0.000110186
0.000176765
0.000131116
0.000377892
0.000166501
0.00019592
0.000348247
0.000199285
0.000274761
0.000132542
0.00102785
5.18339e-05
0.000228544
0.000254922
0.000310683
0.000187943
0.000227415
0.000463024
0.000223525
8.93881e-05
0.000203882
0.000228591
0.000471116
0.000104302
6.64259e-05
0.000228339
3.23909e-05
0.000331392
0.00020294
0.000233758
0.000126155
0.000277196
0.000153553
6.52157e-05
0.000321956
0.000242737
0.000155319
0.000323931
2.95306e-05
0
0.000278382
0.000239237
0.000191296
0.000303382
0.000224057
0.000123024
0.000412347
0.000136167
0.000392012
0.000156392
0.000254597
9.63288e-05
0.000169767
0.000220879
0.000125879
0.000472386
0.000257931
0.000346045
0.000613452
0.000782143
0.0477453
8.09742e-05
0.000285328
0.000156554
0.000503986
0.000375654
0.000320899
8.70042e-05
0.000164518
0.000176076
6.108e-05
0.000127037
0.000393102
0
0.000121455
0.000406179
0.000282653
0.000256854
0.000223108
0.000155575
0.000572463
0.000213146
0.000519955
0.0208335
7.03355e-05
0.000280125
0.000380181
0.000373772
0.000272756
0.000292829
0.000231557
0.000184483
0.000140954
0.000289066
0.00017468
4.97367e-05
0.000760879
7.21185e-05
0.000339171
0.000123232
0.000319033
0.000328391
0.000435265
0.000510507
0.000148815
0.000215155
0.000210509
9.77802e-05
0.000184054
0.000112129
0.000209099
0.000357653
0.000194969
0.000459163
0.000220967
0.000308354
0.000205318
0.00050484
9.33199e-05
0.000408518
0.000365072
8.91503e-05
0.000147865
0.000467256
0.000455058
1.28447e-05
0.000275691
0.000115299
0.000190555
6.52348e-05
0.000259315
0.000607191
0.000201199
0.00042059
0.000192577
0.000296663
0.000546318
0.000134217
0.000294192
0.000218151
7.58422e-05
0.000530041
0.000146439
0.000164203
0.000560827
0.0039773
0.000347231
0.000334117
0.000153633
0.000257038
0.000116369
0.000523613
0.000442382
0.000190804
0.000207017
0.00179235
0.000140655
0.000215653
0.000319883
0.000631231
0.000311607
0.000378229
0.000707511
0.000176178
0.000293864
0.000230272
0.000173913
0.000228831
0.000374823
0.000234576
0.000292214
0.00360704
6.49967e-05
0.000314685
0.000290457
0.000208142
0.000119629
0.000215783
0.000105638
0.00033926
0.00027666
0.000126441
0.000321632
0.000349993
0.000133196
0.000133635
0.00034397
0.00114221
6.85527e-05
0.000214924
0.000310876
0.000174814
0.000215066
0.000855392
0.000247175
0.000127375
0.000268808
0.000157907
0.000482798
0.000143104
0.000363619
0.00136824
0.000136559
0.00033397
0.000224341
9.24392e-05
0.000348874
0.000265378
0.00016691
6.38324e-05
0.000458168
0.000231471
6.7445e-05
0.00015753
0.000212446
0.00012973
0.00077864
0.000381425
0.000293745
0.000167993
0.000112126
0.000102045
0.000181264
0.000254533
4.56013e-05
0.00261334
0.000187198
0.000184249
0.000267331
0.000909831
0.000200462
0.000657134
0.000119787
0.000684312
0.000712277
0.000125058
0.000263323
0.000149498
0.000256588
0.000189672
0.000141
0.000296659
0.000129429
8.61492e-05
0.000173339
0.000464642
0.000113123
1.30052e-05
0.000169221
0.000414404
0.000467065
0.000140458
0.000231798
0.000312847
0.00043153
0.000134158
0.00073713
9.52311e-05
7.41178e-05
0.000533776
0.000297204
0.000136017
0.00012092
0.000148885
0.000376508
0.000618621
0.000277469
0.000416703
0.00117037
0.000199459
0.000197292
0.000254786
0.000369801
1.01584e-05
0.000215405
6.80379e-05
0.000211224
5.37319e-05
0.000560112
0.000523612
0.000166367
4.0592e-05
0.000172704
0.000328772
0.000222399
0.000149116
7.39353e-05
0.000137162
0.000215562
0.00045542
0.000257476
8.7627e-05
0.000101899
0.00017435
0.000493768
0
0.000172638
0.000254821
0.00117776
0.000256155
0.000256022
0.000223005
0.000188753
0.000152062
0.000138626
0.000109658
7.73733e-05
9.678e-05
0.000245299
8.35743e-05
0.000249217
9.23609e-05
0.000167571
0.000158767
0.000299077
0.000192001
8.05279e-05
0.00222375
0.000708068
0.000240128
7.01233e-05
0.000452823
0.000104791
0.00122303
0.000151026
0.000537412
0.000530717
0.0002052
4.68906e-05
0.000170229
0.000365837
0.00017303
0.000269015
0.000143939
0.000176822
0.000733341
0.000271755
0.00165325
0.00265388
0.000323829
0.000173996
0.000575433
0.000164968
0.000270424
0.000354691
0.000540666
0.00022093
0.000357297
0.000136236
0.00102757
0.000754191
0.000265841
0.000183981
0.000220541
8.64887e-05
0.000262018
0.000307467
0.000307536
9.84552e-05
0.000281023
0.000374898
0.000169532
0.000354794
0.000217338
0.000173136
0.000177889
0.000424406
8.51563e-05
0.000619184
0.00017017
4.23546e-05
0.000245393
0.000179424
0.000405341
0.000225273
0.000362821
0.00018681
0.000226165
0.00016068
0.00119864
0.000151491
0.000253613
0.000265553
0.000152981
0.000110828
0.00104431
0.000233642
6.80666e-05
0.000192303
6.69493e-05
0.000175834
0.00143757
0.000309312
0.000150664
0.000900283
0.000159966
0.00109816
0.000224799
0.00110339
0.000250846
0.000484486
0.000152589
0.000404732
0.000191827
0.000297619
0.000294713
0.000464863
0.000328933
0.000203481
0.00135411
0.00026584
0.00011023
0.000164902
0.000378509
0.000278832
0.000240124
0.000304354
0.000731716
0.000164736
9.11023e-05
0.000123653
0.000171616
0.000121179
0.00013318
0.000184985
0.000188268
0.000139335
0.000125509
0.000328203
0.000771476
3.67468e-05
0.000479606
0.00069704
0.000235193
0.000111266
0.000358724
0.000120189
0.000268055
0.00168864
0.000140605
0.000115189
0.00200924
0.000110589
0.000628186
8.29067e-05
0.000107416
0.000392603
4.96237e-05
0.000178543
0.000310484
6.47823e-05
0.000322638
0.000243738
0.000104343
0.000120258
0.000192635
0.000272543
0.000268568
6.3128e-05
0.000325622
0.000319408
0.000876895
0.000132876
0.000106211
0.000105701
0.000343082
0.000110273
0.000148309
0.000120158
0.000240802
0.000148948
0.000171711
6.40198e-05
3.43899e-05
0.000217358
1.35109e-05
0.000188322
4.35867e-05
0.000275601
0.0001897
0.000395462
0.000275526
0.000388032
0.000180359
0.000310124
0.000121478
0.000189724
2.70581e-05
0.000250184
0.000155498
0.00043588
0.000601311
0.000743475
0.000161249
0.000230409
0.000382584
0.000162157
0.000312432
0.000229091
0.000191787
0.000168409
0.00131516
7.00826e-05
0.000491073
0.000334617
0.000344956
0.000153908
0.000202878
0.000285378
0.000187769
0.000149673
0.000490686
0.000145417
0.00116837
0.000218898
0.00113128
0.00022107
0.000133516
0.000172206
0.000206953
9.13779e-05
3.92193e-05
0.000198191
0.000289469
0.000345323
0.000171522
4.81273e-05
0.000164626
0.000135391
0.00014881
8.91231e-05
0.000166801
0.000240652
0.000260679
0.000176875
0.000215562
0.000786942
0.000105706
0.000316616
0.00015302
0.00116195
0.000390475
0.000196113
0.00062749
0.000275902
0.000208949
0.000113859
0.00071943
0.000202473
0.000248901
0.000152918
0.000159165
0.000242137
0.000106083
0.000205598
0.000111088
0.000196753
0.000374528
0.000135936
0.00231659
0.000246336
0.000453914
9.54783e-05
0.00017762
0.000252922
0.000216724
0.000298844
0.000165858
0.000256251
0.000131759
0.00200717
0.000143001
4.22035e-05
0.000230397
0.000110885
0.000189745
0.000225941
0.000101624
9.92621e-05
8.35202e-05
6.31746e-05
0.000214959
0.000358234
0.000615026
0.000370678
0.000317559
0.00018254
0.00047113
0.00042939
0.000147891
0.00141192
8.86399e-05
0.000698072
0.000244975
0.000166166
0.000132236
0.000115171
0.000362221
3.78875e-05
9.89461e-05
0.000919779
0.00136683
0.000256864
7.71442e-05
0.00014438
0.000402421
0.000169075
6.06462e-05
0.00026601
0.000439874
0.000222089
0.000358132
0.00324084
0.000219254
0.000145431
0.000171866
0.00145931
0.000209892
0.000296031
0.000124464
0.00025269
0
0.000147116
0.000306224
0.000144698
0.000299942
0.000147318
6.20559e-05
0.000384247
0.000312286
