0.000299368
0.000235078
0.000180182
4.382e-05
0.000209728
0.000479032
0.000363745
3.61207e-05
0.000245671
0.000167966
0.000298831
0.00021672
0.000191461
0.00046443
0.000243804
1.29967e-05
0.000344462
0.000334074
0.000536258
0.000671508
0.000178296
0.000342763
0.000177132
3.55541e-05
0.000317776
0.000490445
5.1734e-05
0.000236269
8.39741e-05
0.001209
0.000291853
0.000296257
0.000233569
7.17414e-05
0.000943433
8.4929e-05
0.000468496
0.000101454
0.000198764
0.000147098
0.000253807
0.000488493
0.000111886
0.000475344
0.000241289
0.000548266
0.00154377
9.86921e-05
0.000540389
0.000338719
0.000274681
7.00106e-05
9.97707e-05
0.000778905
0.000153257
0.000171461
1.22738e-05
0.000168457
0.000397421
0.000176661
0.000307218
0.00326361
0.000118985
0.000271709
0.000172534
0.000380336
0.000374901
0.000696493
0.00024546
0.000180791
0.00031984
9.90803e-05
0.000350946
0.000200838
0.000123084
0.000167077
0.000127834
0.000173465
3.63744e-05
0.000112689
0.000239509
0.000295054
0.00310877
0.000281489
0.00205512
0.000293315
0.000238647
4.95554e-05
0.000973974
0.000194367
0.000202803
0.00043142
0.000131403
0.000407148
0.000146379
0.000103475
0.000178872
0.000189167
0.000341622
0.000331165
5.38714e-05
0.000174465
0.000229567
0.000115705
0.000162001
0.000196202
0.000353067
0.00030207
0.000247377
0.000170374
0.000164907
0.000164477
0.00393084
0.000142727
0.000653743
0.00012514
6.64445e-05
9.83305e-05
2.39465e-05
0.000147602
0.000294646
0.00627022
0.00014418
0.000287818
0.000636922
0.000141143
0.000855259
0.000124027
0.000234173
0.000171306
0.000282154
0.00040813
0.000202892
0.000398266
9.35205e-05
6.13746e-05
4.96929e-05
3.69104e-05
0.00413891
6.09969e-05
0.00022503
0.000146886
2.60444e-05
0.000225506
4.66023e-05
0.000326983
0.000126118
0.00016577
0.000191948
0.000238982
0.000116052
0.000262944
0.000309067
0.00013548
0.00062163
0.000116718
0.000257917
6.37495e-05
0.000265413
4.41042e-05
0.000194809
0.000283859
0.000132584
0.000115889
0.000274543
0.00013684
0.000128032
0.000548374
0.000826363
0.000244535
3.68625e-05
0.000291188
0.000302003
0.000121215
0.00577199
0.000134355
0.000149672
0.000219967
0.00227276
0.000194056
0.000208211
0.000180816
0.00036333
0.000149345
0.000336479
4.14745e-05
4.71091e-05
8.02022e-05
0.000274944
0.000159985
0.000635003
0.000230184
0.00018506
0.000204974
0.000105507
0.000353403
0.000266423
0.000285028
0.0108835
0.000247736
0.000368382
0.000406947
5.74332e-05
9.70815e-05
0.000258794
0.000125134
0.000347291
0.000221927
9.41592e-05
0.000328257
0.000201475
0.000268242
4.85695e-05
0.000251661
0.000172392
0.000107307
0.000168171
0.000247464
0.000100377
0.00126897
0.000407239
0.000181341
0.000247892
0.000135249
7.12991e-05
0.000260834
0.000166011
0.000188592
0.000128985
0.000402861
0.00064894
0.000252353
0.000221344
0.000206626
0.000239156
0.000196216
0.000249108
0.000222266
0.00243821
0.000370503
0.000152271
0.00031124
0.000412956
0.000376455
0.000142618
0.000201801
0.00130094
0.000140891
0.000242427
0.000228748
0.000191827
0.00012963
0.00323723
0.000103763
0.000303347
0.000316953
0.00096647
0.00030838
0.000213444
0.000326308
9.75781e-05
0.000246635
0.00022285
0.000215022
0.000232326
0.000241225
0.000171531
0.000551999
0.000183282
8.52703e-05
0.000166933
0.000313463
0.00116884
9.17301e-05
0.000191667
0.000201906
4.47157e-05
0.00017089
0.000687116
0.000180494
0.000113479
0.000263139
0.00035829
0.000409557
0.000567047
3.82294e-05
0.00557619
0.000265066
4.05211e-05
0.000319541
0.000460588
0.000179564
0.000198463
5.99916e-05
0.000408257
0.000217823
0.000190777
8.52767e-05
0.00120186
0.000109917
0.000376909
0.000172682
0.000282666
0.000187149
7.50238e-05
0.00023154
0.000703742
0.000438001
0.000977738
0.000303742
0.000222793
0.000168773
0.000347835
0.000394282
0.00019462
0.000406593
0.000217826
0.000643467
0.000169572
0.000154483
0.000271204
0.000294131
0.00543976
0.000258405
0.000187772
0.000270143
0.00029544
0.000427428
3.17682e-05
0.000836527
0.00070859
3.31601e-05
0.000204572
0.000230199
0.0001345
0.000693276
0.000461719
0.000242419
0.000352069
0.0062062
0.000111091
0.000267766
0.000819819
0.000389434
0.00018123
0.00169441
0.000492258
4.21885e-05
8.45147e-05
0.000450443
0.000308774
5.85498e-05
0.000148627
0.000125508
0.000192534
0.000448181
0.000121256
0.000208669
0.000259177
0.000132229
0.000200092
4.08957e-05
0.00021522
0.000167642
0.000137716
6.98192e-05
0.000450301
0.000143305
0.000295694
9.80243e-05
0.000565481
0.000271275
0.00024368
0.000331178
0.000204127
0.00011137
0.000321079
0.000323822
0.000217336
0.000557654
0.000301186
0.000659749
0.000236139
0.000114316
4.06372e-05
0.000161266
0.00767931
0.000421867
0.000184353
0.000235522
0.000245419
0.00038947
6.43513e-05
0.000162236
0.000193058
0.000391112
0.000108649
0.000363788
0.00344266
0.000203795
0.000269333
0.000275453
9.66339e-05
0.000204601
2.4252e-05
0.000212267
2.80182e-05
0.00020334
0.000287934
0.000209683
0.000271526
0.00012291
0.000760714
0.000472221
0.000102774
0.000255406
0.000346427
0.000316975
7.95169e-05
0.00707517
0.000257656
0.000329544
0.000134893
0.000141908
8.34801e-05
2.74069e-05
0.000178485
0.000286963
0.000625569
7.39052e-05
9.5591e-05
0.000129934
5.71874e-05
0.000161511
8.12063e-05
9.65643e-05
6.12633e-05
4.64407e-05
4.49646e-05
8.05894e-05
0.000126492
0.000155494
0.000254331
0.000289863
0.000257627
0.000133187
8.41688e-05
0.000183707
0.000208738
0.00026832
3.78376e-05
0.00019133
2.40775e-05
0.000182213
0.000416527
0.000176799
0.0029532
0.00029024
0.000512744
7.17934e-05
0.000289961
0.000347429
0.000125193
0.000164034
0.00031107
0.000370031
0.000225157
0.00073727
0.000184336
0.000114129
0.000209906
0.00211091
0.000116559
0.000293581
0.00612532
0.000178242
0.000886745
0.00012701
0.00046642
0.000181655
0.000244637
0.000192751
0.000311539
0.00126643
7.02175e-05
0.000169908
0.00044951
0.000188356
0.000197962
0.000283289
0.000247218
0.000867595
0.000106685
0.000435495
9.77567e-05
0.000148548
0.000217865
0.000459642
0.000398734
4.19189e-05
1.72488e-05
0.000615705
0.000167705
0.000266481
0.000265932
0.000388375
0.000297674
8.84118e-05
2.899e-05
0.000440802
8.66894e-05
7.78792e-05
9.89074e-05
8.6256e-05
0.000386539
0.00010047
0.000302704
7.06384e-05
0.000423809
9.55732e-05
4.0471e-05
0.000103919
0.000275788
2.36524e-05
0.000241654
0.00020734
0.000111987
3.76685e-05
0.000126245
0.000267906
0.00018742
0.000187856
0.000292295
0.000119794
7.2999e-05
0.00247724
0.000168201
0.0001808
0.000163107
0.000177891
0.000229895
0.000129292
0.000276304
0.000276794
0.000167581
0.000166753
0.000193766
0.000292325
0.000132516
0.000144415
0.000283756
0.000445139
4.90579e-05
0.000149065
0.000212011
1.53335e-05
6.14209e-05
0.000277555
0.000126902
0.000180176
6.00667e-05
0.000389404
3.53388e-05
3.9339e-05
0.000280627
0.0001765
0.000333063
0.000153595
0.000120009
0.00313433
9.48317e-05
0.000259107
0.00014319
0.00012502
0.000207832
0.000214558
0.00120232
0.000287162
0.000273501
1.52132e-05
0.000297567
0.000231774
0.00172072
0.000194322
3.91527e-05
0.000195048
0.0001705
3.99769e-05
0.000161116
0.000251615
2.71404e-05
9.32428e-05
0.000110363
0.000259533
0.000169488
0.000209819
0.000222662
0.000527895
0.000187584
0.000224398
0.000140037
8.58207e-05
0.000172158
0
0.000246625
0.000423104
0.0001189
0.000103339
0.000656457
0.000311895
0.00011905
2.23043e-05
0.000157747
8.708e-05
4.2465e-05
0.000557394
0.000289357
0.000222973
0.00024704
0.000230328
0.000539637
0.000310777
7.28948e-05
4.53487e-05
0.000271485
0.000369144
9.58555e-05
0.000145091
0.000263289
0.000173676
8.9167e-05
0.001197
7.01158e-05
9.83611e-05
0.000470497
0.00165815
0.000114403
0.000551953
0.000857718
5.22317e-05
0.000199011
0.000150582
0.000415764
0.000206945
0.00010379
0.000249025
0.000134907
9.54292e-05
0.000833373
0.000196281
0.000245832
0.000101573
0.0057944
0.000182862
7.39194e-05
9.34936e-05
0.000165515
0.000231807
0.000112485
0.000136811
0.000219691
0.000161301
0.000202764
0.00106074
0.000101776
0.000488334
0.000376183
0.000515935
0.000118412
0.000232433
0.000507265
0.000289767
7.33092e-05
0.000364059
0.000262331
1.92691e-05
7.26243e-05
0.000192021
0.00027347
0.000219188
7.9273e-05
0.000278545
7.27723e-05
0.00041456
0.000100136
9.70718e-05
0.000257218
0.00036705
0.000336822
0.000127435
0.000242757
0.000141936
0.000265089
0.000651581
0.000164177
0.00030468
0.00028511
9.19921e-05
0.000188058
0.000141886
0.00013602
1.78368e-05
0.000246493
0.000141799
7.13332e-05
0.000216095
4.85099e-05
0.000266213
0.000593115
0.000620117
0.000252385
0.000281753
0.000139388
0.000233787
0.000359172
0.000347997
0.000295415
6.26865e-05
0.000329406
0.000236438
0.000109421
8.54894e-05
9.86716e-05
0.00012597
0.000321304
9.26102e-05
0.000310582
5.47899e-05
0.000107867
0.000141749
0.000809506
0.000279617
6.26211e-05
0.000385971
0.00180678
0.000348869
0.000484835
0.000478851
0.00180806
0.000537564
0.00023271
0.000208117
0.000157875
0.000111261
0.000444073
0.000247901
0.00020451
0.000405679
0.000350683
0.000250756
0.000242442
0.000275021
0.000162424
0.000275816
0.000436663
5.3464e-05
0.000430379
0.00016274
0.000236239
4.06939e-05
0.000109494
4.60429e-05
0.000427836
0.000380864
0.000184838
0
0.000181183
0.000571245
0.000216089
1.07628e-05
0.000172045
0.00016629
7.03442e-05
0.000294445
0.00030628
0.000545028
0.000118953
0.000208823
0.000265252
0.000620049
0.000586
0.000125945
0.000184145
0.000434018
0.000902656
0.000272408
0.00053336
0.000238759
6.53333e-05
0.000547454
0.000444948
0.000358374
0.000210423
0.000183349
0.000189805
0.000169386
4.24672e-05
0.000219647
0.000408742
0.00015754
0.000139675
0.000861481
0.000207813
0.000237264
7.37801e-05
0.000142292
0.000175526
0.000401491
9.24058e-05
0.000389795
0.000135885
0.000110054
0.000203198
0.000190071
0.000140932
5.81176e-05
8.67612e-05
0.000658367
0.000456491
0.000103838
0.000815781
0.00022852
0.000179887
0.000283219
0.000192669
0.000179931
2.99017e-05
5.4184e-05
5.60436e-05
0.000293037
0.000182093
0.000107466
0.000169482
0.000221306
0.000383663
0.000128769
0.000309007
0.000202273
0.000236004
7.84233e-05
0.000981289
0.00037265
0.000701869
0.000153781
0.000547469
5.86365e-05
0.000232831
2.99604e-05
0.000387319
0.000195714
7.56551e-05
0.000286181
0
9.67189e-05
0.000148894
6.95278e-05
0.000410721
0.000837307
0.000162204
0.000114945
0.000282778
0.000166347
0.000186377
0.000649364
0.00021428
9.14952e-05
0.000158947
4.50022e-05
0.000208072
8.49442e-05
0.000173745
5.36655e-05
0.000275198
6.23115e-05
0.000223326
0.000334259
0.000132049
0.000347782
0.000422182
0.00016409
0.000131372
0.00945615
0.000251445
0.000687987
1.8014e-05
0.000258687
0.00027221
0.000391764
0.000260682
0.000167543
0.000210639
0.000212361
0.000227738
0.000223246
0.000290527
0.000232865
0.000103035
0.000117731
0.000774607
0.000113187
0.000176611
3.82224e-05
0.000115274
0.000190632
0.00025737
0.000173405
7.8117e-05
7.53967e-05
0.000422267
0.000295321
7.46862e-05
0.000267746
0.000106845
0.000243344
0.000454267
0.000769219
0.000220259
0.000590102
0.000150012
0.000168684
0.000271245
2.90748e-05
0.000305053
7.94126e-05
0.000116084
0.000216316
0.000388884
0.000539082
0.000150231
0.000490592
0.000152684
0.000121457
0.000269286
0.000204626
5.99246e-05
0.000117061
0.00031234
0.000137175
0.00015633
0.000111649
0.000573682
0.000125612
0.000403786
0.000197329
0.000524091
2.43622e-05
0.00018593
0.000721728
0.000633026
7.09775e-05
0.000177556
0.000179176
0.000406135
0.000195781
0.000316344
0.000121696
0.00123185
0.000138494
0.000414445
0.00030854
0.000463978
0.000415552
0.00025572
0.000101122
0.000118279
9.09795e-05
0.000139164
0.000136269
0.000149831
0.000642545
7.23961e-05
0.000203991
0.00021071
0.000353373
0.000135208
0.000304964
0.000268624
0.00125201
0.00083913
0.000115931
0.000832459
0.000255596
0.000114949
8.42208e-05
7.59722e-05
5.99471e-05
8.06947e-05
0.000746276
0.000245878
0.000173905
0.000573192
0.000346403
9.47946e-05
0.000150135
0.000336659
1.87268e-05
0.000179788
0.000230294
0.000207655
4.78392e-05
0.000219898
0.000194487
8.3379e-05
0.000243674
0.000274489
0.000224939
9.98915e-05
0.000226169
0.000127434
7.05782e-05
0.000243719
0.000286843
0.000237177
0.00178821
0.000318669
6.83626e-05
0.000352679
0.000391884
0.000123624
0.00021711
0.000195574
0.000104713
0.000144736
0.000168086
0.000170972
0.000426606
0.000406781
0.000137627
0.0116208
9.56125e-05
0.0001115
0.000108028
0.000126662
0.000159019
0.000217893
0.00336685
0.000315063
0.000277392
0.000685684
0.000200393
1.1337e-05
0.000406905
0.000882322
5.04873e-05
0.000221642
0.000129021
3.5125e-05
6.09563e-05
0.000298168
0.000232643
9.48849e-05
6.22876e-05
0.000300939
3.80367e-05
0.000212712
0.000539787
0.000173805
0.00136957
0.000130327
0.000304279
0.000274206
0.000275536
0.000380413
0
0.000228752
0.000253158
0.000130082
0.000371833
0.000340175
3.04958e-05
0.00307164
0.000169243
0.00020854
0.000268795
0.000275942
0.00011941
0.000588266
0.000190456
0.000971053
0.00022709
0.000343326
0.000179875
0.000278505
0.000254444
0.000499018
7.341e-05
0.000117871
0.000200572
0.000856064
0.000172033
0.000229621
0.000113979
0.000106201
0.000533746
0.000309438
0.00013084
8.91038e-05
0.000341242
0.000159718
0.000230942
0.000226134
0.000129342
5.89268e-05
0.000231028
0.000492832
0.000157713
0.000235171
0.000116737
0.000208059
0.000816819
0.000329366
0.000268838
0.000217544
0.000197785
0.000286858
0.000491291
0.000244473
0.000124784
4.45095e-05
0.000506537
8.51003e-05
0.000559639
0.000231834
0.000202081
0.000230314
4.13732e-05
0.000427394
0.000134013
0.000380468
0.000164324
0.000239042
0.000382639
0.000187594
0.000274718
0.000424275
0.00021366
0.000282533
0.000188024
2.33656e-05
0.000177693
0.000237671
0.00029183
4.74571e-05
0.000533205
0.000139115
0.000275832
8.99123e-05
0.000178452
0.00192534
0.000266827
0.000115868
0.000260827
0.000296658
0.000279141
0.000183016
0.000931588
0.000657816
0.000260963
0.000261691
0.000215804
0.000382121
0.000731468
0.000211021
5.45603e-05
0.000167268
0.000199248
0.00041792
0.000198811
0.000168668
0.000148042
0.000188883
0.000203797
1.71871e-05
0.000194433
0.000361367
0.000795778
6.87676e-05
0.000341779
0.000252435
9.97326e-05
0.000167503
0.000177677
0.000227609
7.52258e-05
0.000125165
0.000268194
7.27488e-05
3.84177e-05
0.00128504
0.000234743
0.000111899
0.000229496
0.000217092
0.000187953
0.000146935
0.000110716
0.000140323
0.000404695
0.000341605
0.000181174
0.000284077
0.000243557
9.78853e-05
0.000202103
0.00116594
0.000482882
5.326e-05
0.000104783
9.39531e-05
0.000541969
8.7403e-05
0.000188132
0.000133505
0.000169302
2.17169e-05
0.000298793
0.000750018
4.14198e-05
0.000185161
0.000242693
0.000169558
0.00031201
0.000267752
0.000162747
0.000523072
3.9948e-05
0.000479561
0.000201681
0.000204443
0.000194084
0.000186521
0.000138812
3.35241e-05
0.000139744
0.00038674
0.000140887
0.000370583
3.93147e-05
0.00033515
0.000120723
0.000103075
0.000142501
3.71976e-05
0.000140001
0.00016866
0.000125741
0.000167416
0.000258609
0.00021869
0.000320439
0.000165534
0.000181305
6.15787e-05
0.000561385
0.00321616
0.000265913
0.000539772
0.000198292
0.000243794
0.000141571
0.000146456
0.000725552
0.000421524
4.04178e-05
0.000224436
0.000152596
0.000181789
0.00021791
0.000207124
0.000111376
0.000938535
0.000132216
0.000317034
0.000193544
0.000135415
0.000111433
0.000397289
0.000270563
3.29953e-05
0.000144197
0.00292345
0.000152229
0.000269667
0.000211641
0.000240942
0.000141688
0.000149303
0.00019687
0.000585009
0.000117568
0.000199169
0.000173329
0.000326886
0.00042739
7.09228e-05
0.000990822
0.00023887
0.000155518
0.000404692
0.000241015
0.000236015
0.000171364
0.000207263
0.000378631
0.000663957
0.000184516
0.000195535
0.000218979
0.000286332
0.000429817
7.93698e-05
0.00116154
0.000533446
0.0001483
9.87692e-05
0.000158039
0.000144798
4.14988e-05
0.000294084
0.00089234
0.000182807
0.000170847
0.000281909
0.000705989
0.000212267
0.0007192
0.00020035
0.000232703
0.000107107
0.000207926
0.00023761
0.000115295
0.00018609
0.000272639
0.000100835
3.27691e-05
1.27323e-05
0.000595803
8.57383e-05
0.000822375
0.000252913
0.000238789
0.000127423
4.68197e-05
6.24678e-05
0.000122456
0.000312474
0.000660665
0.000313294
0.000355935
0.000129853
7.2865e-05
0.00027143
0.000214715
6.00859e-05
0.000192552
7.39488e-05
0.000199206
0.000199704
0.000205425
0.000493741
0.00010756
7.61927e-05
0.0002832
0.000256654
0.000111103
2.86534e-05
0.000597454
7.04796e-05
0.000182154
0.000288807
0.00024083
0.000285582
0.000166926
0.000150499
0.000603051
0.000152
0.000292885
0.000865115
0.000121628
0.000203285
0.000667054
0.000178119
0.000150559
8.04473e-05
0.000242224
0.000106392
0.000236864
0.000113907
0.000124108
0.000223296
0.000271488
0.000107282
0.000830871
1.62342e-05
0.000843125
7.93371e-05
0.000193208
0.000340222
0.000528246
0.0001572
0.000505763
0.000342314
0.000454362
0.000272679
0.00149916
0.00035392
0.000271325
0.000246897
0.000148367
0.000239653
0.000166289
0.000186301
9.26663e-05
0.000185272
0.000308253
0.000352814
0.000180463
7.94443e-05
0.000460317
0.000172934
0.000100869
0.000260729
0.000193063
0.000643583
0.000159799
0.000321109
4.68478e-05
0.000270122
0.00013984
0.000287535
0.000329838
0.00034857
0.000438988
4.04495e-05
8.70187e-05
0.000307548
0.000545034
0.000183307
0.000320083
0.000172266
0.000326665
0.000332854
9.92466e-05
0.000290307
0.00181369
0.000244725
0.000173212
0.000332602
7.5034e-05
0.000107577
0.00013233
0.00242446
0.000103248
8.66178e-05
0.000420764
0.00057185
0.000640418
6.30359e-05
0.000232767
0.000150577
0.000190843
0.000223937
0.000367338
0.00079371
0.000284727
0.000249197
0.000943855
0.000636751
0.000296438
0.000466069
0.000165925
0.000241873
7.9095e-05
0.000162103
0.00016296
7.16598e-05
9.64541e-05
0.000229924
0.000261324
6.63404e-05
0.000195009
0.0112676
0.000101878
0.00677218
1.50622e-05
4.92158e-05
0.000313709
0.000233675
9.6174e-05
0.000186221
0.000169612
0.000220688
7.77994e-05
3.87414e-05
0.000203333
7.8996e-05
0.000115142
0.000174976
0.000843986
0.000146429
0.000200566
0.000152907
0.00012385
0.000226642
8.27148e-05
0.000390756
7.60514e-05
0.000146372
0.000129723
0.000290213
0.000199946
9.37312e-05
0.000182878
0.000227174
0.000293457
0.00040024
0.000180122
0.000772536
0.000211101
0.000131171
9.55302e-05
0.000214967
0.000247815
0.000900407
0.000249956
9.54191e-05
2.95955e-05
0.000289426
0.000145046
0.00021958
0.000213422
0.000138987
0.00054411
0.000181871
9.92289e-05
0.000143949
0.00198238
0
0.000275344
0.000237878
4.19044e-05
0.000103712
0.000218436
0.00033967
0.000795054
0.000141932
0.000121467
0.000141403
0.00075908
0.000152633
1.05236e-05
9.50803e-05
5.80255e-05
0.00341589
0.000112294
6.96617e-05
8.6459e-05
0.000276329
0.000130724
5.15994e-05
0.000229763
0.000611035
0.000249796
0.000348164
0.00050638
0.000280058
0.000210257
0.000275086
0.000193655
0.000105135
0.000347545
0.000334221
0.000248927
0.000218534
0.000164084
0.00172941
0.000352458
0.000420376
4.77589e-05
0.000198461
0.000172744
0.000131999
0.00017811
0.000168915
0.000263037
0.000525959
0.000355938
0.000367097
0.00104964
0.000305442
0.000103886
0.000401314
0.000130177
0.000151826
0.000768995
0.000550853
0.000292362
0.000162325
0.000190688
0.000132701
7.25214e-05
0.000152832
0.000172583
0.000201632
0.00026823
6.31352e-05
0.000612091
0.000103387
0.000383946
0.00024657
0.000112252
7.97313e-05
0.000381898
0.000222859
0.000343056
0.000208865
0.000206228
7.15509e-06
0.000213477
0.000169583
6.62248e-05
0.000226136
0.000324655
0.00017825
0.00060825
0.000114574
0.000632456
0.000237058
0.000180136
9.57096e-05
0.000708679
0.00273593
0.00017415
0.000122116
0.000351867
0.00015465
0.000232641
0.00350739
0.00732009
0.00013673
0.000174394
0.00224084
0.000198134
0.000182421
0.000158193
0.000260407
0.000324607
0.000209876
0.000194761
0.00025593
0.000174537
0.000203448
0.00032398
0.000279784
0.00011085
0.000249382
0.000466186
0.000145012
0.000101125
0.00320889
0.00015585
0.000235813
0.000330576
0.000147263
0.00047029
0.000219693
2.39297e-05
0.000147711
0.000257646
0.000119608
0.00185044
7.19157e-05
0.000188865
0.000222772
6.80839e-05
0.000231371
0.000318556
0.000275847
0.000723909
0.00231655
0.000244174
0
0.000217615
0.000108671
0.00029054
0.000107469
9.28129e-05
0.000101166
0.000418903
0.000192112
0.000438517
2.41734e-05
0.000101388
0.000234799
0.000330365
0.000318795
0.000266532
0.000421053
0.000151127
0.000340558
0.000196481
0.000712439
0.000165664
0.00015751
0.000185995
2.90423e-05
0.000478789
0.0002473
0.00014978
0.000298957
0.00023291
0.000329056
0.000373067
0.000184066
0.000275004
0.000100536
9.4767e-05
0.000176781
0.000280576
0.000172896
0.000384796
0.000183429
0.000332123
0.000205689
6.93064e-05
0.000242063
0.000260424
0.000108736
0.000218328
0.000255682
0.000306827
0.000255784
0.000255898
0.000117016
0.000172394
0.000122857
4.24442e-05
0.000177752
0.000133932
0.000211606
0.0022094
0.00282413
0.000453548
0.000400308
0.000214657
0.00015606
0.000317287
0.000444736
0.00018202
0.000324822
0.000115483
0.000176561
0.000305617
0.000232173
0.000561526
0.000268051
0.000393989
0.000106761
0.000305566
0.000547896
0.000313061
0.000272979
0.000141055
0.000162194
0.000185314
0.00013525
0.000113004
0.000288464
0.000279034
0.000134478
0.000228091
0.00100301
0.000718262
8.71431e-05
3.79366e-05
3.41633e-05
0.000138303
7.76097e-05
0.000510972
0.000437289
0.000169354
0.000238239
5.57559e-05
0.000145303
0.000198805
0.000129651
0.000159456
0.000232035
0.000474979
0.000246586
0.000330739
0.00346733
1.34535e-05
0.000175505
0.000269042
7.877e-05
0.000410822
4.31833e-05
0.000395808
0.000257923
0.00015571
9.95216e-05
0.00034583
3.44108e-05
0.00336541
0.000168647
0.000779069
8.39297e-05
0.000171198
0.000210362
0.000216838
0.000215328
0.00582354
0.000746592
0.000642278
0.000134566
0.000806976
0.000622327
8.27937e-05
0.000448217
0.000192931
0.000149082
0.000160115
0.000106803
0.000244815
0.000122505
0.000143659
0.000259631
0.000235739
0.000199614
1.26479e-05
1.48594e-05
0.000229122
0.000127991
0.000279432
0.000366087
0.000147274
0.000250498
0.000612567
0.00018358
0.000807577
0.000210924
0.00032058
0.000209131
0.00107462
0.000212687
9.24876e-05
0.00014833
2.64669e-05
5.91716e-05
8.16359e-05
0.000316903
0.000178666
0.000409801
6.16041e-05
3.55973e-05
0.000358659
0.000319994
0.00017729
0.00017959
0.000991214
0.000381609
0.000186344
0.000196885
0.000300093
1.59987e-05
0.000589934
0.000124128
9.59696e-05
0.000180248
0
0.000491373
0.000247193
0.000181621
4.7363e-05
0.00174762
0.000223935
0.000145912
0.000826747
7.7674e-05
0
0.000186616
0.000162642
0.000257475
0.000752974
5.55409e-05
0.000224828
0.000443551
0.000236554
6.27966e-05
0.000479113
0.000170107
0.000262868
0.000236774
3.99773e-05
0.000133838
0.000314896
0.000353545
0.000477697
7.16159e-05
0.000285831
0.000457942
0.000233799
0.000196887
0.000192203
0.000304791
0.000106936
0.000167369
4.01571e-05
0.000176225
0.00946214
0.000109255
1.33491e-05
0.00021235
3.34219e-05
0.000179834
9.2031e-05
0.000291959
0.000219395
0.000128138
0.00019393
0.00016505
0.000138644
0.00029944
0.000570064
0.000173133
0.000262391
0.00039952
0.000193795
0.000128177
5.82555e-05
0.000310371
0.0002003
8.19049e-05
0.00029657
0.000247688
0.000125178
0.000331836
0.000530822
0.000542284
0.000284859
0.000372654
3.89862e-05
0.000278801
0.000212121
7.75407e-05
0.000234636
7.80352e-05
0.000363721
0.000413199
0.00242647
8.80806e-05
0.000402304
9.76633e-05
0.000219588
0.00012259
0.000126838
0.000182989
0.000253016
0.000458735
0.000112746
0.000301383
6.35876e-05
0.000200139
0.000255665
0.000120793
0.000154667
0.000150536
0.00155125
4.12046e-05
8.13921e-05
7.7639e-05
0.000225104
7.96073e-05
0.000250689
0.000253152
0.000298029
0.000121293
6.39925e-05
0.000306272
0.000325298
7.10013e-05
9.1988e-05
0.000215248
0.00103925
6.69669e-05
0.000436374
6.6665e-05
0.000245333
0.000361568
0.000190702
8.88977e-05
0.000169809
0.000161652
0.000232824
0.000311058
0.000295131
0.00020679
0.000435457
0.00018029
0.0017509
0.000198777
0.000205463
6.94561e-05
0.00012258
0.000189161
0.000306424
0.00702669
0.000169109
5.86718e-05
0.00042432
0.000162456
0.00128653
9.57622e-05
0.000244815
6.42943e-05
0.000310141
0.000216315
0.000264801
0.000145023
2.77761e-05
0.000137846
0.000260045
0.000248023
0.000472845
9.61878e-05
0.000216025
0.000389743
0.000878681
8.11879e-05
0.00039723
0.000724809
0.000344319
0.000232616
0.000859012
0.000144085
0.000410954
5.27998e-05
0.000489933
0.000753859
0.0050783
0.000292902
0.00025386
0.000343104
0.000102767
0.000247106
0.000666102
0.00018143
0.000263395
0.000491783
0.000246564
0.000271007
8.28535e-05
0.000330703
0.000430093
0.000141829
0.000404054
8.6768e-05
4.38439e-05
0.0116132
0.000333225
0.000144897
0.000122596
0.000102368
0.000169127
0.000417572
0.000279232
1.59165e-05
0.000103004
0.000248653
0.000318517
0.000389741
0.000275571
0.000202373
7.84125e-05
0.000143901
0.000215314
0.000311756
0.000112337
0.000160899
0.000178063
5.5265e-05
0.000161724
0.000170661
0.000128224
2.20566e-05
0.000356447
0.000251904
0.000164507
0.000141999
0.000212199
0.000159369
0.000261591
6.18219e-05
0.000398884
0.000106966
0.000320298
9.29114e-05
0.00014263
0.000110939
4.36104e-05
0.000266112
0.000173044
4.90999e-05
0.000127858
0.0021767
8.72612e-05
3.7228e-05
0.000151013
3.19603e-05
0.000102575
0.000589763
0.000150969
0.000124322
2.58221e-05
0.000209115
0.000175301
0.000253042
9.97656e-05
0.000134374
0.000363337
0.000164043
0.000218697
0.000403996
0.000153469
0.0032877
0.000174492
0.000329493
0.00021307
0.000163763
0.000272443
0.000341339
0.00054802
0.201839
8.48387e-05
0.000179538
0.000122441
0.00101189
0.000125059
6.82505e-05
0.000112526
0.000453965
0.000301299
0.000116389
0.000211482
7.10566e-05
0.000189052
0.000195528
0.000185498
3.87207e-05
0.000625111
0.000239035
0.000362715
0.000240656
5.35929e-05
1.39839e-05
0.000243658
6.77745e-05
0.000259046
2.75621e-05
0.000211864
0.000144705
0.000427695
0.000576718
0.000698967
8.40837e-05
0.000217944
0.000116045
0.000193092
0.000859865
6.52346e-05
6.88367e-05
0.000174754
0.000310941
3.99558e-05
0.000207934
0.000172399
0.00170784
0.000860693
0.000224408
0.000497989
0
0.000192291
8.36806e-05
0
0.000151718
0.00023023
0.000116551
0.000195141
0.000200154
0.000236052
0.000378876
0.000261976
0.000202311
0.000175585
7.02906e-05
0.000147233
6.48849e-05
0.000182996
0.000221529
9.70597e-05
0.000264882
0.000159152
0.000175145
0.000176155
0.000279615
0.000219471
0.000339784
0
0.000183082
0.00115772
0.000280882
1.06657e-05
4.1511e-05
0.000174945
5.85739e-05
0.000243537
0.000109022
0.000293832
0.000107454
0.000108553
0.000160795
0.00018564
0.000178558
0.00050845
0.000237456
0.000192511
0.000698806
0.000220288
0.000116593
7.83439e-05
0.000249957
0.000475473
0.000197644
0.000262154
0.000285427
9.3446e-05
0.00034281
0.000229357
0.000196035
6.69175e-05
0.000233689
0.000362734
7.99874e-05
0.000805695
0.000521583
0.000383925
0.000111489
0.000396445
2.87588e-05
0.000366545
0.000509841
7.81285e-05
0.000162308
0.000370696
0.000211394
0.000204727
0.000219289
0.000192159
0.000160132
0.0176015
2.48906e-05
4.54142e-05
0.000409646
0.000335554
0.000914562
0.000398521
0.000408249
0.000223252
0.00030432
0.000199544
2.61161e-05
8.15295e-05
0.000298282
0.000376011
0.00033558
0.000320155
1.38098e-05
0.000190315
0.000281275
6.14195e-05
6.07348e-05
0.000917048
0.000358658
0.00403279
0.000265976
0.00016174
0.000688907
0.000253417
0.000187483
0.000746108
0.000151493
0.000197776
0.000170455
0.000221526
0.000222552
7.48137e-05
0.000229916
0.000173136
2.4241e-05
6.91015e-05
0.00033372
2.37557e-05
0.000137441
0.000320033
0.000196677
0.000507895
0.000521349
0.000702316
4.16464e-05
0.000138444
0.00029843
9.84162e-05
0.000239694
0.000251123
0.000995165
0.000178447
0.000136303
0.00192147
9.63449e-05
0.000305514
0.000334769
0.000195992
8.78423e-05
0.000336751
6.33824e-05
0.000167097
0.0010106
0.000280889
0.000355041
0.000157233
0.000200595
0.000178707
0.000186599
0.000181792
0.000248694
0.000193744
0.000414017
0.000285
0.00013168
0.000173511
0.000422643
0.00052369
0.000292635
0.000257998
0.000430063
0.000349117
0.000166635
0.0003232
2.89318e-05
0.000123898
9.21225e-05
0.000142452
0.000427267
0.000253452
0.00144082
0.000160826
0.000114357
0.000335376
9.21335e-05
0.000174529
2.46523e-05
0.000376216
0.000124416
0.000282684
0.000230081
9.95589e-05
0.000748672
0.000167595
0.000378052
0.000241952
0.000353397
0
0.000265563
9.77937e-05
0.00165242
0.000447461
0.000270783
0.000194771
2.43631e-05
9.88466e-05
0.000806565
0.000141004
9.18413e-05
0.000276524
0.000308235
2.74836e-05
0.000224685
0.058372
0.000193373
7.31624e-05
0.000177894
9.93357e-05
8.88257e-05
4.91889e-05
0.000271107
0.000182554
0.000149505
9.21826e-05
1.92912e-05
0.000100827
0.000139576
0.00376299
7.58354e-05
9.42834e-05
0.000259119
0.000112932
0.000166101
0.00016859
0.000217619
0.0001444
7.86105e-05
7.21744e-05
0.000190724
0.000353514
0.000120382
0.000211401
0.000287883
0.000263157
0.000154946
4.47711e-05
5.1753e-05
0.000466131
0.000189149
0.0001014
0.000165384
0.000235819
0.000199884
0.000312978
0.000127795
0.000172374
7.31395e-05
0.000121736
0.000409687
0.000216921
0.000258726
0.000412543
7.9728e-05
0.000156491
0.000262075
0.000158458
0.000353956
9.4518e-05
0.000133529
0.000509629
0.000236298
0.00923154
0.000111572
0.000154594
0.013724
0.00101892
0.000164076
0.000451181
4.61308e-05
0.000237121
0.000212653
0.000394976
0.000557596
0.000247364
0.000157412
0.000318021
0.000862477
0.000264979
0.000128737
0.00018714
0.0003635
0.000438326
5.72964e-05
4.08124e-05
0.000971615
0.000159841
3.50169e-05
3.7357e-05
0.00101994
0.000158512
0.000161986
0.000121661
0.00131264
0.000358332
0.000865547
0.000887341
0.000263047
0.000123757
0.000105457
0.000191341
8.40181e-05
9.84127e-05
9.191e-05
0.000107279
0.000141736
0.000194778
0.000228484
0.000177373
0.000198681
0.000491854
0.000213119
5.79966e-05
0.000575984
0.000147899
0.000532487
4.27577e-05
0.000153312
0.000104482
6.25735e-05
0.000191458
0.000876424
0.00568107
0.0005327
0.000783143
0.000331224
0.000164244
0.000109703
7.28314e-05
0.000118688
0.00019036
0.00018914
6.48734e-05
0.000473253
0.000848261
0.000235994
0.000100006
0.000146307
9.10941e-05
0.000248138
2.40547e-05
9.4933e-05
8.03538e-05
0.000171663
0.000114077
0.000172417
7.22227e-05
0.000258777
6.70596e-05
0.000181159
0.000529572
0.000575336
0.000657999
6.373e-05
0.000177734
0.000288518
0.00169531
0.0002747
0.000148257
0.000207942
8.89166e-05
0.000146679
0.000155782
0.000492141
0.00039836
0.000441619
0.000263294
0.000292023
0.000191959
0.000269707
0.000310758
0.000133864
0.000353507
0.000160497
0.000183451
0.000802318
0.000993122
0.000120471
0.000192933
7.1083e-05
4.16314e-05
0.000376271
0.000200592
9.92583e-05
0.000157994
0.000397835
0.000133263
7.01407e-05
0.000188293
0.000193806
0.000217576
0.000486213
0.000100652
0.000132697
9.30418e-05
0.000141741
0.000120039
6.79227e-05
0.000129924
0.00022148
5.97307e-05
0.0010058
0.000175349
0.000189893
0.000845166
0.000227281
0.000159771
0.000165703
0.000176371
2.57983e-05
0.000151398
0.000321343
0.000253248
0.00023809
0.00391972
2.53346e-05
0.000365591
0.000613032
0.000287327
0.000241565
7.92453e-05
0.000504869
0.000201493
0.000226457
0.0002085
0.000206576
0.000113041
0.000300672
0.000992754
0.000227887
0.00021254
0.000132569
9.85361e-05
0.000259467
0.000127943
0.000111275
0.000775765
0.000454342
0.000136974
0.000229225
0.000114876
0.000249021
0.000146077
0.000116177
7.23838e-05
0.000423998
6.20247e-05
0.000381126
0.000695101
0.000516388
0.000206615
6.04058e-05
6.9971e-05
0.000572472
0.000226633
0.000188458
0.000193012
7.15522e-05
0.000249025
0.000234252
0.000386754
0.000925721
0.000210631
0.000164146
0.00033588
0.000301392
0.000273729
0.000379189
0.000137207
0.000220517
0.000265955
0.000469849
0.00023732
0.000854986
0.000166729
0.000678026
0.000364455
1.00602e-05
0.003686
8.58896e-05
0.000359522
0.000170175
0.00134971
0.000149474
0.000131591
0.000201702
0.000282608
0.000496944
0.000193232
0.000169572
0.000207012
0.000157919
2.78809e-05
0.000703191
0.000236082
0.000223243
0.000155484
0.000260089
0.000224279
0.000403371
0.000136362
0.000404557
0.000138059
0.0003598
0.000341479
0.000119105
0.000118305
0.000318903
0.000140957
0.000101669
0.000173428
0.000228261
0.00023195
7.34162e-05
0.00025439
0.00056525
0.000103197
0.000213815
0.000145951
0.000292284
0.000850574
0.000159781
0.000256064
0.000273473
9.35901e-05
0.000132991
0.000119548
8.95402e-05
0.000486179
0.00161031
0.000187375
8.24001e-05
0.000247058
0.000344136
0.000955638
0.000294667
2.82572e-05
0.000192585
0.000278259
7.9716e-05
0.000237252
0.000217765
1.54111e-05
0.000189161
0.000117666
4.34399e-05
0.00123984
0.000254037
0.0061346
0.000401175
0.000451675
3.6821e-05
0.000445136
0.000131052
0.00195093
0.000273328
0.000471339
0.000144475
0.000378464
0.000164471
0.000166448
0.000121035
0.000191591
0.00020241
0.000185574
4.53749e-05
0.000445874
0.000582303
0.000226899
8.99836e-05
0.000156437
0.000201854
0.000544138
0.000134764
7.04989e-05
0.000119791
0.000186593
0.0034033
0.000335138
0.00020759
0.000108698
0.000746726
0.000207583
0.00011378
0.000243366
8.09166e-05
0.000112913
0.000192022
0.00015028
8.04036e-05
0.000125398
0.000148381
0.000125472
0.000295062
0.000270127
0.000102706
0.000161968
0.000214001
0.000197218
1.66293e-06
0.000330623
0.000138211
0.000183153
0.000273138
6.03701e-05
0.000750048
0.000343295
0.000201854
0.000365134
0.000433556
0.000743846
0.00026065
0.000104695
0.00113515
0.000185844
0.000216001
0.000246563
0.000321637
8.87318e-05
0.000751335
0.000295866
0.000182998
0.000342865
0.000249834
0.000671541
0.000178338
8.28932e-05
0.000446822
0.00021261
0.000160125
0.00016549
0.000347256
0.000116695
6.92142e-05
9.2812e-05
0.00024337
0.000237841
0.000201708
8.33738e-05
0.000156931
0.000202892
0.000210109
0.000130563
0.000151387
7.70468e-05
0.000552062
0.000166708
0.000372119
0.000105791
0.000352184
5.34011e-05
0.000180464
0.000265463
0.000300897
0.000234661
2.80805e-05
0.000199226
0.000243885
0.000320997
0.000233379
0.000970215
0.000183746
0.00324504
0.000273381
0.000206834
0.00182125
0.00016231
0.000342289
0.000116918
0.000384848
0.000242374
0.000220912
0.000113383
0.00012733
0.000171559
0.000194521
0.000147041
9.58354e-05
0.000236347
0.000361971
0.000209187
0.000613536
0.000235428
0.000103147
5.90315e-05
0.000223656
0.000261152
0.000133484
0.000444747
0.000176442
0.0002059
0.000450471
8.021e-05
0.000154108
8.83382e-05
0.000216571
0.000181939
0.000339659
0.000219451
7.30631e-05
0.000182639
0.000289901
0.000170038
0.000294306
0.000471906
0.000155979
0.000273389
0.000292934
0.000125381
0.000400071
6.93959e-05
3.9128e-05
0.000336956
0.000246462
0.000191086
2.40867e-05
0.000291003
0.000428072
0.000109345
0.000293967
0.000116803
0.000152082
5.22616e-05
0.000120711
0.00012036
0.000321757
0.000433834
0.00141579
0.000186721
0.000230746
0.000163545
0.000130031
0.000233724
0.00110501
0.00660809
0.000346472
0.00029712
0.000126752
0.000177863
0.000131665
0.000121846
0.00011155
0.000798087
0.000174482
5.97757e-05
8.58561e-05
0.000243551
0.000447459
0.000235678
6.22886e-05
9.76342e-05
0.000287469
0.000578304
0.000130534
0.000154605
0.000168733
0.00021485
0.000340773
0.000357457
0.000311655
0.000279582
0.000212556
0.00171365
0.000424629
0.000259486
0.000180566
0.000287043
8.22249e-05
0.000272451
0.000501436
0.000213423
0.0001216
0.000285354
0.000247246
0.000240269
0.000137994
0.000474513
0.000174347
2.31606e-05
0.000402584
7.87831e-05
7.88561e-05
4.43112e-05
0.000441486
0.000420927
0.000267889
0.000267089
7.94773e-05
0.000119336
0.000600019
0.00118604
0.000268561
0.000299911
8.61313e-05
0.000181155
0.000615172
8.18064e-05
0.00026923
0.000172172
0.000445348
0.0001291
0.000194669
0.000500849
0.000181444
7.74975e-05
0.000204734
0.00031706
9.34874e-05
0.00022668
0.000155793
0.000319772
7.06801e-05
0.000180209
0.000129664
0.000297222
0.000198835
4.51536e-05
0.00012661
0.00015345
0.00011902
5.12454e-05
0.00045588
0.000112948
0.00305093
0.000276689
0.000227426
0.000392329
0.000474635
0.000213816
0
0.00723507
6.85954e-05
0.0026562
0.000269934
1.25238e-05
0.000192282
0.000100798
0.000218319
0.000256648
0.000488287
0.000189888
0.000494506
0.000288633
0.000138681
8.6013e-05
0.000354573
0.00132807
0.000321516
3.25523e-05
7.93849e-05
0.00040519
0.000200569
0.000455244
0.000224932
5.80482e-05
0.000385451
0.00017489
0.000140569
0.000115157
0.000288524
0.00037969
0.000224506
0.000200879
0.000137386
0.000285598
0.000405648
0.000272703
0.000170642
0.000529121
0.00023241
8.70105e-05
0.000260045
0.000895379
0.00347102
0.000358434
0.000181285
0.000332786
0.00016273
0.000126153
0.000363123
0.00249657
0.000822852
0.00165681
0.000245474
0.000227055
0.000108992
6.24984e-05
0.000113982
7.27293e-05
0.000213942
0.000132448
0.000331985
0.000156983
0.000150735
0.000228166
0.000156414
0.000542506
0.000151179
0.000123488
6.99688e-05
0.000169174
0.000236289
0.000170733
0.000212332
0.000263762
0
0.000186862
0.000381969
0.000176074
7.84521e-05
0.000272036
0.000475203
0.000301133
0.000328123
0.000151112
0.000118238
0.000159467
0.000462139
0.0138725
0.000370217
6.06753e-05
0.000127488
0.000139299
0.000187749
6.00063e-05
6.23843e-05
8.06715e-05
0.0235627
0.000172541
0.000253087
0.000138857
0.000611693
0.000257336
0.000139824
0.000364105
0.000157271
0.000143036
0.000263032
5.89267e-05
0.000140726
8.52519e-05
0.000399893
0.00014749
0.000269976
0.000104583
0.000257917
0.000636018
0.000146658
7.68951e-05
0.000488227
0.000793735
0.000478928
0.000315043
0.000261817
9.64004e-05
0.00028948
0.000291486
0.000305542
0.000517596
0.000151715
0.000441665
8.48066e-05
0.000184194
0.000146519
0.000157108
8.226e-05
0.000162513
0.000248216
0.000455729
0.000146128
0.000247395
0.00015673
0.00015039
0.000238435
0.000513812
8.30832e-05
6.1018e-05
6.22556e-05
0.000313541
0.00011059
8.97561e-05
0.000177632
0.000195953
0.000166006
0.00100919
0.000129844
6.11451e-05
0.000147483
8.43438e-05
0.000419707
6.47863e-05
0.000161986
0.000106047
0.000306283
0.000102052
0.000540177
0.000379801
0.00011996
0.000461621
0.000173016
0.00316666
0.000578523
0.000463015
0.000209442
0.000135757
0.000172499
0.00034151
0.000239514
0.000311716
0.000131972
0.000204042
6.76843e-05
6.25758e-05
0.000146498
0.000316708
0.000123061
0.000220071
0.000754542
0.000157468
0.000197533
0.000241857
0.00016583
0.00018836
0.000238362
0.00010165
5.98519e-05
0.000342593
0.010593
0.000157871
0.000455962
0.000400834
0.000344396
0.000151183
0.000247046
0.000253651
0.000317188
0.000185481
0.00018891
0.000108437
0.000126311
0.00128077
0.000923667
5.73178e-05
0.000210953
0.000178546
0.000102267
5.64079e-05
0.000230261
3.63679e-05
0.00013922
0.000283156
1.20968e-05
0.000317006
0.000142463
0.000200907
0.000172854
0.000395484
0.000111623
0.000221578
0.000220012
0.000690126
0.000359047
0.000382851
0.000365177
0
0.000157669
0.00260641
0.000862099
0.000207009
0.000155894
0.000603343
8.97386e-05
0.000500295
6.09162e-05
0.000221068
0.000252074
0.0003472
0.000197068
0.000244883
6.1235e-05
0.000310155
0.00232765
0.000171246
0.00037157
0.000237814
6.65978e-05
0.000156045
0.000698072
0.000159929
0.000485507
2.75034e-05
0.000151853
0.000142885
0.000296636
0.000146825
0.000181497
0.000420524
2.23674e-05
0.000206553
0.00012426
0.00046427
0.000132139
0.000173034
0.000171705
0.000339806
0.000145823
0.00012201
0.000138534
0.000194531
0.000375894
0.000687429
0.000350905
0.000177511
0.000145559
0.00027928
0.000420349
0.000725642
0.000786569
0.000229038
0.000103224
0.000219434
0.000138751
7.19654e-05
0.00016432
0.000382534
0.000174856
0.000739245
0.000592741
0.000123206
0.000202358
0.000435839
0.000239471
0.000439595
0.000504034
0.000227892
2.69107e-05
0.000157201
0.000124518
0.000231683
0.000740565
0.000127649
0.000203707
0.000111504
0.000397391
0.000249231
7.21628e-05
0.000200102
0.000238615
1.17598e-05
0.000140756
0.00044488
6.68987e-05
0.000844
0.000364753
7.38261e-05
3.85682e-05
0.000625751
0.000448912
6.4099e-05
0.000375804
7.79952e-05
0.000248209
0.000213272
0.000125536
0.000292723
0.000312345
0.000270814
0.000259766
0.000161285
0.000266956
0.000434301
0.000286956
0.000121934
0.000369355
0.00056935
0.000258072
0.000164528
0.000267386
0.000304994
0.000221028
0.000219623
0.000487375
0.000121246
0.000185003
0.000189164
0.000188426
0.00050294
0.00089681
0.000527977
0.000103622
0.000205319
4.43417e-05
6.98412e-05
0.000220613
0.000179021
0.00144951
0
0.000586071
0
0.00152988
0.000486256
0.000348132
0.000297666
0.000161612
0.000404976
0.000444205
0.000135693
0.000153813
0.000730248
0.000224363
0.000130985
0.000133651
0.000227527
0.000204978
0.000158626
8.36696e-05
0.000487236
7.60022e-05
0.000145188
0.000432493
0.000135422
6.28208e-05
6.9808e-05
0.000286416
0.000177149
8.43615e-05
0.000288711
0.000271643
0.000100376
0.000283936
0.000580431
0.000138428
0.000133228
0.000184472
0.00011696
9.88029e-05
0.000174601
0.000923486
0.000223675
0.00108865
0.000258989
6.69408e-05
2.47316e-05
0.00022883
0.000287748
0.000403046
0.000684981
0.000330302
0.000237586
0.000194531
9.56097e-05
0.000239509
0.00071241
0.000173578
0.000127323
7.378e-05
0.000920048
0.000178948
0.000283805
0.000236773
5.80503e-05
0.000451339
0.000261548
0.000100799
0.000171857
0.000726014
0.00011815
0.000606413
0.000300873
0.000372839
0.000952431
0.0001773
0.000401812
0.000284296
0.000175546
7.24722e-05
0.000324606
8.46006e-05
8.63541e-05
0.000191072
0.000170104
0.000571694
0.000312495
0.000217336
0.000352116
0.000207315
2.81414e-05
0.000254245
3.51392e-05
0.000850394
0.000236381
8.05912e-05
0.000110992
0.000162225
0.000261241
0.000222611
0.00018573
0.000172435
0.000305178
0.000315519
0.000205949
0.000188198
0.00018895
0.000263618
0.000154508
3.28205e-05
0.000154074
9.28347e-05
0.00026548
0.000135314
0.000201036
5.12612e-05
0.000200668
0.000181569
0.00234808
6.04275e-05
0.000471225
0.000176288
0.000275566
0.000223894
0.000367696
0.000230725
8.46777e-05
0.00122312
0.0002023
0.00041038
0.000112999
0.00115823
0.000378
0.000541678
0.00017659
0.000259845
3.31276e-05
0.00146412
0.000215566
9.04252e-05
4.56361e-05
8.31811e-05
2.34079e-05
0.000203794
0.00044
3.25867e-05
0.000146215
0.00100124
0.000137908
0.00019816
0.000167505
0.000811687
0.00014232
0.000202744
9.12876e-05
4.0963e-05
0.000212494
0.000158688
0.00011988
8.64312e-05
0.000399066
0.000210938
0.000149199
0.00127419
0.000192534
0.000370096
0.000203647
0.000848554
0.00043355
0.000232188
0.000130136
0.000220721
5.82107e-05
0.000334217
0.000156927
0.000717973
0.000483931
0.000268636
0.000359093
0.000139431
0.000295916
0.00021429
0.000143921
0.000155013
0.000170635
0.00168313
0.000179358
0.000321616
0.000231013
0.000272571
0.000298148
5.67876e-05
0.000102474
0.000415795
0.000171748
0.0029363
2.51231e-05
0.000222133
0.00011358
0.000146902
0.000120896
0.000168022
2.95117e-05
0.000363223
0.000240559
0.000635611
0.000197366
0.000139477
0.000417243
0.00119026
0.000141269
0.000503992
0.000578703
9.05699e-05
0.000228551
0.000188669
0.000367352
0.000155163
0.000500048
0.000320915
