8.08524e-05
0.000249249
0.000145913
0.0002338
8.3042e-05
0.00229083
0.000102541
0.000192734
0.000321986
0.00018923
0.000528699
0.000310587
0.000245517
0.000304277
0.000131769
0.000197262
0.000250288
0.00034026
0.000132721
0.000313076
0.000130748
8.4493e-05
0.000241481
0.000151179
0.000114371
5.86793e-05
0.000118756
0.000971669
0.000903635
0.000141121
0.000288662
0.000483652
0.000187877
0.000127552
0.00482367
3.83976e-05
4.33531e-05
0.000165338
0.000215561
9.05766e-05
0.0001507
0.000578366
0.000328717
8.95529e-05
0.000443796
0.000208823
0.000112172
0.000233437
7.58243e-05
0.000325059
4.56365e-05
0.000287998
0.000608758
0.000106506
6.79629e-05
0.000233979
0.000179266
0.000160914
0.000352892
0.00044632
0.00017684
0.0001222
0.000360475
0.000144449
0.00368187
0.00209566
5.19198e-05
0.00011432
0.000126774
4.42329e-05
5.53823e-05
0.000238217
0.000161119
0.000195561
0.000203
0.000326555
2.44285e-05
0.000146002
9.98825e-05
0
0.000249536
9.99334e-05
0.000466921
0.000174569
5.72629e-05
0.000197778
0.000940613
0.000559917
0.000189201
0.000280055
9.63611e-05
0.000143228
0.00012841
0.000593721
0.000239241
0.000317871
0.000547544
0.000119609
0.000211837
0.000778232
9.69307e-05
6.29297e-05
0.000200223
0.00021077
0.000336757
0.000260617
9.42438e-05
0.00131275
0.000205284
0.00018507
0.000118801
0.000167337
0.00027856
0.000499809
0.00017155
0.000235795
0.000329071
0.000360193
9.76278e-05
0.000346966
0.000171215
0.000306795
0.000300111
0.000145359
0.000172074
0.000180772
0.000181044
0.000333128
0.00035528
0.000134651
2.72093e-05
0.00025053
0.000100722
0.000267214
0.000224577
0.000194557
0.000298037
0.000233973
0.000147761
0.000148712
9.2269e-05
0.00060164
5.69579e-05
0.000221084
0.000104405
7.81523e-05
0.000301191
0.000254083
0.000194445
0.000249329
0.000375578
0.00019378
0.000285721
0.00116794
0.000332455
0.000297845
0.000179242
0.000103919
0.000216494
7.98464e-05
7.50455e-05
1.82677e-05
0.000186289
2.76557e-05
0.000231977
0.00016233
0.000435139
0.000453575
0.000120812
5.42462e-05
1.53651e-05
0.000145768
0.000312195
3.01532e-05
0.000146648
0.000204113
8.66921e-05
0.000317307
0.000195954
5.73271e-05
4.64454e-05
9.83862e-05
0.000149395
0.000218849
0.00026355
0.000245111
0.000179698
0.000149458
0.00017867
8.93283e-05
0.000128324
9.1382e-05
4.5539e-05
6.04196e-05
0.000105251
0
0.000300132
0.000435322
1.43734e-05
0.000191845
4.98813e-05
0.000205033
7.39877e-05
0.00018184
0.000240359
0.000134197
0.000119169
5.69436e-05
4.35812e-05
0.000378728
0.00037762
0.000178835
0.000279983
0.000223243
0.000208489
0.000187469
3.08007e-05
0.000163641
8.55742e-05
0.000183866
0.000127005
0.000216218
0.000210266
0.000148411
0.000129871
0.000172153
0.000163254
2.96779e-05
0.000295832
0.000264506
0.000138645
0.000148368
0.000275604
0.000169097
0.00103603
0.000560077
9.43674e-05
0.0002208
5.55791e-05
0.000321377
4.27887e-05
8.20293e-05
0.000360974
9.04001e-05
0.000179353
6.76517e-05
0.000194386
0.000476501
0.00031494
6.6047e-05
0.000190578
5.62217e-05
0.000276015
0.000211392
8.55682e-05
0.0002128
8.382e-05
7.10892e-05
0.00016888
0.000396844
0.000263326
0.000130114
0.000264085
0.000189191
0.000258553
0.000269183
0.000311252
0.000441356
0.000144581
0.000100704
7.79029e-05
0.000245747
0.000347689
0.000772681
0.000360288
0.000207548
0.000172994
0.000244316
2.63529e-05
0.000242237
0.000356091
0.000930465
0.000283903
0.00169115
0.00017258
0.000202192
0.000468693
0.00100753
0.000203753
8.73409e-05
0.000252649
0.000386972
0.000179453
4.72815e-05
0.000506043
0.000279171
0.000406337
0.0017981
9.4772e-05
0.000421467
8.25278e-05
0.000263996
0.000902696
0.000376101
9.52145e-05
0.000117192
0.000165667
8.1032e-05
0.000185331
0.000448976
0
0.000345767
0.000341907
0
0.000232674
0.000307278
0.000333865
0.000308242
0.000296817
0.00019084
6.2723e-05
0.000250222
0.000322963
0.000158578
0.000187829
4.0447e-05
0.000201162
0.000105052
0.000114998
0.000162485
0.000250542
0.000650577
8.57873e-05
0.000895056
5.69604e-05
0.000144706
0.000491334
0.000202766
0.000174857
0.00029104
9.68226e-05
0.000306413
0.000313298
0.000150758
0.000139955
0.000211317
0.00022686
0.000614252
7.87916e-05
0.00016376
0.0039535
0.000144462
8.4154e-05
0.00225085
0.000376431
8.15295e-05
0.000170002
0.000265346
0.000382316
9.27509e-05
0.000207114
0.000255912
0
0.00032719
0.000211863
0.000469084
0.000222095
0.00036493
0.0003495
0.000120197
0.000239645
0.000102764
0.000130312
0.000372517
0.000161452
0.000210644
0.000285773
0.000124305
0.000348721
7.29631e-05
0.00290286
0.000190111
0.000879886
3.50558e-05
6.01667e-05
0.000150126
0.000150944
0.000234827
0.000425438
0.000192673
0.000874899
0.000386103
0.00024335
5.20169e-05
0.000210035
7.61614e-05
0.00026597
0.000161808
0.00031843
0.000213555
0.000339944
0.000170807
0.000181483
0.000279797
0
0.000122894
0.000310857
4.18279e-05
0.000169148
0.000301667
0.0001817
0.000213542
0.00015626
0.00018383
0.000107515
0.00165578
0.000116298
8.62412e-05
0.00136776
0.000596844
0.000277041
7.84236e-05
1.70505e-05
0.00013672
0.000394782
0.000281254
0.00217975
0.000149567
0.000128235
5.97968e-05
0.000126256
0.00016935
0.000118202
0.000196462
0.000772956
7.23791e-05
0.000146081
0.000306686
0.000326416
8.02644e-05
6.14516e-05
8.67723e-05
0.0151855
9.02818e-05
0.000364425
3.28005e-05
0.000240884
0.00025079
3.04568e-06
0.000342631
0.000164562
3.47995e-05
0.000120393
2.34012e-05
0.000209523
0.000289038
0.000215574
2.03111e-05
0.000552991
0.00029693
0.000245194
0
0.000226575
0.000162015
0.0002074
0.000122308
0.000219028
0.000254131
0.000135071
0.000283553
6.10165e-05
0.000398475
0.000335699
0.000231429
0.000267888
0.000118426
0.00396896
0.000652135
0.000200046
0.000300264
0.000493588
0.000689934
9.79331e-05
0.000133131
3.61175e-05
0.000340633
0.00208069
4.09768e-05
0.00019558
0.00015135
2.16612e-05
0.000225954
0.000273453
4.73297e-05
0.000257168
0.00117769
0.00045652
0.000355932
8.97523e-05
7.06182e-05
0.000174525
0.000392742
0.000283045
0.000432733
0.000191303
0.00045641
0.000230774
0.000211537
0.000150149
0.000433317
0.000196571
7.20258e-05
0.000295547
0.000152396
0.000240224
0.000169258
0.000308105
7.4203e-05
0.000408743
0.000199262
0.000128132
0.000173795
0.000120139
0.000194269
0
0.000298502
0.000418877
0.00022091
0.000525752
0.000221234
0.000207064
0.000168004
0.000164175
0.000191856
0.000404262
7.63926e-05
0.0013929
0.000131153
3.74614e-05
0.000107203
0.000106395
0.000486229
4.14612e-05
0.000266059
0.000229144
0.000778935
0.000101069
0.000163759
8.74656e-05
0.000172737
0.000714438
2.22603e-05
0.000129612
0.000251277
7.3553e-05
0.00107441
8.59934e-05
0.00331081
0.000779533
0.000190673
8.17928e-05
0.000231438
0.000137865
0.000278162
0.000510721
0.0001463
0.000390004
0.000208932
0.000180942
0.000151765
0.000273551
0.000249362
0
4.95361e-05
0.000686225
0.000181272
0.000333465
0
0.000576637
0.000174463
0.00064649
0.000139184
0.000225467
0.000161208
0.00015044
6.30449e-05
0.000199911
0.000128583
0.000200564
0.000302325
8.45065e-05
0.000170533
0.000338102
5.96842e-05
0.00024023
0.000159026
0.000282874
0.00013071
0.000164854
0.000364249
0.000306493
0.00014483
0.000279442
0.00011129
0.000228105
0.000232867
1.46222e-05
0.000227865
0.000211879
0.0001913
0.000190272
6.23288e-05
0.0005223
0.000284258
0.000312132
0.000281274
0.000262725
0.000207115
0.000370897
0.000362432
0.000271673
8.03155e-05
0.00074286
2.29103e-05
0.000702194
6.9911e-05
0.000249119
0.000200278
0.000128648
0.000888871
0.000217267
3.84901e-05
0.000100205
0.000128889
0.00032833
0.000126966
0.000311778
0.000661524
0.000277507
0.000140339
0.000156166
9.93269e-05
0.000145507
0.000441092
0.000134356
4.89625e-05
0.000276983
0.000117175
0.000176578
0.000290563
3.89326e-05
0.000154416
0.000174814
0.000250134
0.000125697
0.000353219
0.000207883
0.000349291
8.54307e-05
7.29946e-05
9.80148e-05
3.08181e-05
0.000682889
0.000692628
0.000137515
0.00015129
0.00342059
6.5805e-05
0.000241233
0.000196782
2.57871e-05
8.57028e-05
0.000183328
0.00083982
0.000316005
0.000467712
0.00017326
0.000232775
0.00183528
0.000356323
0.000385243
7.81327e-05
0.00021991
0.000747311
0.000216647
0.000115543
0.000132943
0.000244115
0.000423209
9.54283e-05
0.000689313
9.14828e-05
0.000101922
0.000151315
0.0002517
0.000123767
0.000147231
0.000234771
0.00111705
0.000425392
0.000752312
0.000160009
0.000179865
0.000240371
7.72285e-05
0.000380245
0.000292594
0.000191063
0.000116642
0.00020443
0.00033124
0.000487707
0.000473326
7.85181e-05
9.26579e-05
9.47093e-05
0.000405459
0.000351178
0.000179877
0.000262286
0.00058685
0.000169999
0.000507956
7.54285e-05
0.00023978
0.000350595
0.000129596
0.000130548
0.000111213
0.000172906
0.000317546
0.000428308
0.000237073
0.00027691
0.00032101
0.000170414
0.000326829
0.000191684
0.000175757
0.000128586
7.17098e-05
0.000217141
0.00139905
0.000119962
0.000140713
0.000483092
0.000375355
0.000198188
5.72199e-05
5.0424e-05
0.000292091
8.63953e-05
0.000559197
0.000361389
7.12036e-05
0.000114453
0.000120678
3.62501e-05
0.000200999
0.000539119
0.000185785
0.000304909
0.000439185
0.000738606
0.000401678
0.000194675
0.000281703
0.000113011
0.000242555
0.000258502
0.000241136
7.3919e-05
0.000121745
0.000215994
0.000126538
0.000223982
0.000392943
0.00102897
0.000185318
1.42133e-05
3.56477e-05
0.000326838
6.95432e-05
0.000164971
0.000155001
0.000233268
0.000145204
0.00112556
0.000190956
0.000135502
0.000190799
0.000397523
0.00015212
0.00026344
9.88731e-05
0.000169978
0.000492023
0.00464071
0.000115079
8.68302e-05
0.000200659
0.000495436
0.000130076
0.000195441
0.000139714
0.0024997
0.000647814
0.000319358
0.00144953
0.000103073
8.32864e-05
0.000260616
0.000161672
0.000238111
0.00029635
0.000119766
0.000410041
3.76157e-05
0.000157434
0.00270553
0.000215985
8.33249e-05
0.000237398
0
0.000359805
0.000227878
3.99094e-05
0.000298012
0.000224045
0.000376836
8.75665e-05
0.000626378
3.56061e-05
0.000102144
0.00018945
9.67998e-05
0.000200907
0.000359282
0.000393475
0.000314735
0.000104419
0.000127267
0.000354085
5.72882e-05
5.82013e-05
0.000277226
6.17636e-05
0.00109863
0.00013146
0.000200242
0.000164325
0.000470515
0.000213938
9.38776e-05
0.000184104
0.000208893
0.000171114
0.000322712
0.000177381
0.000250378
0.00021403
0.000307713
0.000148135
0.000324722
0.000197579
5.44705e-05
0.000251538
0.00049131
0.000195714
0.000190112
4.80909e-05
0.000112263
4.79996e-05
7.24565e-05
0.000210222
0.000145456
0.000278006
0.000481196
0.000272211
0.000296859
0.000233593
0.00425188
0.000311845
0.000314644
0.000150875
0.000360473
0.000151214
0.000140084
0.000120704
0.000322902
0.00021745
4.71934e-05
0.000216639
0.000144162
6.7943e-05
0.000194598
9.41693e-05
6.24144e-05
0.000119898
0.000287101
0.000691929
0.000294586
0
0.00087122
0.000176804
0.000552379
0.000153617
0.000120105
0.000171291
0.00172198
7.88528e-05
0.000191353
0.000376464
0.00151846
0.000632466
0.000739095
0.000159283
0.000150608
0.000173578
6.08059e-05
0.000345163
0.000177045
0.000172014
0.000102747
0.000202331
0.00111451
7.44008e-05
0.000505158
0.000486646
0.00016094
4.65611e-05
0.000436162
0.000280777
0.000221808
0.000247568
0.000405269
0.000418238
0.000105702
0.0011137
0.000243306
3.92887e-05
0.000143888
0.00017324
3.97118e-05
0.000116248
0
6.25884e-05
0.000111476
0.000167942
0.000299472
6.69087e-05
0.00023946
0.000266705
3.0125e-05
0.000243735
0.000245737
0.000292716
0.000348716
0.000297354
0.000352337
0.000220143
0.000752584
0.000112662
0.00139672
0.000373829
0.00369714
0.000144422
0.000323276
0.000218625
0.000223626
0.000104149
0.000300263
0.000440383
0.00042117
0.000203901
0.00343029
0.000206537
0.000129521
0.000208977
0.000192103
0.000179176
0.000357434
0.000368736
0.000508448
0.00064679
5.88199e-05
0.000132259
0.000376035
5.66642e-05
7.88996e-05
0.000102473
0.00013756
7.79725e-05
0.000223112
0.000393764
0.000346557
0.000168813
0.000123551
0.000329377
0.00056502
0.000246273
