0.000356112
0.00690612
0.000485974
0.000689008
0.00146706
0.000775962
0.000504629
0.0011709
0.00079948
0.00153297
0.0011846
0.00382634
0.000974736
0.00082932
0.001513
0.000611343
0.000710314
0.000430287
0.000806973
0.00137469
0.000540649
0.000856845
0.000793996
0.0037583
0.000610547
0.00143801
0.00122383
0.00084366
0.00130949
0.000709432
0.000565616
0.001191
0.00124872
0.000882149
0.00344648
0.000602084
0.00209194
0.00104031
0.00144485
0.000554422
0.0140075
0.00110186
0.00061937
0.00131686
0.00110604
0.000638999
0.000613834
0.000640543
0.00461553
0.00334411
0.00647311
0.000687406
0.000902845
0.000704778
0.00100225
0.00132053
0.000142415
0.000398127
0.00172517
0.00138687
0.000814075
0.000320747
0.000722237
0.000600105
0.000814349
0.00100477
0.00102046
0.00160334
0.00103696
0.0150005
0.00102438
0.000727358
0.000912182
0.000688831
0.00110052
0.00188511
0.000932482
0.00106785
0.000675765
0.000736078
0.0151822
0.000803416
0.00155415
0.000932189
0.00112555
0.00144531
0.000593337
0.000330349
0.0006089
0.00105934
0.000556901
0.00135805
0.000866238
0.000978367
0.000892143
0.0011101
0.00136781
0.0034453
0.0154771
0.00243881
0.00106697
0.000752661
0.0114973
0.000688996
0.00101043
0.00134842
0.00153984
0.00153057
0.000875576
0.000881301
0.000810338
0.0011531
0.000853185
0.00183393
0.000983023
0.00112587
0.000952637
0.000775272
0.00108555
0.000852948
0.00101106
0.000571171
0.00121675
0.000568292
0.000942479
0.000463636
0.00117516
0.000786097
0.000651654
0.000724034
0.00183447
0.00157534
0.000472828
0.000576163
0.000974368
0.00484789
0.000867362
0.000599093
0.000783878
0.00136957
0.000950042
0.00087362
0.00108248
0.000668932
0.000773374
0.000990994
0.00107298
0.00158812
0.0004578
0.000378538
0.00036583
0.000612871
0.00073876
0.00136452
0.000480119
0.00360541
0.000244941
0.000810442
0.00235157
0.00220858
0.000466794
0.00148969
0.000891502
0.00255047
0.00119917
0.00160017
0.00133213
0.000478052
0.000764479
0.000434621
0.000573459
0.00106627
0.00106166
0.00059078
0.000593804
0.000849621
0.000528453
0.00131128
0.000877638
0.00517284
0.00108126
0.00113714
0.000449562
0.00132489
0.00251406
0.0124347
0.000992773
0.00252993
0.00106277
0.00114715
0.00213208
0.00365155
0.000708147
0.00108465
0.000776422
0.000782034
0.00110405
0.0012814
0.000524883
0.000951773
0.000815821
0.00113511
0.00626213
0.00101542
0.00175589
0.000651689
0.0022977
0.000714432
0.000775193
0.00161776
0.000935296
0.00106304
0.00100794
0.000982708
0.00122244
0.00123833
0.00142324
0.00306522
0.00379893
0.00553751
0.0013148
0.000409423
0.00100115
0.000776496
0.000620939
0.000907415
0.000618371
0.00446988
0.0019832
0.000709347
0.00087673
0.00112127
0.000608953
0.000935878
0.00116929
0.000529581
0.00124809
0.00177614
0.000305785
0.000725275
0.000682123
0.00140578
0.00110288
0.000847033
0.0010664
0.000447197
0.000753481
0.00066533
0.00389028
0.000259444
0.000519876
0.00132334
0.002915
0.00121265
0.000810704
0.00567917
0.00139891
0.000696513
0.00129225
0.00100744
0.000649894
0.000781721
0.000754728
0.000302872
0.000505301
0.000648712
0.000856758
0.000962902
0.0141889
0.00181415
0.000887441
0.00111511
0.00106746
0.00529304
0.000500874
0.000557188
0.000787298
0.00099559
0.000932943
0.00228942
0.00799592
0.00112867
0.000850299
0.000974237
0.000826104
0.00101208
0.000820666
0.000824701
0.000680257
0.0022547
0.000875289
0.00135855
0.000525366
0.000750165
0.00148256
0.000845712
0.00263696
0.000741554
0.000695534
0.000907735
0.000544811
0.000664711
0.000686269
0.00105735
0.00132917
0.00061751
0.00109519
0.00049477
0.00119511
0.000714222
0.00155351
0.00397774
0.00171189
0.00122335
0.000647258
0.00121889
0.000847566
0.00156057
0.000268166
0.000798992
0.00105166
0.00166906
0.0010399
0.00062077
0.000485666
0.000883326
0.00124044
0.000329492
0.000641607
0.000241242
0.00075989
0.000694713
0.000929593
0.000398879
0.000686465
0.00085395
0.00051756
0.00064905
0.000870695
0.000488636
0.00079439
0.000818869
0.00416724
0.000730713
0.00119444
0.000729569
0.00135762
0.000841764
0.00124168
0.000584294
0.000462805
0.00316043
0.00087299
0.000664563
0.000672922
0.000852584
0.00188797
0.000763388
0.000964543
0.00208878
0.000787032
0.000712072
0.00113374
0.00528134
0.000271559
0.0405409
0.00164327
0.000816368
0.00492447
0.00135488
0.00433021
0.0003003
0.00169839
0.00205818
0.001244
0.00838686
0.000634203
0.000365136
0.00111423
0.00695013
0.00107303
0.00152907
0.000680832
0.00233151
0.00138022
0.00451029
0.00159788
0.000521919
0.000963133
0.00152328
0.00156301
0.000771058
0.00141941
0.00190487
0.000510326
0.000640193
0.00097133
0.000924495
0.000274163
0.000538403
0.00116873
0.000283406
0.00143927
0.00137335
0.00202379
0.000571092
0.00085059
0.000301534
0.00178047
0.00218082
0.00137077
0.000730019
0.00237681
0.00072132
0.00115051
0.000768648
0.000936602
0.0015587
0.00133702
0.00081932
0.00127438
0.00139689
0.000766263
0.00126099
0.000616377
0.00146448
0.00166392
0.0022934
0.000394591
0.000652404
0.000110587
0.000893819
0.000752425
0.0017514
0.000448197
0.000711096
0.00330882
0.00476965
0.000414681
0.000523143
0.00167671
0.000593253
0.000295476
0.000757903
0.000341695
0.00119181
0.00135998
0.0025896
0.00081818
0.00187895
0.000416819
0.000659689
0.00740796
0.000477703
0.000459624
0.000709825
0.000714885
0.000505141
0.0010139
0.000625606
0.00043095
0.000654986
0.000944892
0.00088294
0.00199482
0.000729554
0.000655732
0.00137098
0.00112321
0.00178741
0.000604123
0.00076699
0.0195773
0.000941584
0.000828029
0.00113261
0.00110291
0.000857248
0.000886762
0.000453535
0.00106772
0.000751533
0.000898688
0.00132137
0.00067404
0.00091033
0.000212455
0.0033969
0.00158018
0.00431154
0.000611726
0.00126036
0.000676391
0.000810658
0.000999728
0.000817833
0.000868009
0.0010391
0.0013164
0.000631253
0.00146942
0.00017725
0.00055825
0.000503796
0.000744961
0.00117819
0.00120386
0.000508424
0.00055843
0.00651017
0.00178192
0.00454502
0.000869959
0.00251407
0.0106945
0.00136458
0.00060101
0.00674998
0.00115141
0.000794013
0.00210666
0.00154885
0.000834362
0.000906077
0.000677665
0.000839673
0.0011552
0.000555645
0.00136689
0.00113155
0.000824015
0.00075231
0.00119249
0.00177227
0.00136904
0.000830985
0.00323519
0.00158542
0.000932947
0.00102933
0.000691572
0.00112429
0.000630131
0.00131367
0.000499049
0.000357947
0.00127021
0.00150592
0.0122234
0.00105856
0.000634654
0.000622219
0.00238628
0.00111993
0.000623476
0.00114226
0.00218482
0.00177829
0.00105229
0.00111973
0.000393155
0.00673749
0.00251761
0.000792423
0.000899394
0.000755717
0.00110962
0.000839876
0.00045724
0.000201194
0.0010286
0.000480201
0.00160371
0.00114425
0.00122037
0.0014259
0.000976503
0.00102691
0.000996138
0.000739813
0.00273041
0.00264639
0.000314108
0.000754362
0.00119503
0.000837192
0.000843697
0.000743318
0.00190197
0.00132901
0.000896678
0.00481145
0.000316533
0.000618439
0.000857758
0.000645981
0.00111662
0.000776663
0.00159097
0.000562398
0.000980089
0.000956751
0.000288794
0.000987907
0.000954553
0.00319728
0.000827037
0.000368037
0.00116313
0.000987131
0.000241991
0.000765429
0.00136216
0.00210122
0.00112556
0.000616491
0.000521369
0.00049727
0.0007886
0.000955059
0.000782165
0.00104301
0.00102743
0.00968838
0.00158992
0.00255291
0.000861495
0.00148268
0.00200151
0.000656798
0.00331497
0.000987848
0.000586493
0.000975658
0.000620857
0.00193765
0.00184778
0.00250815
0.00150023
0.000834554
0.00123607
0.000769027
0.000462757
0.0017619
0.00182641
0.000357762
0.000508468
0.00047926
0.000925591
0.00192744
0.0008045
0.00114555
0.000522773
0.000170235
0.000904121
0.000486926
0.00155932
0.00613147
0.00821789
0.00088797
0.00224684
0.000732573
0.00140566
0.000811425
0.000879095
0.000996318
0.00110274
0.000653133
0.00686527
0.000602534
0.000702868
0.000687018
0.000723015
0.000665727
0.000924212
0.000798921
0.000539416
0.000441168
0.000686656
0.00208398
0.00118041
0.00161924
0.00103813
0.000465053
0.00158094
0.00130699
0.0008463
0.00133696
0.00164917
0.00127637
0.00116688
0.000856978
0.000911753
0.0156303
0.000993078
0.00133827
0.00158107
0.000798044
0.000674707
0.00101127
0.00153006
0.000866899
0.0006981
0.000953939
0.000946743
0.000962909
0.00101731
0.00185663
0.000439189
0.000553045
0.00034404
0.000389506
0.0011622
0.0026254
0.0011923
0.00123675
0.00193374
0.000925567
0.000801386
0.000437828
0.000755718
0.00105638
0.00118161
0.00359771
0.000786717
0.000731107
0.000967114
0.00110717
0.000429047
0.000837719
0.00106334
0.000759768
0.00498283
0.000553336
0.00115197
0.00317063
0.000455385
0.0135165
0.00102941
0.00138806
0.00101281
0.000744193
0.000709408
0.00112312
0.000728601
0.00113023
0.000822716
0.000693316
0.000973646
0.00102235
0.00106554
0.00126199
0.000735901
0.00101589
0.00366852
0.000917531
0.000982475
0.000853591
0.00398964
0.000661281
0.000791993
0.00104247
0.000439193
0.000352545
0.000774533
0.000855321
0.00138714
0.00342831
0.00222744
0.000611422
0.000611612
0.000923207
0.000627104
0.000900322
0.00156991
0.000804212
0.000814965
0.00111964
0.00103423
0.00189797
0.000861658
0.000700685
0.000529945
0.00132651
0.000666666
0.00104988
0.00326201
0.000906925
0.00149888
0.000973693
0.00158602
0.000874304
0.000853315
0.000877007
0.000726905
0.000802221
0.000369184
0.00123251
0.000773404
0.000930224
0.00131469
0.000721748
0.000885291
0.000472888
0.00106531
0.000981722
0.00104771
0.000745089
0.00131921
0.0010371
0.00118381
0.00103297
0.00115655
0.000851391
0.000419951
0.000211871
0.000879312
0.000975118
0.00116183
0.00124906
0.00098143
0.000168327
0.000808208
0.00264444
0.000884836
0.00156779
0.000825613
0.000729458
0.00114596
0.00322031
0.00166514
0.00082551
0.00120282
0.00134904
0.00139198
0.00390559
0.00122205
0.00118255
0.00233774
0.001284
0.000521117
0.00107876
0.00384501
0.00072179
0.000516313
0.000892033
0.00108533
0.000498444
0.00183869
0.000590646
0.00105331
0.000636683
0.000288846
0.000978357
0.000898499
0.00263701
0.00112292
0.0010779
0.00130326
0.00057995
0.000611707
0.000926396
0.00785089
0.000858415
0.000792307
0.00341248
0.000657316
0.000815977
0.000882116
0.00116197
0.000807175
0.000778938
0.00108017
0.000208077
0.000784331
0.000732792
0.000585145
0.00170365
0.00200152
0.000568444
0.000490817
0.00111997
0.000750957
0.000720431
0.000677067
0.00162058
0.00121703
0.000711019
0.00126919
0.00113195
0.00152701
0.00103344
0.00257487
0.00255511
0.00193723
0.00102068
0.0142782
0.000422734
0.00100289
0.00104512
0.000589161
0.00176218
0.00069992
0.000410138
0.00250097
0.000975724
0.0011984
0.00114151
0.000927652
0.00133514
0.00100251
0.000810161
0.000695334
0.00127451
0.00254486
0.000547406
0.0011908
0.000418815
0.000944369
0.00123715
0.000499039
0.000687579
0.00200658
0.00103374
0.0012669
0.00100971
0.00118481
0.000917419
0.00172931
0.00176057
0.00053142
0.00114779
0.00119101
0.000767708
0.00055325
0.00155023
0.000565946
0.000771518
0.000425448
0.0015034
0.000448832
0.00135528
0.000443444
0.00154977
0.000674635
0.0013867
0.000509345
0.001116
0.000731618
0.000736792
0.000877729
0.00112695
0.00363635
0.00091446
0.00106017
0.00109166
0.00137966
0.000952964
0.000494903
0.00219362
0.000814535
0.000946481
0.000637951
0.000716708
0.000698305
0.00104781
0.00040639
0.000816179
0.000846088
0.000497922
0.00078726
0.000709816
0.000598166
0.00114224
0.000691057
0.000289684
0.00202709
0.00072349
0.000895919
0.00151963
0.00144774
0.00158669
0.000769021
0.00188391
0.000553594
0.00235954
0.00131125
0.00157077
0.000742285
0.000694367
0.00035336
0.000316769
0.00180671
0.000794363
0.00122772
0.0012507
0.00095475
0.00110061
0.000688487
0.00112574
0.000647045
0.00109363
0.00179803
0.00440435
0.000531202
0.000790156
0.00145377
0.00123965
0.000348774
0.000684494
0.000612044
0.00119868
0.000390057
0.00116375
0.00165473
0.00227235
0.000483115
0.000915758
0.00103472
0.000794977
0.000637284
0.000801416
0.000719
0.000493887
0.00176289
0.00054876
0.000738435
0.00190235
0.000765679
0.000435398
0.0012965
0.00072284
0.00107764
0.000622457
0.000651131
0.00120197
0.000394164
0.000163864
0.00078118
0.00062066
0.000946711
0.00140002
0.00307153
0.000437331
0.0010703
0.00247915
0.0013505
0.000824235
0.00286098
0.000868826
0.000965468
0.000844245
0.000674266
0.000818226
0.000418105
0.000878796
0.000762311
0.000598515
0.000770606
0.0002399
0.000667954
0.000722893
0.000522967
0.000385461
0.00145716
0.000623827
0.000384742
0.00204265
0.000748265
0.00074336
0.000402278
0.00281767
0.00082204
0.000898562
0.0010778
0.000988204
0.000843459
0.00164288
0.000559158
0.00128056
0.00182167
0.00108665
0.000513644
0.000662509
0.000573466
0.000468335
0.000602114
0.000961841
0.000653239
0.00156326
0.000880102
0.00106466
0.000534538
0.00114449
0.000782765
0.000678365
0.00065008
0.000132895
0.000860473
0.000857357
0.000973996
0.00130095
0.000921247
0.000816702
0.00115421
0.00123693
0.000899122
0.000589285
0.00102197
0.00176021
0.0010788
0.00107429
0.000950257
0.00422921
0.000310468
0.00156367
0.000941033
0.000677333
0.000697178
0.000419842
0.00064862
0.000681468
0.000858698
0.00143261
0.000507575
0.00128463
0.000744716
0.00105437
0.00114431
0.00145928
0.000783133
0.000434324
0.000674521
0.000996785
0.000609361
0.00130833
0.000518746
0.00143426
0.000670706
0.000543028
0.00195948
0.000795574
0.00139819
0.00256373
0.00127259
0.00085367
0.000770588
0.000836586
0.000703889
0.000380129
0.00114108
0.00069397
0.000796994
0.000876995
0.00117567
0.000894406
0.000953546
0.000659812
0.000763584
0.000790841
0.000330091
0.000434391
0.000690555
0.00230902
0.000820535
0.00216584
0.000547274
0.000641374
0.00138664
0.000816529
0.000533917
0.00115692
0.000368111
0.000682279
0.00198415
0.00154131
0.000667836
0.00105761
0.00106214
0.000539573
0.00192311
0.00195122
0.00111259
0.00169169
0.000789318
0.00122516
0.000361259
0.00066681
0.00103044
0.00404227
0.00077374
0.00137634
0.00229802
0.00118222
0.000727045
0.00108733
0.000823327
0.00119841
0.000795863
0.0002004
0.000775192
0.00457818
0.00105334
0.000925115
0.00190359
0.000552791
0.00147623
0.000497203
0.00337204
0.00104041
0.000961342
0.000982484
0.000578134
0.000679408
0.000692931
0.000762471
0.00127646
0.000736543
0.002019
0.00109507
0.000515711
0.000628046
0.000678941
0.00036786
0.00104906
0.00256946
0.000604006
0.000705981
0.000978342
0.00367854
0.00222645
0.00604467
0.0277628
0.00112026
0.000881604
0.00143185
0.00468228
0.000628671
0.000531938
0.000340106
0.000443396
0.00142482
0.00108311
0.000556452
0.00126473
0.00067628
0.000680063
0.00284372
0.000470235
0.000638596
0.000823677
0.000926443
0.000992774
0.00122271
0.000297261
0.00211697
0.00136706
0.000924966
0.000962074
0.00104048
0.00334259
0.00101087
0.000671975
0.000650687
0.00126133
0.00166839
0.0022969
0.00200682
0.000300331
0.000877513
0.000553473
0.00109936
0.00112538
0.000496001
0.000263761
0.000758915
0.000761175
0.00155158
0.00122498
0.000630963
0.00105894
0.000872157
0.0322899
0.00342588
0.000849195
0.000574719
0.00113639
0.00105657
0.000498444
0.00947954
0.00174395
0.000384167
0.000688261
0.000494699
0.00148064
0.000864919
0.000472796
0.000821936
0.000666408
0.000767648
0.00084615
0.000679169
0.000774487
0.00100134
0.00584949
0.000682167
0.000629496
0.000462097
0.00191552
0.000788721
0.000460706
0.0034018
0.00103597
0.000682647
0.00082739
0.00466219
0.0010003
0.00165607
0.0017352
0.00100638
0.000904294
0.000549978
0.00154316
0.00173416
0.00143702
0.00017899
0.00221543
0.00136727
0.0011594
0.000515894
0.000857635
0.000920426
0.00272536
0.000670003
0.00144484
0.00205579
0.00123947
0.000736805
0.00401022
0.000620991
0.000642018
0.00136124
0.000735416
0.000369005
0.00178933
0.00480993
0.000751908
0.000646373
0.000888446
0.00064529
0.000961593
0.00201868
0.000230728
0.000393514
0.000873172
0.00158274
0.000798256
0.00163183
0.000333476
0.0010857
0.00161545
0.000725079
0.000563127
0.000938562
0.00100406
0.000982574
0.000745177
0.000906365
0.000809411
0.00100717
0.000973326
0.000935555
0.000611143
0.0046321
0.000604107
0.000694854
0.000932492
0.00116559
0.0010088
0.00709864
0.00119917
0.00106791
0.00104272
0.00041262
0.000691889
0.000569843
0.00100177
0.000470104
0.000645771
0.000999982
0.00273652
0.000652619
0.00103632
0.000855562
0.000953106
0.000429338
0.000761531
0.00105864
0.00193306
0.00117101
0.00300088
0.000457693
0.00104552
0.0292577
0.000965563
0.000995537
0.00121185
0.000694781
0.000782814
0.00200177
0.00110476
0.000964899
0.00160683
0.00188311
0.0421676
0.00413278
0.00243344
0.000816266
0.00101836
0.0024481
0.000793051
0.000754233
0.00094711
0.000731756
0.000230366
0.00048099
0.0010249
0.000508246
0.000420963
0.000398335
0.00110651
0.000850701
0.000650721
0.000475242
0.00142642
0.00180624
0.00175404
0.00171152
0.0014709
0.00103806
0.000782265
0.00132357
0.000566447
0.00742585
0.00726366
0.000482491
0.000818622
0.000807842
0.00131209
0.000796742
0.0010516
0.00118246
0.00203967
0.00217592
0.00180674
0.000632983
0.000521835
0.000881801
0.000794344
0.00134299
0.00102298
0.00367158
0.00120702
0.000630274
0.00127359
0.000910608
0.00103124
0.000829422
0.000756052
0.00161556
0.00101798
0.00121234
0.00118709
0.000645981
0.00291919
0.000753968
0.00118758
0.00134667
0.000696975
0.000768904
0.000961319
0.0017034
0.0224021
0.00132363
0.00127095
0.00065005
0.000933582
0.000338095
0.00367926
0.00115323
0.00110511
0.00183786
0.00109674
0.000549871
0.00120981
0.000418474
0.000573319
0.000930351
0.000648615
0.00192382
0.00150455
0.00170559
0.00110787
0.000575945
0.00157865
0.00132061
0.00190255
0.000549084
0.00101922
0.00121001
0.0100572
0.00031776
0.00105103
0.00103838
0.000597269
0.00151791
0.000805549
0.00150415
0.00110636
0.000472403
0.000311249
0.000703766
0.000986698
0.00103788
0.000917965
0.000415336
0.000741712
0.000631149
0.00111552
0.000860098
0.00740517
0.00620576
0.000411599
0.000518214
0.000441623
0.00531655
0.00127058
0.000784123
0.00264263
0.00134128
0.0021702
0.000818572
0.00242865
0.00127964
0.00101956
0.000704935
0.000375935
0.000988245
0.00052579
0.000346265
0.000383908
0.000853173
0.00149789
0.000781767
0.000660078
0.00118512
0.000707254
0.000362619
0.00137255
0.000381817
0.000605427
0.000640188
0.000698398
0.00239888
0.00334047
0.00135042
0.000567349
0.000907864
0.000973019
0.000912086
0.00476341
0.00104506
0.00142482
0.00087909
0.000747362
0.00125028
0.00906865
0.000960996
0.00299139
0.000351279
0.00114055
0.000971703
0.00303665
0.00126406
0.000581609
0.000946643
0.000962762
0.00209177
0.000999822
0.000417573
0.00182499
0.000407137
0.00158348
0.00141759
0.00148496
0.00129347
0.00100519
0.000561419
0.00043919
0.00075336
0.000674984
0.000436165
0.00109703
0.000853428
0.000626976
0.000383929
0.00715209
0.0104113
0.00266531
0.00112632
0.000645407
0.00056191
0.00107808
0.0012573
0.000948885
0.000377113
0.00132606
0.000296584
0.00259824
0.0010637
0.000742061
0.00126567
0.000408639
0.000543503
0.00162073
0.000517162
0.000786969
0.0138212
0.00163107
0.00301346
0.00271767
0.0014419
0.000739899
0.00126706
0.000673588
0.000328446
0.000694537
0.00121137
0.00539711
0.00321803
0.00106007
0.000555273
0.00364161
0.00150434
0.000500843
0.00131687
0.000925192
0.00110677
0.000642672
0.00194985
0.000892144
0.000979108
0.00161742
0.00101094
0.0015653
0.000760373
0.000873807
0.000591787
0.00122228
0.000499964
0.000980071
0.000718966
0.00144426
0.00100438
0.00116034
0.00132295
0.000830188
0.000444237
0.00088209
0.00359131
0.000439079
0.00107635
0.00117358
0.000442651
0.00390497
0.00149492
0.000655275
0.00176781
0.00111201
0.000829726
0.00051726
0.000531185
0.00168985
0.000436985
0.000945654
0.0006856
0.00223503
0.000663696
0.00254064
0.00107486
0.000903678
0.000641209
0.00090801
0.00182247
0.000542652
0.000952688
0.000669307
0.00118852
0.000766638
0.000339187
0.0176532
0.000653351
0.000300377
0.000718062
0.000893797
0.000682228
0.00127502
0.00147628
0.00112024
0.00135234
0.000707455
0.00125507
0.00121777
0.000802733
0.000661265
0.000594989
0.0010947
0.000741287
0.00144926
0.00139858
0.00097792
0.00245732
0.000514242
0.000432869
0.0018119
0.00145967
0.000494417
0.00266708
0.000816047
0.000889004
0.000582056
0.000552155
0.000756866
0.00102835
0.000750268
0.00129383
0.000768152
0.000305715
0.00282593
0.000843423
0.000914941
0.000934738
0.00443423
0.000821824
0.00415159
0.00169617
0.000667184
0.00133986
0.00404111
0.00326644
0.00292961
0.0013209
0.00112809
0.0014994
0.00090133
0.00304224
0.000508878
0.0013905
0.000765343
0.000875098
0.00173188
0.000477691
0.0108663
0.00104607
0.000728137
0.00122556
0.00156602
0.000605922
0.000789522
0.000985318
0.000667376
0.000792003
0.000426248
0.00398875
0.00108792
0.00155673
0.000842193
0.00103049
0.00574423
0.00161573
0.000591507
0.000404752
0.000779973
0.000912417
0.00615469
0.000830836
0.000847077
0.00142493
0.000857985
0.000684721
0.00151839
0.00113909
0.000728177
0.000686195
0.00478403
0.00188047
0.000355946
0.000891605
0.00102468
0.00160141
0.000510195
0.000863051
0.000984112
0.000416625
0.0124925
0.00147229
0.000838133
0.000829905
0.000480095
0.00177454
0.000468137
0.0011411
0.00224017
0.00067238
0.00493121
0.000748761
0.000778326
0.000275865
0.000694142
0.000560042
0.000783659
0.000841367
0.000861834
0.00290874
0.000684233
0.00311095
0.000935639
0.0015689
0.000495411
0.00130497
0.00100114
0.00355605
0.000591158
0.000663239
0.000471521
0.00115443
0.000750572
0.00090676
0.00110406
0.00109928
0.000536292
0.0010805
0.0011527
0.000439258
0.000871993
0.000312495
0.000880289
0.000299368
0.00208084
0.00126847
0.00222939
0.000938673
0.00231021
0.000850911
0.000638148
0.00087874
0.00344188
0.000334993
0.00149198
0.00104204
0.00144019
0.00120495
0.000286987
0.000352226
0.00504356
0.000866988
0.000978959
0.00134462
0.000795404
0.00107897
0.000698221
0.000584856
0.00136426
0.00141195
0.00184558
0.000449023
0.00066922
0.000840871
0.00114674
0.000668298
0.000553309
0.000791448
0.000751574
0.00103492
0.000619066
0.000832707
0.00110542
0.00113657
0.00130365
0.000903425
0.000665865
0.000579931
0.00085047
0.000817611
0.000724636
0.000408385
0.00157078
0.00107306
0.00100056
0.00118779
0.000564817
0.00091105
0.000773912
0.00145327
0.000632241
0.0416543
0.0010564
0.000356871
0.00708929
0.000497736
0.000952651
0.000579516
0.000810617
0.000919214
0.000454635
0.000867634
0.00142933
0.000936619
0.000679583
0.0167042
0.0105829
0.00183085
0.000836535
0.000826287
0.000496117
0.000605201
0.000792495
0.00368732
0.000331329
0.003038
0.000940394
0.000525509
0.000600503
0.00101361
0.000856121
0.000649977
0.00304083
0.00144043
0.00639356
0.0169482
0.00117728
0.000329687
0.000527582
0.00103609
0.000614806
0.000510275
0.000786233
0.000575197
0.00143396
0.000483309
0.00114363
0.00135483
0.00243078
0.000956749
0.000653715
0.00120634
0.00058338
0.000794041
0.0302137
0.00108182
0.00138122
0.0306842
0.00136027
0.00111381
0.0020731
0.000835147
0.00133193
0.00118358
0.00100393
0.00101991
0.00111013
0.00321377
0.000733016
0.00112742
0.0132301
0.00122893
0.000668637
0.00114325
0.000828371
0.000832785
0.00231129
0.00077443
0.00193956
0.00109092
0.000837797
0.000963351
0.00197344
0.00120326
0.00137083
0.000977022
0.00067127
0.000427611
0.000947926
0.000416595
0.000942188
0.00124074
0.000479711
0.000856467
0.00119231
0.000377191
0.00119778
0.00041183
0.000470932
0.00106343
0.00825893
0.00161996
0.000376305
0.000951204
0.00105655
0.000627589
0.00109497
0.00060643
0.00207775
0.00152601
0.0012569
0.00111992
0.00111026
0.000896292
0.00211202
0.000186204
0.00139336
0.000545226
0.00119749
0.000904021
0.000799557
0.000917659
0.00146955
0.000662863
0.00142347
0.00079456
0.000765887
0.000633889
0.000555145
0.000964796
0.00116048
0.00427772
0.00210524
0.00174928
0.000481856
0.00119695
0.00108117
0.000867523
0.000491275
0.000647217
0.00110938
0.00141907
0.000391665
0.00229304
0.000717344
0.00143508
0.00261013
0.000859084
0.000417677
0.00282292
0.00694414
0.00126265
0.00099822
0.00125455
0.000938619
0.000391563
0.000589016
0.00107412
0.00100406
0.00229748
0.00129682
0.00259252
0.00087664
0.000849863
0.000784847
0.00214556
0.000182864
0.00262628
0.000832506
0.00424608
0.00101716
0.000997883
0.000624039
0.000655842
0.00130608
0.00630007
0.00107737
0.00336009
0.0028705
0.00302302
0.00120046
0.00490424
0.00354016
0.000691374
0.00161042
0.00211036
0.000754819
0.00125248
0.00149497
0.000708082
0.000438718
0.00140325
0.000986698
0.00104855
0.0010255
0.00181171
0.000586346
0.00078177
0.00117367
0.0011332
0.000255131
0.000800847
0.000804081
0.0021338
0.00164367
0.000468366
0.000581259
0.000854755
0.000577721
0.00158389
0.000828518
0.000660342
0.000980043
0.00121619
0.00129119
0.00108792
0.00105529
0.000728717
0.00211542
0.00141923
0.000664576
0.00147368
0.00173027
0.000422037
0.000459024
0.000720123
0.000549197
0.00128104
0.00154408
0.00119254
0.000971277
0.000201482
0.000546424
0.00122973
0.000917626
0.000606499
0.000304589
0.000512799
0.000824539
0.000595293
0.00090487
0.0023971
0.000809848
0.00358671
0.000242631
0.000946914
0.00198836
0.00132509
0.000920676
0.000746508
0.00142056
0.00110637
0.00144699
0.000317406
0.00137047
0.00702572
0.000926909
0.00226236
0.00337211
0.000976269
0.00940181
0.000711085
0.0010975
0.00283347
0.00117059
0.000999007
0.00142462
0.00044279
0.00035585
0.00508473
0.00115225
0.00081156
0.00120309
0.00196447
0.00224585
0.00097031
0.000826577
0.00139164
0.0110124
0.00113892
0.000871366
0.00112011
0.000620898
0.000735838
0.000652393
0.00076515
0.000356729
0.00207059
0.000618478
0.00117285
0.000428436
0.000565211
0.00157859
0.000901662
0.00156735
0.000664516
0.000736161
0.00138257
0.000251571
0.00146658
0.00148884
0.00108758
0.000607281
0.00056682
0.00105548
0.0007119
0.000685803
0.00269846
0.00200207
0.00146081
0.00102086
0.000327755
0.00129331
0.0031592
0.00099279
0.000563157
0.000252687
0.000653754
0.00106713
0.00097981
0.00181619
0.00187516
0.000477089
0.00140827
0.000498955
0.000761656
0.0122409
0.000755406
0.000520772
0.00214068
0.000747979
0.00331344
0.0011811
0.000731646
0.000307335
0.000505359
0.00247174
0.00217716
0.00113832
0.000756117
0.0019918
0.000252416
0.000584704
0.000224427
0.000972438
0.00129575
0.0067806
0.000110539
0.000893768
0.000598682
0.000504573
0.00121929
0.0020572
0.00156616
0.000823952
0.002355
0.00172658
0.000687242
0.000588021
0.000481523
0.00122843
0.00119654
0.000773722
0.000691129
0.0013095
0.000827622
0.000799572
0.000712231
0.00106417
0.00461945
0.00400368
0.000360294
0.00108571
0.000425857
0.00077063
0.000958393
0.000481858
0.00285629
0.00132415
0.00336094
0.00156764
0.000517377
0.000953213
0.000890466
0.000641013
0.0013512
0.00202312
0.000722681
0.000487579
0.000880191
0.00183575
0.0015346
0.00228108
0.000827391
0.000585563
0.00212864
0.00162212
0.000878973
0.00063993
0.00113734
0.00486825
0.00117123
0.00152063
0.000534345
0.00113638
0.00134162
0.000713159
0.000661556
0.00115591
0.00107194
0.00101593
0.00124782
0.000501062
0.000963675
0.000967415
0.000995115
0.00170014
0.00149759
0.000953652
0.00111501
0.00152674
0.00145973
0.000874922
0.00125068
0.000676667
0.00112249
0.00159918
0.000418238
0.000313722
0.000757999
0.00187664
0.000478047
0.00214831
0.000931246
0.000732209
0.00163751
0.00087339
0.000709108
0.00364644
0.000781251
0.00144021
0.00710401
0.00144836
0.00127613
0.000824389
0.000663057
0.000616117
0.00195979
0.000790851
0.00107358
0.000762943
0.000382092
0.00100165
0.000727883
0.00115583
0.000475252
0.00139644
0.00104377
0.000470343
0.000840659
0.000546016
0.000947793
0.00106204
0.001211
0.00036482
0.00054818
0.000814634
0.0013354
0.00233544
0.000828916
0.000783535
0.00356227
0.00222454
0.000601465
0.00141097
0.00123438
0.000544692
0.00190946
0.000943765
0.000974228
0.00113964
0.00153979
0.00121674
0.00155231
0.00035027
0.000497329
0.000990965
0.000623766
0.000381643
0.00090377
0.000513738
0.000858239
0.00116724
0.000877551
0.00150038
0.0308021
0.00184096
0.00114073
0.000584493
0.000524053
0.000533517
0.00095352
0.000847333
0.00174331
0.000625053
0.00105284
0.000729672
0.00119638
0.00213631
0.00112353
0.0024523
0.00686107
0.000967941
0.00264886
0.000779097
0.00564013
0.000780035
0.000626184
0.000932126
0.000608691
0.00130828
0.00144687
0.00120974
0.00111627
0.000720909
0.000942822
0.000370131
0.000617491
0.000894761
0.000276093
0.000951574
0.000688256
0.00121553
0.0011156
0.000741192
0.00136587
0.000594529
0.000746548
0.00145795
0.000596532
0.000386841
0.00450996
0.00057542
0.00025141
0.00136437
0.000982129
0.000674673
0.000675883
0.0040931
0.00123223
0.00105349
0.0018588
0.000900782
0.000880945
0.00117691
0.00072336
0.000497682
0.003741
0.00100069
0.000992913
0.00162626
0.000731667
0.00262704
0.000411503
0.000487223
0.00111639
0.000661672
0.0035721
0.000375307
0.000587331
0.00092629
0.00120039
0.00109173
0.000226958
0.000860974
0.00108686
0.00111206
0.0014597
0.00102615
0.0016347
0.00152665
0.00114892
0.00191074
0.000232496
0.000985778
0.000692282
0.000201874
0.00120366
0.00345723
0.000877057
0.00174527
0.00186071
0.000693205
0.000545886
0.000490652
0.000779341
0.00216642
0.00103402
0.00110037
0.000366738
0.000626162
0.000750098
0.000527597
0.00142451
0.000811321
0.000753232
0.00102822
0.0015012
0.00108894
0.000933896
0.000733453
0.000588785
0.0118944
0.00120261
0.00100066
0.0025639
0.00127005
0.000229594
0.00114357
0.000362421
0.000490355
0.00123486
0.000790533
0.0043368
0.00146571
0.00104535
0.000848767
0.000480887
0.00119297
0.00110432
0.000923457
0.00124848
0.003197
0.00168726
0.000647949
0.00159119
0.000665851
0.000517064
0.00105194
0.000581153
0.00165631
0.0013597
0.0015248
0.000284034
0.000972641
0.000876432
0.000620732
0.00040698
0.00218634
0.0012947
0.000934219
0.000608218
0.000932944
0.000728802
0.0146914
0.000978878
0.00178433
0.00055745
0.00131641
0.00115861
0.000649415
0.00049551
0.000589748
0.00107236
0.000584695
0.000934467
0.000803307
0.00318276
0.00125861
0.000404534
0.000714007
0.0010121
0.00186003
0.000553086
0.00119611
0.00164983
0.000723007
0.00120831
0.00209577
0.00100721
0.000375463
0.000998797
0.00897701
0.00110192
0.00128345
0.0021102
0.000609241
0.00125697
0.000845788
0.00151832
0.00101051
0.00104162
0.000452039
0.00161238
0.00171398
0.00083696
0.000534384
0.00115347
0.00156613
0.000518335
0.0012518
0.00121087
0.00375853
0.000433384
0.00122762
0.00131352
0.00120585
0.0003641
0.00144717
0.000648433
0.00485216
0.00126991
0.00352074
0.000901723
0.00077189
0.000655569
0.0014106
0.000944954
0.00141985
0.000778946
0.000551783
0.00995965
0.00145338
0.00329766
0.00137179
0.00246149
0.00252693
0.00111882
0.0015027
0.000583782
0.000847952
0.000887738
0.00130173
0.00162868
0.00187577
0.00107936
0.000653611
0.0046619
0.00137211
0.0043579
0.0042731
0.000814734
0.0015256
0.000711491
0.000682379
0.0100384
0.000884461
0.000703503
0.00199
0.000532341
0.000832355
0.000473591
0.00182726
0.000511402
0.00113928
0.000991478
0.00022645
0.000627228
0.00324579
0.000773558
0.000922639
0.000393316
0.000951379
0.00194776
0.00238741
0.000803343
0.000635416
0.00105146
0.00106325
0.00090256
0.000671536
0.000675173
0.00157832
0.000970222
0.000988003
0.000471627
0.000594527
0.0013674
0.00100793
0.000784926
0.00422179
0.000880167
0.000808433
0.000701533
0.0016206
0.000872111
0.00109968
0.000718753
0.00037851
0.000447302
0.00119393
0.000602673
0.00114952
0.000410324
0.000597814
0.000906395
0.000851412
0.00077417
0.00252532
0.00078044
0.000624506
0.000667246
0.000578514
0.00111837
0.000766763
0.00133261
0.000969417
0.000561341
0.0113051
0.000870789
0.00140225
0.000712411
0.00145522
0.00546188
0.000915355
0.00167511
0.00133785
0.00402076
0.000887937
0.00121354
0.00178586
0.00360436
0.000874396
0.000647888
0.00046111
0.000934326
0.00138759
0.00773961
0.000854103
0.0174746
0.000866821
0.000981115
0.000470569
0.000303535
0.000671077
0.00163023
0.00559877
0.000833263
0.00130712
0.00240735
0.000919499
0.00139588
0.000949932
0.00205972
0.00321764
0.000637773
0.00121585
0.000789782
0.000872655
0.000248914
0.00120828
0.00354207
0.00129047
0.00101007
0.000656629
0.000516398
0.000505564
0.00114777
0.00144117
0.0013055
0.00291987
0.00124158
0.000777677
0.000498093
0.00383478
0.00198502
0.0153375
0.000933558
0.00074625
0.000980642
0.000774332
0.000977927
0.000674053
0.002318
0.000150494
0.000627928
0.00107491
0.000654648
0.000918343
0.000940685
0.000452405
0.0025132
0.000884599
0.00102026
0.00656765
0.00096554
0.000882731
0.0127627
0.00110133
0.000869156
0.00152464
0.00123952
0.000892666
0.000836688
0.000544847
0.00257063
0.000836267
0.00091493
0.000650652
0.000720687
0.000822181
0.00162716
0.00138683
0.000681284
0.000944627
0.000315645
0.000571656
0.00150269
0.0012486
0.00135728
0.000687155
0.00347215
0.000945032
0.00069087
0.000929227
0.000460627
0.000531632
0.000473305
0.00072791
0.00461708
0.00061118
0.00142833
0.00404308
0.000747464
0.00164787
0.000479394
0.0288107
0.000805869
0.00106702
0.00171503
0.00150005
0.00153919
0.00102833
0.000468824
0.00216004
0.000669077
0.000835257
0.00112936
0.00164939
0.000615869
0.000839004
0.00170685
0.00110376
0.00252169
0.000909355
0.0011826
0.000714414
0.0011478
0.00110988
0.000752349
0.00181217
0.000631972
0.00122647
0.00404823
0.000909985
0.00188277
0.000585141
0.00045836
0.00134773
0.000571787
0.000748289
0.000724361
0.00110888
0.000796082
0.000418712
0.000834745
0.00068762
0.00132208
0.00101153
0.00130255
0.000700497
0.00112753
0.000943889
0.000298408
0.00150943
0.000572822
0.00118093
0.00360975
0.00316234
0.000474546
0.00101818
0.000782311
0.000780079
0.00066957
0.00125754
0.000215926
0.00110692
0.000724659
0.00178398
0.00046285
0.000577246
0.00182508
0.000854662
0.00115883
0.00407495
0.000849461
0.000687968
0.00344512
0.000592036
0.00350151
0.000726402
0.00063916
0.000817019
0.000664036
0.00063521
0.00292585
0.000856448
0.000973771
0.000694441
0.000870496
