0.000218786
0.000705584
0.000416078
0.000443512
0.000416022
0.000229686
0.000517448
0.000225338
0.000231542
0.000359558
4.30959e-05
0.000362699
0.000393829
0.000152468
0.000222702
0.000197678
0.000249263
6.88164e-05
0.000199771
0.000350724
0.000273947
0.000988803
0.000227652
0.000793874
0.000312304
0.000267544
0.000460811
0.000472139
0.000618509
8.86995e-05
0.000291906
0.00107753
0.000187983
0.000560489
0.000226641
0.00111236
0.000178955
0.000297245
5.47433e-05
0.00012773
0.000272842
0.000367747
0.000213104
8.34158e-05
0.000208111
0.000563326
0.000183635
1.3288e-05
0.000196487
0.000332557
0.000365122
0.000280157
0.000899959
0.000306607
0.000245059
0.00039759
4.98049e-05
0.000209774
0.000797479
0.000991158
0.000206398
0.000170722
0.000186735
0.000180291
0.000200988
0.000874883
0.000398619
0.000326393
0.000266832
0.000436911
0.000424221
0.000272817
0.000372911
0.000200945
0.000233864
0.000309843
0.000528007
0.000536756
0.000226183
0.000134246
0.000165543
0.000646682
0.00089297
4.33112e-05
0.000581935
0.000131648
9.46192e-05
0.000255459
0.000436458
9.93698e-05
4.00649e-05
5.58072e-05
0.000131066
0.000368997
0.000308057
0.000280545
0.000303816
0.000333007
0.000470203
0.000250016
0.000323012
0.000191571
0.000366941
0.000157599
0.00012171
0.000639898
0.000664527
0.000439061
0.000474081
6.10445e-05
0.000103766
0.000233219
6.5453e-05
0.000327414
0.000207595
0.000337304
0.000253505
0.00328475
0.000490726
0.000272177
0.00426657
0.000883846
0.000242958
0.000127139
0.000126592
6.92282e-05
0.000160435
0.000424741
0.000269949
0.000591883
0.000354813
0.000341243
0.000340032
0.000230222
4.52913e-05
0.000386349
0.00111786
0.000114259
0.000272025
0.000382711
0.00020367
0.000180912
0.000287236
0.000154026
0.000231079
8.61353e-05
0.000323944
0.000506282
0.000468626
0.000183878
0.000340746
0.000403855
0.000164969
0.000127848
0.000346625
0.00126735
0.000209455
0.000406496
0.000227785
0.00021805
0.00167539
0.00140955
0.000374065
0.000191198
0.000200088
0.000422398
0.000164598
0.000295507
0.000258659
0.000428643
0.000254358
0.000647778
0.00582356
0.000176642
0.000326108
0.000135726
0.000574412
0.000291732
0.00163839
0.00073854
0.000545196
8.26232e-05
0.000103108
0.000315271
0.000111953
0.000201581
0.000220146
0.000144918
0.000377412
0.000255693
0.000103292
0.000288269
0.000139949
0.000256357
0.000340393
0.000223209
0.00224482
0.00013975
0.000256037
0.000251938
0.000766656
0.000325265
7.54597e-05
0.000184076
0.000118637
0.000739088
0.000437229
0.000224497
0.000201258
0.000185991
0.00013542
0.000100471
0.000197914
0.000193307
0.000291841
0.000235116
0.000113497
0.000205767
0.000445254
0.000603438
0.000712949
0.000279764
1.74934e-05
9.72011e-05
0.00031378
0.000110714
0.000558774
0.000235391
0.000369109
0.00080096
0.000298392
0.000147808
0.000982457
0.00042207
0.000197006
0.00024162
7.30593e-05
0.000395614
0.000137382
0.000314228
0.000665415
0.000647683
0.000275035
0.000425882
0.000326699
0.000240531
0.000441388
0.000141872
0.000370731
0.000298333
0.00078205
0.000174802
0.00125802
0.000196311
7.5207e-05
0.000452343
0.000239329
0.00041215
0.000223103
0.000190093
0.000277878
0.000413718
0.000319123
0.000143411
0.000213202
0.000203155
0.000331594
0.000552996
0.000170396
0.000170297
0.0018948
0.000242894
0.000127303
0.000214069
0.000518347
0.000808077
0.000301538
0.000223556
8.66932e-05
0.000279976
0.00181441
0.000312119
0.000247426
0.00068791
0.00121759
0.000384022
0.00013397
0.000291974
0.000468932
0.000612315
0.000137598
0.000440423
0.000446817
0.000916296
0.000478804
0.000437572
0.000324733
0.000154583
0.000174542
0.000124435
0.0010006
0.000222708
0.000348114
0.000376888
0.000133267
0.00064292
0.000228032
0.000320164
0.000311742
0.000461985
0.000333582
0.000354612
0.000290699
0.000115974
0.000247001
0.000167113
4.22803e-05
0.000543995
0.000356587
0.000254242
0.000136864
0.000172358
0.000106498
0.000259208
0.000545095
0.000175237
0.000244879
0.000494727
0.00013175
0.000344658
0.000581251
0.000435779
0.000175008
0.000143172
9.32968e-05
0.000379069
0.0162397
0.000244488
0.000335566
0.000108464
0.000187129
0.000492149
0.000528
0.000206577
0.000291093
0.00128147
0.000492333
0.000419218
0.000218652
0.000142079
0.000490737
0.000200781
0.000596956
0.000170309
0.00827714
4.48715e-05
0.000223666
0.000167993
0.000358969
0.00039892
0.000263059
0.000237274
0.000410161
0.000206171
6.403e-05
0.000247071
0.00021532
0.000331503
0.0158923
0.000878243
0.000119876
0.000213435
0.000187391
0.000248864
0.000183136
0.000523477
0.000245606
0.000234439
0.000673661
0.000388223
0.000550634
0.00118349
0.000107271
0.000856732
0.0007788
0.000426305
7.58363e-05
0.000461041
0.000232685
0.000193029
4.9074e-05
0.000297177
0.00025539
0.000232329
0.000468466
0.000136635
0.000296584
0.000264283
0.000167466
0.000456852
0.000154218
0.000138887
6.95735e-05
0.000282261
0.00054131
6.85804e-05
2.47264e-05
0.000479548
0.000215006
0.000281433
0.00128282
0.000267124
0.000372211
0.000261359
0.000159351
0.000687319
0.000738911
0.000365189
6.88625e-05
0.000374349
0.00021589
0.000739575
0.000383516
0.00112233
0.000145971
0.000242971
0.000250181
0.00013713
0.000257869
0.000264428
0.00049922
0.000180436
0.000583706
0.000247661
0.000315721
0.000311062
0.000739757
0.000220819
0.000447233
0.000556532
0.00043905
0.000267704
0.000236721
0.000351179
0.000188651
0.000341342
0.00121483
0.000652472
0
0.000191978
0.000228285
0.000146781
0.000727021
8.30676e-05
7.16983e-05
0.000163553
0.000365881
3.82547e-05
0.000183851
0.000165123
0.000271642
0.000147237
0.000297121
0.000168118
0.000733475
0.000198566
0.000348274
0.000896406
0.000125968
0.000296847
0.00022267
0.000116481
0.000204339
0.000179077
0.000101866
0.000460054
0.000733748
0.000407922
8.74738e-05
0.00125995
0.000153683
0.00036322
0.0002045
0.000205455
0.000246434
0.000150904
0.000236672
0.000309317
0.000425842
0.000326331
0.000280443
0.0003169
0.00102341
0.0138404
0.000187073
0.00067085
0.000917807
6.93492e-05
0.000375735
0.000293611
0.0010787
0.000991599
0.000456927
0.000397404
0.000171942
0.000664219
5.38364e-05
0.000245764
0.000284989
0.000748075
0.00022628
0.000234977
0.00043368
0.000207788
0.000240457
0.00105494
0.0004072
0.000276616
0.000256588
0.000242012
0.00014908
0.000319656
0.000653759
0.000283566
0.000349422
0.000244971
0.000267094
0.000304417
0.000197041
0.000251097
0.000200723
0.000296306
0.000278305
0.000205723
0.000236305
0.000156808
0.000302405
0.000331325
0.000168447
0.000500546
6.25896e-05
8.84639e-05
0.000520084
0.000416278
0.000133543
0.000321326
0.000982036
4.8454e-05
0.000376394
2.87449e-05
0.000232465
0.000308693
0.000151997
8.64554e-05
0.000374383
0.000198843
0.000220311
0.000118295
0.000228532
0.000151877
0.000459699
0.000225853
0.000138308
0.000987056
0.000426295
0.000414923
0.000510822
0.000165784
0.000476884
0.00126551
0.000225691
0.000131004
7.4129e-05
0.000117645
0.000482245
0.000222914
0.000256568
0.000455332
0.00196633
0.000765075
0.000367857
0.000196665
0.000472886
0.000170948
3.99678e-05
0.000377747
0.00231128
0.000149888
0.000567406
0.000337144
0.000268912
0.000223332
0.000271624
0.000701125
9.54068e-05
0.000555474
0.000556266
0.000316508
0.000535571
0.000112002
0.000259318
0.000193757
0.000421292
9.16399e-05
0.00102646
1.00788e-05
0.00019766
0.00134297
0.000378067
0.00022433
0.00115992
0.000343856
0.000317725
0.000512683
0.000261721
1.83673e-05
0.000139893
0.000174745
0.000162931
0.000160741
9.05368e-05
9.88448e-05
0.000362433
0.000183067
0.000657414
0.000140923
9.93315e-05
0.000155103
0.000137548
0.0046568
0.000993053
0.000117604
0.000178854
0.000104061
0.000114594
0.000193886
0.000420245
0.000259281
0.000770665
0.000275159
0.000402264
0.00016607
0.000223061
0.000713357
0.000314058
0.000415501
0.000104532
0.000668137
0.000286452
0.00023113
9.98556e-05
0.000231013
0.000667815
0.000397413
0.000296672
0.000126455
0.000673001
0.000247735
0.000152354
0.000724174
8.76703e-05
0.000368064
8.69365e-05
0.000373787
0.00023283
0.000171707
0.000211251
0.000398441
0.000452207
0.000330375
0.00016561
0.000312687
0.000148306
0.000548413
0.000277876
0.000347752
0.000132496
0.000161395
0.000183047
0.000155472
0.000151517
0.000266344
0.000293519
9.35594e-05
0.000407533
0.000429918
0.00023565
0.000619406
0.000408851
0.000286882
0.000668333
0.000129952
0.000398708
0.000173665
0.000207795
0.00031234
0.000239068
0.000407534
0.000697682
0.00019679
0.000290853
0.000435372
0.000367191
0.000524168
0.000155813
5.01687e-05
0.00075072
0.000578597
9.08091e-05
0.000286919
0.000479561
0.000501181
0.000349886
0.000456716
0.000203674
0.000145533
0.000143405
0.000119046
0.000292931
0.000219861
0.00012624
0.000197573
0.000448619
0.000255765
0.000518927
0.000271516
4.81604e-05
0.000210148
0.000142361
0.000414568
0.000292771
0.000178956
0.000230078
0.000293554
0.000156226
0.000114498
0.000355203
0.0013809
0.000167337
0.00030844
6.36448e-05
0.000295777
0.000174563
0.000779019
0.000317753
0.000107122
0.00033191
0.000172541
0.00135018
0.000418651
0.00377393
0.000158748
0.000173179
0.000132775
0.000997952
0.000168549
0.000252649
0.000452696
0.000597129
0.000138488
0.00020018
0.00044463
0.000218482
0.000596919
0.000544916
0.000256126
0.000153609
0.00077781
0.00308228
0.000220837
3.81696e-05
0.000392308
0.000137243
0.000450968
0.000949535
0.000201321
0.000251338
0.00023516
1.86645e-05
0.000179634
1.36052e-05
0.000201008
0.000473381
0.000149678
0.000288382
0.000171665
0.000251874
0.00023587
9.64958e-05
0.000209894
0.000221563
7.12437e-05
0.000254465
0.000212744
0.000438441
0.00063787
0.000489787
0.000281023
0.000164611
0.000414085
0.0008135
0.00120374
0.000216992
0.000186081
6.42079e-05
0.000138837
0.000329384
0.000481817
0.000228563
0.000135272
0.000470515
8.6598e-05
0.000252066
0.000172873
0.0012844
0.000368234
0.000643888
0.000537372
0.000235042
0.000147554
0.000447728
6.91612e-05
0.000152058
8.14243e-05
3.37614e-05
8.35331e-05
0.000187125
0.000139813
0.000540268
0.000151393
0.000192091
0.000136307
0.000610018
0.00116525
0.000288677
0.000516882
0.000393457
0.000283977
6.4086e-05
0.000364869
0.000177061
0.000365737
0.000290175
0.000464056
0.000389535
0.0101032
0.000201818
0.000358093
0.000453317
4.00582e-05
0.000139265
0.000609894
0.00667972
0.00017358
0.0002559
0.000100375
0.000386114
0.00024896
0.000413323
0.000372063
0.000383079
0.000223123
0.00035275
0.000988978
0.000398825
0.00110427
0.00101662
0.000539722
0.000385433
0.00069386
0.000230941
0.000151806
0.000380129
0.000135087
0.000171647
0.000400733
0.000509007
0.000215304
0.000352358
0.00164743
0.000498973
0.00162801
0.000691709
0.000122622
0.000277561
9.44529e-05
0.00025699
0.000103981
0.000423665
0.00014891
9.28607e-05
2.52952e-05
6.86883e-05
0.000423805
0.000298929
0.000159229
0.000123621
0.000349963
0.000210252
0.00027784
0.00070034
0.000532438
0.000274217
9.84304e-05
0.000162192
0.000122438
0.000249002
0.000367231
0.000271276
0.00160177
0.001022
7.68897e-05
0.000303297
0.000255703
0.000258309
0.000345676
0.000730672
0.000153392
0.000141158
0.000190593
0.00045439
0.000416736
0.000247466
0.000497876
0.00018045
0.000398132
0.000208731
6.31796e-05
0.000129795
0.000259702
7.10232e-05
0.000294662
6.60297e-05
0.000541875
0.000422201
0.000169949
0.000275377
0.000119584
0.000677358
0.000523182
0.000155443
0.000341931
0.000203618
0.000353276
0.000277957
0.0001488
0.000415835
0.00028705
0.000100324
0.000354661
0.00188402
0.000841765
0.000151906
0.000374098
0.000429582
0.000122901
0.000111746
7.30467e-05
0.000482378
0.000193355
0.000239858
0.000244056
0.00040185
0.000200672
0.000264462
0.000392815
8.1102e-05
0.000712769
0.000253204
0.000167297
0.000317123
0.000382357
0.000457874
9.26435e-05
7.11636e-05
2.4432e-05
9.99046e-05
0.000229857
0.000532505
0.000300351
0.000170834
0.00066466
0.00132745
0.000187234
9.2469e-05
0.00042267
0.000522528
0.0001146
6.43842e-05
0.000680222
0.000224309
0.000116076
0.000271447
0.00087436
0.000187841
0.000159592
0.000332398
0.000128562
0.000414646
0.000214783
0.000216349
0.000316078
0.000386268
8.50316e-05
0.000220368
0.000277735
0.000840257
0.000190538
0.000130763
0.000173498
4.38358e-05
0.000142089
0.000255287
0.000108946
0.00019996
0.000184689
0.000158902
0.000133602
0.000426993
0.000188332
0.00151315
0.000359398
0.000167603
0.000139714
0.000151121
0.000641762
7.55373e-05
0.000873713
0.000143966
0.000195996
0.00030353
0.000485491
0.000337354
0.000169075
6.40697e-05
0.000150962
0.000130838
0.000330052
0.000474497
0.000944128
0.000205543
0.000340926
0.000212139
0.000970853
0.000305841
0.0011261
0.00220405
0.000315891
0.000195728
0.000384978
0.000255106
0.000248703
0.000105618
0.000199503
0.000255808
0.000204364
0.000568609
8.68613e-05
0.000127514
0.000104048
0.000200444
0.000201001
0.000405454
0.00040332
0.000106402
0.000880826
6.19641e-05
0.000261484
8.53367e-05
0.000219684
0.000169419
0.000176633
0.000224156
0.000181329
0.000311414
0.000260298
0.000126424
0.000154181
0.000145923
0.000304471
0.000608514
0.00256909
0.000249108
0.00079407
0.00017808
0.000393657
0.000205131
0.000451529
0.000145134
0.000243726
0.00057852
0.00314193
0.000218562
0.000170317
0.000358505
2.39008e-05
0.000206531
0.0005971
0.000313811
0.000387912
0.000155654
0.000270429
0.000211716
0.000228846
0.00036466
0.000227824
0.000242098
0.000191801
0.00031845
0.000288428
0.000221682
0.000225845
0.000249363
0.000246281
0.000164289
0.0002606
0.000290501
0.000185718
0.000153571
0.000517872
0.000148596
0.000272438
0.00060995
0.000398515
0.000236442
0.000331205
7.07254e-05
0.000481873
0.000251376
0.000148768
0.000523454
0.000349974
0.000711187
0.000164308
0.000629663
0.000261531
0.000315216
0.000583815
0.00038263
0.000272983
0.00041645
0.000153177
0.000256765
0.000190148
0.000325448
2.12516e-05
0.0001281
0.000242383
0.000210196
0.000195371
0.000278478
0.000425023
0.000231521
0.000312833
0.000272491
0.000176253
0.000174799
5.19528e-05
0.000281252
0.000370579
9.42455e-05
0.000535866
0.000205735
0.000280833
0.000288156
0.000215501
0.000220715
0.000133426
0.00034171
0.000276899
0.00023964
0.000104173
0.000402165
0.000376817
0.000353468
0.000109219
0.000185503
0.000364241
0.000245222
0.000142286
4.89806e-05
0.00031313
0.000202699
0.000168657
9.64542e-05
0.00108138
0.000220092
0.000274181
0.000294462
0.000384657
9.28536e-05
0.000253457
0.000170388
0.000528372
0.000317567
0.000317645
9.80348e-06
3.90501e-05
0.000132704
0.000944153
0.000532665
0.00154641
0.000577148
0.000107491
0.00013933
0.000368543
0.000186476
0.000307196
0.000301767
0.000663981
0.000221578
0.00033496
4.84493e-05
0.000297283
0.000126172
0.000191679
0.000101249
0.000165106
0.00040848
0.000186266
0.000445896
0.000491565
0.000960086
0.000175486
9.56172e-05
0.000136808
0.000949889
0.000342271
0.000154097
0.000248573
0.000434305
0.000111002
0.000343701
0.000333521
0.000274868
0.000183138
0.000190054
0.000126779
0.000995743
0.000292335
0.00014668
0.000300517
0.000175258
0.000692077
0.000228627
0.00059596
0.000350511
0.000521887
0.000185082
0.000297287
0.000420372
0.00038958
5.06452e-05
0.000279271
0.000465634
0.0003149
0.000240268
0.000937084
0.000313394
0.000299121
9.78128e-05
0.00020712
0.000176479
0.000307465
0.000596845
0.000439998
0.00018691
0.0035862
0.000188697
0.000780467
0.000188963
0.000229085
0.000573968
0.000308818
0.000281423
0.000395607
0.000167891
3.95469e-05
9.09827e-05
0.000185077
0.000250104
0.000319759
0.00010981
0.000153054
0.000115384
0.000212906
0.000185626
0.00218214
0.000178047
0.000243774
0.000394107
0.00041508
0.000222181
0.000326331
0.000160832
5.97173e-05
0.00017288
0.000152463
9.97415e-05
0.000248939
0.000181726
0.000314867
9.55662e-05
0.000365587
2.50254e-05
0.000248269
9.81558e-05
0.000219673
0.000232422
8.9927e-05
