0.00115637
0.000640641
0.00358783
0.000211757
0.000929135
0.000632522
0.00126871
0.000527002
0.00407462
0.000349459
0.000376524
0.000914373
0.000335426
0.00049816
0.000680077
0.000434958
0.000826678
0.000232944
0.00060963
0.000513046
0.00201036
0.000146261
0.000369737
0.000335177
0.00079896
0.000781641
0.00054627
0.00107582
0.000524051
0.000967649
0.00120384
0.000415314
0.0006108
0.000536981
0.000354317
0.0010124
0.000695067
0.000565981
0.0010657
0.000467
0.00104713
0.000614375
0.000568094
0.000694528
0.00091247
0.000704649
0.00066675
0.0004781
0.00330232
0.000457876
0.00110969
0.000757851
0.000648672
0.000602113
0.000478325
0.000573577
0.000791805
0.000915982
0.000535411
0.000287617
0.0111606
0.000558979
0.000593984
0.000570994
0.000454751
0.000623672
0.000343059
0.000699601
0.000732022
0.00055045
0.000298507
0.000239893
0.000651173
0.000405841
0.000677369
0.000420343
0.000535445
0.00100315
0.000343135
0.000879273
0.0012001
0.000732687
0.000485685
0.000605987
0.000385959
0.00107858
0.00141561
0.00037979
0.000356039
0.000464477
0.000285968
0.000438445
0.0015926
0.000247075
9.17318e-05
0.00037217
0.000224841
0.000737989
0.000832448
0.000700991
0.000429405
0.000579945
0.000364161
0.000632507
0.00135622
0.0013254
0.0150052
0.000452332
0.000354771
0.000516517
0.000280481
0.000689967
0.000327685
0.000410488
0.000574058
0.000333412
0.000376081
0.000504222
0.000448246
0.000733708
0.0004592
0.000369591
0.000559886
0.00159306
0.000172003
0.0009371
0.0013767
0.00037109
0.00106201
0.000521741
0.000719505
0.000373901
0.000150163
0.000647051
0.00071826
0.000457373
0.00580848
0.000762173
0.00041256
0.000295176
0.00188468
0.0013634
0.000439493
0.000703373
0.000898434
0.000734419
0.000175155
0.000952435
0.000255749
0.000448617
0.00127938
0.000741179
0.000498637
0.000470718
0.000366661
0.000606598
0.000713034
0.000281909
0.000654461
0.00107557
0.000532124
0.000524163
0.000388889
0.000464055
0.000437241
0.000111847
0.000328987
0.00183549
0.000293285
0.000316976
0.000681535
0.00065953
0.000317489
0.00466174
0.000136421
0.000736483
0.00116027
0.00162046
0.000237266
0.000762637
0.000445137
0.000372916
0.000469325
0.000393065
0.000682922
0.00136189
0.000452265
0.0010318
0.000190037
0.000601158
0.000601681
0.000867085
0.000803035
0.000558089
0.000298417
0.000817013
0.00149017
0.00088882
0.000286945
0.00056705
0.000547513
0.000230466
0.000959742
0.000597841
0.000529391
0.000770919
0.002077
0.000960174
0.000572437
0.00517411
0.000573479
0.000740386
0.00135309
0.000876587
0.000686173
0.000351154
0.000461291
0.00257581
0.000375247
0.002533
0.000956539
0.000630059
0.000809593
0.000330922
0.000221269
0.000394121
0.00104922
0.000934843
0.000260048
0.00034126
0.00050892
0.00112221
0.000223167
0.000346717
0.000601988
0.000495168
0.000743061
0.000799129
0.000777822
0.000380256
0.000340417
0.000435641
0.000548198
0.000322994
0.00104197
0.000154287
0.000580551
0.000280992
0.000298327
0.000213175
0.000229135
0.000552321
0.000613122
0.000211922
0.000659768
0.000635439
0.0003533
0.000609876
0.000228692
0.000479976
0.000182382
9.97003e-05
0.000426898
0.000726813
0.000922856
0.000944393
0.000623535
0.000638507
0.000795592
0.000595425
0.000513203
0.00257463
0.000507802
0.000581886
0.00111839
0.000394624
0.00034603
0.000700657
0.000163419
0.000389144
0.000444832
0.000489434
0.000824194
0.000377314
0.00111985
0.000200431
0.000682566
0.00034136
0.000907271
0.000528018
0.00025773
0.00160321
0.000347237
0.000776718
0.00155221
0.000507849
0.00215462
0.000709963
0.000884755
0.000311214
0.00052491
0.00153866
0.000664855
0.000656267
0.00412921
0.000785963
0.000354679
0.000208918
0.00191384
0.000629205
0.000332178
0.000749493
0.000674215
0.000959684
0.000156622
0.000400641
0.000106596
0.000512708
0.000424974
0.000423912
0.00061559
0.000429891
0.000526955
0.000449387
0.000397314
0.000448091
0.000661168
0.000323741
0.00135417
0.00046344
0.000851139
0.00193032
0.00115712
0.000693496
0.00109688
0.000367549
0.000446339
0.000800075
0.000309761
0.000634997
0.000397122
0.000503134
0.000522218
0.0001689
0.00105053
0.000392345
0.00080038
0.00105364
0.000246832
0.000750069
0.000367944
0.000348712
0.000148249
0.000602459
0.00263349
0.000378368
0.000424651
0.000759832
0.000611618
0.000472113
0.000447497
0.000383104
0.000483245
0.000455752
0.000850262
0.000590525
0.000204199
0.000547403
0.0213335
0.000443188
0.00102143
0.000161057
0.00037087
0.000533987
0.000785756
0.000618067
0.000417032
0.00189003
0.00103719
0.000560853
0.000671686
0.000418262
0.00147206
0.000468408
0.000248801
0.000420471
0.000296028
0.000315733
0.000682202
0.000779438
0.000207455
0.00104981
0.000543603
0.000468772
0.00196569
0.000291775
0.000287142
0.000698292
0.000722648
0.000392525
0.000331088
0.000670562
0.000643734
0.00165742
0.00026578
0.000211217
0.000703939
0.00221385
0.000829797
0.000334058
0.000745702
0.000369047
0.000760027
0.000871842
0.000587619
0.00599912
0.000335915
0.00018615
0.000499239
0.000890406
0.000688995
0.000497927
0.000397628
0.000220124
0.000817746
0.000497269
0.000162573
0.000290314
0.00833628
0.00078927
0.0010455
0.000635329
0.000882535
0.00135449
0.000674664
0.00842697
0.00220312
0.000444348
0.000528307
0.000179816
0.00064527
0.000544967
0.000602856
0.000578608
0.00095553
0.00117686
0.000365396
0.000386801
0.000417529
0.000266337
0.000772021
0.000852368
0.000333643
0.00154612
0.000758604
0.000511655
0.00063109
0.000283717
9.59364e-05
0.000745603
0.000537708
0.000468562
0.000685521
0.000565938
0.000716227
0.000166125
0.000784654
0.000284696
0.000371871
0.000525471
0.000739377
0.000857183
0.00202757
0.000358839
0.000659739
0.000122652
0.000738351
0.000635496
0.000455505
0.00137759
0.000377501
0.000525399
0.000581394
0.000658739
0.00202022
0.000441679
0.000236788
0.000471323
0.000658098
0.00207792
0.000265368
0.000495267
0.000257215
0.000918439
0.000643673
0.00179458
0.00174294
0.000655643
0.000885064
0.000332227
0.000810322
0.000747616
0.000422841
6.51168e-05
0.000402791
0.000468282
0.00048633
0.000499357
0.000590862
0.00152114
0.000360188
0.000436251
0.00143778
0.000475277
0.00026337
0.00196259
0.00088922
0.000755085
0.000398712
0.000301415
0.000565671
0.000667406
0.000421199
0.000286058
0.001306
0.000948612
0.000936019
0.000444844
0.00118067
0.000369814
0.0017441
0.00109549
0.000590684
0.000552229
0.000506397
0.000239027
0.000549116
0.00102998
0.000479079
0.000717081
0.00157082
0.00074295
0.000348175
0.000253305
0.000455276
0.000454747
0.000387075
0.00150062
0.000597273
0.000644173
0.000584415
0.00145086
0.0007331
0.00134979
0.000103488
0.000716873
0.000466096
0.00051317
0.000989301
0.000698404
0.001102
0.000417347
0.000894232
0.000433462
0.000249182
0.000100504
0.000418722
0.000729061
0.000647163
0.000566635
0.000432178
0.000481249
0.000522594
0.000213676
0.000596958
0.000827114
0.000656466
0.00978304
0.000353837
0.000160933
9.52956e-05
0.000353975
0.000284433
0.000544115
0.000215843
0.00092023
0.00079343
0.000381767
0.000823933
0.00190292
0.000881431
0.000327245
0.00054159
0.000631765
0.0015527
0.000658683
0.000325446
0.000483092
0.000317257
0.00049502
0.000557026
0.000924871
0.000647631
0.000345366
0.000544047
0.000840176
0.000629337
0.000680739
0.000342702
0.000331728
0.00030045
0.000630132
0.000639268
0.000606301
0.000270657
0.000110039
0.000581085
0.00162594
0.000490739
0.000436108
0.000355504
0.000598861
0.000649339
0.000419362
0.000439412
0.000508626
0.000590186
0.000774541
0.000414585
0.00511989
9.04378e-05
0.000963598
0.000454248
0.00036722
0.000611245
0.0011508
0.000455748
0.000815473
0.000557861
0.000631639
0.000235352
0.00420351
0.000271969
0.000563434
0.000451549
0.00105436
0.000555448
0.000413091
0.000479085
0.000483002
0.000725056
0.000345323
0.000233539
0.000664704
0.000354146
0.000794032
0.000434124
0.000353901
0.00594691
0.000452812
0.000252463
0.0003578
0.000294281
0.000564253
0.000104692
0.000260677
3.71068e-05
0.00120329
0.00057552
0.000479817
0.000393555
0.000482835
0.000709112
0.000620327
0.0012878
0.000389602
0.00032536
0.000515224
0.000430904
0.000709702
0.000940913
0.000431574
0.00030506
0.00257633
0.00073787
0.000474378
0.000491033
0.000465098
0.000521452
0.00187317
0.000612704
0.000904475
0.00035306
0.000558742
0.00181383
0.000521793
0.000152766
0.000796138
0.000317233
0.000681068
0.00132942
0.000478458
0.00113559
0.00095155
0.000461575
0.000677605
0.00372979
0.000593421
0.000548586
0.000431359
0.000873384
0.00856087
0.000909077
0.000870913
0.000164656
0.000892654
0.000758348
0.000564273
0.00179583
0.000314369
0.000637622
0.000604577
0.000409161
0.000915197
0.000707518
0.000754501
0.000673145
0.000290398
0.000326263
0.000609739
0.000472049
0.000526263
0.000540371
0.00158105
0.000824438
0.000759429
0.000572769
0.000338223
0.000511288
0.000135838
0.000352168
0.000816568
0.000396383
0.000469046
0.00036633
0.000310185
0.000602343
0.000366766
0.00105543
0.000445895
0.00037742
0.000843449
0.00143404
0.00272405
0.000318715
0.000299657
0.000294138
0.00149111
0.000508757
0.000488443
0.000351787
0.000651531
0.000667813
0.00073341
0.000382036
0.000398544
0.000389861
0.000607117
0.000646526
0.000679148
0.00103349
0.000324593
9.78223e-05
0.000951217
0.000831697
0.00127772
0.000620818
0.000584444
0.000935783
0.000351035
0.000740622
0.000376884
0.00024097
0.000981622
0.00193127
0.000396852
0.000465673
0.0003824
0.000753731
0.000846272
0.000714536
0.00019436
0.000231169
0.00483936
0.000535981
0.000249498
0.0153258
0.000452751
0.000624877
0.00154468
0.000169343
0.000647263
0.000324173
0.000314651
0.000492908
0.00031801
0.000329278
0.000140395
0.000764785
0.000660321
0.000644814
0.000393362
0.000343333
0.000378603
0.000921211
0.0012957
0.00080271
0.000493138
0.000720385
0.000873501
0.000652271
0.000543428
0.000785694
0.000493772
0.00612415
0.00089524
0.000405304
0.000879927
0.000909848
0.00175987
0.000684025
0.00118201
0.000449738
0.00134288
0.000587113
0.000439662
0.000601775
0.000268191
0.000480986
0.00102655
0.000190175
0.00041468
0.00164987
0.000131834
0.000379859
0.000500236
0.000183537
0.000300939
0.000436174
0.000474558
0.000150794
0.00047245
0.000553995
0.000454985
0.000331298
0.00112946
0.000312105
0.000368009
0.00043925
0.000199709
0.000337915
0.00125475
0.000610914
0.000559564
0.000790465
0.00102299
0.00818186
0.000517604
0.000943955
6.8521e-05
0.000410298
0.00106821
0.000568923
0.000771012
0.000558672
0.000363289
0.000971528
0.000712997
0.0017665
0.000182682
0.000984554
0.000334858
0.000603668
0.000731509
0.000368283
0.000256245
0.000295303
0.000576767
0.000654132
0.000551106
0.00072363
0.000323979
0.00144734
0.000503199
0.00162787
0.00046371
0.00249354
0.000282496
0.00103706
0.000495258
0.000347239
0.000872198
0.000820559
0.000520167
0.000459559
0.000360743
0.000441953
0.000681238
0.000618552
0.0007416
0.000595871
0.00114214
0.000294446
0.000460078
0.000115366
0.000509624
0.000462058
0.000859651
0.00235705
0.000858498
0.000707853
0.000282693
0.000503027
0.000491643
0.000644495
0.000716649
0.000721045
0.000180664
8.28263e-05
0.000608139
0.000455723
0.000435937
0.000684323
0.00056077
0.000542095
0.00161233
0.00050054
0.000382748
0.000303231
0.000611869
0.000241628
0.000216219
0.000362533
0.000525794
0.000744169
0.000424728
0.000747612
0.00288315
0.000433951
0.000522376
0.000729062
0.000311738
0.000710369
0.00129942
0.000357761
9.10907e-05
0.00136269
0.000481977
0.00112849
0.000382215
0.000494934
0.000980366
0.000786411
0.00134603
0.000429245
0.000823841
0.0005475
0.000616658
0.000619488
0.00109193
0.000612963
0.000779689
0.000526771
0.000414972
0.000316316
0.000720356
0.00081424
0.000605967
0.000681141
0.00158074
0.000744152
0.000641525
0.000760736
0.000182455
0.00651523
0.000464444
0.000709497
0.00045189
0.000519432
0.000106516
0.000939112
0.000161616
0.000340831
0.00216455
0.00164089
0.000902018
0.000358358
0.000314119
0.000734125
0.00108448
0.00065682
0.000460904
0.00013514
0.00263166
0.000398786
0.000418957
0.000566675
0.000934192
0.000977143
0.000235706
0.000235693
0.000598363
0.000354028
0.00860594
0.000296683
0.000558997
0.000545495
0.00065411
0.000567194
0.00203152
0.000490161
0.00178802
0.000610145
0.00146232
0.000599713
0.000611475
0.000378388
0.000473254
0.000896291
0.000473002
0.000778919
0.000672279
0.000432667
0.000240524
0.000255099
0.00111189
0.000146457
0.000718619
0.000552723
0.000368004
0.000552022
0.00113901
0.000255943
0.000741045
0.00025002
0.000875117
0.000521352
0.000937365
0.000221022
0.000792929
0.000629664
0.000465571
0.000189253
0.000503054
0.00066237
0.00110483
0.000678771
0.000807358
0.000653885
0.000233263
0.000323766
0.000786272
0.00282416
0.000444812
0.000696421
0.000590957
0.000399716
0.000599656
0.000544093
0.000379024
0.000803767
0.000264741
0.000614426
0.000330511
0.000782945
0.00118537
0.000489755
0.000640875
0.00016528
0.00063756
0.00107534
0.00577568
0.000635935
0.0169009
0.000948996
0.000178372
0.000517659
0.000866642
0.000301039
0.000263911
0.000561936
0.000135959
0.000526007
0.000186622
0.000199452
0.000661053
0.000358583
0.000418834
0.0011111
0.000607739
0.000207287
0.000482238
0.00031184
0.000623152
0.000496287
0.000338473
0.000342787
0.000559318
0.00319348
0.000910446
0.000532369
0.000304244
0.000462713
0.00036545
0.0104944
0.000442296
0.000606087
0.000414267
0.00156113
0.00139755
6.99984e-05
0.000356245
0.000496042
0.00167848
0.000943166
0.000481529
0.00066965
0.000795863
0.000466423
0.000446794
0.0031013
0.000579449
0.000203793
0.000912852
0.000469747
0.000502278
0.000509711
0.00452192
0.000925002
0.000302107
0.000567613
0.000478259
0.000415163
0.000984422
0.00334744
0.000381044
0.000551572
0.000633444
0.00510078
0.0026294
0.000358934
0.000167937
0.000378191
0.00102804
0.000599238
0.00793949
0.000472761
0.000323034
0.000485715
0.000153966
0.000711053
0.000573524
0.000645463
0.000423296
0.000968636
0.000702741
0.0010368
0.000430074
0.000424699
6.32572e-05
0.0011895
0.000405405
0.000444327
0.000191092
0.00143637
0.000494778
0.000639335
0.000600273
0.00057382
0.000481156
0.0004056
0.000791536
0.000343353
0.00147257
0.00160549
0.000535826
0.000962381
0.000790038
0.000528531
0.00201417
0.000699512
0.0002488
0.000506138
0.000234361
0.00060742
7.89495e-05
0.00104885
0.000549804
0.000324833
0.00040875
0.000621378
0.000445781
0.00116943
0.00156782
0.000226122
0.000523328
0.00107204
0.00302323
0.000396797
0.00140004
0.00333745
0.000481692
0.0006447
0.000387119
0.000299188
0.000599623
0.000455644
0.000722758
0.000580253
0.0078534
0.000554207
0.00323432
0.00038925
0.000348193
0.000431791
0.000234629
0.000624898
0.00275245
0.000961639
0.000621675
0.000149317
0.00027831
0.000775714
0.00110248
0.000496484
0.000413612
0.000174027
0.00386648
0.00182358
0.000690517
0.00277549
0.000854915
0.000554553
0.000418007
0.000299021
0.000444218
0.000653748
0.00061075
0.000468575
0.000453461
0.000384915
0.000460733
0.00021954
0.000476292
0.000337806
0.000905112
0.000308363
0.00030717
0.000668354
0.000131462
0.000777841
0.000688385
0.000705601
0.000678522
0.000955065
0.000738978
0.00031717
0.00200427
0.000601249
0.0005439
0.000534341
0.000538206
0.000285148
0.00132485
0.000611343
0.000490115
0.00347608
0.00134674
0.000437729
0.000441456
0.000834327
0.000555735
0.000592144
0.000190683
0.000718107
0.0223668
0.000368798
0.000449238
0.000244601
0.000796283
0.000269772
0.000327364
0.000379997
0.000166364
0.000528123
0.000233454
0.000438963
0.000678463
0.00033703
0.00037463
0.00040225
0.0013474
0.000447719
0.00149982
0.00158176
0.000441094
0.000415323
0.000477919
0.000590968
0.000369266
0.000324155
0.000208408
0.000344191
0.00162526
0.00318798
0.000381206
0.000985477
0.000681725
0.000243648
0.000708661
0.000417754
0.000507318
0.0010615
0.00569176
0.000341393
0.000953662
0.000695659
0.000456825
0.00118926
0.000462427
0.000687311
0.00034774
0.000441169
0.000566145
0.000317327
0.000409917
0.00052521
0.000689225
0.000449952
0.000462377
0.00135304
0.000658143
0.000267824
0.000662434
0.000213061
0.00394199
0.000299661
0.000779959
0.000360675
0.000425388
0.00106065
0.000473394
0.000347957
0.000149308
0.000919398
0.000568754
0.00116889
0.000466765
0.000339253
0.000161203
0.000437793
0.00022006
0.000351181
0.000585918
0.000461716
0.000252402
0.000528801
0.000519926
0.000464897
0.000873378
0.00132378
0.000537932
0.00126395
0.000839391
0.000615014
0.000821953
0.000988976
0.000523967
0.000559026
0.00042953
0.000398918
0.000390458
0.000759247
0.000345738
0.00030952
0.00130678
0.000569603
0.00225571
0.00288605
0.000380754
0.000646627
0.000463185
0.000334848
0.00081705
0.000207331
0.000204806
0.000577585
0.000355362
0.000545214
0.000327727
0.00030105
0.000355056
0.000481585
0.000265953
0.000439082
0.000655873
0.000603515
0.000368039
0.00101426
0.00122344
0.000625647
0.000273696
0.0013686
0.000388514
0.000395107
0.000278167
0.000182139
0.000515092
0.000717622
0.000466617
0.000267374
0.000407072
0.000388349
0.000325752
0.000285959
0
0.00026228
0.00066834
0.000540638
0.00147847
0.000191338
0.000296812
0.000493339
0.000499272
0.000258513
0.000246991
0.000415482
0.000867997
0.000160878
0.000860149
0.000163181
0.000200949
0.000902966
0.000108098
0.00105292
0.000815919
0.000328789
0.000246624
0.000766447
0.00142008
0.00034154
0.000273788
0.000422378
0.000511324
0.000458771
0.000407584
0.00039376
0.000547621
0.000433469
0.000128313
0.000991176
0.000597404
0.000347836
0.000456037
0.000488553
0.00325593
0.000375781
0.000532124
0.000376617
0.00046763
0.000478674
0.000252851
0.000698669
0.000717295
0.000339996
0.000353018
0.000417958
0.000606378
0.000632599
0.0391644
0.000355541
0.000596688
0.000873463
0.000565163
0.000397676
0.00068273
0.000269841
0.00274271
0.000492766
0.000480713
0.000644259
0.000953097
0.000441348
0.000651515
0.000867434
0.000906984
0.00090204
0.000512229
4.73019e-05
0.000595969
0.000501746
0.000213484
0.000532431
0.000664943
0.00105074
0.000421721
0.000380519
0.00088189
0.00094527
0.000740637
0.000282497
0.000865291
0.00119175
0.000354642
0.00299626
0.00105979
0.00435911
0.00035939
0.000714268
0.000875364
0.0012731
0.000912571
0.00184595
0.000650262
0.000857437
0.000372166
0.000737047
0.000569102
0.00020216
4.51533e-05
0.000724888
0.000531229
0.00131852
0.00105746
0.000392551
0.00090777
0.000492176
0.000800812
0.000342252
0.00136466
0.000468555
0.000627614
0.000790317
0.0044278
0.000650827
0.000655798
0.000529158
0.000443424
0.00121116
0.000909043
0.000532507
0.000568126
0.00108075
0.000382507
0.00113487
0.000263876
0.000832937
0.000565975
0.000356121
0.000343073
0.00232905
0.00123351
0.000809788
0.000265898
0.000910362
0.000181098
0.00050529
0.000321069
0.00049275
0.000435229
0.000750193
0.000626468
0.000499722
0.000330195
0.000393958
0.00144625
0.000370946
0.000788792
0.000534229
0.000233003
0.00120626
0.0022653
0.00102186
0.00161692
0.00030014
0.000310427
0.000369402
0.000740768
0.000657633
0.000242181
0.000301137
0.000397334
0.000653102
0.00068982
0.000791809
0.000560448
0.000776745
0.000831187
0.000254241
0.00107738
0.000761687
0.000177832
0.000243184
0.000666826
0.000570389
0.000196235
0.00129118
0.000358137
0.000643831
0.000676744
0.000576205
0.000446697
0.00116703
0.000286662
0.000414257
0.000314227
0.000323759
0.000354022
0.000205093
0.000851067
0.000701662
0.000976241
0.0003368
0.000742315
0.00151536
0.00112052
0.000362355
0.000637519
0.00159699
0.00113088
0.000800039
0.000446949
0.000840014
0.000574243
0.000109618
6.57074e-05
0.000517775
0.000506727
0.000484524
0.000442868
0.000771077
0.00060253
0.000690131
0.000596297
0.000159227
0.000885361
0.000131825
0.000324283
0.000507041
0.000441251
0.000402531
0.00100809
0.000669067
0.00273195
0.00202099
0.000439638
0.000537524
0.000270204
0.000445443
0.000489226
0.000352322
0.00289025
0.000607235
0.000612466
0.000607123
0.000578767
0.00555834
0.000458335
0.000291678
0.000717736
0.0010489
0.00136436
0.000454445
0.000623185
0.00133278
0.000237315
0.000364086
0.00630609
0.000870759
0.00018005
0.000314271
0.00414814
0.000179419
0.000457328
0.000501384
0.000676947
0.000394134
0.000480502
0.00652725
0.000456935
0.00181602
0.000587309
0.00026281
0.00214811
0.000861604
0.000139958
0.000398876
0.000473131
0.000245357
0.000622585
0.000368402
0.00165978
0.000623268
0.000341912
0.00141114
0.000194186
0.000928032
0.000258266
0.000524839
0.00147103
0.000464603
0.000741582
0.000507419
0.000950251
0.000588475
0.000990142
0.00209257
0.00311082
0.000503967
0.000411581
0.000314599
0.000490146
0.000540953
0.00013011
0.000496525
0.000508351
0.00064451
0.000493016
0.000552322
0.000655868
0.000482979
0.000456415
0.00147681
0.000464303
0.000380807
0.000414066
0.00030781
0.000443877
0.000602555
0.000690355
0.00117683
0.000414999
0.00121489
0.00037536
0.000495392
0.000651466
0.000671063
0.000427658
0.000390122
0.00104039
0.0154965
0.000531434
0.000443691
0.000865348
0.000635947
0.000583105
0.000432241
0.000415732
0.00149097
0.000441035
0.000319324
0.000866744
0.00038207
0.000356861
0.00102696
0.000483655
0.0005099
0.000662205
0.000406404
0.000360785
0.000634892
0.00056831
0.000449972
0.000854664
0.00302304
0.000179382
0.00489175
0.000808282
0.00122336
0.00071391
0.000427308
0.000614059
0.000630646
0.0010109
0.000436377
0.000393403
0.000930559
0.00296992
0.000318961
0.000370953
0.000470481
0.000232085
0.000636882
0.000577675
0.000219958
0.000253441
0.000559237
0.000964444
0.00086616
0.000304806
0.000507263
0.000425049
0.000250233
0.000333876
0.000468873
0.000511527
0.000576901
0.000629302
0.000672773
0.00453476
0.00048039
0.000216357
0.000539664
0.000548344
0.00053007
0.000684731
0.00154114
0.000609306
0.000482944
0.00394604
0.00054531
0.000495045
0.00155736
0.000709836
0.000433605
0.000535072
0.000559639
0.00034527
0.000827745
0.000752072
0.000623456
0.000817865
0.00156165
0.00106877
0.0008229
0.000396375
0.000899505
0.000467806
0.000584695
0.000571892
0.00402399
0.000510218
0.000178541
0.00457656
0.000603647
0.000363977
0.000275358
0.000882174
0.000701671
0.000350741
0.000589501
0.000445574
0.000539855
0.000458236
0.0022895
0.000939705
0.000338064
0.000243233
0.000905866
0.000420421
0.000758112
0.000816909
0.00185601
0.00034483
0.00513422
0.000478228
0.00107624
0.000547899
0.00045195
0.000244527
0.000499414
0.000428161
0.000292958
0.000438431
0.000627705
0.00074975
0.00039227
0.000550536
0.000699427
0.000860752
0.000683394
0.0130178
0.000497439
0.000563544
0.000698384
0.00141864
0.000756527
0.000376465
0.000922976
0.00103681
0.000613023
0.000611962
0.000804791
0.000649171
0.00204897
0.000872534
0.000457513
0.000707912
0.000507067
0.000323366
0.000351459
0.000330404
0.000350462
0.00291505
0.000708469
0.00059551
0.000694651
0.000335656
0.000216351
0.000152994
0.0143825
0.00182872
0.00791361
0.000597036
0.0022187
0.000518839
0.000816547
0.000471648
0.000558935
0.000657883
0.000416463
0.000167028
0.000648876
0.0145573
0.000424488
0.00043867
0.000325341
0.000313182
0.000326415
0.00219813
0.000483656
0.000398561
0.000375573
0.000413862
0.000449438
0.0005081
0.000409799
0.000419179
0.000597214
0.000151614
0.000243476
0.000182055
0.00146231
0.000983448
0.00063052
0.000668787
0.000512198
0.000623201
0.000656069
0.000541818
0.000305124
0.000427372
0.000697091
0.000727828
0.000517364
0.000576377
0.000296658
0.000718724
0.000256617
0.000574553
0.000155551
1.09493e-05
0.000374814
0.00134674
0.000347468
0.000871778
0.000449725
0.000402284
0.000965196
0.000942775
0.000477561
0.000229416
0.000656467
0.00113003
0.000854645
0.00103083
0.00051272
0.000408408
0.000781947
0.000524865
0.000446408
0.000336675
0.000694133
0.000852373
0.000550712
0.000659526
0.00097369
0.000539179
0.000279702
0.00130579
0.000461812
0.00166862
0.000472699
0.000808188
0.00055393
0.000451868
0.000607802
0.000383813
0.00114736
0.000435777
0.000387718
0.000406314
0.000236894
0.000644508
0.00073669
0.000653423
0.000343112
0.00442401
0.000541952
0.00450952
0.000419789
0.000341475
0.000648772
0.00065271
5.04118e-05
0.000397813
0.000746957
0.000312844
0.000452066
0.00117425
0.00170683
0.000668022
0.00559438
0.000659058
0.011182
0.00117592
0.0002077
0.000234035
0.00157396
0.000388548
0.000666423
0.00043931
0.000256889
0.000855648
0.000523905
0.000121883
0.000240675
0.000313134
0.00044863
0.000688763
0.000649522
0.000728715
0.000827075
0.000986016
0.000882535
0.000569874
0.000195831
0.000876351
0.000112824
0.00066798
0.00275314
0.000349362
0.000425171
0.00109661
0.000504473
0.00379886
0.000630503
0.000177468
0.000580558
0.000377938
0.00029669
0.000602288
0.000346285
0.000218448
0.000242445
0.000487963
0.000386091
0.00175045
0.000557275
0.00047756
0.000213895
0.000721178
0.00055911
0.000543624
0.000403631
0.000240571
0.000101179
0.00324401
0.000492969
0.000294778
0.000563363
0.00108976
0.000527992
0.000735369
0.000854773
0.000623056
0.000193471
0.000360575
0.000662714
0.000312373
0.000455148
0.000603404
0.000985218
0.000522744
0.000820666
0.000245137
0.00566931
0.000574743
0.000701774
0.000623446
0.000482534
0.000247189
0.000306387
0.00051003
0.00060076
0.000653733
0.000960524
0.000295454
0.00393493
0.000979645
0.00179765
0.000391435
0.000179863
0.000831753
0.00053985
0.000460163
0.000541561
0.000375954
0.000417938
0.000523665
0.000515743
0.000887441
9.32789e-05
0.00297026
0.000397491
0.000542897
0.000658266
0.000419218
0.000661353
0.00291393
0.00067829
0.00139586
0.000498627
0.00222707
0.000321344
0.0020331
0.00101988
0.000530429
0.000706863
0.000345128
0.000182836
0.000735429
0.000394687
0.000822622
0.000380584
0.000116233
0.000454901
0.000516955
0.000578309
0.000458197
0.000759408
0.00037389
0.00118922
0.00104863
0.000912544
0.000974417
0.00106145
0.00033423
0.000263486
0.000722424
0.00051065
0.000591401
0.000782614
0.00252189
0.00047961
0.00100838
0.00024865
0.000269362
0.000626456
0.000407466
0.000862329
0.000609379
0.00098974
0.000329542
0.000631597
0.000621738
0.000458291
0.00071265
0.000392847
0.000203563
0.000307875
0.000543528
0.00020023
0.00069912
0.000448908
0.000738951
0.000737875
0.000219677
0.000970668
0.000481616
0.000591685
0.000500435
0.00117399
0.000707595
0.000390393
0.0011785
0.000723949
0.000641431
0.000416418
0.00280906
0.000634811
0.000465483
0.00111543
0.000303823
0.000908962
0.000271546
0.000484733
0.000550201
0.000631787
0.000852985
0.00034749
0.00012213
0.00103374
0.000575826
0.00145473
0.000532501
0.000410149
0.000499467
0.00100623
0.000246394
0.000317489
0.00254721
0.00225728
0.000855181
0.00110996
0.000792833
0.000419208
0.000392726
0.000546691
0.000384033
0.000400903
0.000762018
0.000368135
0.000251662
0.000221429
0.000252961
0.00453316
0.000228699
0.00163758
0.000561735
0.000697165
0.000490618
0.000600583
0.000610735
0.00521332
0.000321055
0.00113304
0.00047927
0.000617841
0.000837887
0.000252917
0.00143527
0.000366267
0.000765585
0.000600888
0.00672414
0.000275533
0.000292327
0.000761922
0.000736463
0.000381936
0.000820312
0.00128512
0.000776604
0.0004204
4.01271e-05
0.000255014
0.000600077
0.000591755
0.00054641
0.000205556
0.000435889
0.000646872
0.0011297
0.000303563
0.000741494
0.000459823
0.00044288
0.000448055
0.000557313
0.000475346
0.00049022
0.000402739
0.00054812
0.000290228
0.00125379
0.000392304
0.000561197
0.00059422
0.000241365
0.00068846
0.000422388
0.000994977
0.000505526
0.00055628
0.000268641
0.00032724
0.000492366
0.000279321
0.00067907
0.00357369
0.00113506
0.000819749
0.000832066
0.000924027
0.000654728
0.000403836
0.0032717
0.000632685
0.000442868
0.000145846
0.000490553
0.000608322
0.000498051
0.000223526
0.000500535
0.000455896
0.000164206
8.79552e-05
0.00035534
0.000706592
0.000522386
0.000791869
0.000581444
0.0004042
0.000289499
0.000576074
0.000237101
0.000639404
0.00050952
0.000362487
0.000543603
0.000655736
0.000619968
0.000291625
0.000130407
0.000759996
0.000600877
0.000812474
0.000480697
0.000290485
0.000549183
0.00055297
0.000227316
0.000440239
0.000887016
0.000427217
0.00100862
0.000622554
0.000857887
0.00106591
0.000774021
0.000364919
0.000355851
0.000248915
0.000545493
0.000622663
0.000353802
0.000557453
0.00103467
0.000623769
0.00043167
0.000960134
0.000412582
0.000321858
0.000442984
0.000548695
0.000519755
0.000793304
0.000553776
0.000314421
0.000570588
0.000551581
0.00015812
7.03514e-05
9.21939e-05
0.000704439
0.000413953
0.00043433
0.000762296
0.000755385
0.00104977
0.000579615
0.000897553
0.00123165
0.000626174
0.000478294
0.000317733
0.000498392
0.00177382
0.000722522
0.000712315
0.000707877
0.00108768
0.00583645
0.00071623
0.000637587
0.000785838
0.000594601
0.000583387
0.000917078
0.000654749
0.000228009
0.000935542
0.00060234
0.000300994
0.000620059
0.000346735
0.00358677
0.00050906
0.00363415
0.000553273
0.000457774
0.000323967
0.00403549
0.000399728
0.000563958
0.000906298
0.000389416
0.000227968
0.000430191
0.000402893
0.000239894
0.000962491
0.000608399
0.000494283
0.000404754
0.00134127
0.00148078
0.00113524
0.000572398
0.000725215
0.00092608
0.000577091
0.000343711
0.00033127
0.00123857
0.00039909
0.000531018
0.000790823
0.000607032
0.000367729
0.000244335
0.00532722
0.000723174
0.000681151
0.000343751
0.00108822
0.000717748
0.000470886
0.00040835
0.000187217
0.000385129
0.000378155
0.000129872
0.000242922
0.000439423
0.000753955
0.000562227
0.000456499
0.00126399
0.000545922
0.000665485
0.000343292
0.000490683
0.00076688
0.000825082
0.00070971
0.00103076
0.0003993
0.000320206
0.000101953
0.000826187
0.000324002
0.000230451
0.00125792
0.000398656
0.000459758
0.00163755
0.000990933
0.000522263
0.0015952
0.000984045
0.000342452
0.000480077
0.000821289
0.000764376
0.00102434
0.00124725
0.000498553
0.00149522
0.000460061
0.000779884
0.00286633
0.000202562
0.000891668
0.00120017
0.000618556
0.00206618
0.00050804
0.00133956
0.000508867
0.000261491
0.000580726
0.000465253
0.000579085
0.000281654
0.000447577
0.000196894
0.000487707
0.000588574
0.00085131
0.00151592
0.000359527
0.000776952
0.000469093
0.000583943
0.00045262
0.000182497
0.0011044
0.00150547
0.000407458
0.000668455
0.000464264
0.000332332
0.000299568
0.000339165
0.000295395
0.000181172
0.00214716
0.000306543
0.000594398
0.000758596
0.000243711
0.000414739
0.00209584
0.00109466
0.00060612
0.000901798
0.000962942
0.000623226
0.000344655
0.000876285
0.000245099
0.00081951
0.000307007
0.000136761
0.000269123
0.00112533
0.000389463
0.000678608
0.000358703
0.000515654
0.000689781
0.000420171
0.000207614
0.000256724
0.000518265
0.000701749
0.000407756
0.0034301
0.000329835
0.000871801
0.000523486
0.000629681
0.000404537
0.00061621
0.000461958
0.000688891
0.000414839
0.000422851
0.000497137
0.000494915
0.000418224
0.0004927
0.00145268
0.000159433
0.00111274
0.000419084
0.00447528
0.000814934
0.000486345
0.00028951
0.000631203
0.000691209
0.000788537
0.000510671
0.000694011
0.000724657
0.000512533
0.000568732
0.000660121
0.000285867
0.000609706
0.000247284
0.000219878
0.00102127
0.00108239
0.00184471
0.000402328
0.000706983
0.000255483
0.00363962
0.000333979
0.000436191
0.000741107
0.000721965
0.0108392
0.000475833
0.000580424
0.00133442
0.000416407
0.000382086
0.000698918
0.000360419
0.000837929
0.00111316
0.000972163
0.000516029
0.0130614
0.000417476
0.000446476
0.000515778
0.000347969
0.000283655
0.000403889
0.000556392
0.000315629
0.000362165
0.000694644
0.000686528
0.000154251
0.00061701
0.000456852
0.000889425
0.000437276
0.000221182
0.000135579
0.00239944
0.00046774
0.000605959
0.000510558
0.000258837
0.00039748
0.000660345
0.000440402
0.000310143
0.00073317
0.000546804
0.000275263
0.00130453
0.000769061
0.000514595
0.000892612
0.00109854
0.000371523
0.00189769
0.000308984
0.00365101
0.000303311
0.000984035
0.000595012
0.000243937
0.00207682
0.000692498
0.000661361
0.000617022
0.0013091
0.000646777
0.000630703
0.000265918
0.000519117
0.0008205
0.000635429
0.000338372
0.000543992
0.000579786
0.00074014
0.000139978
0.00248842
0.00177903
0.000527862
0.000351029
0.000396043
0.000749967
0.000832771
0.000994246
0.000404063
0.000821401
0.00260608
0.000273492
0.000290861
0.00101586
7.61454e-05
0.00045057
0.000732902
0.00131263
0.000764667
0.00080416
0.00112665
0.000847894
0.000577191
0.000348522
0.000244067
0.00110024
0.00133962
0.000337895
0.000260259
0.000398407
0.000797073
0.000709035
0.000388995
0.000775818
0.00108214
0.00083973
0.000634239
0.00066577
0.00055484
0.000324108
0.000449293
0.000442256
0.000431753
0.000261974
0.000453177
0.000379321
0.000395617
0.000488412
0.000505269
0.0027418
0.000744333
0.0012408
0.00101088
0.000424234
0.000205798
0.00158296
0.000344027
0.00058533
0.000435352
0.0004836
0.000355868
0.000898314
0.00105249
0.000868709
0.000741743
0.00122944
0.000356105
0.000934171
0.000756048
0.00116483
0.000518011
0.00134269
0.000548761
0.000605472
0.000683345
0.00122174
0.000508552
0.000795981
0.000216235
0.00202046
0.000686625
0.000745656
0.000725676
8.82641e-05
0.000547415
0.000600284
0.000605287
0.000498578
0.000753043
0.000539532
0.000768685
0.00055218
0.000585925
0.000757685
0.00122678
0.000553037
0.000248077
0.000407658
0.000802912
0.000970504
0.000375872
0.000404542
0.000536685
0.0014462
0.00050184
0.00116989
0.000834331
0.00190329
0.000978914
0.000493037
0.00139492
0.000443322
0.000419038
0.000719513
0.000209093
0.00100948
0.000305263
0.00206141
0.00058105
0.000581304
0.000350049
0.000103547
0.000692813
0.000669787
0.000459694
0.000457941
0.000544181
0.00084401
0.000698188
0.00121156
0.00054596
0.00102548
0.000940588
0.000795929
0.000219627
0.00029317
0.000952597
0.000345779
0.000238785
0.000412621
0.000168005
0.000588526
0.000602306
0.000516598
0.000168502
0.000726361
0.00128901
0.000398162
0.000477722
0.00124454
0.000344458
0.000511523
0.000521368
0.000514981
0.000165358
0.000501385
0.00053847
5.37938e-05
0.000550762
0.000637943
0.00115158
0.000578391
0.000256545
0.000920072
0.000516201
0.00441409
0.000206962
0.000840025
0.000722622
0.00105728
0.000407806
0.000690882
0.000505548
0.000444837
0.00159828
0.000386218
0.000813652
0.00045347
0.000259869
0.000471748
0.000431494
0.000664214
0.000250593
0.00048842
0.000832391
0.000652355
0.00044977
0.000779561
0.00135444
0.000299005
0.000457045
0.000202754
0.000942131
0.000330719
0.000353629
0.000499604
0.000367667
0.000614809
0.000466022
0.000339603
0.000532437
0.000660025
0.000608984
0.000700775
0.000375732
0.00336219
0.000461069
0.000569906
0.0051136
0.000529092
0.0169469
0.000479913
0.000446695
0.000513922
0.00108509
0.0011496
0.00144691
0.000585289
0.00075082
0.00352435
0.000260732
0.000121564
0.000143042
0.000454579
0.00104005
0.000213016
0.000407564
0.000576318
0.000438449
0.000908546
0.00156535
0.0142271
0.00476158
0.000825528
0.000537723
0.000739158
0.000418826
0.00052713
0.00109733
0.000398533
0.000383019
0.000379385
0.000528786
0.000406484
0.000140838
0.00255222
0.000534225
0.000613117
0.000198681
0.000834853
0.000671209
0.000112596
0.000435814
0.00086616
0.000277294
0.000484787
0.000312311
0.00439303
0.000287316
0.000547446
0.000453421
0.000754172
0.000814529
0.000514105
0.000318849
0.000744776
0.00128434
0.000485042
0.000316175
0.00181158
0.000921306
0.000599243
0.00046845
0.00126019
0.000477237
0.000278634
0.000385694
0.00054758
0.000730164
0.000504267
0.000477058
0.000615831
0.000609156
0.00127588
0.000298494
0.00031431
0.000385011
0.000242049
0.00071433
0.000559477
0.000411073
0.000266112
0.000468625
0.000549441
0.000640263
0.000383087
0.000330733
0.000652543
0.00070657
0.000435569
0.000739437
0.000465112
0.000694843
0.00162796
0.000180151
0.00106942
0.00316879
0.000501913
0.000538954
6.17446e-05
0.000450847
0.00187041
0.000406739
0.000502109
0.000657369
0.000499014
0.000282666
0.000465644
0.000434315
0.00069843
0.00356703
0.000478721
0.000459257
0.000581912
0.000587014
0.00082746
0.000814933
0.000882368
0.00101273
0.000488531
0.00453732
0.000987631
0.00033935
0.000537358
0.000583055
0.00105165
0.000231021
0.000270396
0.000681035
0.000205736
0.000417995
0.00142467
0.000489746
0.000992561
0.000457685
0.000367633
0.000525227
0.000547712
0.000346591
0.000955375
0.000966897
7.33475e-05
0.000333365
0.000355705
0.0013091
0.00019786
0.000681399
0.00124312
0.000424194
0.00126302
0.000731547
0.00111404
0.000239042
0.00143576
0.00074407
0.000562511
0.000714783
0.000732449
0.000337395
0.000415247
0.000486384
0.00100834
0.00420195
0.000251299
0.000162584
0.000190449
0.000412175
0.000291607
0.00144397
0.000360922
0.000644734
0.0001169
0.000371807
0.00034264
0.000636575
0.00141966
0.000314536
0.00046569
0.0004568
0.00099133
0.000320385
0.00049543
0.000421217
0.00112336
0.0015531
0.000379259
0.000913003
0.000735655
0.00154721
0.000616296
0.000543682
0.000611287
0.000685005
0.0019973
0.000819248
0.000869211
