0.00179866
0.00551667
0.000902706
0.00329661
0.00259987
0.00104545
0.00162479
0.00140113
0.00166102
0.00101011
0.000846474
0.00232623
0.00314236
0.00113269
0.00100282
0.00182846
0.00152223
0.000727666
0.00138497
0.00141394
0.00131327
0.00142227
0.000490237
0.00422367
0.00276337
0.00149994
0.00314196
0.0012457
0.00127264
0.00573548
0.00160478
0.00139976
0.00143836
0.0011091
0.00146142
0.00238721
0.00222575
0.00318183
0.00131482
0.000709967
0.000985463
0.0018677
0.0016674
0.0008365
0.00348601
0.00261024
0.00218532
0.00172159
0.000767781
0.00158876
0.00185238
0.00168
0.0021245
0.00112788
0.000341134
0.001083
0.000877737
0.00188024
0.00144472
0.00120092
0.00113961
0.00571829
0.00119968
0.000993658
0.00143179
0.00125318
0.000796571
0.00196406
0.00205945
0.00194811
0.000628673
0.00183291
0.00111547
0.00118011
0.00153295
0.000505692
0.000971057
0.00100283
0.000819368
0.00264353
0.00140168
0.00117503
0.00495941
0.0018088
0.0043256
0.00154332
0.000875102
0.00174233
0.00202529
0.00132511
0.00134393
0.00161403
0.00220308
0.00245674
0.00325992
0.000764487
0.00188291
0.00158665
0.00269779
0.00313145
0.00117407
0.00116675
0.00167671
0.00167636
0.00182149
0.0127558
0.00124907
0.00125158
0.00237248
0.00119016
0.000787309
0.0023811
0.00127332
0.000952793
0.00168793
0.000991436
0.00132581
0.00189261
0.00266208
0.00278062
0.00189746
0.00137508
0.00333699
0.00132355
0.00153768
0.00177268
0.00189703
0.00197663
0.0012158
0.00215204
0.00149539
0.00193229
0.00336874
0.00249463
0.000897166
0.00131212
0.00200569
0.00199509
0.00181327
0.00122915
0.00099632
0.00184533
0.00272976
0.00204807
0.00185631
0.00105714
0.00163678
0.00218519
0.00146789
0.00140826
0.00249978
0.00154315
0.000778669
0.00122386
0.000649307
0.000766094
0.00188603
0.000763449
0.00187818
0.00261206
0.000927086
0.0041728
0.00103716
0.00133119
0.00170868
0.00191215
0.00576854
0.00182883
0.00167124
0.00147206
0.00163893
0.00132694
0.00249848
0.00209042
0.00294953
0.000818936
0.0016204
0.00304969
0.00138117
0.00219391
0.000715581
0.000785488
0.00127306
0.00198143
0.000871339
0.00174831
0.0406899
0.00156039
0.0009931
0.00208863
0.00264787
0.000621471
0.00185644
0.001543
0.00113233
0.000857829
0.00648627
0.00200297
0.00192743
0.00119839
0.00127029
0.00143522
0.00182861
0.00254681
0.000550118
0.00695395
0.00305838
0.00481621
0.000945256
0.00134431
0.0013427
0.00143922
0.000978866
0.00292502
0.00117471
0.00502934
0.000457236
0.00163542
0.00493156
0.000655328
0.00130221
0.00964353
0.000983013
0.000465404
0.00112485
0.00151696
0.00173837
0.00101542
0.00167002
0.00139442
0.00207067
0.00147617
0.00143635
0.00255175
0.0024614
0.0102853
0.00463247
0.000741744
0.00129536
0.00162579
0.00115056
0.0025404
0.00128692
0.00140068
0.00153486
0.00109549
0.00206002
0.00102099
0.00230823
0.00228885
0.00102389
0.00183696
0.015537
0.00165146
0.00218361
0.000994609
0.00121129
0.00179776
0.00298922
0.00168421
0.00247682
0.000307553
0.00137591
0.00259556
0.00566885
0.00252678
0.00121571
0.00226377
0.00240622
0.00186716
0.00235325
0.0019017
0.00412706
0.00064652
0.00296386
0.00209353
0.00250553
0.000554804
0.00322065
0.00259219
0.00565355
0.00386396
0.00153786
0.00174147
0.00109659
0.00119758
0.00113641
0.00195067
0.00262712
0.0132112
0.00391629
0.00261796
0.00149086
0.0027748
0.00179286
0.00180561
0.00258581
0.00153783
0.00172909
0.00140455
0.00151492
0.00122087
0.00269165
0.00106267
0.00690347
0.00299744
0.00137566
0.00102353
0.00167746
0.00083826
0.00110362
0.000487343
0.0025903
0.00149961
0.00195863
0.0192739
0.000775836
0.00156688
0.00147236
0.00258837
0.00246892
0.00333692
0.00184703
0.0013826
0.00216439
0.00265622
0.00120878
0.00424021
0.00155822
0.000787609
0.00318898
0.00335531
0.00141386
0.00357462
0.00167353
0.00214571
0.00513233
0.00328178
0.000740792
0.00545175
0.00156265
0.00200054
0.00187025
0.00123537
0.00193759
0.00707577
0.000361191
0.00155265
0.00205035
0.000973223
0.00204118
0.00150297
0.00156787
0.000947621
0.00236205
0.00125728
0.00146949
0.00131358
0.002449
0.00671165
0.00138555
0.000726269
0.00107813
0.148348
0.00183971
0.0041362
0.0018554
0.00212737
0.000677082
0.00295735
0.00169531
0.00280016
0.00124344
0.00205635
0.000752143
0.00258591
0.00179262
0.00169581
0.00220225
0.00212551
0.00166975
0.00131547
0.00179892
0.0010784
0.00235294
0.0028855
0.00206354
0.00172728
0.00183609
0.00127398
0.00195896
0.00152217
0.0207116
0.00209228
0.00141606
0.0012598
0.00117158
0.00232954
0.00172167
0.00138415
0.00212189
0.00276725
0.00183409
0.000947456
0.000929007
0.00182139
0.00191653
0.000786427
0.00150623
0.00362612
0.00108138
0.00205267
0.00105931
0.001269
0.00150927
0.00152191
0.00123842
0.000960831
0.00202386
0.00294605
0.00526396
0.000700937
0.00256697
0.000687886
0.00131566
0.00321814
0.00176803
0.00227725
0.00139084
0.000620063
0.00121186
0.00159428
0.0014207
0.0119379
0.00256483
0.001213
0.00196424
0.0039132
0.00120619
0.00198479
0.00159678
0.00223782
0.00149326
0.00146328
0.00258508
0.0034915
0.00159099
0.00150086
0.00790379
0.000913453
0.0124142
0.00232535
0.00120431
0.00155993
0.00128537
0.00138035
0.00235539
0.0018828
0.00114019
0.000862505
0.00262912
0.00103764
0.00160115
0.00943246
0.00087219
0.00131309
0.00116874
0.00167595
0.00364017
0.00180795
0.00150251
0.00164772
0.00147619
0.00114763
0.00340951
0.00112969
0.00150366
0.00452248
0.00143318
0.00455591
0.00181053
0.00100195
0.00208598
0.00139946
0.000998599
0.000917921
0.0014098
0.00229978
0.00203536
0.00104809
0.0018949
0.000575669
0.00130305
0.00134693
0.00166702
0.00297818
0.00161201
0.00123079
0.00201796
0.0024241
0.000771531
0.00238851
0.000671819
0.000837909
0.00675718
0.00179117
0.00175845
0.0031304
0.000736062
0.00134666
0.00104777
0.0016855
0.00173797
0.00149843
0.0111637
0.00456533
0.00151493
0.000570962
0.00666456
0.00292971
0.00713319
0.00153043
0.0100577
0.00914545
0.000901203
0.00336241
0.00105648
0.00276597
0.0210799
0.0015924
0.0014162
0.00233358
0.00103088
0.00148898
0.000859664
0.00151103
0.00170465
0.00182645
0.00120753
0.00193133
0.00128339
0.00163691
0.00142761
0.00131182
0.00191156
0.00152094
0.000953938
0.000799287
0.00201092
0.00124839
0.00100627
0.00276075
0.00165118
0.00118275
0.0015276
0.00187535
0.00176094
0.00195604
0.0014707
0.000915757
0.00213523
0.00183328
0.000994072
0.00102456
0.00294692
0.00161156
0.000821352
0.00278538
0.00739143
0.00130535
0.00088893
0.00158412
0.00132094
0.000976625
0.001519
0.00285027
0.00214893
0.00340559
0.00111531
0.00166898
0.00257729
0.000967138
0.00150403
0.00114277
0.00234724
0.00153919
0.00306934
0.00279077
0.0015542
0.0015233
0.0036938
0.00151315
0.00169966
0.00263872
0.00536952
0.00177356
0.00180501
0.0013625
0.000570773
0.00120859
0.00703465
0.00378989
0.00188035
0.00362221
0.00184652
0.00124503
0.00392635
0.00129001
0.00142186
0.00185641
0.0026184
0.00295712
0.00610029
0.00100847
0.00253678
0.00255546
0.00128798
0.00631315
0.00107349
0.000765275
0.00349395
0.000635418
0.00602468
0.00134
0.00175809
0.00099046
0.0026727
0.00170451
0.00179542
0.0228603
0.00239637
0.000648167
0.0015725
0.008781
0.00136129
0.00147861
0.00231619
0.00283794
0.00175598
0.00158783
0.00314639
0.00147371
0.00103433
0.00292072
0.00181251
0.0022466
0.00253644
0.00181958
0.00159221
0.00142033
0.00146652
0.00172735
0.00123463
0.00116406
0.00102415
0.00213119
0.0020407
0.0010561
0.00127833
0.000676548
0.00205451
0.0058501
0.00151012
0.00046381
0.00239302
0.0157435
0.00243176
0.0017802
0.00148739
0.000887639
0.000959288
0.00138709
0.00242304
0.00330003
0.00133047
0.00166643
0.00144008
0.00346938
0.00310635
0.00147127
0.00215127
0.01365
0.00155532
0.0010803
0.00265479
0.00156637
0.000920201
0.000667369
0.00121321
0.00153941
0.0524547
0.00120248
0.00138741
0.00103812
0.00159956
0.00349619
0.00542964
0.0112986
0.00355369
0.00166401
0.00197579
0.00127262
0.00158035
0.0029236
0.00597613
0.000559878
0.00321641
0.000980712
0.00130436
0.00651856
0.00263146
0.0011489
0.0024798
0.000438478
0.00291443
0.000640036
0.00289611
0.00376761
0.00309041
0.0099888
0.00286003
0.00444103
0.00119923
0.00982516
0.00294404
0.00206077
0.00112858
0.00221641
0.00250307
0.00295513
0.0026279
0.00171694
0.00138473
0.00308664
0.0021095
0.00117109
0.00168246
0.00893959
0.00152498
0.00165734
0.000887352
0.00287681
0.00191857
0.00103561
0.00134879
0.00164715
0.00173641
0.00271076
0.000838398
0.00235431
0.00155219
0.00164248
0.00236416
0.000937318
0.00115659
0.000452948
0.00209804
0.00134998
0.00223888
0.00154694
0.000371166
0.0017522
0.00255924
0.0015563
0.0182382
0.00622072
0.00107466
0.00125021
0.00227179
0.00161895
0.00174995
0.00825772
0.000934487
0.00272132
0.00184117
0.00139713
0.00185954
0.00261705
0.000684944
0.00135741
0.00187579
0.00545462
0.0019798
0.00954106
0.00091841
0.00876251
0.000994877
0.00179724
0.013397
0.0367651
0.00688102
0.000788365
0.00327658
0.0015796
0.00359883
0.00136709
0.00183829
0.000971228
0.00178332
0.0592061
0.00617871
0.00736138
0.000568624
0.00135642
0.00226415
0.00138461
0.00175027
0.00863146
0.00146925
0.00850391
0.00100714
0.00140807
0.00188162
0.00142811
0.00258089
0.00162029
0.00203738
0.00155119
0.00138624
0.00141059
0.0021244
0.00212404
0.00131619
0.00409942
0.00122731
0.00468767
0.00125741
0.00211804
0.0186853
0.00177851
0.00269974
0.00185184
0.000850862
0.00214387
0.00116042
0.00174738
0.00167701
0.00101506
0.00136123
0.00297543
0.00855437
0.00142385
0.00300038
0.000828888
0.00103274
0.00351084
0.00615266
0.000638989
0.00493138
0.00127798
0.00103099
0.00216354
0.00203213
0.00130849
0.000420444
0.00158004
0.000588111
0.00120645
0.00144922
0.00244159
0.00282023
0.00123132
0.00127791
0.00242297
0.043447
0.000962333
0.00462623
0.0235594
0.00146606
0.00217167
0.00248231
0.00195734
0.00134293
0.00140051
0.00288865
0.00132725
0.00251485
0.00312859
0.00167099
0.00533856
0.00450278
0.00288033
0.00137928
0.00201539
0.00160994
0.000857221
0.00300617
0.0171485
0.00149169
0.00618675
0.00124939
0.00131117
0.00108508
0.00130088
0.00242839
0.00628013
0.00801238
0.00193768
0.00269635
0.00186877
0.00183992
0.00244305
0.00193467
0.00132366
0.00436588
0.00282592
0.00213068
0.0010741
0.00149957
0.00131495
0.00222975
0.00226225
0.00213663
0.00139388
0.00153099
0.00126927
0.00222122
0.0012733
0.00241591
0.00141831
0.00280984
0.00199081
0.00279715
0.00118882
0.00146566
0.00122207
0.00211297
0.00125392
0.00180058
0.00224028
0.00133071
0.0011347
0.00131467
0.00416812
0.0015562
0.00244299
0.002134
0.0016742
0.00301924
0.00197485
0.00133052
0.00419826
0.00199894
0.00302036
0.00132582
0.00122924
0.00132276
0.00237057
0.000535982
0.00176586
0.0085475
0.000858856
0.00225396
0.00162873
0.00264573
0.000751198
0.0181646
0.00107745
0.00148205
0.00103525
0.00150454
0.00123161
0.0014656
0.00177817
0.0015683
0.00160371
0.00305341
0.0149853
0.000752735
0.00140837
0.00132977
0.00180316
0.00299553
0.000779146
0.000997037
0.00130926
0.00276177
0.0020509
0.00122375
0.00833151
0.00192665
0.00149616
0.00155547
0.00105589
0.000675096
0.00191541
0.00186394
0.00172612
0.00199319
0.000535602
0.00131998
0.000569834
0.000657366
0.00848761
0.00263118
0.00042732
0.00136761
0.00316961
0.00136205
0.00120544
0.00610538
0.00143769
0.00230835
0.000607516
0.00261706
0.00106058
0.00532953
0.0009754
0.00122943
0.00120166
0.00114189
0.00196194
0.000612088
0.00168193
0.00184697
0.00120354
0.00131475
0.00143894
0.00158955
0.00228412
0.00173654
0.00278636
0.0025492
0.00332895
0.00128058
0.00387015
0.00131645
0.00103767
0.00139323
0.0032509
0.00251723
0.00109806
0.00237507
0.00139271
0.00131178
0.00142591
0.00154794
0.00542946
0.00146365
0.00186761
0.0053279
0.00207679
0.00105533
0.00179571
0.00118581
0.00178733
0.00249007
0.00202823
0.000804522
0.00116867
0.000385035
0.00165279
0.00250783
0.000758305
0.00122433
0.00148181
0.00206033
0.000642024
0.00131214
0.00199887
0.00220686
0.00365036
0.00137533
0.00189322
0.00151783
0.000824157
0.00208579
0.00278169
0.00164562
0.00140271
0.000737685
0.00163002
0.00164378
0.00104634
0.0023456
0.00201098
0.00128998
0.00234552
0.00184038
0.000509285
0.000798945
0.00175413
0.00643687
0.00132285
0.00223703
0.00183171
0.0028156
0.00102707
0.000866018
0.00122621
0.000952943
0.00205849
0.000712942
0.00180147
0.00144519
0.00137714
0.00124644
0.0013356
0.00213006
0.000989508
0.00223597
0.00138981
0.00167984
0.0040973
0.00274922
0.00179523
0.00163336
0.00117887
0.00200949
0.000410631
0.00168679
0.00405076
0.00207075
0.000944552
0.00252564
0.00134901
0.00136812
0.00195309
0.00125395
0.00184573
0.00116376
0.0024961
0.00212746
0.00149411
0.00108146
0.000816854
0.00154721
0.003237
0.00203817
0.000700367
0.00193147
0.00259734
0.00291803
0.00212659
0.00202812
0.00130283
0.00241263
0.00209888
0.00126512
0.00210031
0.00336179
0.00154754
0.00493323
0.000787729
0.00211368
0.00247991
0.00486819
0.00547677
0.000940321
0.00244081
0.00288663
0.000405061
0.00193144
0.00130916
0.00146778
0.00178675
0.000989322
0.0035229
0.00401862
0.0017242
0.00169994
0.000890415
0.00199653
0.00101109
0.00151449
0.00149205
0.000296303
0.000936468
0.00209442
0.0031186
0.00167401
0.00472702
0.00071833
0.00190289
0.00217853
0.00399456
0.00183817
0.00138252
0.00298041
0.00272593
0.00201711
0.000961225
0.000576796
0.000892175
0.00154594
0.0157592
0.00115587
0.000786787
0.00183612
0.00245417
0.00197731
0.00132483
0.00160546
0.00132292
0.0014834
0.000949043
0.00191756
0.00112582
0.00351544
0.00162749
0.00171668
0.00147033
0.00117252
0.00201333
0.00605159
0.00135923
0.00228687
0.00383278
0.000688457
0.00193565
0.000470385
0.00139827
0.0010881
0.00153538
0.00421462
0.00110164
0.00151173
0.0010093
0.00347899
0.00205982
0.00198871
0.00107615
0.00141075
0.0017208
0.00147911
0.0013195
0.000843801
0.0020982
0.00162052
0.00167804
0.00162465
0.00113722
0.00484635
0.00119338
0.00176736
0.0166237
0.000941927
0.00125021
0.00285026
0.00367946
0.00260731
0.00215797
0.00262896
0.00095965
0.00220147
0.00184959
0.00238262
0.00157237
0.00102334
0.000645876
0.00107539
0.0014701
0.00115003
0.00532743
0.00109824
0.00420153
0.00243139
0.000547768
0.00350669
0.00152396
0.00173926
0.0034673
0.00193266
0.00136333
0.00113828
0.00271499
0.00290145
0.0011027
0.00214424
0.00110845
0.00470612
0.00258569
0.000926122
0.00164166
0.0016086
0.00119564
0.00240938
0.00254237
0.000931105
0.000804804
0.00184425
0.00154762
0.0016328
0.00162833
0.00111992
0.00084577
0.000894081
0.00113881
0.00221801
0.00228231
0.0032508
0.00201197
0.00139048
0.00182864
0.00249335
0.00463888
0.00131115
0.000887979
0.00161358
0.00386514
0.00114001
0.00131374
0.0060254
0.00216109
0.00165244
0.00216775
0.00237121
0.00146371
0.00263944
0.000628836
0.00125958
0.00210564
0.00198554
0.00348319
0.00228651
0.00068843
0.00393679
0.00320743
0.001267
0.00227898
0.00129372
0.00181592
0.0014315
0.0118557
0.00135391
0.000717202
0.00268618
0.000410652
0.00167487
0.000812498
0.00112561
0.00146184
0.0072809
0.00184733
0.00233618
0.00138541
0.000932983
0.00418937
0.00369268
0.00135427
0.000740776
0.00124469
0.00122914
0.00113402
0.00166317
0.00500212
0.000541078
0.0011235
0.00137186
0.0020197
0.00137662
0.00185916
0.0034437
0.00122666
0.00106845
0.00200692
0.000940443
0.00166188
0.00240289
0.00310407
0.00310524
0.00120854
0.00171564
0.0036758
0.00140864
0.00141513
0.00175618
0.00125444
0.000875035
0.00106895
0.00172327
0.000868808
0.00338394
0.00187905
0.0010372
0.00186257
0.000882253
0.00138323
0.000898965
0.00145647
0.000686754
0.00223769
0.00205865
0.00141062
0.00252403
0.00178278
0.00105002
0.00266059
0.00197167
0.00133523
0.000704456
0.00126186
0.00182513
0.00285533
0.000903668
0.0017257
0.00102661
0.0016089
0.0035087
0.00253232
0.00168767
0.00442827
0.000624506
0.00146574
0.00137891
0.00322497
0.00216975
0.00171095
0.00244982
0.00635593
0.00119344
0.00136324
0.00119996
0.00309512
0.000501078
0.00147908
0.00195458
0.00124059
0.0025252
0.00346731
0.00113809
0.00121702
0.002963
0.000969943
0.0013209
0.000689985
0.00151552
0.00246095
0.00233923
0.000764913
0.00225878
0.0037294
0.00129612
0.0016649
0.00141466
0.0028157
0.00163636
0.00337525
0.00515351
0.00208059
0.00242523
0.00132926
0.0010655
0.00301616
0.00372283
0.0014491
0.00166271
0.00127873
0.00211476
0.00203635
0.0022592
0.000663458
0.00225843
0.00215421
0.00147285
0.00236577
0.00493302
0.00430481
0.00264728
0.00285026
0.000853057
0.00129344
0.00155281
0.000910673
0.00887467
0.00151709
0.00125934
0.0010576
0.00170122
0.0164642
0.00374398
0.00123247
0.00133157
0.000972104
0.00283737
0.0058771
0.000859048
0.0045736
0.00295581
0.00173394
0.00473737
0.00776578
0.00345995
0.00167956
0.0011986
0.00155733
0.00106027
0.00278507
0.00213486
0.000999422
0.00709253
0.00228645
0.00294477
0.0013205
0.000806097
0.00162016
0.00188939
0.0011942
0.00212514
0.00155899
0.00305329
0.00120273
0.00204407
0.000499088
0.00263744
0.00185644
0.00115995
0.0017281
0.00157429
0.00256834
0.00110813
0.000921948
0.00179216
0.00242989
0.0017253
0.00139097
0.00177967
0.00213583
0.00196368
0.0049643
0.00165572
0.00199372
0.000471864
0.00202331
0.00161039
0.00213011
0.0099092
0.0010529
0.00146958
0.00233845
0.00114263
0.000905795
0.00222079
0.0017544
0.00299213
0.00108284
0.00211874
0.00154963
0.00128653
0.00113985
0.00154112
0.00154599
0.00184345
0.000946292
0.00227133
0.00158134
0.000707801
0.00171617
0.00175951
0.00152293
0.0023314
0.00196871
0.000995092
0.00182615
0.00127102
0.0053628
0.00190092
0.000932183
0.00296803
0.00252662
0.001784
0.00110331
0.0026461
0.00126205
0.00195486
0.00245182
0.00236184
0.00216741
0.00102161
0.000855303
0.00171608
0.00200145
0.00115719
0.00116854
0.00194102
0.0013906
0.00668722
0.000832286
0.00123252
0.00209039
0.00214778
0.00183635
0.00186519
0.00285655
0.00203121
0.00116595
0.000764335
0.00294764
0.00238987
0.000872342
0.00200922
0.00124882
0.00328708
0.0032269
0.00127067
0.00154948
0.00170231
0.00179056
0.00269026
0.00463017
0.00178653
0.00133353
0.00158512
0.00135614
0.000998022
0.00139081
0.00167914
0.000687491
0.00131137
0.00245882
0.00194953
0.0029557
0.00231024
0.00211075
0.00125664
0.00359432
0.00127842
0.00107742
0.00116084
0.00173381
0.0015917
0.00135217
0.0013595
0.00213333
0.000861006
0.0134305
0.00312581
0.00180962
0.00259907
0.00111967
0.00257404
0.0056082
0.00761649
0.00112402
0.00129927
0.00155052
0.00112546
0.00151006
0.00234577
0.00157656
0.00132242
0.00121718
0.000933396
0.0204154
0.00115035
0.00125273
0.00185387
0.00335692
0.0016579
0.0145379
0.000591856
0.00150243
0.00281841
0.0022587
0.00132139
0.00225951
0.00229789
0.00162901
0.00130796
0.00111636
0.00185603
0.00187771
0.00230545
0.00412047
0.00141326
0.00490799
0.00184718
0.00178415
0.00187718
0.00315479
0.00100529
0.0203605
0.00490179
0.00170849
0.0110628
0.00110034
0.00104308
0.00107548
0.00228759
0.00242287
0.00381387
0.000665548
0.00267961
0.000869407
0.00214518
0.00134289
0.00127502
0.00196538
0.00146477
0.00255655
0.00195214
0.0027356
0.00242813
0.000960587
0.000941998
0.0015096
0.000648992
0.00164261
0.00123387
0.00262202
0.00151432
0.00295464
0.00252695
0.00196227
0.00108316
0.00166113
0.00124212
0.00142611
0.0021064
0.00151365
0.00179812
0.00211391
0.00586137
0.00146345
0.0013664
0.00118
0.00251258
0.000686193
0.00196984
0.00236188
0.0011318
0.00102584
0.00221369
0.00152787
0.00121057
0.00200632
0.00146018
0.00195811
0.00178668
0.00417941
0.0019347
0.00141671
0.000398161
0.00615766
0.00137776
0.00185297
0.001137
0.00138264
0.00201169
0.0010052
0.00088317
0.00147766
0.00181733
0.00234741
0.00196914
0.00103499
0.0031377
0.00105473
0.00118336
0.00253017
0.00236257
0.00668568
0.00346714
0.00252671
0.00152151
0.0178486
0.00132769
0.00218453
0.0025196
0.00143815
0.00147655
0.00197809
0.00529891
0.00145714
0.00124963
0.000922673
0.0017561
0.00167492
0.00134941
0.00175853
0.00128171
0.00070734
0.00275253
0.00130377
0.00399908
0.0011634
0.00214217
0.0021517
0.00142424
0.00109991
0.00152784
0.00181242
0.000429994
0.00145121
0.00157511
0.0020731
0.00188752
0.0144075
0.00108617
0.00167729
0.00245251
0.00153569
0.00200992
0.000511795
0.00227836
0.00122159
0.00161875
0.00125428
0.00208059
0.118257
0.00169376
0.00117804
0.00180751
0.00249454
0.00129707
0.0016815
0.00196203
0.00263383
0.00106019
0.00246335
0.00102871
0.00400827
0.0015921
0.00165569
0.00134793
0.00135278
0.00266548
0.00166071
0.000626603
0.001551
0.00290375
0.000995259
0.00148254
0.0021886
0.00180168
0.00270407
0.00410559
0.0024087
0.00234356
0.00144672
0.000822203
0.00142199
0.00115024
0.00139905
0.00124404
0.00134007
0.00348667
0.00444614
0.00154302
0.0011444
0.00412288
0.002574
0.000934398
0.000804289
0.00157395
0.00162012
0.00137971
0.00122776
0.00167042
0.00192296
0.0021988
0.00215716
0.00131833
0.000429891
0.00207038
0.00144468
0.00540119
0.00177055
0.000511186
0.00210514
0.00315941
0.00136993
0.00105443
0.00148266
0.00193785
0.00385249
0.00132785
0.00105704
0.00303922
0.00480383
0.00198844
0.00174393
0.00123152
0.00152313
0.00367425
0.0018017
0.00224236
0.0011628
0.000920997
0.00154109
0.00127393
0.000793536
0.0029961
0.00213291
0.000552683
0.00724205
0.00228291
0.00230249
0.00130054
0.00329591
0.00343641
0.00251885
0.00244951
0.00164072
0.00344057
0.00762235
0.00144431
0.000918782
0.0013432
0.00292432
0.001015
0.0109097
0.000864906
0.00136282
0.00148608
0.00358348
0.000710646
0.00171983
0.00573464
0.00369211
0.00170635
0.00156897
0.00357451
0.00178423
0.00108565
0.00107025
0.000725889
0.00232388
0.00482756
0.00124859
0.00238422
0.00416304
0.00155219
0.000933883
0.00132364
0.0015189
0.00223819
0.00166235
0.00146986
0.00181839
0.00103882
0.0015979
0.00108082
0.0021877
0.0016329
0.0018738
0.00624443
0.00168562
0.00137148
0.00136335
0.00270723
0.000677688
0.00100763
0.00108208
0.00701214
0.0028879
0.00265814
0.00213131
0.000673459
0.00173031
0.00196706
0.00110255
0.00142314
0.00231564
0.00204564
0.00148955
0.00167432
0.00246121
0.00122821
0.00171756
0.00179575
0.00102046
0.00211773
0.00153508
0.00169312
0.00106075
0.00146339
0.00665479
0.00156426
0.000944139
0.00149191
0.00131294
0.000764032
0.00181336
0.0009255
0.00205592
0.0037349
0.00231112
0.00115738
0.00206474
0.00216179
0.00172724
0.00152953
0.000634469
0.00117599
0.00109481
0.00262757
0.00103006
0.0408138
0.00190668
0.00106378
0.00375441
0.00169534
0.000977123
0.000878591
0.00298547
0.00151479
0.00185389
0.0143016
0.00362643
0.00158383
0.00294972
0.00278683
0.00170448
0.00135811
0.00219904
0.00131634
0.0017668
0.00108246
0.00160885
0.00253935
0.00267592
0.00122667
0.00181437
0.00167515
0.0015542
0.00135143
0.00217072
0.00201827
0.00108199
0.002139
0.00153096
0.000816702
0.00349272
0.00159135
0.00144322
0.000772705
0.0220527
0.00107424
0.00218318
0.00172344
0.0023131
0.00182173
0.00163253
0.00118086
0.00189687
0.00486675
0.0015361
0.000842055
0.00207124
0.00766575
0.00127026
0.00118231
0.00156774
0.000418223
0.00123678
0.00606542
0.00164332
0.00341691
0.00124629
0.00127
0.00054612
0.000568473
0.00211518
0.00217766
0.000783155
0.0026221
0.000898011
0.00909695
0.00155959
0.00102366
0.00148544
0.000926952
0.00580779
0.00288768
0.00167523
0.00161227
0.00291861
0.00124897
0.0015092
0.0012866
0.000641313
0.00750962
0.00117671
0.0017204
0.000844471
0.000503928
0.00149956
0.00139471
0.00113534
0.0017501
0.00213234
0.000801651
0.000782484
0.00192094
0.00425571
0.00183528
0.000870932
0.00130915
0.00237763
0.000810193
0.00150734
0.00111486
0.027483
0.0031439
0.00111489
0.000498748
0.00288762
0.00270935
0.00176821
0.0051552
0.00191551
0.00159986
0.00449565
0.002022
0.00460216
0.000788573
0.00189058
0.00181198
0.00132654
0.000762803
0.00253641
0.00101687
0.00227215
0.00125729
0.00169448
0.000871073
0.0015163
0.00144579
0.00099898
0.000553145
0.00153975
0.00171534
0.00288794
0.00136389
0.00228699
0.00106181
0.00149505
0.00144476
0.00187995
0.00193893
0.00292727
0.000882448
0.00231226
0.00235234
0.00106601
0.00197941
0.00111698
0.00104649
0.00179392
0.00171066
0.0017381
0.00367637
0.00181265
0.00276126
0.00172164
0.00227753
0.0032538
0.00215392
0.00254151
0.0016751
0.00102674
0.00289269
0.00132433
0.00113343
0.00131265
0.00665501
0.000776656
0.00380645
0.00256322
0.0088021
0.00158638
0.00214058
0.00171763
0.00203383
0.00125538
0.00296486
0.00383328
0.00210869
0.00159809
0.00108128
0.00126598
0.000849268
0.00207032
0.00101488
0.00171286
0.00209713
0.00126739
0.00213066
0.00225536
0.000547176
0.00119705
0.00134201
0.000415028
0.00102564
0.00245083
0.0016708
0.00114052
0.0018557
0.0012978
0.00101139
0.00394048
0.00284853
0.00178194
0.00307402
0.00190641
0.00163189
0.00149754
0.00064894
0.00163469
0.00122949
0.00187227
0.000598879
0.0020039
0.00115492
0.00344413
0.00151388
0.00127011
0.00233374
0.00147893
0.00142545
0.00498723
0.00117793
0.00115496
0.0017094
0.00138372
0.000538654
0.000592213
0.00136947
0.000721849
0.00198881
0.000436917
0.00112853
0.00196323
0.00136597
0.00150426
0.00131633
0.00117183
0.000728439
0.00229416
0.00154519
0.00322207
0.00139976
0.00172985
0.00112735
0.00106249
0.00158825
0.00278891
0.00101503
0.00070259
0.00164364
0.00243721
0.00140699
0.00291125
0.000378617
0.00135719
0.00289424
0.0042643
0.00160226
0.000819551
0.00170932
0.00394523
0.00153371
0.00114595
0.000785773
0.0027026
0.000995108
0.00120923
0.00159746
0.00237216
0.00274053
0.00292362
0.00615822
0.00157299
0.00320413
0.000752291
0.00106919
0.000922569
0.00151892
0.00249126
0.000580237
0.000938408
0.000616303
0.00202071
0.00192836
0.00212398
0.0108639
0.00153992
0.00157892
0.00129758
0.0011233
0.00147279
0.00410688
0.00127221
0.00226747
0.00186491
0.00136305
0.00214025
0.00342163
0.00293448
0.00169238
0.00137158
0.00188536
0.00138977
0.00165543
0.00139893
0.00215727
0.0022333
0.00197629
0.00031143
0.0020124
0.00901911
0.00487296
0.00393872
0.0065251
0.00139982
0.00172523
0.00442497
0.00445897
0.00190672
0.00156535
0.00892648
0.0010423
0.00148329
0.00186895
0.000879881
0.00187799
0.00249998
0.00110893
0.00213767
0.000753035
0.00140494
0.00316074
0.00274672
0.00340076
0.00126136
0.00240663
0.00178607
0.00157348
0.00161322
0.0010279
0.00227583
0.00163949
0.000683987
0.00207312
0.00145134
0.00180401
0.00226656
0.00173745
0.00223641
0.00121066
0.00122293
0.00164832
0.00192294
0.00126149
0.00193585
0.00324549
0.00179216
0.00102283
0.00238241
0.00200619
0.00244978
0.00225277
0.00123026
0.00193322
0.00767305
0.00161078
0.00991385
0.00104397
0.00153547
0.000671532
0.00318888
0.00131546
0.00890532
0.00128698
0.00190964
0.00229671
0.00203138
0.000646121
0.00109625
0.00348491
0.00142699
0.00143627
0.00175021
0.00442523
0.00117982
0.00333247
0.00215964
0.00791957
0.00207773
0.00114191
0.00219913
0.00373977
0.0019583
0.00160865
0.00164301
0.00179237
0.00824353
0.000702838
0.000755633
0.00140639
0.000331204
0.00106533
0.000638475
0.00108145
0.00125512
0.00161397
0.00175338
0.0013787
0.00295179
0.000392315
0.00153704
0.00146973
0.00198897
0.00829713
0.00126179
0.000767252
0.00151268
0.00131584
0.000768492
0.00212496
0.00133633
0.000799668
0.00287037
0.00181
0.00122807
0.00117136
0.00177057
0.00241251
0.00308199
0.00123195
0.00142215
0.00141789
0.00544781
0.00114575
0.00109487
0.00421549
0.00174476
0.000936954
0.00108078
0.00103489
0.00133773
0.000560825
0.00180149
0.00133902
0.00122556
0.00197581
0.00189879
0.00132458
0.00244388
0.00243855
0.00158252
0.000626848
0.00248758
0.00194491
0.00113304
0.00113035
0.00134576
0.00435999
0.00183712
0.000780983
0.00132287
0.000820142
0.000952784
0.0022724
0.00205251
0.00118969
0.00161005
0.00162501
0.0012779
0.000829529
0.00164439
0.00182034
0.00182087
0.00140068
0.00334503
0.00128557
0.00189442
0.035791
0.00312062
0.00131437
0.00205671
0.00142867
0.00236991
0.00134719
0.00218849
0.00252792
0.00161991
0.00117539
0.00164344
0.00147967
0.000966679
0.0017647
0.0265435
0.00244939
0.000647684
0.00122276
0.00145338
0.000368925
0.0019728
0.00100061
0.00260017
0.00130802
0.000564779
0.000799126
0.00211345
0.00129985
0.00153569
0.000802968
0.00458332
0.00202446
0.00163106
0.0010148
0.00127014
0.00621941
0.00574584
0.00305689
0.00111622
0.00492677
0.00170585
0.00110888
0.00278659
0.000682226
0.00310886
0.00130327
0.00199197
0.00093625
0.00127069
0.0040755
0.00291744
0.00136999
0.00311327
0.00145134
0.00131825
0.00156548
0.00217247
0.00101249
0.00138002
0.00266996
0.000745919
0.00348404
0.00461312
0.00143989
0.00144855
0.00145047
0.00132164
0.00097532
0.00160963
0.00287744
0.000895293
0.00202709
0.00205026
0.00107978
0.00127558
0.0014918
0.0109256
0.00179721
0.00584853
0.0680665
0.000934673
0.00111147
0.000778579
0.00134636
0.00096719
0.000974342
0.00145898
0.00107873
0.000926831
0.00131911
0.00131688
0.00182617
0.00294767
0.00124213
0.00110819
0.00226488
0.00207127
0.00102165
0.00139215
0.000973198
0.00357161
0.00132495
0.00126841
0.00190746
0.00164001
0.0325074
0.00148217
0.0018847
0.00242629
0.00714563
0.00148237
0.00194269
0.00188605
0.000589926
0.00109393
0.00214476
0.000744896
0.00156755
0.00158797
0.000580885
0.00148244
0.0011653
0.00227545
0.00104268
0.00151652
0.00350621
0.0280146
0.0019054
0.00149124
0.00184799
0.00206345
0.00327909
0.000574677
0.0119582
0.00518964
0.00169203
0.00233161
0.00329563
0.00195391
0.00167901
0.000824172
0.00115128
0.0012765
0.00755103
0.00351645
0.00241757
0.00190406
0.00160515
0.00170129
0.00359944
0.00134243
0.00148428
0.000796205
0.00126688
0.00102851
0.0011587
0.00678937
0.00309625
0.00146499
0.00132309
0.00165911
0.00832194
0.00133783
0.00597534
0.00193999
0.00186469
0.00270418
0.00157088
0.00175991
0.00128634
0.0051077
0.00939363
0.00101964
0.00594574
0.000672303
0.00267652
0.00170517
0.00111812
0.00108196
0.000941009
0.00262305
0.0142733
0.00505508
0.00156477
0.00151423
0.0113355
0.00067476
0.00155797
0.00108346
0.00131819
0.00295831
0.000815077
0.00129174
0.00204777
0.00146333
0.000702183
0.00149524
0.00123837
0.00178658
0.00102744
0.00228222
0.00879563
0.00101174
0.00187194
0.00109981
0.0016252
0.00195852
0.0133802
0.00223428
0.00146564
0.00148011
0.00181305
0.00242097
0.00121032
0.00133259
0.00128818
0.0125524
0.00583867
0.00247092
0.00140696
0.00173276
0.00175368
0.00109641
0.00103477
0.00231413
0.00241012
0.00783525
0.00134565
0.00127853
0.00338896
0.00154291
0.00136779
0.00249417
0.00247169
0.00157316
0.00121206
0.00185766
0.00218123
0.00266304
0.00161575
0.000743338
0.00299492
0.00185853
0.00166855
0.00136921
0.0185246
0.00222938
0.00169739
0.00113333
0.000783299
0.00160499
0.00121517
0.00157404
0.00228317
0.00174355
0.00227208
0.00217505
0.00229384
0.0018214
0.00376217
0.00119793
0.000812483
0.00132268
0.0020112
0.000522629
0.00232082
0.00268662
0.00113305
0.000591063
0.000859875
0.00286803
0.00180309
0.00204564
0.00175878
0.00117672
0.00172368
0.0014096
0.000999279
0.00128906
0.00286083
0.00185194
0.00270339
0.00182149
0.00849731
0.000704822
0.000627226
0.00277312
0.0113202
0.00349928
0.00634588
0.00366126
0.0037881
0.00213493
0.0009425
0.00229637
0.00100873
0.014031
0.00158277
0.00231852
0.00107908
0.000775981
0.00503786
0.0125464
0.00110137
0.00183457
0.000886723
0.000480781
0.00351094
0.0017682
0.000989558
0.00156786
0.00108996
0.00116913
0.00234652
0.000366378
0.00286892
0.00142907
0.0021672
0.00214421
0.00096294
0.000830925
0.00607329
0.000879542
0.003765
0.00198729
0.00129218
0.00150403
0.00180494
0.000783983
0.00148677
0.00227125
0.0055121
0.0009894
0.00357276
0.0020285
0.00332795
0.00127804
0.0425398
0.00136743
0.000845227
0.00136094
0.0012333
0.0018885
0.00158627
0.0010171
0.000918137
0.00184609
0.002327
0.00105384
0.00149011
0.000677943
0.00707572
0.00241765
0.00236609
0.00165066
0.0012312
0.00524208
0.0016352
0.00118728
0.00230025
0.000997253
0.00126879
0.000749106
0.00119686
0.00127972
0.00113896
0.00975066
0.00441733
0.00294831
0.00116582
0.000912247
0.00196439
0.0018107
0.00284913
0.00784413
0.00234122
0.00186104
0.00210071
0.000767292
0.000759444
0.00127771
0.0017657
0.0016158
0.00121136
0.00151005
0.00263287
0.00141947
0.00154875
0.00101727
0.00193123
0.00283669
0.000995948
0.00128799
0.00173427
0.00111916
0.000709139
0.00294474
0.00280013
0.00407956
0.000925506
0.00233685
0.00221267
0.00158721
0.00197738
0.00114351
0.00236137
0.00261467
0.00094607
0.00192461
0.001597
0.00121801
0.00209425
0.00174006
0.0176709
0.00192005
0.00288864
0.00813923
0.00172048
0.00310614
0.00130592
0.00115415
0.00139553
0.00147796
0.00152445
0.00270961
0.00501328
0.00121506
0.00145477
0.00163773
0.00139444
0.0015894
0.00157439
0.00223341
0.00235725
0.00401
0.00144645
0.00117021
0.00215026
0.00105561
0.00143066
0.00171337
0.00186192
0.0019964
0.000865418
0.000819478
0.00157597
0.00131262
0.00314131
0.00176016
0.00291109
0.00123319
0.000775339
0.00344397
0.00148986
0.00254519
0.0015839
0.00242643
0.00199382
0.00125928
0.000623699
0.00223861
0.00117597
0.00159527
0.00145541
0.00161541
0.00149456
0.00134181
0.00264619
0.00311587
0.000967005
0.000950497
0.00221473
0.00202365
0.000445264
0.00230793
0.00164028
0.000983328
0.00190841
0.00305239
0.00205326
0.00263757
0.000634189
0.00129384
0.0019379
0.00155742
0.0011013
0.00142957
0.00801784
0.00106766
0.00130756
0.00176464
0.000668863
0.00119826
0.00173626
0.00146487
0.00132207
0.00206156
0.00103321
0.00130885
0.00268314
0.000436824
0.00169096
0.000742808
0.0047815
0.000972284
0.00137966
0.000910515
0.000483662
0.00228164
0.00138771
0.00109931
0.00154737
0.00106582
0.00134088
0.00174977
0.00272024
0.00157307
0.00085618
0.0008613
0.00244224
0.0029878
0.00185664
0.00190037
0.00109225
0.00148931
0.00153738
0.000554163
0.00359063
0.00139906
0.00189168
0.00228995
0.000853385
0.00651938
0.00207599
0.00205733
0.00106605
0.00140012
0.00223403
0.00187308
0.00161704
0.00151381
0.000781616
0.00181079
0.0010605
0.00109814
0.000833473
0.00122111
0.00363716
0.00214404
0.0011763
0.00224142
0.000904157
0.000496152
0.0099633
0.00162135
0.000890094
0.00201981
0.00135146
0.00192817
0.00145396
0.00292863
0.00129293
0.00633291
0.00242139
0.00450796
0.000617776
0.00134779
0.00210944
0.00139115
0.00196961
0.00194832
0.00112377
0.0106619
0.00223737
0.0014982
0.00274489
0.00469795
0.00157487
0.00474563
0.00156062
0.00173943
0.00196226
0.0033344
0.00163953
0.00287656
0.00204162
0.000791218
0.00344892
0.00379123
0.00055987
0.000908929
0.000309869
0.00245339
0.00125722
0.00176769
0.0014071
0.00183434
0.00355584
0.000443662
0.00131009
0.00223512
0.00268033
0.00280259
0.000851744
0.000311004
0.00329344
0.00125101
0.00173675
0.00162788
0.00717648
0.00258788
0.00127947
0.00194924
0.00143439
0.00125855
0.0014575
0.00102937
0.00114145
0.00370157
0.00169352
0.0018929
0.00110374
0.00512532
0.00140586
0.00125339
0.00213046
0.00119649
0.0379833
0.00234723
0.00187545
0.00145947
0.00233498
0.00171852
0.00136379
0.00815361
0.000998519
0.00263517
0.00150857
0.00126531
0.00050443
0.00185895
0.00954516
0.00112402
0.00111955
0.00155813
0.0016739
0.000987764
0.0018955
0.0013969
0.00131439
0.00172444
0.00164884
0.000839992
0.000784973
0.0019475
0.00904098
0.000990196
0.00138349
0.00189603
0.00397523
0.00109806
0.00275579
0.0033267
0.00125386
0.00230907
0.00259847
0.00139193
0.00266613
0.00130938
0.00227553
0.00125072
0.00304268
0.00176485
0.00112801
0.00140409
0.00175655
0.00218795
0.00310482
0.00431605
0.00125975
0.00181535
0.00198181
0.00126858
0.00247281
0.00122814
0.00112411
0.0012773
0.00138302
0.00676114
0.00270638
0.00157664
0.00204036
0.0095239
0.00265048
0.00059546
0.00209164
0.0017157
0.000900327
0.000812689
0.00209784
0.000740294
0.00117566
0.00167522
0.00199956
0.00148367
0.00179497
0.000945252
0.00133374
0.0013953
0.00376928
0.00190451
0.00249821
0.00772473
0.00225896
0.00157748
0.00242545
0.00111826
0.00136718
0.0017336
0.00234615
0.00126385
0.00787273
0.00183598
0.00281373
0.00116045
0.00101499
0.0011695
0.00178811
0.00176372
0.0010903
0.00114611
0.000682516
0.00116083
0.00131951
0.00197029
0.00242766
0.00291842
0.00154218
0.00657461
0.00122874
0.00117551
0.00056235
0.00101975
0.00590261
0.00121138
0.00278387
0.000655391
0.00373803
0.00153403
0.000806312
0.00216101
0.00395114
0.00941386
0.00167065
0.00199229
0.00121225
0.0016973
0.00436105
0.00138855
0.00307542
0.00144458
0.00149425
0.00265063
0.00104539
0.00233947
0.00565966
0.00144328
0.00157276
0.00132197
0.00692465
0.00246738
0.00141019
0.00545301
0.00113922
0.000498156
0.00168881
0.002656
0.00153869
0.000670539
0.00113379
0.00276524
0.00111701
0.00165307
0.0048279
0.001546
0.00158965
0.00162248
0.00110339
0.00138184
0.00280293
0.00131336
0.00169687
0.00136683
0.00233304
0.000785951
0.0014154
0.00103709
0.00190504
0.00185316
0.00231203
0.00269312
0.00129783
0.0107557
0.001351
0.00205722
0.00187095
0.00355746
0.000680087
0.00369853
0.00197875
0.00162166
0.00447217
0.00185974
0.00263434
0.00145991
0.00142352
0.00129519
0.00136647
0.00182349
0.00149592
0.00090796
0.00186823
0.000540555
0.00199188
0.00115418
0.00130434
0.00112955
0.00131627
0.00311803
0.00144325
0.0078069
0.00112317
0.00122775
0.0016145
0.00119274
0.00131398
0.0024559
0.000646938
0.00373672
0.00340312
0.00107444
0.00227867
0.000650962
0.00280646
0.0149581
0.00128609
0.00238871
0.0112551
0.00276562
0.00189831
0.00197669
0.00157259
0.00226492
0.0015534
0.00126741
0.000865042
0.000744271
0.00153826
0.00475513
0.00064381
0.00162591
0.00150416
0.00236686
0.0016537
0.00142761
0.0245484
0.00541702
0.00182461
0.00165994
0.00163804
0.00199225
0.00290277
0.00234252
0.00271216
0.00204914
0.00262439
0.00184111
0.00207219
0.00162887
0.000613853
0.00167394
0.00130411
0.0015901
0.00242689
0.00118445
0.000630599
0.013051
0.00138511
0.00101088
0.00162444
0.00195005
0.00887396
0.001094
0.0019518
0.00143972
0.00153031
0.00230296
0.00228288
0.00115725
0.00212424
0.00139389
0.00257218
0.000974921
0.00147142
0.00234542
0.00154668
0.00134431
0.00366174
0.00212857
0.00154013
0.0039151
0.00119193
0.00368603
0.00133278
0.00265665
0.000803963
0.00235015
0.00150702
0.00110719
0.00174411
0.00185682
0.00231707
0.0025165
0.00143753
0.00176153
0.00216362
0.00373845
0.000700094
0.00179356
0.000515407
0.00755728
0.00434062
0.00111534
0.000928403
0.0020454
0.0020623
0.00108058
0.00188557
0.0018106
0.00152725
0.000915723
0.00166681
0.0032326
0.00243451
0.00204294
0.00118099
0.000970376
0.00113307
0.00192132
0.00182363
0.000885056
0.00125837
0.00135078
0.000988901
0.00231447
0.00106551
0.00105304
0.00148461
0.00117778
0.000747457
0.00106056
0.00117644
0.000994182
0.00184886
0.0008242
0.000737499
0.00803425
0.0011163
0.00286373
0.00108128
0.00247292
0.00261544
0.00623899
0.000858734
0.00257997
0.00147713
0.00166521
0.0014929
0.00150457
0.00196318
0.00284609
0.00211455
0.000815114
0.00248314
0.000870377
0.00141305
0.00261437
0.00154501
0.00328938
0.00159007
0.00116873
0.00253713
0.00213727
0.00176992
0.00196383
0.00116934
0.00186086
0.00153504
0.00146117
0.00208464
0.000966244
0.000583189
0.00128295
0.00111789
0.0296773
0.00154385
0.00183578
0.00152811
0.00110565
0.00108845
0.00358506
0.00186754
0.00190869
0.00144534
0.00135268
0.00203215
0.00256875
0.00205798
0.00111318
0.000933736
0.00207213
0.00296875
0.000708882
0.000464947
0.00217733
0.000807822
0.00153326
0.00194241
0.00102279
0.00215351
0.0085499
0.00255089
0.00342316
0.00310127
0.00162826
0.00180611
0.00177046
0.00152142
0.0011742
0.00227869
0.006288
0.00105612
0.00171843
0.00476786
0.000955531
0.0058098
0.00100067
0.00165788
0.00322103
0.00131729
0.00111881
0.00161357
0.00096258
0.00166567
0.00245474
0.00105646
0.00124685
0.116869
0.00143747
0.00253111
0.00156348
0.00189351
0.00113594
0.00211751
0.00111361
0.000812656
0.00161905
0.000529766
0.00198618
0.00150342
0.00235659
0.00124061
0.00441467
0.000639921
0.00187515
0.00118062
0.00198461
0.00229431
0.00139333
0.00150045
0.00180524
0.00067711
0.00276105
0.00138639
0.00212161
0.00123312
0.00139962
0.00059594
0.00138992
0.00125787
0.00162609
0.00329597
0.0010324
0.00118952
0.0017228
0.0278056
0.000858801
0.00379912
0.00238469
0.00366686
0.00162718
0.0019939
0.00126004
0.00136069
0.00257388
0.00138046
0.00093217
0.00222991
0.00190955
0.00183386
0.00170958
0.00119864
0.000979989
0.00103639
0.00148913
0.00102248
0.000867252
0.000490506
0.00104081
0.00413565
0.000874173
0.00100248
0.0015134
0.00127957
0.00283239
0.00186206
0.00143159
0.00116101
0.00154161
0.00147503
0.00271892
0.000703872
0.00245011
0.00241031
0.00124718
0.000675087
0.00232826
0.00221399
0.000815663
0.00123168
0.00159047
0.000582407
0.00144793
0.00106043
0.00615027
0.00214403
0.00163794
0.0123875
0.00121998
0.00139566
0.00124751
0.00124486
0.00139921
0.00180451
0.00107771
0.00223491
0.00173734
0.00160498
0.00261336
0.00196276
0.00314563
0.00106504
0.00302951
0.000694017
0.00306003
0.00220373
0.00112288
0.00119218
0.00358268
0.00205125
0.00265558
0.00136856
0.0014447
0.00128866
0.00185339
0.0018167
0.00152762
0.00471601
0.00331746
0.00117279
0.0012743
0.0018275
0.00139582
0.00106793
0.00154953
0.00159366
0.00175728
0.00147519
0.00145971
0.00145953
0.0016519
0.00370452
0.00131996
0.00249729
0.000983781
0.00170987
0.00394437
0.00166178
0.00143565
0.00115018
0.00163693
0.00149226
0.00150324
0.00170772
0.000688126
0.00131437
0.00156801
0.00071335
0.00149797
0.00215888
0.00172869
0.000808175
0.00176075
0.00136843
0.000914789
0.00156069
0.00684315
0.00166918
0.00191612
0.00125374
0.00123534
0.00179627
0.0011811
0.00143516
0.000866977
0.00118175
0.0012345
0.000533543
0.00175803
0.00217372
0.00115643
0.00721337
0.00143726
0.00162841
0.000737375
0.00107572
0.00106899
0.00297528
0.00316209
0.000966171
0.0031652
0.00294018
0.0016514
0.00053811
0.00136588
0.00293873
0.000744096
0.00126136
0.0011366
0.00289997
0.00191785
0.00184629
0.00225
0.00167217
0.00129514
0.00323158
0.00107761
0.00159804
0.00129622
0.00194134
0.000600223
0.000766917
0.00154829
0.0114378
0.0024989
0.00127565
0.00186524
0.00199386
0.0011656
0.00315257
0.00198688
0.00215378
0.00194261
0.000873526
0.00173536
0.00119712
0.00168186
0.000888063
0.00188615
0.00151335
0.00225903
0.00252389
0.00222538
0.00095998
0.00960014
0.00157871
0.00216893
0.00108213
0.00113952
0.00143399
0.000786538
0.00158547
0.00119842
0.00140961
0.0022495
0.00230335
0.00131117
0.0133518
0.00190342
0.00117387
0.00109227
0.00529845
0.0100087
0.00192175
0.00135823
0.00167787
0.00172779
0.00147257
0.00114333
0.00442054
0.00266945
0.00115481
0.00112753
0.00233548
0.0068474
0.00123042
0.00417379
0.00230368
0.001204
0.0011496
0.00136054
0.00306755
0.00181282
0.00116911
0.00181941
0.00142697
0.00398574
0.00267001
0.00253212
0.000827473
0.00319852
0.000994804
0.00189164
0.00178528
0.00198604
0.00498599
0.00142308
0.00109318
0.00129278
0.00222852
0.00178025
0.0014433
0.00108075
0.00207951
0.00296927
0.00198858
0.00136414
0.00334598
0.000713574
0.00469768
0.000770424
0.00116152
0.00459176
0.0341711
0.00109746
0.00208399
0.00122973
0.00206918
0.00177765
0.000493895
0.000449663
0.00211756
0.00186125
