0.000316515
0.000233408
0.000231173
0.000880243
0.00029589
0.000329392
0.000123864
0.000105256
0.000320317
0.000307307
0.00028467
0.000153373
9.11247e-05
0.0014839
0.000287461
0.000235676
0.000238073
0.000484198
0.00023936
0.000500019
0.000483362
0.00100527
0.000735498
0.000197017
0.000414786
0.000212608
0.000354239
0.000132989
0.000414842
0.000260891
0.000315052
0.000277549
0.000592982
0.000755431
0.000199764
0.000646979
0.00178707
0.000340152
0.000199519
0.000194623
0.000175084
0.0003911
0.00080574
0.000581228
8.93401e-05
0.000728395
0.000242714
0.000769404
0.00038442
0.000308565
0.000129967
0.000714005
0.000243318
0.00049167
0.000433977
0.000190182
8.52451e-05
0.000603489
0.000160526
0.000296753
0.000206759
0.000417965
0.000324487
0.000721923
0.00254423
0.000254374
6.1455e-05
0.00023288
0.000202724
0.000181325
0.000129217
0.000198513
0.000409766
0.000317856
0.000354079
0.000475944
0.000201586
0.000434128
0.000620181
0.000290079
0.000473459
0.000216379
0.000244686
0.000340885
0.000517853
0.000218984
0.000252346
0.000267059
0.000370375
0.000586789
0.000167956
0.000164701
0.00035667
0.000281944
0.00050679
0.000527357
0.000135575
0.000545403
0.00039808
0.000388203
0.000140374
0.000165696
0.000533418
0.000181947
0.000239797
0.00520218
0.000174853
0.00060662
0.000584744
0.000210617
0.000316966
0.00029178
0.000479398
0.000133047
0.000242241
0.000125121
0.00029566
9.67357e-05
0.000445204
0.000351144
6.44974e-05
0.000282713
0.000223911
0.0004127
0.00238646
9.78254e-05
0.000664557
0.00042255
0.000224337
0.000804087
0.00709241
0.000225685
0.000348415
0.000223247
0.000975301
0.000179725
0.000981307
0.000173031
0.000346154
0.000806637
0.000458568
0.000324767
0.000126944
0.000233131
0.000306421
0.000682721
0.000445523
2.62716e-05
0.00156049
0.000312106
0.000114772
0.000239056
0.000199123
0.000130079
6.18676e-05
0.000494598
0.000740064
0.000224749
0.000288332
0.000319082
0.00114244
0.000149948
0.000444644
0.000413902
0.000207519
0.00069129
0.000439461
0.000158937
0.000403029
0.000532861
0.000536691
0.000140436
0.000209631
0.000721561
0.000474694
0.000463881
0.000330383
0.000399568
0.000468228
0.000169881
0.00132993
0.000770665
0.00012758
0.000198734
0.000515341
0.00128505
0.000212149
0.000377359
0.000270538
0.000635532
0.000430666
0.000474996
0.000403564
0.000620219
1.16288e-05
0.000295939
0.000260771
0.00041174
0.000811216
0.000198827
0.0027059
0.000120112
0.000357021
0.000319841
0.000401727
0.000446812
0.000383854
0.000460926
0.000164862
4.59825e-05
0.000441355
0.000181954
0.000194565
0.000296851
0.00011065
0.000179122
0.000215117
0.000373796
0.000577461
0.000297391
0.000304219
0.000786182
0.000490711
0.00013166
0.000221194
0.000219247
0.000449214
0.000262058
0.000257801
0.000252473
9.31839e-05
0.000194432
0.0013025
0.000328849
0.00112244
0.000462334
6.22955e-05
0.000401258
0.000221149
0.000255212
0.000100877
0.000369373
0.000419341
0.00101846
0.000311772
0.000548243
0.000113055
0.000122593
0.000253719
0.000407847
0.000188734
0.000292914
0.000368044
0.000597883
0.000454241
0.000419609
0.000351843
0.000256786
0.000191773
0.000643647
0.000406875
0.000668943
0.000468149
0.00106545
0.000399938
0.000271362
2.43743e-05
0.000254375
0.0001287
0.000204167
0.000728139
0.000564955
0.0150198
0.00015724
0.000267641
0.000151064
0.000359558
0.000129459
0.00044404
0.000535118
0.0003551
0.000106046
0.000613363
0.000317871
0.000298993
0.000135763
0.000317025
0.000207537
0.00017525
0.000587066
0.000378393
0.000736469
0.000324963
0.000372881
0.00412618
0.000314071
0.000369824
0.000507277
0.000152552
0.00021262
0.000388744
0.000769495
0.000161583
0.000127368
0.000309013
0.000435418
0.000353778
0.000290246
0.000528424
0.000377518
0.000990305
0.000595184
7.86236e-05
0.000234201
0.00047347
0.000350745
0.00034381
0.000367123
0.000500973
0.000265484
8.95295e-05
0.000150414
0.000233398
0.000930842
0.000527317
0.000214504
0.000271886
0.00018186
0.000178951
0.000243352
0.000406543
0.000577518
0.000502722
0.000430748
0.000341285
0.000393165
9.44475e-05
0.000292125
0.00147835
0.000592137
0.000502422
0.000304431
0.000525764
0.000592818
0.000597351
0.000282726
0.000262628
0.000254328
0.000175381
0.000191641
0.000342497
0.000588558
0.000326668
0.000774158
0.000109046
2.33287e-05
0.00996582
9.04684e-05
0.000355135
0.000431431
0.000194438
0.000563663
0.000386162
0.000414411
0.000360758
9.11005e-05
0.000713346
0.000224511
0.000266806
0.000562038
0
0.000348888
0.000379423
0.000301292
0.00020185
0.000477109
0.000656384
0.000436094
0.00042093
0.000265885
0.00096977
0.000332795
0.000366197
0.000438955
0.000498993
0.000844737
0.000610619
0.00200855
0.000394861
0.000280187
0.000433718
0.000477647
0.000198961
0.000537069
0.000244671
0.000389982
0.000797432
0.000221296
0.00149878
0.000327401
0.000139862
0.00023005
0.000374799
0.0006188
0.000411338
0.000347761
0.000289205
0.00109834
0.000583578
0.000362236
0.000433101
0.000198196
0.000282543
0.00046703
0.000438855
0.000490556
0.00048675
0.000410501
0.000198419
0.000204594
0.000503141
0.000346666
0.000333321
0.000206102
0.000244568
0.000389773
0.000379951
0.000377087
0.00128061
0.000229996
0.000812467
0.000378216
0.000211853
0.000212219
0.000321008
0.00232668
0.00052784
0.000482875
0.00030591
0.00147257
0.000764206
0.000152641
0.000581057
0.000152881
0.000457215
0.000371073
0.00044982
0.00093687
0.000311714
0.000306634
0.000608303
8.63241e-05
0.000386767
0.000295757
0.000559762
0.000353554
0.000356759
0.000490547
0.000256356
0.00110423
0.000362301
0.000185441
0.000271896
5.44454e-05
0.000147026
7.66821e-05
0.00034946
0.000251871
0.000434427
0.000271863
0.000135112
0.000835863
5.85338e-05
0.000105429
0.000549891
0.000386977
3.04736e-05
0.000288703
0.000112719
3.13703e-05
0.00104112
0.000253848
0.00183198
0.000272
0.000352091
0.00055487
0.000223557
0.000366088
0.00100298
0.000157442
0.000180341
0.000657405
0.000683609
0.000489826
0.000202985
0.000405522
0.000240589
0.000216785
0.000310602
0.000295557
0.00053342
0.000380287
0.000228194
0.000200069
0.000217678
0.00143312
0.000170412
0.00047407
0.000342085
0.000456182
0.000496253
0.000173932
0.000221135
0.000389075
0.00145688
0.000689633
0.000531763
0.00263411
0.00010931
0.000213985
0.000127622
0.000229267
8.40064e-05
0.000911833
0.000331614
0.000359017
0.000214436
0.000701695
0.000299081
0.000300624
0.000346758
0.000397336
0.000364492
0.00255634
0.000229162
0.000311371
0.000791526
0.000196424
0.000195028
0.000310895
0.000287562
0.000739271
0.000173406
0.000299735
0.000505213
0.000208683
0.000237185
0.000287195
0.000773439
0.000432118
0.000210184
0.000182729
0.000395673
0.0001233
0.000622637
0.000496622
0.00042176
0.000413781
0.000349571
0.000125902
0.000478884
0.000397878
0.000194183
0.000339525
0.000264738
0.0096043
0.000112589
0.000248967
0.000456798
0.000425394
0.00144339
0.00040368
0.000125392
0.000334241
0.00496021
0.000351442
0.000602037
0.00106214
0.00131522
0.000719126
0.000479409
0.000167786
0.000372954
0.000399694
0.000869344
0.000591536
0.000307635
8.59342e-05
0.00018495
0.000154594
0.000563102
0.00019476
0.00039209
0.000685468
0.000160083
0.000991058
0.000574952
0.000175454
0.000402306
0.000567216
0.000443313
0.000284812
0.000160621
0.00067238
0.000379622
0.000549733
0.00037071
0.000489577
0.000260654
0.000395708
0.00023081
0.000369428
0.00159084
0.000299695
0.000336928
0.000190782
0.000252824
0.000222025
0.000159408
0.000512966
0.000232468
0.000209776
9.88831e-05
0.00146039
0.000372442
0.000355942
0.000122023
0.000234866
0.000203428
0.00036287
0.000358633
0.000407231
0.000209853
0.000347739
0.000539457
0.000623813
0.000275324
0.000109603
0.0002385
0.000356965
0.000192136
0.000262017
0.000347033
0.000347787
0.000510087
0.000163101
0.000235358
0.000297063
0.000394441
0.000290468
0.000354715
0.00030346
0.000547053
0.000207012
0.000505236
0.000522089
0.00054077
0.000194257
0.00147507
0.000242513
0.00135883
0.000401878
0.000159859
0.000246265
0.000281808
0.0124878
0.000365006
0.000391878
0.000286055
7.00179e-05
0.000177114
0.00241631
0.000345688
0.010645
0.000230837
0.000352466
0.000489556
0.000335392
0.000404408
0.000309173
0.000457636
0.000593058
0.000560449
0.000408433
0.000358502
0.000320005
0.000264013
0.000113318
0.000998898
0.000275948
0.000212572
0.000128904
0.000287544
8.94819e-05
0.000755149
0.000121207
0.000379316
0.00165933
0.000155382
0.00118222
0.00023482
0.00030394
0.000348222
0.000321986
0.000244195
0.000434231
0.000278842
0.000281622
7.39621e-05
0.000605692
0.00132423
0.000281833
0.000281069
0.000130533
0.000421189
0.000281752
0.00110439
0.000219027
0.000275108
0.000607109
0.000599016
0.000142138
0.000272167
0.000198917
0.000135707
4.15331e-05
0.000591481
0.000198
0.000231001
0.000370082
0.000690648
0.000551901
0.000328729
0.000470213
0.000230547
0.000407762
0.000669461
0.000119354
0.00023406
0.0184387
0.000590986
0.000326721
8.9846e-05
0.000243112
0.000386841
0.000304343
0.000865457
0.000379301
0.000738492
0
0.00151753
0.000370774
0.000160026
0.000318157
0.000749423
0.000613088
0.000601011
0.000382543
0.000283781
0.000983057
0.000413307
0.00036663
0.00170818
0.000810481
0.000422573
0.000619693
0.000302881
0.000540631
0.00013286
0.000142748
0.0002254
0.000332176
0.000286268
0.000214591
0.00068293
0.000244299
0.000536382
0.000224145
0.000294101
0.000670251
0.000314269
0.000273066
0.000125666
0.000707286
0.000330088
0.000910629
0.000393578
0.000152523
0.000192234
0.000242191
0.00068975
0.000647197
0.00035265
0.000116893
0.000195117
0.000755843
0.000804132
0.000271493
0.000272617
0.000318757
0.000270462
0.000279161
0.000278791
0.000308862
0.000160526
0.000399387
0.000257849
0.000474263
0.000692703
0.000340587
0.000226995
0.000714957
0.000348399
0.000281482
0.000244268
0.000313512
0.00112956
0.000314063
0.00134842
0.00024702
0.000300791
0.000460263
0.000308717
0.00018341
0.000265588
0.00038232
0.000263191
0.000157747
0.000384374
0.000711251
0.000255719
0.000339091
0.000438295
0.000342538
0.00830185
5.86013e-05
0.000481441
0.000341394
0.000202669
0.000180861
0.000377963
0.000176195
0.000349646
0.000245059
0.00023536
8.32212e-05
0.000499399
0.000309444
0.000200433
0.000191386
0.000385217
0.0021626
0.000210821
0.000194499
0.000190057
0.000203239
0.000501164
0.000650265
0.00100968
0.000351796
0.000247148
0.000136356
0.00036481
0.00566129
0.000396076
0.000360012
0.000452742
0.000626156
0.000422123
0.000506782
0.000294856
0.000663629
0.000152583
0.00027237
0.00042041
0.000379412
0.000386667
0.0023632
6.58751e-05
0.000382163
0.000856384
0.00039114
0.000283394
0.000162554
0.00013158
0.00034841
0.000323999
0.00134818
4.42466e-05
7.37036e-05
0.000211281
0.000345279
0.000312321
0.000179655
0.000741252
0.000396372
0.000205711
0.000460162
0.000100795
0.000200946
0.000203339
7.78738e-05
0.000247255
0.000266294
0.000380697
0.00022059
4.41599e-05
0.000374027
0.00142373
0.000522973
0.000197204
0.000149781
0.000585084
0.000383967
0.000590237
0.000300682
0.000166534
3.63496e-05
0.000284228
1.10923e-05
0.00048718
0.000360608
0.000295233
0.000270674
0.000446182
0.000291369
0.000481545
9.37119e-05
0.000355863
0.000181698
0.000856517
0.000779942
0.002416
0.00025308
0.00030404
0.00023614
0.000319385
0.000253964
0.000331892
0.000795427
0.000258349
0.000143053
0.000339685
0.000186432
0.000273504
0.000344686
0.000327156
0.000402682
0.000161279
0.000301711
0.000542769
0.000479402
0.000380805
0.000371888
0.000215395
0.000318597
0.000394122
0
0.000208461
0.000303878
0.000233286
5.22635e-05
0.000242409
0.000178359
0.000266512
0.000435509
0.000237224
0.000438225
0.00121567
0.00132252
7.15685e-05
0.00019536
0.000108482
0.000198151
0.000517538
0.000340538
0.000198925
0.000303016
0.000761998
9.7991e-05
0.000203073
0.000339985
0.000197443
0.000803569
0.000667757
0.000376314
0.000919454
0.000137859
0.000342366
0.00038307
0.00046495
0.00110777
0.000943836
0.000455396
0.000395941
0.0165453
0.00122029
2.85327e-05
0.000120135
0.00045452
0.000308794
0.000296169
0.000261996
0.000339357
0.000169377
0.00013659
0.000374817
0.000377976
0.000253301
0.000121776
0.000174923
0.00012957
0.000164164
0.000582442
0.000184852
0.000196887
0.000237939
0.000120399
0.000935294
0.000280216
0.000476491
0.000567187
0.000808395
0.000288638
0.000222668
0.00033821
0.000454572
9.13297e-05
0.000295098
0.000243113
0.000402286
0.000118805
0.000602315
0.000386087
0.00019581
0.000164736
0.00138014
0.000281121
0.00013216
0.000508548
0.00015682
0.00127459
0.000281984
0.000359107
0.000243238
0.000326716
0.000904203
0.000142124
0.000484836
0.00154673
0.000567915
0.000127179
0.000220035
0.000412216
0.00118534
0.000355729
0.00146143
0.000548752
0.000644316
0.000175247
0.000279562
0.000423281
0.000670359
0.000366643
0.00117321
0.000380253
0.000235141
0.000744541
0.000386877
0.00019075
0.000286168
9.67492e-05
0.000209958
0.027199
0.000624501
0.000703102
6.52722e-05
0.000287221
0.000523636
0.000323753
0.000387543
0.000338114
0.000225463
0.000269669
0.000151764
0.00126156
0.000216256
0.000344095
0.000613625
0.000218604
4.32449e-05
0.000241516
1.39723e-05
0.000171929
0.000196783
0.000198451
0.000438397
0.000316583
0.000475182
0.000603963
0.000294518
0.000113175
0.000407997
0.000497838
0.00041014
0.00022644
0.000198793
0.000269111
0.000176189
0.000142973
0.000117791
9.97608e-05
0.000226549
0.000188348
0.000184358
0.00022795
0.000236886
0.000668395
0.000413323
0.000207856
0.000513572
0.000374966
0.000391463
0.000942653
0.000326387
0.000399501
0.000615519
0.00035082
0.00055156
0.000131233
0.000317928
0.000425655
0.0001174
0.000283006
0.000162935
0.00012141
0.00029531
2.27413e-05
0.000128514
5.35793e-05
0.000298665
0.000414199
0.000196853
9.97883e-05
0.000218187
0.000248983
0.000221796
0.0003748
0.000542999
0.000307785
0.000383338
0.000357199
3.77729e-05
0.000178396
0.000232499
0.000211317
4.94004e-05
0.000391265
0.00037969
0.000310057
0.000252205
0.000143612
0.000287156
0.000338682
0.000567709
0.000124466
0.000383781
0.000239247
0.000213867
0.00115303
5.54748e-05
0.00032468
0.000324228
0.000431039
0.00018687
0.00092096
0.000255823
0.000438558
0.000586669
0.000312328
0.000207428
0.000617485
0.000328329
0.000708037
0.000233307
0.000124814
0.000372015
0.000636426
0.0002483
0.000738144
0.000725583
0.000212886
0.000203274
0.000151632
0.000329526
0.000351263
0.000152559
0.000343913
0.000312306
0.000228774
0.000245589
0.000345202
0.00035731
0.000257425
0.000443416
0.000292514
0.000146035
0.000579035
0.000431811
0.00125093
0.000171213
0.000196508
0.00329371
0.000497397
0.000535398
0.000522529
0.000365673
0.000587997
0.000291824
0.000528957
0.00091512
0.000661342
0.000392659
0.000481876
0.000114711
0.000177045
0.000374254
0.000454065
0.000192547
0.000741255
0.000597118
0.00035529
0.000570376
0.000686502
0.000316776
0.000519225
0.000478652
0.000207325
0.00019142
0.000450775
0.000384066
9.18712e-05
0.000421549
0.000112264
0.00062725
0.000414093
0.000273918
0.000758855
0.000142878
0.000938111
0.00121267
0.00343631
0.000137251
0.000265888
0.000306394
0.000206817
0.000346434
0.000520684
0.000340447
0.000290384
0.000336882
0.00030586
0.000259319
0.0008802
0.000434469
0.000292335
0.000321597
0.000228635
0.000282426
0.000417585
0.000500915
0.000165615
0.000164927
0.000462951
0.000347459
0
0.00544993
0.000483583
0.000302699
0.00259233
0.000499861
0.000242594
0.000408142
0.00018456
0.000306805
0.000144319
0.00017869
0.000298527
0.000824608
0.000829258
0.000377798
0.000523546
0.000313405
0.00026014
0.000527428
0.00055465
0.000391308
0.000266438
5.95866e-05
0.000365843
0.000416695
0.000549297
0.000204616
0.00395996
0.000671532
0.000243539
0.000330873
9.76453e-05
0.000876956
0.000757938
0.000222838
0.000162349
0.000299677
0.000410455
0.000418833
0.00013124
0.000924037
0.000401496
0.000484039
3.96218e-05
0.000430263
0.000372702
0.000656567
0.000553727
0.000205246
0.000244866
0.000113665
0.000528908
0.00104096
0.000351742
0.000600535
0.000958231
0.000384153
0.000109322
0.000271298
0.000380032
0.000219181
0.000547665
9.04546e-05
0.000505309
0.000347857
0.000277306
0.000742959
0.000184431
0.000323536
0.000162741
0.000240466
0.000510543
0.00017234
0.000247747
0.000530035
0.000181281
0.00042473
0.000316559
0.000320404
0.000444541
0.000193251
0.000317695
0.000231764
0.00245055
0.000331079
0.000177936
0.000479809
0.000305692
0.000281121
0.000568374
0.000326411
0.000161211
0.00023812
0.000559686
0.000690351
8.3734e-05
0.000321336
0.000203367
0.000135089
0.000194913
0.000575485
0.000163764
0.000766279
0.000333578
0.00165134
7.30477e-05
0.000258524
0.000266049
0.000334474
0.000449768
0.00119278
0.000302669
0.000291824
0.00054758
0.000654787
0.000233308
8.26811e-05
0.000105996
0.000242719
0.000267008
0.000338528
0.000246813
0.000161651
0.000976508
9.36501e-05
0.000425721
0.000340508
0.00053631
0.000442353
0.00263635
0.000320639
0.000287955
0.000243578
0.000156745
0.000566453
0.000175753
0.000284047
0.000423388
0.000510331
0.000435055
0.000367864
0.00048628
0.00083778
3.59857e-05
0.000182825
0.000205133
0.000520511
0.00030612
0.000476296
0.00104348
0.00015195
0.000310707
0.00117867
0.000456122
0.000404168
0.000680597
0.000295765
0.00528428
0.00123689
0.000115012
0.000563037
0.000335591
0.000199224
0.000326554
0.000824692
0.000361004
0.00315874
0.000265127
0.00408462
0.00110676
0.000123052
0.000227243
0.000404495
0.000559263
0.000184349
0.000172289
0.000365653
0.000208679
0.000316608
0.000391204
0.0004356
0.00058699
0.000385323
0.000442
0.000121155
0.00124977
0.000476992
0.000747321
0.000590726
0.000400415
0.000225451
0.000168023
0.000167182
0.000196375
0.000119698
0.000553441
0.000296796
0.000295533
0.000165848
0.000233457
0.00030593
0.000700315
0.000179807
0.00150572
0.00015247
0.000424709
0.000196495
0.000116789
0.000366485
0.000281137
0.000301535
0.000219794
0.000422191
0.000269468
0.000283077
0.000430451
0.000320179
0.000290071
0.000311582
0.00010641
0.000322137
0.000403914
0.000190531
0.000234811
0.000235365
0.00147198
0.000281787
9.7378e-05
0.000148143
0.000312597
0.000284405
0.000164839
0.000362088
0.0003581
0.00022509
0.000287795
0.00278365
0.000362133
0.000664607
0.000637172
0.000527925
0.00019606
0.00010377
0.000720472
0.00029699
8.52789e-05
0.00345584
0.00042705
0.000350523
6.33826e-05
0.00230471
0.000294946
0.000163673
0.00135892
0.00556508
0.000256597
0.000164854
0.000240284
0.000512459
0.000512605
0.000242653
0.000130141
0.000386043
0.000464636
0.000612696
0.000234935
0.000756145
0.000173674
0.000545423
0.000306373
0.000497976
0.00116204
0.000691963
8.17237e-05
0.000211979
0.00111204
0.000208758
0.00112859
0.000356708
0.000265083
4.27857e-05
0.000364411
0.000141548
0.000239131
0.0006984
0.00014865
0.000249246
4.43099e-05
0.000120352
0.000417988
0.000140831
0.000297294
0.000295569
0.000179686
0.000316084
0.000215629
0.000775317
0.00024627
0.0017726
0.000376678
0.000457704
0.000148852
0.000425936
9.51187e-05
0.000261681
0.000718188
0.000543412
0.000474495
0.000457246
0.000316331
0.000231698
0.00116783
0.00016825
0.000335211
0.000462249
0.000235106
0.000306399
0.000469934
0.000254743
0.000451033
1.26632e-05
0.000302444
0.000705987
0.000110071
0.000363437
0.000495976
0.000243947
0.000321861
0.000561355
0.000835726
0.000184016
0.000779786
0.00031287
0.000662033
0.000381988
0.000164332
0.0023827
0.000696942
0.000439214
0.00035845
0.000542735
0.000270948
9.42619e-05
0.00106986
0.000306095
0.000135384
0.000100868
0.000377848
0.00023615
0.000272095
0.000600871
0.000607902
0.000847998
0.000968533
0.000378954
0.000292699
0.000355901
0.000303808
0.000294463
0.000382044
0.000225952
0.00787515
9.31092e-05
0.000288625
0.00116931
0.000355186
0.000341521
0.000430066
0.000438785
0.000265896
5.91821e-05
0.00510093
0.00037643
0.000248712
0.000183423
0.000488833
0.000529545
5.99975e-05
0.000306902
0.000389715
0.000127636
0.000274943
0.000438883
0.000765117
0.000391429
0.00015913
0.000519474
0.000380403
0.00075772
0.000384757
0.00048475
4.17844e-05
0.000264418
0.000496281
0.000196657
0.000159789
0.000474293
0.00019462
0.000320012
0.000365648
0.000176882
0.000879184
0.00137118
0.000490745
0.000163656
0.000392617
0.000360499
0.000488905
0.000494417
0.000627987
0.000222189
0.000107515
0.000283953
0.000317948
0.000254676
0.000499819
0.000225151
0.000294641
0.000424959
0.000242889
0.000158148
0.000269822
0.000705359
0.00055691
0.000382722
0.000159519
0.000369927
0.00053046
0.000284355
0.000537933
0.000484409
0.000530677
0.000510269
0.000339887
0.000153348
9.23343e-05
0.000438218
0.000571207
0.000579217
0.000849582
0.000552523
0.000156391
0.000267921
0.00037442
0.000102397
0.000389817
0.00134771
0.000308656
0.000479533
0.00029058
0.000369369
0.000581694
0.000225035
0.00156002
0.000379735
0.000509929
0.000124069
8.71598e-05
0.000306759
6.74507e-05
0.000510862
0.000404099
0.000376434
0.000328895
0.000459078
0.000484822
0.00112484
0.000236397
0.000498738
0.000275128
0.000399117
0.000355988
0.000287239
0.000175263
0.000557998
0.000412717
0.00040008
0.00173976
0.000261185
0.000196839
0.00921434
1.14558e-05
0.000211474
0.000686349
0.000422471
0.000578532
0.000905318
0.000426145
0.000406723
0.000549512
8.66108e-05
0.00062912
7.58313e-05
9.81401e-05
0.000610944
0.000541483
0.00121732
0.000361448
0.00110352
0.00200285
0.00071206
0.00028677
0.000469038
0.000311056
0.000397881
0.00189147
0.000119292
0.000370493
2.29536e-05
0.000266552
0.00132891
0.000224791
6.54831e-05
0.000103033
0.00024724
0.000424025
0.000581578
0.000277044
0.000363633
0.000733918
0.00018077
0.000432157
0.000360068
0.000307653
0.000354313
0.000533797
0.000801262
0.000391122
0.000189707
0.000345613
0.000237661
0.00063601
0.000435728
0.000684059
0.0001938
0.00196953
0.000435899
0.000562543
0.00029964
0.000615504
0.00216868
0.00031485
0.00107656
0.000216963
0.000497839
0.000689041
8.93589e-05
0.000265947
0.000347201
0.000288572
0.000261932
0.000451184
7.76163e-05
0.000879778
0.000198631
0.000238492
0.000399369
0.000360502
0.000157623
0.00019885
0.000135753
0.000306738
0.00014745
0.000236869
0.00018217
0.000201477
0.00802777
0.000119028
0.000261345
0.000244734
0.000353262
0.000397374
0.000111715
0.000130617
0.00442169
0.000276079
0.000473026
0.000211924
0.00945454
0.000344847
0.0013047
0.000643011
0.000269874
0.000306229
0.0012913
0.000505393
0.000267083
0.000549251
0.000350868
0.000332453
0.000226625
3.61534e-05
0.000147118
0.00117086
0.000348835
0.000187786
0.00053645
0.000326291
0.000141933
0.000524336
0.00048044
0.000309089
6.21828e-05
0.000799832
0.000577832
8.86374e-05
0.000369986
0.000430823
0.000327061
0.000249379
0.000104181
0.000177803
0.00049893
0.000649989
0.0088408
0.000364314
0.00112978
0.000322953
0.00116144
0.000862897
0.000485843
0.0002808
0.000424471
0.000181782
0.000431978
0.000747689
0.000338608
0.000551048
0.00174152
0.000171231
0.0004418
0.000585909
0.000408472
0.000952441
0.00179105
0.000384912
0.000131038
0.00014407
0.000322836
0.000329504
0.00049251
0.00040952
0.000219118
0.000108689
0.000142691
0.000127285
0.000383244
0.000147514
0.000734026
0.000256342
0.000232585
0.000353664
0.000110283
0.00016523
0.000121499
0.000137284
0.000333187
0.000743717
0.00510468
0.000253175
0.000266833
0.000412142
0.000114127
0.00044554
0.00198626
0.000448707
0.00055977
0.000242406
0.000491146
0.000459547
0.000289355
0.000312043
0.000790265
0.000405824
0.000214009
0.000320751
0.000811232
0.000191985
0.000218824
0.00220214
0.00201175
0.000358386
0.000240205
0.000188921
0.000635703
0.000431147
0.000433444
0.000226656
0.000296699
0.000367884
0.000534074
0.000239939
0.000476271
0.000294931
0.000240856
0.000321001
0.000550667
0.00039439
0.000754516
0.000204714
0.000153466
0.00160378
0.000912957
0.000391158
0.00073251
0.00024826
0.000229611
0.000359909
0.000379903
0.000340357
0.000490967
0.000142391
0.000170384
0.000254592
0.000148546
0.000571263
0.000540934
0.000387227
0.000411316
0.000531476
0.000566039
0.000162739
0.000318043
0.000510638
0.00039137
0.000368047
0.000339389
0.000342326
0.000871216
0.000225692
0.000822564
0.000149701
0.000416701
6.61149e-05
0.000366228
0.000355155
0.00031854
0.000285682
0.000259286
0.000136204
0.000220629
0.000152972
0.00116865
0.000690507
0.000491379
0.000426968
0.000404627
0.000166717
4.8089e-05
0.000574819
0.000298314
0.00285328
0.000422498
0.000236026
0.000454397
0.000287113
0.000397068
0.000269665
0.000337042
0.000386254
0.000233612
0.00839355
0.000451006
0.00131279
0.000204144
0.000462877
0.000382576
0.000481619
0.000441265
0.000327712
0.00063234
0.000255471
0.000394121
0.00028868
0.00045222
0.000212466
7.80143e-05
0.000464127
0.000242587
0.00148945
0.000291665
0.000219543
0.000528343
0.000262969
0.000200203
0.000426201
0.000186458
0.000472606
0.00026888
0.00041189
0.000259156
0.000337335
0.000770841
0.00127622
0.000495143
0.00019456
0.000146759
8.05567e-05
0.00027283
0.000471817
0.000256002
0.000518779
0.000644027
0.000421174
0.000212146
0.000281739
0.000638489
0.000514998
0.000214307
0.000217153
0.0014904
0.000239858
0.000192922
0.000153765
0.000141424
0.000295657
0.000653769
0.000325203
5.31269e-05
0.000465651
9.95789e-05
0.00061461
0.000210773
0.00342783
0.000308791
0.000435196
0.000570421
0.000551896
0.000227235
0.000446741
0.000421417
0.000354821
0.000250279
0.000781763
0.00372655
0.000281831
0.0002142
0.000338284
0.000104609
0.000486535
0.00286985
0.000346524
0.000133965
0.000373862
0.000129345
0.000616205
0.000351653
0.000283541
0.000349138
0.000393161
0.000650048
0.000205644
0.0005124
0.000325877
0.000249173
0.000331509
0.000620609
0.00198988
0.00126284
0.00023969
0.000609299
0.000573383
0.000159109
0.000330629
0.00231142
0.000426456
0.000299977
0.00105998
0.000381899
0.000258031
0.000128271
0.000241121
0.000208033
0.000333756
0.000828242
0.00118071
0.000364816
0.000613215
0.000306194
0.000213888
0.000190492
0.000230937
0.000220053
0.00114556
0.000328121
8.17365e-05
0.000328795
0.000408246
0.000194329
0.000363672
0.000111821
0.000458931
0.000282934
0.000685336
0.000268156
0.000381178
0.00554893
0.000118619
0.000536439
0.000168268
0.000284309
4.99918e-05
0.000183772
0.0011489
0.000613716
0.000463521
0.000484428
0.000789356
0.000411509
0.000492487
0.00031653
0.000385025
0.00170275
0.000233355
0.000119441
7.44709e-05
0.00081046
0.000295318
0.00033281
0.000333378
0.000284824
0.000293199
0.000266015
0.000223619
0.000565495
0.000650799
0.000527143
0.000166427
0.000184372
0.000253928
0.000252035
0.000350363
0.00257659
0.00012706
0.000138554
0.000523671
0.000905531
0.000390742
0.00610815
0.000202396
0.000295416
0.000606607
0.000160886
0.000834813
0.000298107
0.000377406
0.000388854
0.000530208
0.00576941
0.00105543
0.00015417
0.000478753
0.000338939
3.67171e-05
0.000469315
0.000830683
3.63849e-05
0.000524769
0.00044015
0.000369374
0.000401668
0.000716571
6.75114e-05
0.000326061
0.00029294
0.000429593
0.000407649
0.00036025
0.000592755
0.000419081
0.000196152
0.000481958
0.000955233
0.0011567
0.000198308
0.000376337
0.000297447
0.000241882
0.000787429
0.000293681
0.000285734
0.000406876
0.00813752
0.00034655
0.000387131
0.000199959
0.000173537
0.00021539
0.000687153
0.000505852
0.000209529
8.28945e-05
0.000404835
0.000189883
0.000313426
0.000272935
0.000392658
0.00032591
0.000369722
0.000257658
0.000308976
7.19169e-05
0.000648794
0.000408485
0.000665276
0.000338311
0.000250928
0.000703866
0.000297997
0.000226114
0.00042858
0.000343279
0.000247919
0.00354592
0.00177997
0.000688614
0.00045126
0.00029616
0.000151818
0.000291853
0.000361456
0.000533633
0.000277751
0.000970104
0.000436005
0.000290179
0.000804044
0.000324101
0.000278124
0.000199571
0.000393956
0.000532677
0.000474289
0.000285495
0.000731283
0.000764334
0.000364272
0.000421744
0.000906779
0.000705336
0.000172642
0.000285397
0.000307587
0.00078613
0.000193688
0.000286023
0.00021734
3.97526e-05
0.000166559
0.00253558
0.000447013
0.000525603
0.000216753
0.00020378
7.38384e-05
0.000204391
0.000152197
0.00026782
0.000243787
0.00137411
0.000435733
0.000367917
0.000173166
0.000149586
0.000861633
0.000659302
0.00180719
0.000617932
0.000225227
0.000448953
0.00032683
0.000280643
0.000610163
0.0005559
5.05958e-05
0.000599028
0.000147152
0.000253464
0.000235064
0.000415587
0.000257466
0.000225077
0.000249263
0.000174577
0.000470864
0.000573431
0.000399469
0.00111552
0.000131531
0.000385489
0.000322075
0.000175634
0.000602863
0.00041373
0.00017277
0.000243019
0.000436636
0.000312655
0.000187876
0.000460109
0.000353391
0.000286424
0.000258323
0.000315162
0.000433299
0.00023376
0.000268208
0.0010036
0.000436846
0.000113758
0.000551178
0.000222934
0.000149052
0.000288182
0.000277478
0.000884165
0.000220295
0.000664851
0.000208991
0.0102642
0.000234626
0.000431312
0.000356226
0.000652967
0.000402882
0.000580588
0.000356843
0.000208813
0.000226839
0.00017757
0.00029364
0.000541578
0.000250297
0.000853999
0.00023132
0.0209389
0.000408019
0.000352554
0.00018791
0.000481241
0.000665979
6.35381e-05
0.000345332
0.000373851
0.000362339
0.000212737
0.000195406
0.000792579
0.000146369
0.00049473
0.000731177
0.000358713
0.000220962
0.000204447
0.000180956
0.000192537
9.5781e-05
0.000255146
0.00035949
0.000173913
0.000629493
0.000222923
0.000218392
0.000262766
0.000238684
0.000271172
0.000492312
0.00081511
0.000294864
0.000208904
0.00678257
3.63158e-05
0.000321283
0.000247987
0.00014471
0.000178768
0.000223693
0.0011332
0.000421309
0.000195192
0.00032603
0.00024867
0.000530551
0.000539034
0.000256724
9.67242e-05
0.000229852
0.000287595
0.000381381
0.00368886
0.000250242
0.00096043
0.000347629
0.000303961
0.000793216
0.00104156
0.000318139
0.000162367
0.000462852
8.0493e-05
0.000235134
0.000802548
0.00331624
0.000555211
0.000302416
0.000289046
0.00030483
0.000435625
0.000287086
0.000191468
0.000573186
0.000549934
0.000115087
0.000310509
0.000330822
0.00646639
0.00022956
0.000374752
0.000263706
0.000358622
6.15776e-05
0.000206797
0.000328004
0.000205443
0.00045002
0.000187701
0.000542978
0.000555834
8.40614e-05
0.000150612
0.000302198
0.000363502
0.000234958
0.00103739
0.000194824
0.000168843
0.00168187
0.000303917
0.000106814
0.000328419
2.57457e-05
0.000153455
0.000174452
0.000542446
0.000635276
0.000281578
0.000306931
0.000471367
0.000257098
0.000261633
0.000357619
0.000778839
0.000286184
0.017011
0.00259192
0.000295621
0.000164218
0.000532022
0.000451157
0.000664036
0.000379441
0.000421803
0.000417488
0.00016967
0.000103172
0.000458745
0.0014874
0.000186153
0.000421694
0.000329132
0.000148928
0.000160889
0.000847726
6.99758e-05
4.88032e-05
0.000248695
0.000350233
0.000251926
0.000311541
0.000477585
0.00030444
0.000121938
0.000375002
0.000277574
0.000300346
0.000301469
1.29257e-05
0.0011655
9.12462e-05
0.000201131
0.000402587
0.00047458
0.000734086
0.000252458
0.000207025
0.000345781
0.000719564
0.000395205
0.000264191
0.00115877
0.000441084
0.000637474
0.000349886
0.00047
0.000203562
0.000110008
0.000156821
6.87421e-05
0.000321521
0.000112994
0.000403204
0.000721382
0.000346135
8.98316e-05
0.000312132
0.000451466
0.000314743
0.000211189
0.00025875
0.000196471
0.000433713
0.000271982
0.000280309
0.00064612
0.000160705
0.00029627
0.000209908
0.000271767
0.000423459
0.000133303
6.76928e-05
0.00022138
0.000274521
0.000209835
0.000182359
4.72854e-05
0.000146633
0.000669163
0.000336961
0.000616601
0.000218092
0.000181253
0.000558553
0.000308317
0.000336774
0.000442766
0.000353943
0.000381735
0.000269534
0.000425266
0.000232307
0.000176227
0.00105293
0.000206108
0.000197537
0.00417141
0.000377118
0.000306979
0.00986558
0.000793744
0.000189837
0.000111225
0.000192615
0.000282342
0.000430351
0.000189581
0.000304087
0.000443439
0.000137821
0.000316554
0.000296456
0.000575137
0.000266871
0.000453381
0.000199352
0.000181402
0.000211432
0.00058548
0.000953045
0.000432498
0.000267818
0.00030798
0.000305467
0.00068611
0.000375446
0.000306062
0.000794161
0.000195952
0.00018497
0.000490738
0.000382285
0.00021833
0.000417488
6.9484e-05
0.000277851
0.000648876
0.000615809
0.000236348
0.000285174
0.00028518
0.00122723
0.000274277
0.000684713
0.000385238
0.00448537
0.000237797
0.000155877
0.00133833
0.000359474
0.000352904
0.0002455
0.000208969
0.000292178
0.000577772
0.000112528
0.000487911
0.000139678
0.00019726
0.000268186
0.000454251
0.000542961
4.89615e-05
0.000556732
0.00033376
0.000335697
0.000396119
6.54226e-05
0.000758444
0.000417254
0.000594669
0.00155244
0.000548957
0.000253802
0.000253005
0.000748546
7.13729e-05
0.000556648
0.000421964
0.000488237
0.000710147
0.000731437
0.000197073
0.000162143
2.96606e-05
0.000334443
0.000299375
0.000654418
0.000348815
0.000277449
0.000106623
0.000121198
8.1052e-05
0.000620899
0.000170532
0.000569711
0.000179928
0.000271367
0.000413295
0.00015507
0.000307314
0.00511456
3.12351e-05
0.000561709
0.000141833
0.000197092
0.00022919
0.00212945
0.0029374
0.000144431
0.000239108
0.000438693
0.000158405
0.000227527
0.000411604
0.000137608
0.000160176
0.00030588
0.000444236
0.00120229
0.000150903
0.000332355
0.000164967
7.73467e-05
0.000200021
0.00044029
0.000291136
0.000193391
0.000280314
0.00037617
0.000168381
0.000529335
0.00252098
0.000431302
0.000231834
0.000746396
0.000650996
0.000373515
6.04244e-05
2.97454e-05
0.000350379
8.96329e-05
0.00061549
0.000349336
0.000118972
0.000480144
0.000347367
0.000400119
0.000741479
0.000420526
0.000269222
0.000420604
0.000205288
0.000198946
0.000741546
0.00125858
0.0002309
0.000167897
0.000439409
0.000363288
0.000299914
4.14302e-05
0.000157443
0.000242952
0.00193815
0.000256438
0.000272456
0.000443554
0.000179947
0.000158037
0.000430359
0.000876933
0.000693849
0.000418129
0.000106712
0.000360303
0.000507086
0.000389217
0.000502174
0.000345092
0.000417179
0.000134985
0.000444327
0.000216756
0.000953615
0.000293812
0.000229587
0.000216964
0.000805801
0.000132384
0.000438086
0.000608419
0.000295382
0.000348562
0.000234401
0.000235112
0.000146851
0.000708194
0.000615368
0.0005785
0.000759888
0.000398657
0.000190887
0.00049139
0.00044049
7.30506e-05
0.000538588
0.000492025
0.000262012
0.000395646
0.000332117
0.000938816
3.78731e-05
0.000211199
0.000208027
0.00333916
0.000454932
0.000198967
0.000916261
0.000507322
0.000150888
0.000190283
0.00429356
0.000886518
0.000198462
0.000206125
0.000185196
0.000263773
0.00023664
0.000558681
0.000593961
0.000231582
0.000613072
0.000827632
0.000419002
0.000162362
0.000142146
0.000799562
0.000772924
0.000504806
0.000320256
0.000456181
0.000567455
0.000734612
0.000987732
0.000925365
0.000804512
0.000262877
0.000500717
0.000949225
0.000151842
0.00014519
0.000287666
0.000251633
0.00137351
0.000416915
0.000204959
0.000463092
0.000442102
0.000260467
0.00102145
0.0026826
0.000123623
0.000239011
0.000574458
0.000103928
0.000115018
0.000337133
0.000197181
0.000318421
0.00030468
0.0002359
0.000511724
0.00214767
0.000574781
0.000236376
0.000298441
0.000113926
0.000461503
0.000172296
0.000395497
0.000312252
0.00013971
0.000567989
0.00127628
0.0029899
0.000316793
0.00644479
0.000428477
0.000333003
0.000347007
0.000586258
0.000301663
0.000336932
0.000200554
0.000329293
0.000587186
0.000168331
0.000238597
0.000205427
0.000390246
0.000270228
0.000110965
0.000242448
0.000968459
0.00142091
0.000321428
0.000384644
0.000301954
0.000216713
0.00260942
0.000819279
0.000186672
0.000451218
0.00031261
0.000188134
0.0016174
0.000520521
0.000792448
0.000433485
0.000424924
0.000367766
0.000264221
0.000227039
0.00121607
0.000160657
0.000911264
0.000318112
0.000678723
0.000393328
0.000484393
0.000249487
0.000410186
0.0002367
0.000340673
0.000382278
0.000517769
0.00200014
0.00115652
0.0003368
0.000214985
0.000288306
0.00024548
0.000401688
0.000263398
0.000335635
0.000155606
0.000393197
0.000337376
0.000594981
0.000248721
0.0004879
0.000356096
0.000307833
0.000431602
0.000470302
0.000191218
0.000176184
0.000408271
0.000288376
0.000428906
0.000363077
0.000826897
6.76006e-05
0.0435848
0.000184355
0.00093675
0.000289162
0.00035113
0.000281397
0.000402204
0.00247021
0.00020271
0.000553377
0.000388514
0.000271156
0.000792402
0.000432614
0.000915841
0.000346005
0.000104214
0.000444187
0.000769919
0.000415007
0.000173356
0.00158983
0.000599456
0.00016896
0.000344828
0.000543903
0.000544647
0.000488004
0.000199801
0.000290925
0.000232421
9.25441e-05
0.000268518
0.000352687
0.000368966
0.000249381
0.00279484
0.000324275
0.000134731
0.00116856
0.000888581
0.000285778
0.000257916
0.000550902
0.000269901
0.000223484
0.000384517
0.000224213
0.00045056
0.000476754
0.00162185
0.000247035
0.00067901
0.000276832
0.000325614
0.000289942
0.000204047
0.00174914
0.000592135
0.000761466
0.000438486
0.000155064
0.000390707
0.00046924
0.000284998
0.00130788
0.000564292
0.000840999
0.000578419
9.2186e-05
0.0128684
0.000643719
0.000353569
0.0161924
0.00021767
0.00527499
0.00153565
0.00044619
0.00253897
0.000245273
0.00067712
0.000195369
0.000168209
0.000519838
0.000262109
0.0108157
0.000141578
0.00011038
0.000260394
0.00100013
0.000241316
0.000559405
0.000569269
0.00256344
0.000360038
0.000290278
0.00113238
0.000243837
0.000331637
0.000114335
0.000171814
0.00039962
0.000264216
0.000125483
0.000545662
0.000733187
0.00449777
0.000844975
9.73912e-05
0.000708093
0.0105039
0.000350959
0.000197809
0.000541128
0.00117295
0.000779138
0.000207364
0.000410099
0.000477078
0.000321774
0.000185231
0.000143722
0.000427362
0.000376878
0.000295679
0.000533347
0.000304165
0.0018148
0.000243739
0.000863487
0.000336957
0.000218447
0.000234428
0.000280299
0.00030452
0.000282158
0.00024489
0.000703046
3.15221e-05
0.000383392
0.000411433
0.000290463
5.26495e-05
0.000618378
0.000403085
3.30707e-05
0.000253697
0.000859213
0.00207251
0.000317492
0.000340787
0.000236527
0.000127905
0.0013959
0.000467617
0.000429663
0.000269283
9.58259e-05
0.000103735
0.00034322
0.000409012
0.000223178
0.00356501
0.000292091
0.000405264
0.000284268
0.00023267
0.000303926
0.0011113
0.000534558
0.00150418
0.000108788
0.00040538
0.000576799
0.000149566
0.000566751
0.000326798
0.000165944
0.00016956
0.000575192
0.00108956
0.000513868
0.000487168
0.000206101
0.000190819
7.66738e-05
0.000211159
0.000267748
0.000508046
0.000480206
0.000387065
0.000179986
0.00567227
0.000125626
0.000740407
0.00114311
0.000514112
0.00185053
0.000361804
0.000255801
0.000426141
0.000203173
0.000309451
0.000367419
0.000537802
0.000446925
0.000139447
0.000193555
0.000827347
0.000140104
0.000376591
0.000408094
0.000559147
0.000604878
