0.0007039
0.00124541
0.00155479
0.010881
0.000331371
0.000458088
0.000710862
0.000307155
0.000118023
0.00133663
0.0007541
0.000574951
0.000354502
0.000182717
0.000306525
0.000548729
0.201887
0.000624561
0.000401119
0.000902507
0.000504179
0.0012797
0.000556047
0.000829657
0.00138562
0.000468759
0.00118448
0.000310537
0.000726827
0.000277034
0.000223278
0.000653669
0.000855733
0.00188798
0.000726052
0.000384336
0.00170203
0.000647562
0.0034451
0.00106603
0.000296958
0.00048385
0.000481059
0.000637354
0.00119273
0.000643194
0.000784346
0.00030467
0.00756107
0.000494038
0.000820299
0.000567053
0.000824433
0.000904317
0.000506328
0.000695533
0.000306548
0.000966473
0.000658624
0.00163226
0.000609297
0.00111841
0.000892661
0.000336015
0.00350195
0.000662931
0.001232
0.00125341
0.00043162
0.000410886
0.000882183
0.000518835
0.00100072
0.0017453
0.00102894
0.000615886
0.000714958
0.00125884
0.0011736
0.000441912
0.000441183
0.000460722
0.000978677
0.000870543
0.00700225
0.00113857
0.000790843
0.00138693
0.000979123
0.000878814
0.00124703
0.000300856
0.00200038
0.00108639
0.000506606
0.000671119
0.00177782
0.000604806
0.00379656
0.000396374
0.00867869
0.000757535
0.00249009
0.00039951
0.000309013
0.000414654
0.00112035
0.000738034
0.00098524
0.000504223
0.000510065
0.000841589
0.00229054
0.00058217
0.000331146
0.000522078
0.000214513
0.000563859
0.00113886
0.000586578
0.0022474
0.000553624
0.000660944
0.000546254
0.0223362
0.00062967
0.000496683
0.000465356
0.000254117
0.000460683
0.00064127
0.000292072
0.000581713
0.000498696
0.000713511
0.0344884
0.000386095
0.000308382
0.000481619
0.000961524
0.00075067
0.00196346
0.00118717
0.000491935
0.000622136
0.000276792
0.00029759
0.00075365
0.00922891
0.000641563
0.00142364
0.000340465
0.000671618
0.000453616
0.000658662
0.000361884
0.00104131
0.0024646
0.000698301
0.00107346
0.00026221
0.000921112
0.000291127
0.000542757
0.000620667
0.000630758
0.00252325
0.000531663
0.000365675
0.000467351
0.000479356
0.000419484
0.000593279
0.000504267
0.00028115
0.000360523
0.00457655
0.000563379
0.000674015
0.000342574
0.000785033
0.000208451
0.000772273
0.000268458
0.00300892
0.00112965
0.000518047
0.000336667
0.000917408
0.000736703
0.000605289
0.000580798
0.000353264
0.000977318
0.000558199
0.000292944
0.000552504
0.00108693
0.000839117
0.000957427
0.000865038
0.000393043
0.000327203
0.000692573
0.00139319
0.000632511
0.000795736
0.000557548
0.000791871
0.000882863
0.000663135
0.000895748
0.000535255
0.000762009
9.37213e-05
0.000739859
0.00142245
0.00112776
0.000991976
0.000763036
0.0100367
0.000624409
0.0121327
0.000428553
0.000713328
0.00025929
0.00156534
0.00646982
0.000641725
0.000479253
0.000222629
0.000604521
0.000907071
0.000569478
0.000368103
0.000280265
0.000306237
0.000640786
0.00407151
0.000316949
0.00064155
0.000609267
0.00040362
0.00146684
0.000229085
0.000527214
0.000283024
0.000382873
0.000733966
0.0023626
0.000350644
0.000441898
0.00088887
0.00121708
0.000475552
0.000441769
0.000553348
0.000434719
0.000696734
0.000430199
0.000916318
0.00113061
0.000367611
0.000918822
0.000968472
0.000891006
0.000584991
0.000613254
0.00054905
0.000989504
0.00181503
0.000301813
0.000667353
0.000669562
0.000433643
0.000739424
0.00234664
0.000471098
0.000661401
0.000703296
0.000749541
0.000364395
0.000283596
0.000379498
0.000722034
0.00140189
0.000789185
0.000302125
0.000631657
0.000673256
0.00159426
0.000876317
0.000933257
0.000598606
0.000989835
0.000781602
0.000986032
0.00108947
0.000867329
0.000451047
0.000651681
0.000551325
0.000426075
0.000461097
0.000756495
0.000915404
0.000369815
0.000548514
0.000890889
0.00010085
0.00035994
0.000421929
0.0007672
0.000610663
0.000508362
0.000213916
0.000694645
0.000712392
0.000745288
0.000562274
0.000457274
0.000908438
0.00174433
0.00409185
0.000385739
0.0003135
0.000231147
0.000414057
0.000198588
0.000487081
0.00181373
0.000870933
0.000842285
0.00208173
0.00454725
0.000950904
0.000910491
0.000179167
0.00178978
0.000490279
0.00139744
0.000464538
0.00153289
0.000850069
0.000476291
0.000861648
0.00101848
0.00057316
0.000464306
0.00231036
0.000759261
0.00124832
0.00469101
0.00323924
0.00115037
0.000515772
0.000755193
0.000962502
0.0029364
0.000278339
0.000811382
0.000836425
0.000605323
0.000585647
0.00137821
0.000271368
0.000674936
0.000634698
0.000860281
0.000940564
0.000531299
0.00249215
0.00095955
0.00101761
0.000271541
0.00165332
0.00111573
0.000735947
0.000882738
0.000838892
0.00102544
0.00266221
0.000521643
0.000466241
0.00126199
0.00176852
0.00175033
0.00124003
0.00097999
0.00108275
0.000295582
0.000995478
0.000396528
0.00133396
0.000582886
0.000804601
0.000347167
0.0758136
0.000526399
0.000772789
0.000371639
0.000697718
0.000661862
0.000511399
0.00010764
0.00137156
0.00133996
0.000406532
0.000195557
0.000594172
0.00260962
0.00112241
0.00044549
0.000643217
0.00146078
0.000668417
0.000617909
0.000194967
0.00116903
0.00109322
0.000696111
0.000741395
0.00127816
0.000652035
0.00148356
0.000646767
0.00172809
0.000933907
9.68765e-05
0.00058493
0.000530081
0.00344147
0.00235988
0.000500234
0.000917657
0.000536428
0.0003695
0.000407271
0.000285377
0.0013861
0.000333851
0.00100329
0.000987119
0.000649565
0.000752835
0.00237268
0.000430284
0.000338545
0.00182092
0.000290321
0.00124821
0.000635065
0.000518098
0.00176457
0.000633109
0.000998542
0.000686455
0.000755793
0.000445471
0.000383243
0.0007435
0.000535165
0.000934441
0.000721226
0.000821028
0.00019727
0.000246276
0.000601764
9.84521e-05
0.000175709
0.000590575
0.000405893
0.000513834
0.000502847
0.00042043
0.00165162
0.000807417
0.000754742
0.000261336
0.000747578
0.000744465
0.000610437
0.000635085
0.000402722
0.00108127
0.000598677
0.00131403
0.000738634
0.000680526
0.000693684
0.0014645
0.000369989
0.000631028
0.000685353
0.00141012
0.000767867
0.000497147
0.000462518
0.00079547
0.000566112
0.000440338
0.00128566
0.000836656
0.000347853
0.00047391
0.000419966
0.000379366
0.00144945
0.000514435
0.000549077
0.00051011
0.000901445
0.00078922
0.00262036
0.000421029
0.00012052
0.000510218
0.00161848
0.00102041
0.000539041
0.000438782
0.000641118
0.000832401
0.00065604
0.000595218
0.000781341
0.000358928
0.000941026
0.000604849
0.0348687
0.00126006
0.000801305
0.000608811
0.000373525
0.00022463
0.000751093
0.00177679
0.000574235
0.000735441
0.00151272
0.00251128
0.000699466
0.000949682
0.00059432
0.000407868
0.000795667
0.000487435
0.000392928
0.000725735
0.000983965
0.000385122
0.000707153
0.00077218
0.00209292
0.000987915
0.000764929
0.000191499
0.00156143
0.000631403
0.00107534
0.000381726
0.000514277
0.00149418
0.000730616
0.000599297
0.000900845
0.000331304
0.001031
0.000432869
0.0010711
0.000481742
0.000847419
0.000316592
0.000840903
0.000411241
0.000755988
0.000479658
0.000315593
0.00191678
0.00119766
0.00639699
0.000657714
0.000663867
0.00098488
0.000592552
0.000701717
0.000288647
0.00105372
0.000304878
0.00148061
0.0011847
0.000310653
0.00128128
0.000650736
0.000694857
0.00133193
0.000786282
0.00119466
0.00117537
0.000313891
0.000815791
0.000582256
0.000906271
0.000748709
0.000423408
0.00100261
0.000371398
0.000729015
0.00183334
0.00122986
0.00200022
0.00123015
0.000261297
0.000890451
0.000651475
0.000542848
8.72497e-05
0.00089859
0.00174972
0.000712269
0.000522235
0.000101272
0.00022946
0.000788994
0.00166461
0.000336931
0.000963211
0.000617792
0.000444957
0.000530172
0.000670172
0.00147894
0.00061948
0.00016196
0.000754875
0.00103676
0.000846792
0.000903689
0.000790801
0.000593469
0.000485965
0.000459531
0.000724371
0.000635608
0.000489609
0.000571771
0.000491491
0.00101435
0.00071992
0.00442894
0.00213096
0.00120768
0.000964909
0.000566493
0.000737817
0.00055284
0.00087914
0.000220589
0.000192292
0.000598971
0.0015463
0.000939571
0.00137642
0.000844654
0.000856303
0.00159018
0.00112223
0.00101779
0.000629109
0.000753916
0.000665156
0.00131101
0.000597388
0.00121611
0.00174002
0.00311842
0.0106063
0.000327954
0.000459014
0.00105119
0.000880654
0.000218886
0.0015436
0.000559927
0.000771628
0.000718444
0.00101814
0.000561499
0.000353055
0.000436639
0.00168018
0.00214167
0.000992444
0.00072499
0.000880254
0.00804888
0.000909811
0.00180184
0.000255949
0.000406659
0.000546506
0.000286025
0.00120074
0.00239141
0.00153383
0.000929555
0.000632031
0.00112845
0.00138579
0.00046608
0.00154991
0.000597962
0.00045576
0.000936351
0.000596425
0.000897245
0.000484252
0.00344833
0.000533889
0.00153693
0.00198568
0.000535697
0.000880954
0.00212212
0.000720587
0.000890185
0.000609237
0.000513282
0.000492456
0.000498221
0.000359534
0.000503058
0.00129006
0.000824216
0.000445722
0.000598126
0.000548958
0.000543964
0.000578224
0.000919022
0.000360373
0.000662691
0.000368439
0.00033861
0.00256068
0.000231338
0.0019417
0.00101135
0.000557896
0.00050908
0.00059385
0.000702043
0.000490763
0.00053223
0.000489397
0.000829469
0.000520777
0.000452105
0.000800532
0.00263121
0.00294586
0.00103745
0.000304881
0.000505328
0.000203657
0.000416579
0.000905876
0.00119472
0.000456399
0.000753599
0.000327395
0.00488644
0.00139075
0.00159297
0.000363992
0.000537167
0.00244934
0.000748013
0.00331686
0.00148345
0.000486177
0.000596904
0.000823931
0.00164595
0.000739117
0.000442119
0.00506087
0.000953355
0.00118638
0.000390087
0.000522016
0.000382569
0.000217052
0.000253165
0.000375952
0.000160016
0.0012966
0.000747426
0.00101375
0.000810491
0.000346025
0.000793632
0.000602898
0.000894218
0.000283055
0.000407768
0.00047266
0.000231548
0.00060001
0.000640654
0.000987752
0.000851453
0.0013077
0.000688436
0.000722211
0.000908718
0.00215986
0.000538834
0.000729646
0.131492
0.00092796
7.73668e-05
0.000463694
0.000664061
0.000590488
0.000186619
0.000832014
0.00180774
0.000296094
0.000305904
0.00187761
0.000590135
0.000747482
0.00226569
0.000260413
0.000700128
0.00075094
0.000622838
0.000957052
0.000715508
0.00156722
0.000912166
0.000411929
0.000505643
0.000378708
0.00101986
0.00100208
0.000195637
0.000493997
0.000483785
0.00200252
0.000869121
0.000334461
0.00192409
0.00142107
0.000473476
0.00343543
0.000459591
0.000575436
0.000726378
0.000550952
0.000669741
0.00063878
0.000261501
0.000308743
0.000514139
0.000664542
0.00111335
0.000683081
0.000895262
0.000803963
0.000379285
0.00066385
0.000160553
0.000462259
0.000662573
0.000477162
0.00132273
0.000327735
0.00319265
0.00132181
0.000830038
0.000552863
0.000676051
0.000441361
0.00132761
0.00103628
0.000377341
0.000646251
0.000502694
0.000540861
0.00442096
0.00262803
0.00357057
0.000625547
0.00140451
0.000570918
0.000459436
0.00127687
0.00115579
0.0150477
0.000425514
0.000290472
0.000824215
0.00225486
0.00220237
0.000734395
0.000522959
0.00263413
0.00288951
0.000340243
0.000127601
0.000778065
0.000556915
0.00111983
0.00055729
0.00106843
0.000648967
0.000488767
0.000965777
0.000807581
0.00162739
0.000483403
0.00040965
0.00118283
0.000543377
0.000862661
0.000350924
0.00139177
0.000358314
0.000546159
0.000278537
0.000965067
0.000479309
0.000374682
0.000712095
0.000921199
0.000797258
0.0022908
0.00035331
0.000626474
0.000664115
0.000854324
0.00132259
0.000539517
0.000525897
0.0118106
0.00151383
0.000678364
0.000911853
0.000719657
0.000900597
6.89824e-05
0.000294247
0.000384955
0.000301561
0.000342828
0.000931207
0.00050599
0.00023761
0.000699411
0.00125363
0.000828286
0.000133435
0.00149774
0.000406624
0.000592343
0.000549414
0.00053232
0.000733586
0.000989558
0.000974142
0.00169935
0.000524297
0.00111548
0.0011876
0.00103364
0.000436797
0.00238367
0.000883505
0.000658489
0.000967727
0.000581567
0.000160304
0.000693892
0.000536136
0.00480296
0.000985641
0.00124308
0.00100455
0.000973339
0.000130216
0.000550677
0.0140497
0.00131739
0.00130242
0.00252457
0.000393108
0.00765284
0.00217871
0.000831754
0.000826399
0.000532447
0.000729523
0.000895548
0.000446712
0.000320444
0.00122039
0.000425757
0.000570814
0.00105555
0.000763918
0.0010086
0.00162125
0.000953406
0.00208399
0.000874244
0.000993247
0.000734599
0.000555185
0.00360715
0.00157083
0.00559963
0.00063843
0.000784625
0.000270605
0.000911323
0.000695005
0.000935011
0.00214799
0.000564243
0.000605701
0.000476053
0.000370905
0.000594662
0.000568025
0.000551099
0.000509347
0.000273448
0.000476344
0.000335058
0.000726826
0.000909619
0.000750714
0.000513377
0.00129318
0.000563119
0.00101046
0.000531439
0.000388095
0.000939734
0.000759468
0.00407922
0.000492244
0.000408508
0.000377691
0.000890606
0.000566184
0.000384059
0.000575448
0.000809454
0.00092864
0.000977661
0.00035485
0.000686282
0.000835327
0.000565986
0.000433558
0.000591919
0.000256555
0.000607094
0.000644248
0.00194229
0.000786274
0.000288189
0.00104896
0.000523125
6.75322e-05
0.00111681
0.000597283
0.000619803
0.00261494
0.000534082
0.000670774
0.00142111
0.000662121
0.000662324
0.000918508
0.000814115
0.0014958
0.0007177
0.0104709
0.00507182
0.00200833
0.00029674
0.00271451
0.000205152
0.000690423
0.000562055
0.00542951
0.000243205
0.00376666
0.000276065
0.000489997
0.000598975
0.00357415
0.00137218
0.00203066
0.000748279
0.000277301
0.00052428
0.000776732
0.00205892
0.000434721
0.00206319
0.000571361
0.000448322
0.000306534
0.000503604
0.000834161
0.00127206
0.000487405
0.000610271
0.00561663
0.000480675
0.000582616
0.0006043
0.00131696
0.000487647
0.000850637
0.000855297
0.000538634
0.000521999
0.000561018
0.0003926
0.00339073
0.000468681
0.00180414
0.000653839
0.000790891
0.0006161
0.00179482
0.00703868
0.000606345
0.000802049
0.00130946
0.000582081
0.0009401
0.00038478
0.000931462
0.000306527
0.000501351
0.000299448
0.00163973
0.000643656
0.000554714
0.00176547
0.000452361
0.00148587
0.00108654
0.00148623
0.000432981
0.000872991
0.000639883
0.000452905
0.00025085
0.000970191
0.000498644
0.000666926
0.000598392
0.00105185
0.000960223
0.00138053
0.000564352
0.000692568
0.00031875
0.00053272
0.000497546
0.00224637
0.000936076
0.000562284
0.000516427
0.000662829
0.000770761
0.000597151
0.00103578
0.000688393
0.000495181
0.000666759
0.000443847
0.000523654
0.000314192
0.000388145
0.000657295
0.000799235
0.000567253
0.000308625
0.00032262
0.000769883
0.00129647
0.000564124
0.00113961
0.00059117
0.000502422
0.000626357
0.000576263
0.00114157
0.000990059
0.000841336
0.00160881
0.000467286
0.000846489
0.000815959
0.000556502
0.00126037
0.00136116
0.000454106
0.000116956
0.000679821
0.000642992
0.00191255
0.00156217
0.00056391
0.00065022
0.00141345
0.000354762
0.000822414
0.000645868
0.00114527
0.000693088
0.000346621
0.0160773
0.000199381
0.000449631
0.000496699
0.000881256
0.000814827
0.000359809
0.00084962
0.000617804
0.000916342
0.000365322
0.000664013
0.00106782
0.00175362
0.000779169
0.000869686
0.000343231
0.000926698
0.000647373
0.000953146
0.00146729
0.00135363
0.000239179
0.000332693
0.000438792
0.00130046
0.000725504
0.000473207
0.000686033
0.000450393
0.00305713
0.000445176
0.00140513
0.000689393
0.00132288
0.000731126
0.00467718
0.0087696
0.000565198
0.000363178
0.00527263
0.000850752
0.000219917
0.000813522
0.000742175
0.00164775
0.00192391
0.000409342
0.000498221
0.00556918
0.000614504
0.000289342
0.000507491
0.000366208
0.00035931
0.000178327
0.000660955
0.000669464
0.00102727
0.000423214
0.000924016
0.000672485
0.000774703
0.000447011
0.000439697
0.000433543
0.00027353
0.00082606
0.000476148
0.000879033
0.00253348
0.000555327
0.00066083
0.00132005
0.000260471
0.00440326
0.00048877
0.000412504
0.00162984
0.00138156
0.000373881
0.000634514
0.00748638
0.000532466
0.000454545
0.0011382
0.000609456
0.0013586
0.000472929
0.00100817
0.000628815
0.00115351
0.000784883
0.000785817
0.000886299
0.000583628
0.000664529
0.000162804
0.000335189
0.000575741
0.000553197
2.57697e-05
0.000340548
0.00114175
0.000784247
0.000486973
0.000647479
0.000626159
0.000514608
0.000688114
0.00141501
0.000938462
0.00100163
0.00063268
0.000884389
0.000531319
0.000441251
0.000429953
0.000475411
0.00102693
0.00056166
0.000623419
0.000952337
0.00117922
0.000839889
0.000412955
0.00762399
0.000380648
0.000412575
0.000631406
0.000315527
0.000381754
0.00048461
0.000758083
0.00122986
0.000577193
0.00147229
0.00209297
0.000763858
0.00094407
0.0027674
0.000710677
0.000754618
0.00055685
0.000614515
0.000562946
0.000325057
0.000130038
0.000521072
0.0009638
0.00118855
0.0020671
0.00101578
0.000369914
0.00151506
0.000615831
0.00167234
0.00102717
0.000499929
0.000591189
0.000594066
0.00119896
0.00112694
0.000556602
0.000258653
0.00073531
0.00415875
0.000792775
0.00191181
0.0033643
0.000245759
0.000762596
0.000560136
0.000601562
0.000828722
0.000782307
0.000540442
0.000491626
0.000477637
0.000442206
0.00101792
0.00181726
0.000777725
0.000600644
0.000755124
0.00132935
0.000546823
0.000279773
0.00125042
0.000459272
0.000858609
0.000685436
0.00380927
0.00169401
0.000504154
0.000153875
0.000359816
0.000635971
0.000561494
0.00160547
0.000662006
0.000380329
0.000796676
0.00135385
0.000618907
0.000323304
0.000670065
0.000767911
0.000485591
0.000557095
0.00045768
0.000484442
0.000693851
0.00106011
0.000542682
0.00173501
0.00103803
0.000854301
0.000608716
0.000979611
0.000755136
0.000789993
0.000667074
0.000384471
0.000601241
0.000324846
0.000683711
0.00823526
0.000649154
0.000762156
0.00334788
0.000652333
0.000859529
0.000820275
0.000532926
0.000637644
0.00186026
0.000537405
0.00318002
0.00128691
0.000258069
0.00092312
0.000551917
0.000594229
0.000702107
0.00225831
0.000305169
0.000338062
0.000521326
0.000482787
0.000303608
0.000336363
0.000767111
0.000670885
0.000983018
0.000801317
0.000709853
0.000909332
0.00087092
0.000866654
0.00073948
0.00137341
0.00649318
0.000588398
0.000512851
0.00108061
0.000969136
0.000753259
0.0017003
0.000259555
0.000952336
0.000888533
0.00187844
0.000392786
0.000421285
0.000538695
0.000813503
0.000507061
0.000875091
0.00132321
0.000568636
0.00106393
0.00141016
0.000570296
0.000354114
0.000253474
0.00221741
0.00109057
0.00853779
0.00623546
0.00278293
0.0018105
0.000936274
0.00134254
0.000583136
0.000664024
0.000252404
0.00289482
0.000519913
0.000414691
0.000248615
0.000461174
0.00072616
0.00103897
0.00156992
0.00047703
0.000659397
0.000937044
0.000996106
0.000585756
0.000639231
0.00129757
0.000461922
0.000580373
0.000511511
0.000518536
0.000140504
0.000813099
0.000526373
0.000609801
0.000653546
0.0018957
0.000611273
0.00039275
0.000338755
0.000544756
0.000692404
0.000674287
0.000317754
0.000496345
0.0042373
0.00056442
0.000506786
0.000749331
0.000443916
0.000340383
0.00063321
0.000601977
0.000490878
0.000583642
0.000644489
0.000575372
0.00061213
0.00052619
0.000475323
0.000868878
0.000852935
0.030184
0.000593547
0.00374801
0.000310481
0.000734549
0.000755323
0.00122572
0.000835102
0.000918711
0.00019444
0.000581844
0.00025345
0.000778557
0.00469568
0.000727682
0.000783204
0.000768914
0.000790677
0.000758162
0.000520293
0.000469474
0.000606573
0.000767175
0.000647738
0.000747207
0.000792198
0.000804804
0.000586939
0.000402229
0.00077093
0.000830325
0.000985473
0.000521649
0.00136411
0.000871099
0.000415674
0.000335701
0.00829611
0.000651423
0.000661373
0.000789091
0.00352024
0.000754266
0.000369948
0.000533007
0.000713313
0.000523493
0.000279256
0.00149438
0.000683481
0.000828335
0.000640941
0.000586095
0.00053772
0.000523205
0.000430735
0.000760039
0.000247674
0.000515995
0.000858699
0.000393846
0.000330287
0.00397153
0.000681203
0.00031539
0.000106465
0.000777393
0.00049264
0.000250631
0.000631962
0.000320589
0.000657204
