0.00327016
0.000150315
0.000376764
0.000144434
0.000225009
9.76188e-05
4.63406e-05
8.78593e-05
6.35517e-05
0.000295678
0.000698437
0.000287785
0.000136458
9.99907e-05
0.000116365
7.36325e-05
0.000104077
0.000124393
0.000327705
0.000280097
0.000635286
0.000496127
0.000217273
0.00032687
0.000788671
0.000374996
0.00070203
0.000196671
0.000220749
0.000196684
0.000107678
0.000126578
0.000169995
0.000142178
0.000160191
0.000158803
0.000444335
0.000229267
6.75385e-05
0.000358975
5.17479e-05
0.000259017
0.000278977
0.000198132
0.000228338
0.000180348
0.000319558
0.000102459
0.000146909
0.00021755
0.00022113
4.14377e-05
0.000159623
0.000190268
0.000165339
0.000289397
0.000332385
0.000268757
0.000381343
0.000287728
0.000263922
0.000314094
0.000237685
0.00031925
0.00247497
0.000688062
0.000169486
0.00045811
0.000370788
0.000149806
0.000179027
0.000256925
7.36351e-05
0.000154319
0.000325531
0.000404242
0.000279038
0.000140921
0.000265118
0.000162797
0.000118425
0.000228361
0.000331925
0.00369486
0.00020317
0.000605823
0.000239761
8.54424e-05
0.000607499
0.000302089
0.00259295
0.000312648
0.000364163
0.000135653
9.08985e-05
0.000173174
7.19066e-05
0.000329332
2.65823e-05
0.000181128
0.000461152
0.000177285
0.00168698
0.000399124
0.00175775
0.000304699
0.000139961
0.000231879
0.000242926
0.000242072
0.000122128
5.08255e-05
0.000131109
8.75322e-05
0.000438299
0.000262868
0.000472753
0.000448623
0.000505756
0.000261418
0.000473276
0.000343862
3.92626e-05
0.00241496
7.93877e-05
8.25504e-05
0.000512231
0.000167473
5.72204e-05
0.000319764
9.50441e-05
5.13352e-05
0.000562408
0.000562465
7.59566e-05
0.00021225
0.000748481
0.000110539
0.000205061
0.000308966
0.000177394
0.000383337
0.000312173
0.00494503
0.000227748
0.000158506
0.000267765
0.000291436
0.000138598
0.000108729
0.000453135
0.000196804
0.000227777
0
0.000219941
0.000117098
0.000141985
1.0644e-05
8.20666e-05
0.000223139
0.000241436
0.000142673
0.000928352
0.000784761
0.000328091
0.000184502
0.00020471
0.000163406
0.000188959
0.000208055
0.000791602
0.00010994
0.000400366
0.000276976
0.000517389
0.000356645
0.000358727
0.000308746
0.000325541
0.000138273
9.01019e-05
0.000240979
0.000193657
0.000169282
0
0.000558942
0.000215562
0.000150154
0.000571461
0.000273156
0.000230795
0.000247405
0.00014328
0.000285653
0.000674679
0.000510325
0.000192696
0.000314616
0.00104127
0.000465634
0.000117769
0.000284072
0.000183031
0.000213103
3.69672e-05
0.000252395
1.1509e-05
0.00030684
0.00039791
0.000229052
0.000113745
0.000574266
0.000177437
0.000265521
0.000397163
0.000525854
0.000230269
0.000470117
0.000279656
0.000161023
0.000122568
0.00519393
0.000328023
0.000363047
0.000191833
0.000299069
0.000957996
0.000258809
0.000221945
0.000663336
0.0003261
0.000134516
5.07536e-05
0.00107934
0.000353298
0.00151366
7.17309e-05
9.78981e-05
6.91008e-05
0.000171267
0.000398055
0.000323111
0.000266307
0.00107615
0.000756224
0.000391248
0.000202691
0.0174531
0.000190137
0.000179544
0.000392698
0.000279595
0.000250589
0.000239321
0.000111125
0.000348502
0.000155207
2.92597e-05
0.000165394
0.000216406
0.000122293
0.000305769
0.000344971
0.000155366
0.000351426
0.000227168
0.000106371
0.0004645
0.000228101
0.000839841
0.000294368
0.000517599
0.000246178
0.000159214
0.000370554
0.00104612
0.000156228
0.000423371
0.000204973
0.000288987
0.000319508
8.85275e-05
0.00260252
0.000185072
0.000124558
6.32037e-05
0.000238994
0.000546669
0.00024027
0.0001779
0.000493332
2.76295e-05
0.0199547
0.000148488
0.000222498
0.000374103
0.000243147
0.000151577
0.000197472
0.000273616
0.000803242
0.0002306
0.000342974
0.000170641
0.000252176
0.000138021
0.000162176
0.00114098
0.000134314
0.000129196
0.000210111
8.83726e-05
0.000254485
6.34272e-05
0.000775462
0.00051022
0.000207966
0.000153555
0.000182189
0.000219196
0.0002909
0.000522849
0.00230985
0.000136277
9.61e-05
0.000434925
0.000232442
9.96865e-05
0.000578108
0.000376264
0.000242488
0.000622548
0.000143287
0.000124401
0.000238146
0.000848215
0.00100438
0.000432345
0.00019267
0.000105843
0.00040983
0.000247386
0.000260922
0.000278071
0.000386634
0.000268836
0.000286271
0.000380094
0.000169473
0.00241771
0.000298889
0.000563129
0.000507713
0.000331023
0.000114501
0.000111845
0.000103607
0.000142797
0.000451455
7.75515e-05
0.000262488
0.000261548
0.000260219
0.000261011
0.00026396
9.16324e-05
0.000567383
0.000222196
0.000331221
0.000443361
0.00117022
0.000346482
5.9448e-05
5.22603e-05
0.000672052
0.00030439
0.000503058
4.31644e-05
0.00034539
0.000773898
0.000277076
9.96462e-05
0.000244938
0.000102844
0.000265289
0.000129703
9.90614e-05
0.000466911
0.0012776
8.24091e-05
0.000137998
0.000370453
0.00339801
0.000529933
0.000443866
0.00141623
0.000816598
0.000229722
0.000282142
0.000131243
0.000151745
0.000466907
0.000189675
0.000335971
0.000150924
0.000839467
0.00164809
0.000329863
0.00028042
0.00122329
0.000217036
0.000368896
0.000205965
0.000426804
0.000415697
0.000251487
0.000879618
0.000225879
0.000234655
0.000724111
0.000239444
0.000145512
9.57808e-05
0.000170806
0.000289313
4.66643e-05
0.000281563
0.00034465
0.000171973
0.000289749
0.0003018
0.000117475
8.28211e-05
0.000317601
9.57413e-05
0.000456736
8.23357e-05
0.000160312
0.000298679
0.000243469
0.000262506
0.000195406
0.000138276
0.000288695
0.000181269
0.00060601
0.00193268
0.000315888
0.000369544
0.00028923
0.000110773
0.000156824
0.00020354
0.000483774
0.000324568
0.000165576
0.00056708
0.000237385
0.000295284
0.000291092
0.000809378
0.00048533
0.000218059
0.000136075
0.000238873
0.000137043
0.000232365
0.000336467
0.000302255
0.000322891
0.000713838
0.00126918
0.000172506
6.1793e-05
0.000147163
0.000106707
0.000215791
0.000256209
8.17774e-05
0.000237577
0.000135177
9.11913e-05
0.000560218
0.000355038
0.000326933
0.000262184
0.000497632
0.00025171
0.000236768
0.000360518
0.000463234
0.000868247
0.000198169
0.000292017
0.000139606
0.000263512
7.64527e-05
0.000205097
0.00170674
0.000429218
0.000105268
0.000393458
0.000146684
8.01607e-05
0.000187303
0.000331491
0.000149615
0.000202291
0.000310984
0.000227858
0.00030379
0.000134559
0.000221831
0.000724692
0.000349743
0.000620576
0.000742614
0.000203805
0.000238092
0.000737479
0.000216454
0
0.000284689
0.000591741
0.000323256
0.000232516
0.000220241
0.00018926
0.000198248
0.000125753
0.000320345
0.000155199
0.00261218
0.000547009
0.0002212
0.000390213
0.000217309
0.0002097
0.000313614
0.000204404
0.00040307
0.000595874
0.000333284
9.24543e-05
0.00185896
0.00013446
0.000235866
0.000164925
0.000211132
0.000316286
0.000202081
0.000268229
0.000292433
0.000195334
0.000180446
0.000158353
0.000438631
0.000307422
0.000290904
0.000166302
0.000449239
0.000518482
0.000242291
4.77779e-05
0.000425774
0.000101717
0.000347223
0.00104055
0.000363557
0.000139739
8.24794e-05
0.00119479
0.000146673
0.000178101
0.00025782
0.000132277
0.000292867
0.000151352
0.00025439
1.0419e-05
0.000698159
9.67085e-05
0.000334743
0.000444182
0.000323875
0.000446245
0.000131425
0.000411807
3.17037e-05
0.000160696
0.00103731
0.000290282
0.000369827
0.000102722
0.00099882
0.000262154
0.000239595
3.9339e-05
0.000498318
0.000215962
0.000163104
0.000116282
0.000342168
0.000116965
0.000180648
0.000127324
0.000338519
0.000209139
0.00131761
0.000230994
0.00035335
0.000475967
0.000231928
0.000514303
0.000212767
3.38357e-05
9.34246e-05
0.000195784
0.00034361
0.000402789
6.85514e-05
0.000377248
0.000300486
2.64292e-05
0.000172074
0.000255031
0.000301798
0.000146522
0.000211336
0.00057388
0.00102967
0.00266485
0.00028143
0.000177349
8.54772e-05
0.000601314
0.0015398
0.000166041
0.00332408
0.000138386
6.91641e-05
0.000202312
0.013734
0.000108977
6.50367e-05
0.000469778
7.20192e-05
0.000391924
0.0002038
0.000835616
0.000288903
0.000228284
0.00049949
0.000441225
0.000194498
0.000385867
0.000295168
0.000247264
0.000411254
0.00028182
0.00110932
0.0001653
0.000598611
9.07202e-05
0.000313095
0.000675335
0.000193086
0.000125805
0.000135129
0.000465338
0.000251023
0.000282374
0.000243442
7.20531e-05
0.000465426
0.000115943
0.000255084
0.000138371
0.000208622
0.000273669
0.000228091
0.000190272
0.000645362
0.000244891
0.000226183
0.000270372
0.000179253
0.000286395
0.00019239
0.000212274
0.000791424
0.00039932
0.000357346
0.000211443
6.32491e-05
0.000194065
0.000534523
0.000638315
0.000972179
9.08139e-05
0.000517003
0.000338837
0.000209602
0.000149443
0.000143414
6.75226e-05
0.000607219
0.000590484
0.000126735
0.000193428
0.000174514
0.000454297
0.000456581
0.000287815
0.000237297
0.000271266
0.000175972
0.000272906
0.000682749
0.000223655
0.000287385
0.000328451
1.58977e-05
0.000149262
0.000167362
2.87136e-05
0.000110454
0.000227883
0.00033884
0.000400781
0.000325983
0.000241222
0.000111656
0.000107299
6.23203e-05
0.00609827
0.000374767
0.00031777
0.000123602
4.24129e-05
0.000164531
0.000107689
0.000674977
4.41304e-05
0.000644345
0.000110203
0.000167366
0.00197418
0.000223268
0.000215465
0.000224192
0.000323828
0.00027379
0.000113587
0.000215209
0.000325962
0.000219481
0.000208141
0.00025251
0.00129665
0.000208547
0.00010877
0.000106958
0.000137164
0.000202031
0.000210917
6.83585e-05
0.000593936
0.000456911
6.25306e-05
0.00030827
0.000138094
0.000103103
8.92916e-05
0.000288499
0.000265561
0.000389575
9.59891e-05
0.000252521
0.0002009
0.000135425
0.000563444
0.000540967
0.000132403
0.000725746
0.000486594
0.000383908
0.000281363
0.00020851
0.000290064
3.34022e-05
0.000519139
0.00019618
0.000271805
0.00017254
8.38466e-05
0.000276248
0.000185034
0.000179297
8.62516e-05
2.95151e-05
0.00015565
0.000411509
0.000317496
0.00044896
0.000509519
0.000266752
0.000567708
0.000128001
0.000475557
0.00253292
9.55743e-05
0.000293802
0.000436635
0.000252987
0.000116529
0.000145217
0.00015332
0.000223741
3.63743e-05
0.000301254
0.000221186
0.000370752
0.000301926
0.000185755
0.00029565
0.0270403
0.00010891
0.00171066
0.000206218
0.000205863
0.000293714
0.000334207
0.000197331
0.000132979
0.000929992
0.000258838
0.000172968
0.000196736
0.000227861
0.000353847
0.00025759
0.000326684
5.09122e-05
0.000197175
0.000101222
0.000218204
0.000172518
0.000219133
0.000217105
4.33742e-05
0.000362222
4.15394e-05
0.000196269
0.000534667
0.000376923
0.000324904
0.00010486
0.00021107
0.000164381
0.000931654
0.000519982
0.000287715
0.000244754
0.00018334
5.05108e-05
0.000180389
0.000128088
0.000638968
0.000405742
0.000740005
0.000206882
0.000232089
0.00091097
0.000254232
0.000146732
0.00013754
0.000258676
0.000188231
0.000275231
0.000222328
0.00125799
0.000225977
0.000406641
0.000173151
6.9177e-05
0.000220079
0.000115065
0.000119011
0.000359252
0.000102154
0.00436616
0.000473902
0.000379476
0.000187706
0.000255252
0.000329308
0.000379262
0.000121423
0.000292232
8.81122e-05
0.000216663
0.00029804
0.000700473
0.000255707
0.000322752
0.00268914
0.000324986
0.000103175
0.000162741
0.000366754
0.00023808
0.000284066
0.00023729
0.00014622
0.000397455
0.00015651
0.00146111
0.00066562
0.000146876
0.000320677
0.000359122
6.58582e-05
0.000135763
0.000340653
0.000296101
0.000114677
0.000389617
0.000256544
0.000297883
0.000177582
0.00032279
0.000264684
3.885e-05
0.000241532
9.97907e-05
0.000413205
0.000666678
0.000255839
5.42755e-05
0.00019275
0.000422748
0.000349402
0.000154002
4.95017e-05
0.00242066
0.000416889
0.000532207
6.93227e-05
0.000106028
0.000160243
0.000243717
0.000390849
0.000438021
0.000265722
0.000655191
0.000633245
0.000198704
0.000138561
8.46848e-05
0.000138716
0.000174409
0.00141014
0.000437265
0.000131272
0.000190175
0.000521461
0.000423909
0.000343729
0.000193057
6.7571e-05
0.000215395
0.000241352
0.000110676
0.000396259
0.000159077
0.000361316
0.000762165
9.4871e-05
3.96767e-05
0.000345891
0.000213051
0.000341995
0.000414064
0.000243837
0.000669665
0.000125131
0.000699741
0.000212559
0.00038149
0.000193305
0.000404397
0.000365334
0.000355719
0.000157229
9.68428e-05
0.000224553
0.00041409
0.000198029
0.000406062
0.000120932
3.64805e-05
0.0001511
0.00669517
0.000209898
0.000287448
6.30072e-05
7.8734e-05
0.000108834
6.58021e-05
0.000162856
0.000343876
0.00045456
0.000255112
0.000413271
0.000391812
0.000343025
0.000263358
0
0.000223407
0.00202394
0.000611472
0.000318919
0.000247235
0.000281531
0.00342009
0.000641459
0.000312426
0.000303315
0.000262145
0.000230803
0.00019897
0.000613547
0.000481815
0.000317034
0.000226529
6.13334e-05
0.000390879
0.00038652
0.000339523
0.000399993
0.000246139
4.79631e-05
0.00015087
0.000292776
0.000298229
0.000144748
0.000212321
0.000132044
5.96145e-05
0.00033799
0.000206438
7.89349e-05
0.000237614
0.000403188
5.2008e-05
0.000273323
0.000443309
0.000293409
0.000265067
9.2651e-05
0.0002696
0.000404886
0.000126075
0.000234613
0.000817231
0.000106762
0.000176905
0.000140482
0.000467773
0.000247361
0.000196525
0.000369765
0.00019144
0.00020671
0.000257439
0.00032469
0.000683997
8.4454e-05
6.29431e-05
0.00013388
0.00023072
0.000251657
0.000214224
8.50884e-05
0.00020634
0.000238624
0.000241751
0.000151458
0.000199834
0.000284803
0.000447389
0.000257187
0.000456957
8.7541e-05
0.000370927
0.000229825
0.000242193
0.000322315
7.69541e-05
0.000205337
0.000129889
0.000112269
0.000251598
0.000151063
0.000107346
4.78013e-05
8.94776e-05
0.000885418
0.000389812
0.000341291
0.000103739
0.000378223
0.000123125
0.00010859
0.000157772
0.124764
0.000371423
0.000268985
1.05274e-05
0.000623779
0.000429202
5.48745e-05
0.000218004
0.000498409
0.000342836
0.000226891
0.000161457
0.000578387
0.000537979
0.000255169
0.000133448
0.000357811
0.000980922
0.000316641
0.000976163
0.000529546
0.000264454
0.0031408
0.000236866
0.000140973
0.00015217
0.000789863
0.000329728
0.000350638
0.000243391
0.000656692
0.000424936
0.000376352
0.000362499
0.000250877
0.000196418
0.00011547
0.000129127
0.00041243
0.000380026
0.000365404
0.000358331
0.000111953
0.000230086
0.000138617
0.000226693
0.000149453
6.47818e-05
0.00131871
0.000100821
0.000125852
4.6195e-05
9.91347e-05
0.000127461
0.000152
0.000359379
0.000314513
7.15784e-05
0.000189736
0.00033137
0.000272879
0.000160853
0.000401525
0.000260532
0.000482817
0.000325506
8.10394e-05
7.79012e-05
0.000102495
0.000247294
0.00022786
0.00054206
0.000693837
0
0.000431306
0.000256909
0.00101077
0.000341481
0.000342147
0.000371393
0.000386746
0.000400934
0.000233838
0.000339087
0.000212305
0.000176878
0.000216034
0.000160965
9.64104e-05
0.00021869
0.00109948
0.000405395
0.000147648
0.000355248
0.000561612
0.000740453
0.000558767
0.000218133
0.0004521
9.06056e-05
0.000106081
0.000588885
0.000361281
0.000269252
0.000272505
0.000388119
6.42429e-05
0.000308524
9.91059e-05
0.000110407
0.000363676
0.000196731
0.000113407
0.000221604
0.000320615
0.000241203
0.000403768
0.000168768
7.7741e-05
0.000253827
0.000299893
0.00013712
0.000403455
0.000135176
0.000199604
0.000243585
0.000140404
0.000202045
0.000608956
0.00105189
0.00137647
8.61712e-05
0.00105159
0.00025751
0.000137491
0.000146718
0.000436573
5.96314e-05
0.000307698
7.78756e-05
0.000370009
0.00033398
0.000207412
0.000249607
0.000187031
0.000657077
0.000612143
0.00017709
0.000260369
0.000199476
0.000605072
0.00184919
0.000173347
0.000164182
0.00011961
0.000434636
0.000159863
0.000201591
0.000524841
0.000590297
0.000638132
0.000393216
0.000154682
0.00035434
0.000432982
6.87131e-05
0.000519462
0.000256972
5.55321e-05
0.000228963
0.000400222
0.000291344
0.000200466
0.000756949
0.000291164
0.000823436
0.000162347
0.000233315
0.000522012
0.000656239
0.00060034
1.41045e-05
0.00019502
0.000116407
0.000210685
0.000535142
0.00119523
0.000364425
0.000364813
0.00107812
0.000201458
0.000161539
0.000305162
0.000650047
0.000256011
0.000360926
0.000639893
0.000131544
0.000101838
0.000199745
0.000258693
0.000229101
0.000154201
0.000792167
0.000255846
0.00119544
0.000136843
0.000547222
0.000264944
0.000140882
6.551e-05
0.000228462
0.000193015
0.000152551
0.000108735
0.000543628
0.000220292
0.00115486
0.000183753
3.42143e-05
0.00012366
0.000125948
0.000583137
0.000591884
6.86042e-05
9.12411e-05
0.000220573
0.00101433
9.71792e-05
0.000470453
0.000180944
0.000175006
0.000236482
0.000204511
0.000318041
0.000236591
0.0158854
0.00104956
6.42813e-05
0.000282315
0.000222204
0.000298263
0.000269074
0.00043013
0.000289659
0.000188517
0.000626428
0.000226247
0.000195537
0.000162976
0.000242618
0.00022067
0.000218828
6.25795e-05
0.000715136
0.000645011
0.00117481
0.000751024
0.000116845
0.00219615
0.000180437
0.000187913
0.00132917
0.000528163
0.000156437
0.00015818
0.000161289
0.000232003
0.00039585
0.000263067
0.000257933
0.000192062
0.000533659
0.000379152
0.000173021
0.000166441
0.000449237
0.000125021
0.000124629
0.00064388
0.000149736
0.000195245
0.000226539
0.000324223
0.00014141
0.000119957
0.000600579
0.000168674
0.000335578
0.000126897
0.000146988
0.000908723
0.000263553
1.25083e-05
3.58886e-05
0.000328588
0.00029048
0.000176307
9.10551e-05
0.000641392
0.000263481
0.000691558
0.000356418
0.000206472
0.000316348
0.00101076
0.000469906
7.3443e-05
0.000278238
0.000112703
0.000346574
0.000248295
0.000170246
0.000298434
0.000249242
0.000367277
0.000302044
0.000599159
0.000121821
0.000462031
0.000158589
0.000255431
0.000173586
0.0034843
0.000220282
0.000214516
0.000350051
0.000556062
0.000545315
0.000224321
0.000445649
0.000440967
0.00014381
0.000413411
0.000201568
0.000453453
0.000104658
7.1584e-05
0.000398015
0.000287121
0.000955933
0.000417119
0.000158047
0.00055281
0.000109636
0.000494638
0.000353378
0.00130359
6.03765e-05
0.000273495
0.000424149
0.000373712
0.000304238
0.0003292
0.00028234
0.000161893
0.000123806
0.000377842
0.000314589
0.00026383
0.000352091
0.000757442
0.00012421
0.000587424
0.000637629
0.000198359
0.000302818
0.000359242
4.06166e-05
0.000719295
0.000225778
0.00061348
0.000142281
9.0215e-05
0.00023465
0.000173184
0.000374775
0.000327258
0.000331773
8.95565e-05
0.000510007
0.000218673
0.000232183
0.00028206
0.000160656
0.00014556
7.22632e-05
0.00473048
0.000108744
0.000581233
0.000210702
0.000334557
0.000170951
0.000279407
0.00023382
2.6965e-05
0.000161318
0.000276305
0.000300754
0.0008151
0.000281638
0.000705158
0.000149062
0.000212393
0.000339518
0.000479933
0.000324489
0.000769494
0.000246354
0.000427378
0.000299246
0.000524509
0.000198413
1.04737e-05
0.00426272
0.000481855
7.99523e-05
0.000343402
0.000302299
0.000376299
0.000167269
0.000205756
0.000218984
0.000200618
0.00104463
0.000136493
0.000279925
0.0002401
0.000193172
0.000314096
0.000303028
0.000340811
0.00114921
5.53941e-05
0.000328865
0.00012725
0.000119142
0.000298679
0.000209118
7.87315e-05
0.000766021
0.000257556
0.00044605
0.000196392
0.00145758
0.000124799
0.000262782
2.58628e-05
0.000124917
0.000111632
0.000359929
0.000355957
3.60122e-05
0.000125951
0.000397548
0.000221362
0.00181669
0.000401809
0.000280072
0.000370985
5.47939e-05
0.000501472
0.000274977
2.25113e-05
0.000149215
6.43789e-05
0.000225146
0.000283217
0.000216049
5.909e-05
0.00037705
0.000166253
0.000322971
0.00316979
0.000198579
0.00039135
0.000271723
0.000238318
0.000145265
0.000133731
0.000118564
0.0002168
0.000192875
0.000135911
0.000297333
0.000367547
0.000370834
0.000252813
0.000160819
0.000731372
0.00059751
0
0.000133007
0.000246698
0.000277647
0.000723489
0.000475146
0.000409693
0.00182808
9.41275e-05
0.000179354
0.000318105
0.000146346
0.000190065
0.000181902
0.000240069
0.000485054
0.0104228
0.000840066
0.000256362
0.000392396
0.000284686
0.000344783
0.000161759
4.95176e-05
0.000257199
0.000740247
0.000265219
0.000112642
0.000134313
0.000552911
0.00269776
0.000124648
0.00241533
0.00042282
0.000205625
0.000135335
0.000593513
0.000217579
0.000261243
0.000270326
0.000257074
0.000309918
0.000168156
0.000407147
0.000363379
0.000153915
7.75036e-05
0.000361392
0.000247143
0.000579838
0.00027269
0.000712156
0.000167866
0.000694775
0.000147273
0.000248777
0.000370545
0.000689783
0.000235529
0.000107969
0.000431028
0.000345202
0.000210445
0.000279293
8.96865e-05
0.000184543
0.000225725
0.000172573
0.000149933
0.000291137
0.000319622
0.000528977
0.000362516
0.000962207
0.00052241
0.000311232
0.0003032
0.000466524
0.000352316
0.00024481
0.000231465
0.000357674
0.000331505
0.000422683
0.000380287
0.000226527
0.000259338
0.000301367
0.000224918
0.000226989
0.00412284
0.000386424
3.25117e-05
0.000147767
0.000571845
0.000477159
0.000946502
0.000135008
0.000235029
0.000332484
0.000289173
0.000754651
0.00022393
8.57847e-05
0.000407517
0.000129255
0.000197386
0.000690155
0.000131918
0.000145488
0.000354576
0.000413006
0.000327904
0.000118031
0.000357551
0.0002439
0.000329973
0.000456453
0.00114651
0.000115944
0.000201863
6.67844e-05
0.000210935
0.000879144
0.000109481
0.000169059
2.44025e-05
0.000258218
0.000916817
0.000123268
0.000160972
0.000214638
0.000118437
0.000289034
0.000100922
0.00143496
4.01533e-05
0.000507536
0.000181628
0.000624202
0.000409619
0.00159407
0.000248691
0.000472228
0.000332004
0.000163794
0.00109819
0.000307212
0.00103845
0.000161328
0.000853891
0.000269562
0.000259679
0.000128406
0.00152573
0.000347662
7.02034e-05
0.000449795
0.000350673
0.000118101
0.000348479
0.000161588
0.000141981
0.00019759
0.000676456
0.000110844
0.000276411
0.000513102
0.00076667
0.000168337
0.000225558
0.000266037
0.000193617
0.000684422
0.000139702
0.000254065
0.000504625
0.000217132
9.60016e-05
0.00023187
0.000230426
0.000204802
0.000121459
0.000538852
0.000261333
0.000174441
0.000218896
0.00045242
0.00225077
0.000270743
0.000226198
0.000635832
0.00132229
0.000178405
9.9979e-05
0.000165139
0.000143253
0.000176704
0.000152559
0.000443105
0.000380916
0.000332007
0.000853406
0.000204089
0.000596213
0.000144076
0.000333228
0.000424133
0.00025159
0.0486519
0.000214055
0.00257196
0.000301922
0.000205615
0.000145337
0.000189496
0.000211943
0.000431376
0.000253819
4.96944e-05
0.00242003
0.000144271
0.000534899
0.000169119
0.000105878
0.000308305
0.000371671
0.00119299
0.000293633
0.000189588
0.000216054
0.000184679
0.00057512
0.00016446
0.000447516
0.000257832
0.000180455
0.000390811
6.04159e-05
0.000754766
0.000497808
0.000171058
0.000134905
0.000742327
0.000385406
0.000401997
6.87163e-05
0.000280025
6.02366e-05
0.000184871
7.60835e-05
0.000306039
0.000143904
0.00017334
0.000469085
0.000230957
0.000273701
0.000172447
0.0186195
0.000131044
0.000157146
0.000322843
0.000207782
0.000280092
0.00031671
0.00018031
0.000226656
0.000529101
0.000356304
0.000356732
0.000158067
0.000729357
0.00014047
0.000299514
0.000110022
0.00024849
0.000670247
0.000397259
0.000312298
0.00029018
0.00022966
0.000157519
8.33576e-05
0.000371464
0.00124352
0.000387757
0.000170922
0.000470438
0.000115961
0.000602562
0.000202838
0.000479809
0.000172433
0.000292682
0.000267239
0.000210261
7.63602e-05
0.000170123
0.000236249
0.000395098
0.00120273
0.000313827
0.0015154
0.000213081
0.000637113
0.000489743
0.0001815
3.17987e-05
9.579e-05
0.000233107
0.000275613
0.000281584
0.000306623
7.16829e-05
0.000110508
0.000329996
0.000414712
0.000586874
0.00192868
0.000268733
0.00013789
0.000242224
7.42314e-05
0.000300485
6.0581e-05
0.00030957
0.000122028
0.000333733
0.000105651
0.000696875
0.000117863
0.000165723
0.00021144
8.65369e-05
0.000203698
0.000464669
0.000136019
0.000304663
0.000279761
0.000302867
0.00042105
0.000115223
0.000129831
0.00032073
0.000149794
0.000408833
0.000368825
0.000311262
0.000294398
0.000576312
0.00322314
0.000158727
1.16509e-05
0.000130175
0.000217538
0.000148151
0.000351717
0.00039002
0.000266719
0.000119021
0.000737984
0.000217552
0.000390543
0.000489784
0.000607009
0.000623304
0.000202016
0.00154745
0.000110735
8.07654e-05
0.000413952
0.000579806
0
0.0001465
6.12329e-05
0.000258121
0.000206302
0.000339068
0.000499781
0.000496274
6.7031e-05
0.000171266
0.000239523
0.000667494
0.000433171
0.000136872
0.000343393
0.000215766
0.000140557
5.01579e-05
7.50302e-05
0.000598549
0.000158102
0.000311652
0.000122865
0.000227448
9.64561e-05
0.000289328
0.000160125
0.000261966
5.90785e-05
0
0.000197225
0.000309166
0.000176999
0.000497827
0.000114621
0.000676051
0.000247741
0.000186915
0.000346008
0.000257507
0.000215646
0.000308997
0.000429693
0.000308714
0.000135876
0.000147891
0.000163731
0.000554986
0.000209028
0.000351759
0.000329149
0.000206181
0.000214477
6.73544e-05
0.000123469
0.000367402
0.000299018
0.000579146
0.000276036
5.07787e-05
0.000139196
0.000345572
5.79135e-05
0.000361891
0.000118591
0.000174995
0.000313037
7.75547e-05
0.000181036
0.000281429
0.000633948
0.000965984
0.000114546
0.000290272
0.000212957
0.000265568
0.000229299
0.000558723
9.39354e-05
0.000283737
0.000561385
0.00038991
0.000734463
0.000301171
0.000292087
0.000665467
0.00024114
0.000211798
0.000530012
0.000239315
0.00027248
0.000254182
0.000646343
0.000827715
0.000596726
5.47683e-05
0.00351122
0.000147134
7.68696e-05
0.000337409
0.000134725
0.000318421
0.000159691
0.000335999
0.000160124
0.000147137
0.000138469
0.000825063
0.000141671
1.70595e-05
0.000591495
0.000183462
0.000216301
0.000355593
0.000115312
0.200066
0.000292417
0.000426538
0.000297896
0.000585699
0.000119927
0.00110948
0.000225842
0.00012807
0.000228718
0.000121976
0.00018702
0.000230071
0.000164395
0.000225312
0.000183562
0.000254177
0.000272902
0.000201179
0.000117413
0.000281817
0.000210876
6.22242e-05
0.000226073
0.000373692
0.000266532
0.000232803
0.000123357
0.000100475
0.000192162
0.0002198
0.000235112
0.000338303
0.000259692
0.000222985
5.73821e-05
0.000252145
0.000567322
0.000153578
0.000182622
0.000232539
0.000306298
0.000202883
0.000103223
2.2687e-06
5.54682e-05
0.00022961
0.000251168
0.00169215
0.000753415
0.000261509
0.000893356
0.000438584
0.000151187
0.00012393
0.000483235
0.000296618
0.000566957
0.000110872
0.000261843
0.000272574
0.000423818
0.000207661
7.61708e-05
0.000330677
0.000176025
0.000202921
0.00062023
0.000227951
0.000192725
0.000206537
0.000242209
0.000121222
0.00051829
0.00016423
0.000292395
9.85208e-05
0.000461926
0.000278765
0.000909704
0.000759335
0.000184388
0.0001274
0.000208909
0.000256553
6.55443e-05
0.000163905
8.77297e-05
0.000404002
0.000409728
8.93532e-05
0.000154455
0.00118951
0.000260455
0.000159989
0.00030406
0.000177927
0.000434472
0.000988803
0.000343466
0.0001406
0.000161319
0.00119788
0.000502791
0.000127651
0.000112816
0.00018332
7.59397e-05
9.76531e-05
0.000233145
0.000194276
0.000209492
0.000359343
7.5879e-05
0.000324241
6.1036e-05
0.000268054
0.000140735
8.60295e-05
0.000228399
9.10295e-05
0.000130674
0.000198782
9.34627e-05
8.20042e-05
0.000389961
0.000390522
0.00018937
2.07683e-05
0.000464264
0.00021098
0.000171614
0.000296197
0.000332379
0.000165216
0.000328473
0.000171609
0.000355339
0.000136662
0.000110351
1.57506e-05
0.00104002
0.000483296
0.000574722
0.00025638
0.000221722
0.000232113
0.000378804
0.000316476
0.000186812
0.000158778
0.000144113
0.000272433
0.000161962
0.00016788
0.000375528
0.000354158
0.000270522
0.000414131
0.000367192
0.000223455
0.00020549
5.39231e-05
0.000160567
0.000547236
0.000250851
0.000253042
0.000164435
0.000643996
0.000157888
0.00030986
0.000326239
0.000398074
0.00217866
0.00011138
0.000227178
0.000190664
0.000152845
0.000557914
0.000156462
0.000297116
0.000149577
0.000655864
0.000228636
0.000214605
0.000643219
0.000131251
0.000170815
0.00013053
0.00022228
0.00071776
0.000152948
0.000468813
0.000306733
0.000415066
0.000114499
0.000189522
0.000275582
0.000378054
0.000112409
0.000349586
0.000339045
6.61726e-05
7.73417e-05
0.000491537
0.000230857
0.000404697
0.000542406
0.000164304
0.00123292
0.000109058
0.000511637
0.000243868
5.60154e-05
0.000100278
0.000545602
0.000112638
0.000191512
0.00024414
0.000164209
0.000203528
0.000157703
0.000587064
0.000499604
0.000939226
0.000232034
0.000220672
0.000248102
0.000195341
0.000962288
0.000306885
0.000152111
0.000148564
0.000451598
0.00023401
0.000131292
0.000243365
0.000234439
0.000942986
0.000398468
6.61281e-05
5.58273e-05
0.000148306
0.000148114
0.000196491
0.00027067
0.000264137
0.000251918
0.000598343
0.000168423
0.00174632
0.000205256
0.000219968
0.000345679
0.000390453
0.00215123
0.000211813
0.000110722
0.000416453
0.000298802
0.000344661
0.00037516
6.17257e-05
6.59079e-05
0.000368364
0.00257916
0.000296126
7.45158e-05
7.45783e-05
3.18337e-05
0.000298271
0.00049886
0.000256942
0.000747914
0.000269262
0.000223393
0.000177369
0.000101657
0.00119562
0.000354575
0.000288949
0.000200905
0.000703445
3.04496e-05
0.00018246
0.000696608
0.000294853
0.000330444
0.000330837
0.001261
0.000140373
0.000331649
0.000214263
0.000124723
0.00027619
0.000202638
0.00013122
0.000209195
0.000175834
0.00012877
0.000129163
0.00033126
0.000350588
0.000285104
0.000178571
7.49946e-05
0.000733856
0.00025997
7.12668e-05
0.000299358
0.000319293
0.000419954
0.000436455
0.000127254
0.000129484
5.90003e-05
0.000147021
0.0002265
0.000252594
0.000182678
3.96595e-05
0.000329406
0.00197105
0.00150974
0.000521074
0.000197641
7.02996e-05
0.000174229
0.000102338
0.000239644
0.00169742
8.11467e-05
0.000210248
0.000732907
0.000198632
6.11577e-05
0.000220069
0.000108945
9.32431e-05
0.000214134
0.000148822
0.000356657
0.000141526
0.00017999
0.000269574
0.000300998
0.00037116
0.000134178
0.00116327
0.000112178
0.000198606
0.000269692
0.000228748
0.000364925
0.000197836
0.000653221
0.000312277
0.000416204
0.000140091
8.41846e-05
0.000353858
5.3212e-05
0.000289931
0.000131209
0.00011099
0.000733503
0.0001676
0.000107156
8.94006e-05
0.000354783
0.000407579
0.00026519
0.000468355
0.000266332
0.000317751
0.000244964
0.00128277
0.000232467
0.000123612
0.000107587
0.000314568
0.000293812
0.000145921
0.000124363
0.000410921
6.67296e-05
0.000375018
0.000616167
8.17725e-05
0.000288257
0.000225765
0.000272781
0.000353501
0.000356912
0.000176096
0.000494242
0.000244409
6.85044e-05
0.0002281
0.000315927
0.000388627
0.000314196
0.000277454
0.00017167
0.0017347
5.2235e-05
0.000528723
0.000140469
0.000342241
0.000221491
0.00079466
6.60391e-05
0.000184754
0.000205083
0.000606115
0.000187521
7.49104e-05
0.000284986
0.000592071
0.000398033
0.000203683
0.000323513
0.000334078
0.000193826
0.000136393
0.000639885
0.000129024
0.00413968
0.00019107
0.00118004
0.000104603
0.000165569
0.000307678
0.000192101
0.000187081
0.000209795
5.97357e-05
0.000635627
9.84907e-05
0.000148986
0.00050598
0.000181907
0.000431774
0.000159648
0.000166484
0.000462407
0.000221709
0.00102833
6.75329e-05
6.308e-05
0.000308042
0.000264943
0.000199442
0.00398034
0.000312677
0.000174224
0.000206861
0.000370109
0.000259932
0.000127573
0.00036383
0.000181622
0.00116295
8.85149e-05
0.000192419
0.000808817
0.000942399
0.000179376
0.000227765
0.000672814
0.000181429
0.000485923
0.000261903
0.000215775
0.000202046
0.000168772
0.000153772
0.000346912
0.000307528
6.07296e-05
0.00162017
0.000159614
0.000218678
0.000347665
0.000514885
0.000397912
0.000151846
0.000138764
0.00226403
0.00694492
0.000164506
0.00191652
0.000167482
1.82267e-05
0.000264178
0.000477614
0.00042795
0.000206433
0.000143709
0.000114273
0.000255636
0.000370896
0.00034345
0.000382732
0.000152312
9.95188e-05
0.00011726
0.000509198
0.000288368
0.0001414
0.000296912
0.000489276
0.000181048
0.000385384
7.34617e-05
0.000246944
0.000462472
0.000164681
0.000153178
0.000336108
0.000523675
0.000139509
0.000968125
0.00110833
0.000400631
0.000185264
0.000271265
0.000368793
0.000470482
6.28861e-05
6.1005e-05
0.000319859
0.00029216
0
0.000399978
0.000373511
0.000367027
0.000143903
0.000169894
6.51015e-05
0.000105132
0.000314043
0.000396727
0.000328403
0.000145621
0.000261082
0.000703314
0.000173989
0.000244647
5.09245e-05
0.00042618
0.000240396
0.000431353
0.000112611
0.00026018
0
0.000323136
5.56481e-05
0.000269892
0.000159169
0.00015267
6.77712e-05
0.000747479
0.000409734
0.000155086
0.000133983
0.000408512
0.000217079
0.00011094
0.000241506
5.18423e-05
0.000468203
9.71078e-05
0.00022425
0.000252595
0.000300647
0.000117973
0.00753682
0.000209057
0.000237231
0.000268139
0.000332899
0.000154648
8.52758e-05
0.000240437
5.58304e-05
0.000454193
0.000276128
0.00124922
0.000238301
0.000131284
0.00134908
0.000196629
0.000220596
0.000316652
0.000134448
0.000176728
0.000154264
0.000300475
0.000346277
0.000756981
0.000157867
0.000424547
0.000317497
9.25345e-05
0.000338019
0.000203583
0.000558518
4.85381e-05
0.000177333
0.000283083
0.000106513
0.000467343
0.00218268
0.000201577
0.000108581
0.000172749
0.000125806
0.000156242
0.000172984
0.000160779
0.000679368
0.000381062
0.000562264
0.000174158
0.000134792
0.000294013
0.000346338
0.000436345
0.000154716
0.0127136
0.000231597
0.000335174
0.00069829
0.000137051
0.000251301
5.11833e-05
0.000232061
0.000252251
0.000257715
0.000302722
8.62698e-05
0.000201136
0.000176139
0.000209126
0.00036885
0.000568397
0.000386591
0.000225368
7.26406e-05
0.000256945
0.000112124
0.000470621
0.000135081
0.00024529
0.000228848
0.000434078
0.000302091
0.000569143
0.000148329
0.000458667
0.000260449
0.000267157
0.000343358
0.00262286
4.91633e-05
0.000127923
0.000117738
0.000739399
0.00033049
0.00238449
0.000218914
0.000343576
0.000335912
0.000154786
0.000350931
0.000371496
0.000170852
0.000214458
0.000319098
0.000186154
0.000369811
0.000240999
0.000243546
4.45983e-05
0.000322139
0.000152192
0.000242587
0.000243178
0.000313533
0.000444952
0.000111995
0.000114937
6.67569e-05
0.000146204
0.00012355
0.000215159
0.000639748
0.000342672
0.000194316
0.000598124
0.00016335
0.00107353
8.60288e-05
0.000125976
0.00020049
0.000167082
7.25191e-05
0.000169854
0.000184873
0.000178176
0.000290839
0.000340058
0.000206684
0.000171771
0.000216697
0.000192249
0.000540954
0.000458787
0.000252322
0.00194307
0.000241312
0.00119621
0.000220168
0.000219899
0.00012271
0.000382343
0.000280528
0.000363092
0.000249884
0.000194375
0.000146868
0.000337086
0.000165146
0.000128378
0.00055639
0.000186781
8.9039e-05
0.000214154
9.25753e-05
0.000202592
9.31164e-05
0.000188567
0.000109548
0.00032133
0.000285788
0.000267821
0.000148117
0.000226407
0.000153349
0.000245944
0.000265865
0.000669385
0.000140433
0.000184206
0.000378753
0.000577549
0.000135225
0.000298296
0.000226167
0.000331165
0.000545185
0.000171834
9.41282e-05
0.000571079
7.08709e-05
0.000231468
0.000154069
0.000372311
0.000281288
0.000244586
0.000313981
0.00013803
0.000189636
0.000258331
0.000347275
0.00026293
0.000480764
0.000329702
0.000316446
0.000640411
0.000118007
0.000306174
0.0009227
0.000183244
0.000302974
0.0004423
0.000520677
0.0001678
5.72476e-05
0.000374921
0.000260085
0.000176723
0.000342552
0.000369747
0.000106099
0.000725627
0.000676881
0.000423179
0.000121093
0.000193851
0.000333856
6.00658e-05
0.00166688
0.000209656
0.00036841
0.000138188
8.64742e-05
0.0029146
4.06639e-05
0.000186314
0.000218271
0.000225874
0.00025097
0.000244793
9.75224e-05
8.29904e-05
0.00017133
7.44577e-05
0.000369755
0.000362832
0.000161166
0.000678485
0.000405756
0.000644656
0.000245354
0.000155091
4.21979e-05
0.000222498
0.000335928
9.74466e-05
4.58409e-05
0.000590597
0.000216591
0.000318975
0.00015339
0.000154074
0.000511755
0.000204606
0.000579096
0.000555718
0.000359479
6.66394e-05
0.000326201
0.000242105
9.10142e-05
0.000254857
0.00010222
0.00106393
0.000320708
0
0.00043035
0.000203932
0.000283185
0.000190522
0.000261369
0.000223993
0.000242562
0.000324557
0.000132766
0.00048156
0.000305699
0.000571368
0.000278182
0.000323824
0.000473275
0.000177881
6.82818e-05
0.000184546
3.99068e-05
0.0001285
0.000210375
0.000431968
0.000146594
0.000296358
0.00069521
0.000110065
0.000200026
0.000378168
0.000340922
0.00205842
0.000299392
0.000211502
0.000107466
0.00029564
0.000175588
0.000183822
0.000145314
8.68804e-05
0.000224959
0.000173797
0.0015992
3.4415e-05
0.000347979
0.000301979
0.000283146
0.000171293
0.000253305
0.000561771
0.000296465
0.00016429
7.39216e-05
0.00197106
6.34718e-05
0.000193763
0.000230981
0.000210811
0.000185037
0.000565275
0.000128202
0.000128375
0.000197791
0.000369045
0
0.000314072
0.000569663
0.000243332
0.000195673
0.00015661
6.03598e-05
0.000137156
0.000117559
0.000351783
4.99226e-05
0.000186129
6.00778e-05
0.000372069
0.000293617
0.000342712
0.00101394
0.000319948
0.000205009
0.000112308
0.00128993
5.81843e-05
0.000162877
0.000275145
0.0002816
8.63649e-05
0.000112664
0.000272257
0.000184356
0.000112431
0.000595995
0.000604742
0.00102884
0.000640777
0.000166574
0.000114349
0.000348602
0.00028974
0.000176115
0.000189885
0.000134774
0.000215724
0.000221413
0.000129536
6.39787e-05
0.000150568
0.000128018
0.00117107
0.000238056
0.000986702
6.50601e-05
0.000215418
0.000223887
0.000222971
0.000259488
9.78702e-05
9.02161e-05
0.000269458
0.000338019
0.000266265
0.000289522
0.000234826
0.000242009
0.00019255
0.000260953
0.00431581
9.8537e-05
0.000278611
0.000133591
0.000169487
0.000137611
0.000138347
0.000791514
0.000146117
0.00018925
6.55433e-05
0.000181285
0.000100283
0.000119838
2.4409e-05
0.000538634
0.000279215
0.000379887
0.000296568
0.000192661
0.000209604
0.000244687
0.000344298
0.000199086
0.000218977
0.000437831
0.000415023
7.87685e-05
8.63668e-05
0.00014063
0.0013205
8.93088e-05
0.000243078
0.000175308
0.00046532
0.000354489
0.000738915
0.000115992
0.000166438
0.000350459
0.000298478
0.000206561
0.000176444
0.000714297
0.000124921
0.000196043
0.00143882
0.000805343
0.00059144
0.00050095
0.000710789
0.00178413
0.000293438
0.000359959
0.00024344
0.00021619
0.000969545
5.52564e-05
0.000414402
0.000203615
0.000139742
9.22138e-05
0.000115339
0.00036641
0.000325992
0.00044788
0.000286252
0.000476453
0.000287866
4.93744e-05
0.000239416
0.000215601
0.000186037
8.07698e-05
0.000777721
0.000277147
0.000308277
0.000194618
0.000272897
0.000193903
0.000135488
0.000345683
0.000205424
0.000179946
0.000595774
8.76683e-05
0.000163472
0.000112056
0.000248631
0.000382437
0.000106159
0.000280395
9.97294e-05
5.8555e-05
0.000110035
0.000365819
0.000395409
0.000524154
9.72678e-05
0.000460544
0.000228016
0.000181401
0.000258196
0.000306368
0.000316177
9.05989e-05
0.000450054
0.000406971
0.000556916
0.00014037
0.000236559
0.000658044
0.000269943
0.000317456
0.000291069
0.000817116
0.000177479
0.000421306
0.000170444
0.000181232
0.000126341
0.000117556
0.00017143
0.000209798
6.27103e-05
0.000191969
0.000149265
0.000297277
0.000353477
0.000348312
0.000163153
0.000270114
0.000111765
0.000246969
0.000145215
0.000192313
0.000173649
0.000265183
0.000226757
0.000216536
0.000203153
0.000271381
0.000376248
0.000468565
0.000393384
0.000306215
0.000321632
0.000654504
0.00010774
6.70564e-05
6.29526e-05
0.000455739
0.000230127
0.000469013
0.000373748
0.000353113
0.000205018
0.000191345
0.000321627
0.000116056
2.07898e-05
0.000296518
0.000334169
0.000172175
0.000225703
0.00051566
8.92334e-05
0.000230201
0.0006084
4.99621e-05
0.000163021
9.65156e-05
0.000433111
6.42587e-05
0.000243078
0.000194812
0.000659258
0.000307101
0.000454322
0.000250012
0.000768345
0.000921651
0.00439631
0.000678311
0.00016226
0.000255307
0.000559552
0.00461196
0.000256382
0.000215554
0.000216437
0.0025572
0.000195863
9.66403e-05
9.89721e-05
0.000211992
0.000273268
0.000601292
0.00040723
0.000143497
0.000481748
6.18395e-05
0.000474789
0.000111561
0.000182401
7.14748e-05
0.000148855
0.000150351
0.000457754
9.00684e-05
0.000279111
0.0018819
0.000243987
0.000213007
0.000167417
0.000763417
0.000546678
0.000650709
0.000203986
0.000160717
0.000326248
0.000713238
0.000425562
0.00108312
0.000420391
0.000215545
0.000318468
0.00013201
0.00046413
0.000217652
0.00012092
0.000209004
9.84308e-05
0.000326419
0.000298947
0.000102967
0.000125519
0.000188567
8.12657e-05
0.000247625
0.000172529
0.000249245
9.32772e-05
0.000188629
0.000172131
6.53723e-05
3.66092e-05
0.000273088
7.68101e-05
0.000184188
0.00112405
0.000118062
0.000344587
5.62701e-05
0.000323804
0.000242115
0.000458502
0.00126711
0.000391431
0.000209582
0.000270727
0.00015156
0.000182664
0.000136208
0.000316903
0.000122843
0.000249092
0.00110704
0.000191214
0.000239221
0.000289002
0.000402499
0.000341079
0.000316475
0.00585181
0.000314169
0.000371456
0.000250783
0.000388215
0.000238816
0.000236879
5.62102e-05
0.000163936
9.76121e-05
0.000546109
0.00068312
0.000121829
0.000241024
0.000597625
0.00041023
0.00130669
0.000581149
5.73433e-05
9.63961e-05
0.000115735
0.000208131
0.000378924
0.000247355
0.000182595
0.000173422
0.000226668
0.000558629
7.47126e-05
0.000975276
0.00105327
0.000685592
0.000237908
0.000194007
0.000179277
0.000148234
0.000259426
0.000162595
0.000451042
0.000213158
0.000176294
0.000169695
5.61066e-05
0.00649244
5.81966e-05
4.93296e-05
0.000282772
0.000261964
0.000195133
8.59511e-05
0.000413979
0.000142079
0.000278229
0.000399456
0.000163114
0.00031678
0.000881522
0.000148904
0.000267909
0.000485692
0.000132774
0.00083275
0.000114907
0.000320339
0.00123645
0.000158263
0.000443242
0.000244938
0.000134803
0.000138531
0.000198577
0.00018716
0.00117054
0.000275257
9.83012e-05
0.000537826
0.000605628
0.000133783
0.000146342
2.27464e-05
0.000168783
0.000190526
0.000285184
0.000122756
2.77309e-05
0.000360057
0.000242576
0.000276687
0.000567996
0.000223391
0.00026873
0.000230802
0.000396203
0.000252677
0.00117641
0.000213703
0.000306249
0.00146634
0.00033105
0.00215218
0.000725257
0.000312272
0.000670625
0.000331148
0.000491
0.000180071
0.000111993
0.000110806
0.000303382
0.000108452
0.000196957
0.000274179
0.00011899
8.78565e-05
0.000509529
0.000199365
0.000169294
9.44863e-05
0.000111849
0.000449094
7.33725e-05
0.000245478
0.00028108
0.000236898
0.000519508
0.000477837
0.000153629
3.32603e-05
0.000240925
0.000260976
0.000747234
0.000297084
0.000644943
9.04566e-05
0.000120688
0.000164779
0.000274556
0.000362932
9.8549e-05
8.9178e-05
0.000539869
0.000126337
0.000340581
0.00166704
0.000148197
0.000302929
7.89804e-05
0.000660723
0.000283924
0.000154653
0.000127472
0.000112253
1.88549e-05
0.000337815
0.000162828
0.00029223
0.000285325
0.000476718
0.000400666
0.000229908
5.34936e-05
0.000164574
0.000232906
0.000735503
0.000680231
0.00011016
0.000797795
0.000106635
0.00078184
0.000127222
0.000120415
0.000187965
0.000125731
0.000324526
0.00048985
0.000145082
0.000493923
