0.000377723
0.000267058
0.000453292
0.000462035
0.000704556
0.00033965
0.000408422
0.000217718
0.000395494
0.000620226
0.000978049
0.000209538
0.000396272
0.000310103
0.000156552
0.000616961
0.000435439
0.000395225
0.000248258
0.000534806
0.000672542
0.000532957
0.000662247
0.000349022
0.00173021
0.000430096
0.0238477
0.00103244
0.000870779
0.000645843
0.000237223
0.000350218
0.000636954
0.000599772
0.000669141
0.000518396
0.000895354
0.000726524
0.000416882
0.000465208
0.000775884
0.00602478
0.000413641
0.00027754
0.000501057
0.00060205
0.000384345
0.000140307
0.000390816
0.000388309
0.000459839
0.000752112
0.00024325
0.000477547
0.000756385
0.00024193
0.000674349
0.000627787
0.000384767
0.000568063
0.000412728
0.000670141
0.000430314
0.000368465
0.000409862
0.000574446
0.000377497
0.000793701
0.000212984
0.000704942
0.000209697
0.000569285
0.000370775
0.000318892
0.000122807
0.0016297
0.00224672
0.000394944
0.000416637
0.000725659
0.000480802
0.000965707
0.000623802
0.000848159
0.00471745
6.81369e-05
0.000497079
0.000209187
0.000431803
0.00086262
0.00174778
0.000248786
0.000574543
0.000299996
0.000156713
0.00339315
0.000178495
0.00102188
0.000182105
0.000245956
0.000768885
0.00135525
0.000594904
0.000745612
0.000545435
0.00046784
0.000195686
0.000425774
0.000317032
0.000207973
0.000471507
0.000771244
0.000315015
0.000469718
0.000957484
0.000614952
0.000143919
0.000444393
0.000611159
0.000429296
0.00106134
0.00392163
0.00136279
0.000549796
0.000408701
0.00111141
0.000448301
0.000233237
0.000323349
0.000933439
0.00111383
0.000236216
0.000607562
0.000501567
0.000130273
0.00066791
0.00114363
0.000359595
0.000285085
0.000587495
0.00046538
0.000279143
0.000566067
0.00115243
0.000519441
0.000517263
0.00164579
0.000429932
0.000258875
0.000657569
0.000529661
0.00049807
0.000531929
0.00983053
0.000404877
0.000460452
0.00114881
0.000284331
0.000492516
0.000375951
0.000494563
0.000448427
0.000531119
0.000752476
0.00903294
0.000403415
8.87154e-05
0.000487493
0.00141582
0.000671209
0.00040016
0.000834795
0.000773942
0.00013045
0.000461973
0.000350201
0.000351357
0.000355754
0.000434213
0.00048249
0.00107295
0.00053521
0.000315727
0.000395346
0.00392764
0.000383258
0.000582273
0.000277347
0.000401787
0.000366321
0.00104124
0.000699341
0.000524732
0.00253428
0.000391693
0.000300262
0.000325447
0.000298513
0.000225548
0.000521613
0.000175572
0.000489194
0.000382381
0.000548131
0.000625528
0.000532678
0.000291474
0.000589748
0.000331396
0.000436434
0.000338208
0.000491327
0.00034856
0.000232983
0.000304162
0.000309186
0.000251189
0.00066101
0.000302975
0.000371212
0.000571671
0.00134948
0.000759729
0.000394481
0.000684478
0.000398314
0.000519937
0.000855532
0.00158024
0.000754592
0.000685795
0.00232462
0.000374158
0.000396127
0.000213872
0.00112391
0.00449216
0.00128116
0.000166497
0.000452302
0.000756187
0.000254338
0.000375073
0.00114069
0.000314078
0.000485227
0.000563305
0.000867945
0.000793792
0.000917203
0.000549529
0.000378609
0.000395261
0.000827404
0.0056655
0.000520357
0.00039518
0.000243446
0.000540568
0.000288541
0.000257439
0.000725887
0.000453581
0.000588688
0.00058908
0.000669103
0.00192574
0.000295409
0.000676077
0.00023693
0.0010549
0.000369278
0.000407416
0.000545088
0.000529931
0.000604947
0.00100491
0.000196266
0.000502084
0.000385972
0.000206431
0.000485972
0.000883825
0.000407005
0.000239026
0.000615412
0.000315313
0.000406889
0.000760633
0.000430484
0.000462905
0.000326902
0.000693186
0.00494613
0.000296496
0.000370038
0.000521998
0.00200924
0.00136273
0.00156088
0.000463818
0.00011856
0.0207672
0.000379514
0.000456518
0.000461798
0.000186715
0.000331555
0.00100339
0.000791987
0.000750553
0.00033359
0.0011254
0.000427261
0.000409811
0.000389355
0.000160481
0.000684862
0.000530242
0.000639607
0.00028507
0.000437807
0.000318096
0.000246819
0.00105431
0.00352578
0.000336268
0.000391822
0.000651265
0.000691202
6.92383e-05
4.35684e-05
0.000609398
0.000803419
0.000323901
0.000340387
0.000359152
0.000235942
0.00114867
0.000409688
0.000630398
0.000783201
0.000666829
0.000393765
0.00027948
0.000414294
0.000407631
0.000399363
0.000349356
0.000685483
0.000299778
0.000215089
0.000510264
0.000312062
0.000349474
0.000241791
0.000791669
0.000829862
0.000119797
0.000542929
0.000494178
0.000147401
0.00116748
0.000244593
0.000485969
0.000394219
4.8996e-05
0.000743666
0.00043066
0.000432991
0.00161779
0.0007895
0.00125761
0.000318453
0.000399226
0.000951822
0.000411721
0.000292005
0.000785379
0.00140455
0.000258058
0.000467608
0.000810387
0.00136026
0.000431939
0.000504774
0.000222296
0.000144264
0.000730947
0.000402391
0.000579242
0.000887484
0.000316382
0.000388287
0.000546849
0.000697938
0.00047544
0.000309301
0.000282043
0.000443914
0.000561688
0.000447268
0.000273506
0.000303224
0.00053516
0.000540937
0.000393097
0.000891315
0.000297874
0.000507348
0.000357452
0.000553874
0.00310416
0.000321784
0.000122294
0.000211237
0.000407848
0.000985882
0.00023287
0.00100024
0.000717759
0.0002691
0.00070811
0.00940699
0.000788568
0.00023576
0.000283779
0.000359441
0.000299367
0.00047094
0.00026349
0.000336236
0.000385415
0.000495908
0.000742532
0.000109818
5.68725e-05
0.000361657
0.000241318
0.000618758
0.00016376
0.00033304
0.0012377
0.000687989
0.000465495
0.0153654
0.000262835
0.000516162
9.90219e-05
0.000311957
0.000317234
0.000499918
0.000503876
0.000332978
0.000914046
0.000578208
0.00121214
0.00969951
0.00304574
0.000588197
0.000143587
0.00067389
0.000274507
0.000483247
0.000137489
0.000279149
0.00088453
0.000455646
0.00246435
0.0012784
0.000333036
0.000343597
0.000408688
0.000771984
0.000443691
0.000378641
0.000616244
0.000201433
0.000532207
0.000320424
0.000267172
0.00266932
0.000711103
0.00062647
0.00049117
0.000946208
0.000715755
0.000563774
0.000337693
0.000321552
0.000519922
0.000254965
0.000587099
0.000964261
0.000281302
0.00126828
0.00053757
0.000770967
0.000309144
0.000569315
0.000986639
0.000442386
0.000413428
0.000807336
0.000405217
0.000374908
0.000497941
0.000800997
0.000590331
0.000677349
0.000447025
0.000106301
0.000582217
0.000784528
0.000575173
0.000471766
0.000208574
0.000565514
0.0003093
0.000111605
0.00104399
0.000960857
0.000472131
0.000458252
0.000610727
0.00024392
0.000367316
0.000265939
0.00108411
0.000539065
0.000653144
0.000674752
0.000182738
0.000199937
0.00147061
0.000213951
0.000439612
0.00030958
0.00102752
0.000210331
0.00070868
0.000320926
0.000631433
0.000428037
0.000272288
0.000629685
0.00109297
0.000216588
0.000220756
0.000564244
0.000177609
0.0002822
0.00167186
0.000331631
0.000438376
0.000662301
0.000174902
0.000659744
0.00101782
0.000153502
0.000413457
0.00145864
0.00158954
0.000475495
0.000566552
0.000261454
0.000378566
0.0107901
0.000578028
0.000935697
0.000324882
0.000569831
0.000429941
0.000491797
0.000263519
0.000300719
0.000501403
0.000362309
0.000403518
0.000485005
0.000533257
0.000382955
0.000151799
0.000144496
0.00024065
0.000314459
0.000374345
0.000692009
0.000631596
0.000752789
0.000487978
0.000567297
0.000228971
0.000317803
0.000504216
0.000712405
0.000474063
0.000410112
0.000374168
0.000489709
0.000348021
0.000528226
0.000638022
0.000421933
0.00102602
0.000186142
0.000537741
0.000389134
0.000502289
0.000156571
0.000234311
0.000233487
0.000320159
0.000376553
0.000330979
0.00102809
0.000589122
0.00221628
0.000810748
0.000517427
0.000576293
0.00191543
0.000589061
0.000720323
0.000207749
0.000405071
0.000501914
0.000471804
0.000431581
0.000520212
0.00407554
0.000422162
0.000791278
0.000590354
3.73328e-05
0.000113866
0.000409717
0.000226763
0.000198334
0.000506007
0.000619859
0.000589142
0.000828355
0.000520354
0.000195809
0.00031143
0.000984767
0.000338265
0.00019562
0.000265062
0.000495263
0.000278028
0.00126269
0.000854118
0.000572884
0.000719477
0.000647928
0.000148259
0.000341679
0.000358964
0.000182154
0.00044244
0.000597053
0.000585483
0.00171152
0.000356317
0.000306241
0.00047602
0.000472252
0.000246861
0.000597902
0.00061776
0.00105992
0.000292072
0.00435682
0.000432494
0.000770005
0.000483741
0.000344603
0.0012671
0.000393492
0.000257171
0.000484368
0.000743172
0.000306381
0.000489486
0.000380506
0.000276508
0.000558258
0.000290125
0.00363502
0.000422818
0.000279218
0.000344508
0.000252975
0.000513736
0.000277816
0.000962294
0.00068967
0.000663528
0.000620464
0.00108394
0.000375612
0.000232424
0.000444637
0.000283441
0.000365263
0.00236903
0.000123066
0.000275173
0.000476639
0.0159924
0.00103115
0.000197283
0.00073463
0.000726405
0.000218111
0.000241241
0.000435967
0.000196361
0.000349354
0.00081425
0.00345087
0.000615189
0.000421403
0.000574253
0.000458183
0.000312907
0.000138736
0.000364775
0.000150527
0.000401721
0.000690019
0.000464934
0.000608364
0.000499781
0.000340948
0.000260531
0.0010008
0.000223235
0.00101276
0.000289204
0.000261175
0.000267166
0.00113708
0.000892098
