0.00185078
0.00093478
0.00188819
0.00332147
0.00143903
0.00485452
0.00126007
0.00572407
0.00307653
0.00258242
0.00151971
0.00147798
0.00234776
0.00225266
0.00520788
0.0032995
0.00567214
0.00147354
0.0013097
0.00211541
0.00276457
0.00161509
0.00340709
0.00132567
0.00562668
0.00403025
0.00100146
0.00234129
0.0205558
0.00498933
0.00157234
0.00102041
0.00306837
0.00918778
0.0016108
0.0026233
0.00148102
0.00137747
0.00192182
0.00250171
0.00258837
0.00145822
0.00128672
0.00215185
0.00209085
0.00551552
0.00079505
0.0023122
0.00478145
0.00565759
0.00269831
0.00451177
0.00549459
0.002063
0.00207992
0.00193211
0.000836151
0.00309085
0.0020612
0.00250591
0.00210356
0.00195585
0.00243578
0.00212471
0.00244375
0.00270223
0.00342542
0.0014597
0.00104001
0.00215928
0.00280031
0.00280026
0.00108919
0.00195253
0.00141731
0.00453132
0.00263353
0.0017083
0.0032451
0.00208978
0.012489
0.00179821
0.00102901
0.00129316
0.00120737
0.00157562
0.00185105
0.00190404
0.00127293
0.00149756
0.00126594
0.00261745
0.0026461
0.00782852
0.00358983
0.00319358
0.00213817
0.002689
0.00129342
0.00371998
0.00516943
0.000986751
0.00305232
0.00109024
0.00214166
0.00204995
0.000910467
0.00198311
0.00144619
0.00202223
0.00114845
0.00207095
0.00422085
0.00372021
0.00174247
0.00140433
0.00230985
0.00229783
0.00197416
0.00158266
0.00200421
0.00296822
0.00192046
0.001336
0.00182556
0.00149222
0.00193484
0.000623134
0.00563997
0.00116961
0.00387011
0.0034872
0.00172455
0.00216455
0.00136199
0.00260786
0.00268163
0.00272548
0.00159277
0.00208339
0.0018079
0.00293756
0.00290937
0.00491014
0.00121398
0.00237975
0.00392797
0.00235837
0.00357701
0.0019293
0.00136045
0.00259983
0.00239422
0.00167026
0.00371003
0.018727
0.0019672
0.0012283
0.00180327
0.00195169
0.00181039
0.00258622
0.00247001
0.00479077
0.00149356
0.0016784
0.00228969
0.00192965
0.00287879
0.00287602
0.00219319
0.00228353
0.00205161
0.00213371
0.00220255
0.00159514
0.00182572
0.00151094
0.00318383
0.00213322
0.0018042
0.00472352
0.00129349
0.0022561
0.00323803
0.00273987
0.00189878
0.000825699
0.00123143
0.00144032
0.00115155
0.00043714
0.00644648
0.00161087
0.00300291
0.00582775
0.00203109
0.00152973
0.00128635
0.00935567
0.00256084
0.00354005
0.00202924
0.00224095
0.00158251
0.00243351
0.00165019
0.00171886
0.00210187
0.00203875
0.00304022
0.00401614
0.00110006
0.00185142
0.00260285
0.0010726
0.00271019
0.00269433
0.00315931
0.0034208
0.00734767
0.00256334
0.00344125
0.000960482
0.00201574
0.0017327
0.0019719
0.00296735
0.000873499
0.00168065
0.00189407
0.00295136
0.00119097
0.00956688
0.015968
0.00492062
0.00102015
0.00182145
0.00192035
0.00121075
0.00212158
0.00149586
0.00229626
0.00191697
0.0016739
0.00323798
0.00199019
0.00176651
0.00160172
0.00245491
0.00225101
0.00316269
0.00231364
0.00163734
0.00186772
0.00203026
0.00200046
0.0039854
0.00425718
0.00140139
0.0156274
0.00201407
0.0022747
0.00167423
0.00174368
0.00219597
0.00124586
0.00236251
0.000795003
0.0017336
0.00604062
0.00308877
0.000811146
0.00105749
0.00170715
0.00290409
0.00187177
0.00199902
0.00217008
0.00151433
0.00189666
0.00696487
0.0013363
0.00170949
0.0039143
0.0035482
0.00542777
0.00260013
0.00143555
0.00173973
0.00147134
0.00111211
0.00248241
0.00313024
0.00108288
0.00190197
0.00224892
0.00137731
0.00213802
0.00292759
0.00167862
0.00145468
0.00186642
0.0023504
0.00202674
0.00295921
0.0023375
0.000613901
0.00158196
0.00158903
0.00198722
0.00263521
0.00627242
0.00346723
0.00175724
0.00155544
0.00097608
0.0334717
0.00195885
0.00453419
0.00299352
0.00264689
0.00190707
0.00289048
0.00417681
0.00426135
0.00222089
0.00198672
0.0013012
0.00214253
0.00293479
0.00406496
0.00162973
0.00189504
0.00333035
0.0028286
0.0112073
0.00205519
0.00168817
0.00162433
0.00276439
0.00197394
0.00205462
0.00289568
0.00273104
0.00461372
0.00250394
0.00213717
0.00283896
0.00154776
0.00132429
0.00188963
0.00142732
0.00211181
0.00138497
0.00149099
0.000842757
0.00175537
0.00132598
0.0133406
0.00234057
0.00364565
0.0129965
0.0019124
0.00135195
0.00337682
0.0024624
0.00237696
0.0032646
0.00107332
0.00456358
0.0045906
0.0030894
0.00168549
0.00468048
0.000874861
0.00174011
0.00182831
0.0049906
0.00550004
0.00151876
0.0022752
0.0028439
0.00194908
0.00163624
0.00171452
0.00343997
0.00513441
0.00366854
0.00134871
0.00326126
0.00308953
0.00154797
0.0020706
0.00263828
0.00438438
0.00239938
0.00316574
0.00601401
0.00223213
0.0115874
0.00263017
0.00297283
0.00137079
0.00178089
0.00316419
0.00102078
0.0157316
0.00247971
0.0219321
0.00191394
0.00291611
0.00114118
0.0036155
0.00607214
0.00299192
0.00641578
0.00276469
0.00563306
0.00161842
0.00202397
0.000933169
0.00298698
0.00152259
0.00342173
0.00484342
0.0016944
0.00287787
0.00333676
0.00265012
0.00205315
0.00178413
0.00137334
0.0033106
0.00198808
0.00387959
0.00153725
0.00170923
0.00206973
0.00293685
0.00264456
0.00342156
0.00213946
0.00164272
0.00620759
0.00228084
0.0140914
0.00111133
0.00324947
0.0023478
0.00365846
0.00131198
0.00187299
0.00258613
0.00185198
0.0012348
0.000962189
0.00328985
0.00544163
0.00169789
0.00288821
0.00111892
0.0123446
0.00144822
0.00240545
0.00179428
0.00193762
0.00237031
0.00659088
0.000936922
0.018015
0.0023056
0.00299946
0.00196971
0.00452091
0.00333792
0.00219326
0.00461779
0.000718962
0.00180796
0.00104573
0.00169426
0.00144377
0.0138718
0.00394292
0.00488758
0.00161304
0.00138308
0.00156512
0.00603515
0.00692532
0.00168278
0.00229304
0.010725
0.00128827
0.00200049
0.00260307
0.00126599
0.00409564
0.00483186
0.00207861
0.00294912
0.00121142
0.00115026
0.00263494
0.00534545
0.00564132
0.00145073
0.00563631
0.00281171
0.00227491
0.00171737
0.00265433
0.00177853
0.00193825
0.00532023
0.00275169
0.00225386
0.00237094
0.00272989
0.000615191
0.00234434
0.00167722
0.00128234
0.00159602
0.00289568
0.00256491
0.0147106
0.00143893
0.000992133
0.00736763
0.00241711
0.00254802
0.00119835
0.00114985
0.0021391
0.00396437
0.00219518
0.00247154
0.00773145
0.00202049
0.00208719
0.00107094
0.00187691
0.00166347
0.00389027
0.00891121
0.00212067
0.0027751
0.00257416
0.00669067
0.00201396
0.00245733
0.00173708
0.00224256
0.00182091
0.00315768
0.00383895
0.00266042
0.00375172
0.00438466
0.00112826
0.00379323
0.00241382
0.00373022
0.00112841
0.00235248
0.00305608
0.00157364
0.00374304
0.006447
0.00226122
0.00192153
0.00472754
0.00254268
0.00230961
0.0014021
0.00207706
0.0135343
0.0020036
0.001994
0.00152315
0.00360099
0.00104027
0.00212224
0.00157051
0.00346505
0.0058454
0.00189148
0.00185945
0.00199396
0.00176838
0.000975724
0.00252492
0.00333695
0.00316397
0.0029889
0.00219584
0.0019854
0.0023854
0.00228071
0.00228104
0.00253594
0.00239222
0.00139613
0.00260855
0.00111709
0.00237062
0.00220821
0.0131215
0.00241811
0.00319838
0.00258943
0.00138071
0.00196772
0.0025516
0.00196014
0.0017614
0.00268934
0.00424671
0.00120764
0.0260116
0.00192386
0.00101489
0.00299538
0.000910448
0.00295041
0.00165756
0.00246409
0.0129278
0.00280592
0.0026111
0.00215441
0.00163071
0.00263374
0.0024451
0.00196313
0.0028767
0.00288923
0.00403051
0.0020201
0.0067786
0.00132971
0.00124725
0.00431078
0.00614195
0.0019315
0.00149128
0.00260453
0.00272545
0.00389859
0.006436
0.00216794
0.00384066
0.00230992
0.00161437
0.00289878
0.00168348
0.00298486
0.00148376
0.00235955
0.00283276
0.00203401
0.00215042
0.00199735
0.0023909
0.00114938
0.00422249
0.00327908
0.213732
0.00113874
0.00161197
0.00127419
0.00289015
0.00210862
0.0064424
0.00347833
0.00126023
0.00218806
0.00283903
0.00247678
0.00138909
0.00166613
0.00346309
0.00250945
0.00133844
0.0016742
0.00162672
0.00253469
0.00117098
0.00399397
0.00165558
0.00388115
0.00216472
0.00202001
0.00217675
0.00106419
0.00231508
0.00185458
0.00511658
0.00165928
0.00222327
0.0021734
0.00148207
0.00282633
0.00145617
0.0019601
0.00162414
0.00227623
0.00344276
0.00327612
0.000550427
0.0065841
0.00201287
0.00103043
0.0246627
0.001761
0.00206911
0.0016278
0.00169437
0.00161319
0.00100969
0.00163806
0.00277898
0.00159362
0.00214578
0.00268425
0.00104845
0.00103941
0.00327657
0.00174204
0.000820696
0.0102042
0.00229001
0.00219283
0.00195742
0.00370172
0.0884952
0.00241257
0.00169998
0.00347992
0.00215665
0.00285431
0.0016754
0.00227521
0.00138705
0.00673271
0.00213654
0.00336642
0.0205026
0.00186939
0.00252916
0.00174343
0.00254576
0.00649154
0.00178759
0.00374276
0.00169958
0.00546583
0.00187972
0.00255168
0.0043444
0.00195078
0.00168384
0.00129415
0.00148728
0.015183
0.00133873
0.00221121
0.00125661
0.00292452
0.00435027
0.00149663
0.00252373
0.00151744
0.00136375
0.00194948
0.000825752
0.00249053
0.00172611
0.00265119
0.00111036
0.00150299
0.00377812
0.00325328
0.00170259
0.00185159
0.00447703
0.00247339
0.00162387
0.00668697
0.00274952
0.00246923
0.00227305
0.00207153
0.00176603
0.00453325
0.0017917
0.00250612
0.00280951
0.00295358
0.00145419
0.00168151
0.00254808
0.00113592
0.00197639
0.00264482
0.00116146
0.00225098
0.00346823
0.00172882
0.00166999
0.00134483
0.00306947
0.00901303
0.00357781
0.00665589
0.00185418
0.00477103
0.0011662
0.0019085
0.00162822
0.00151688
0.000576223
0.00188775
0.00332886
0.00224574
0.00190294
0.00275804
0.002382
0.00427365
0.00292593
0.00195545
0.00159354
