0.00103753
0.00175939
0.0019762
0.0022746
0.000585459
0.00108212
0.00127111
0.00123916
0.00093826
0.00146798
0.000963013
0.00121996
0.000571744
0.00237199
0.00147086
0.00297427
0.00109389
0.00157889
0.00127939
0.00176542
0.000400531
0.0066795
0.00740757
0.000761772
0.00109163
0.000842689
0.000723868
0.00501121
0.0185367
0.00159391
0.00244662
0.00167427
0.00105542
0.00130915
0.00237497
0.00145008
0.000759886
0.000900837
0.00117844
0.00104333
0.00260855
0.00142174
0.000638712
0.00433939
0.00131479
0.000735942
0.000868113
0.00135446
0.0344248
0.000833256
0.000710884
0.00161787
0.00177576
0.00111722
0.00101944
0.00109525
0.00192437
0.00147242
0.00103679
0.000770232
0.00148131
0.00286893
0.00204668
0.00142835
0.00262274
0.0018749
0.00150158
0.000851137
0.0010078
0.000463442
0.00491501
0.00116146
0.00160259
0.0019004
0.00128744
0.00807146
0.00194887
0.000772462
0.00161648
0.000542179
0.00156726
0.000807269
0.00531634
0.0156496
0.000803569
0.00205961
0.00136323
0.00161584
0.00104455
0.000490105
0.000446265
0.00139858
0.000768325
0.00101782
0.00139817
0.00137141
0.000717635
0.0033571
0.00811844
0.00413665
0.00139808
0.00127446
0.00199244
0.00268467
0.00334396
0.00126993
0.00100844
0.0022353
0.00114038
0.00142046
0.00187041
0.00202334
0.000592018
0.0033582
0.000769533
0.000930229
0.00174906
0.00143156
0.00143623
0.00154796
0.00300368
0.000883535
0.000812721
0.00131178
0.00352996
0.00134944
0.000690631
0.00144966
0.00700731
0.00188245
0.00148447
0.00093688
0.00147684
0.000958179
0.00192858
0.000550594
0.0024239
0.000833438
0.00131747
0.00131502
0.00114582
0.00308854
0.00125381
0.00107354
0.00167147
0.000710908
0.00159274
0.00194834
0.0093921
0.00125469
0.0010223
0.00158314
0.0014368
0.000993388
0.00280973
0.00187084
0.000807939
0.00160187
0.00094462
0.00109849
0.00069198
0.00251083
0.00152582
0.000710222
0.00089535
0.00323234
0.0051907
0.00345443
0.00201716
0.0026633
0.00567107
0.00168307
0.00488262
0.00434733
0.00211234
0.00127724
0.000906408
0.00140979
0.00123572
0.0025622
0.00155037
0.0023782
0.0162847
0.00125063
0.003037
0.000968029
0.00114072
0.0013256
0.000832396
0.00113352
0.00170855
0.000362565
0.00248078
0.00109283
0.00629072
0.00140993
0.000865791
0.00179771
0.00160497
0.000788566
0.00118099
0.00322226
0.00203095
0.000892281
0.00132462
0.000698816
0.00156042
0.00140411
0.000990652
0.0010337
0.000655807
0.0105747
0.00065345
0.00262499
0.000543371
0.00155945
0.00100355
0.00174809
0.00182208
0.00165551
0.000857381
0.00192632
0.0024565
0.00292447
0.000578892
0.0021636
0.00256243
0.0175446
0.00125723
0.00331656
0.000884283
0.00090962
0.00205041
0.0013294
0.00120327
0.00118277
0.000584323
0.00199032
0.00196819
0.00192189
0.00144606
0.000810208
0.00093711
0.000967843
0.000906979
0.00151813
0.00139933
0.00108298
0.00172787
0.00206993
0.0138318
0.00661082
0.00187151
0.00449315
0.000906485
0.00122379
0.00108753
0.00414088
0.00156915
0.000598176
0.00166146
0.00115131
0.0116768
0.0020335
0.000866026
0.00115905
0.000991511
0.00119875
0.00124968
0.000960787
0.000712314
0.000980351
0.00137815
0.00113596
0.00197295
0.00106147
0.00160089
0.00141439
0.00168375
0.0017718
0.00147523
0.0017213
0.00137443
0.00582092
0.000824882
0.00160213
0.00107016
0.00166455
0.000825598
0.000779747
0.00060974
0.00110379
0.00202346
0.000822778
0.000570018
0.0114537
0.021008
0.00126472
0.000646559
0.000380607
0.00105983
0.00189044
0.00127644
0.00273973
0.00124224
0.00107023
0.00190073
0.00148751
0.00418239
0.00193796
0.00120774
0.00245452
0.00155295
0.000959757
0.00092187
0.00112323
0.00190971
0.00142549
0.000574029
0.00181073
0.00168157
0.00103292
0.00159976
0.00319678
0.00112824
0.00141483
0.00234004
0.000346451
0.00054294
0.00114984
0.00102752
0.000648024
0.00122086
0.000297932
0.00115426
0.0011883
0.00171503
0.00116486
0.00079082
0.00114166
0.00119688
0.00139899
0.0037488
0.0012244
0.00369198
0.0012074
0.000797512
0.00133484
0.000781486
0.00261674
0.000915974
0.00294416
0.00144476
0.00138774
0.0017276
0.000767513
0.00183149
0.00255211
0.00238674
0.00212893
0.00271521
0.00261437
0.00138517
0.000942421
0.00145307
0.000881127
0.00143688
0.0010821
0.00184473
0.000410131
0.000692136
0.00161947
0.000556508
0.00089408
0.00117861
0.00138205
0.00113657
0.00119875
0.00164471
0.00110114
0.00135001
0.000857609
0.000491564
0.0011098
0.0015934
0.00141663
0.00172105
0.00151708
0.00108574
0.00151022
0.00178994
0.00190289
0.00104258
0.00108564
0.00167116
0.00143248
0.00158233
0.000714284
0.00110556
0.00149256
0.000589133
0.00133893
0.000867004
0.00147674
0.00172917
0.000911048
0.00218606
0.00105972
0.00072194
0.00205473
0.00112685
0.00218472
0.00153646
0.00159267
0.00114697
0.00172962
0.00103043
0.000404616
0.000953033
0.0011567
0.0014397
0.0124375
0.000913399
0.00174969
0.00055353
0.000799851
0.00134873
0.000976704
0.000706293
0.00208189
0.00172148
0.00137639
0.00215157
0.000429832
0.00143331
0.000559247
0.00293015
0.000652023
0.00178312
0.000286415
0.00163005
0.000912617
0.00247205
0.00183913
0.00193077
0.0017801
0.00219798
0.00107039
0.000846371
0.00248614
0.0365792
0.00135528
0.0021523
0.0011693
0.000956385
0.00179935
0.00169488
0.00134819
0.00175391
0.0800641
0.00120836
0.000659819
0.00162031
0.000847647
0.00102779
0.000847379
0.00177312
0.000614887
0.000892218
0.000847469
0.00146058
0.000948763
0.000642358
0.00135602
0.0022856
0.00104681
0.00383011
0.0014685
0.000866323
0.00104436
0.00117455
0.00092691
0.00220523
0.00125484
0.00117656
0.00166939
0.00837494
0.00126096
0.0184641
0.00230619
0.00372316
0.00108628
0.00109694
0.000753703
0.00155944
0.00205894
0.00249075
0.00324763
0.00131415
0.00133063
0.00108717
0.00135226
0.00289637
0.00185062
0.00183276
0.00111298
0.00359882
0.000328236
0.000329777
0.0055699
0.00219824
0.00222726
0.00104567
0.000772582
0.00060597
0.00072196
0.00158344
0.00144196
0.000930953
0.00121804
0.00161766
0.00149741
0.00136927
0.0011931
0.000894003
0.000751126
0.000599963
0.000632097
0.00175205
0.00120749
0.000838687
0.00437501
0.00111836
0.000772209
0.00145607
0.00161727
0.00150384
0.000723567
0.00162506
0.00140729
0.00109143
0.00113421
0.00150497
0.00191404
0.00143655
0.00110444
0.000996802
0.00209879
0.00111048
0.00131969
0.00158555
0.00297603
0.00170615
0.00288731
0.000880702
0.00223041
0.00413165
0.0010712
0.00119056
0.0037031
0.000925778
0.00226502
0.00156331
0.00261485
0.00196818
0.00381649
0.00147492
0.00788009
0.00128117
0.00112742
0.000931987
0.00101816
0.000664478
0.00205997
0.00252091
0.00843174
0.00244293
0.00108745
0.00433091
0.000527256
0.000825045
0.00146227
0.000903739
0.00118827
0.000766815
0.000805499
0.00217128
0.0021655
0.00116008
0.00130127
0.00251155
0.00213725
0.00101854
0.00140088
0.00282093
0.00158071
0.00161838
0.001874
0.00153292
0.00274412
0.00166227
0.00286722
0.000964445
0.00156098
0.00227414
0.000930435
0.00131629
0.000459663
0.000725873
0.00116012
0.00464511
0.00110166
0.00469764
0.00118763
0.000753322
0.00190152
0.00361176
0.00178295
0.00131496
0.00109059
0.00212801
0.00174631
0.00171997
0.000945119
0.00102937
0.0015111
0.000646237
0.000905949
0.00268583
0.00254924
0.00147233
0.00147254
0.00114586
0.000961289
0.00185895
0.00111915
0.00141371
0.00160719
0.00113001
0.00261413
0.00128859
0.000764741
0.000340181
0.000997796
0.000632831
0.00131312
0.00122496
0.00214658
0.00182664
0.00256631
0.00306458
0.00129621
0.000816416
0.00109846
0.00113546
0.00121257
0.00103228
0.00102319
0.000544485
0.000681127
0.00111428
0.0013546
0.00187311
0.000802494
0.00139095
0.00209069
0.000976423
0.000723151
0.00127253
0.00136309
0.00119422
0.000933942
0.00196353
0.00137443
0.00186155
0.00133048
0.000623281
0.00151283
0.00230408
0.000904037
0.00126845
0.000611167
0.000638782
0.00160215
0.000965007
0.00538111
0.0011649
0.00136638
0.00119129
0.00108455
0.00216893
0.00120309
0.000722766
0.000764715
0.00207362
0.00188184
0.00070649
0.0013748
0.00139741
0.00772104
0.0010173
0.000798047
0.00128269
0.00144504
0.000882107
0.0143565
0.00112877
0.00437135
0.00138335
0.00107007
0.000793851
0.00203151
0.00109489
0.0015957
0.00153647
0.000588381
0.000855744
0.000327746
0.00346606
0.00108546
0.00110257
0.00232213
0.00108228
0.00110421
0.00160526
0.000896866
0.000969779
0.00101887
0.00137516
0.000872562
0.00110712
0.00410919
0.00253694
0.00067928
0.00142347
0.000889663
0.00109894
0.00243966
0.0013914
0.00172089
0.000572394
0.000455983
0.0011289
0.00122776
0.000861631
0.00226849
0.00184547
0.000827784
0.000939504
0.00044416
0.00122129
0.000871967
0.00150993
0.0017647
0.00151395
0.000843889
0.00111142
0.000527689
0.00124386
0.00127064
0.00131764
0.000291992
0.000709965
0.00154037
0.00148609
0.0016141
0.00135627
0.00149601
0.00162674
0.0012051
0.00109111
0.00168522
0.00104226
0.00154666
0.000805051
0.00142673
0.000461359
0.00245549
0.000680161
0.00196195
0.00366555
0.00180063
0.00184857
0.000657172
0.00103945
0.00100024
0.00148115
0.00523332
0.0026545
0.000818331
0.000614384
0.000923228
0.000878946
0.00101451
0.00133852
0.00141319
0.000919754
0.00136973
0.0117655
0.0016451
0.000743764
0.00711981
0.000853121
0.000701428
0.00161139
0.000475482
0.00117876
0.00200935
0.000638523
0.000986385
0.00123009
0.00289188
0.00132402
0.00130661
0.00166634
0.000738674
0.0011933
0.000990674
0.00106007
0.000621698
0.00578353
0.00169026
0.00118143
0.00558726
0.00195165
0.00131369
0.00164063
0.000966754
0.00379307
0.00103921
0.00139899
0.00169126
0.00133331
0.00187941
0.00103173
0.00224337
0.000617033
0.000922952
0.000916028
0.00173881
0.00107429
0.00226204
0.00130844
0.00488964
0.00134601
0.00442525
0.00109662
0.00128652
0.000889583
0.000956783
0.000646669
0.00594519
0.00149313
0.00231116
0.00140627
0.00201621
0.000864345
0.0102159
0.00454269
0.00108874
0.00136438
0.000680798
0.00145305
0.00133459
0.00129826
0.00109688
0.000852078
0.00113869
0.00167662
0.00114155
0.0011684
0.00284858
0.0012988
0.000929582
0.00144136
0.00207582
0.00208972
0.00191971
0.00235021
0.00236628
0.00146449
0.00226873
0.00075196
0.00292923
0.00182168
0.00175035
0.00449886
0.000949623
0.00177155
0.00213448
0.0012809
0.00209564
0.00162657
0.00311922
0.00180075
0.00164302
0.00108623
0.00200933
0.00105807
0.00123565
0.0014603
0.000749203
0.00148496
0.00112537
0.000835684
0.0143081
0.028711
0.00159534
0.00159155
0.00300025
0.00111672
0.000855373
0.000708629
0.00226004
0.000898811
0.000959911
0.00243309
0.00213868
0.00134684
0.000563124
0.000996648
0.00176015
0.00131436
0.000935591
0.00047541
0.00113801
0.00303859
0.000887806
0.0034865
0.00635424
0.00132937
0.00163471
0.000764839
0.000932392
0.00111346
0.000945886
0.00100735
0.00299949
0.00153511
0.00189616
0.00129847
0.000767386
0.00160843
0.00400422
0.00130676
0.00685207
0.000458682
0.0024046
0.00127759
0.00123389
0.000286952
0.00093808
0.00111703
0.000406781
0.00135053
0.00118726
0.00204841
0.00168909
0.00178383
0.00110351
0.00148809
0.00109093
0.00101584
0.000892153
0.00067382
0.0010345
0.00157649
0.00166178
0.00504255
0.00153509
0.00539412
0.00105671
0.00313867
0.00142001
0.00107612
0.000592838
0.00106274
0.0026817
0.000684502
0.00126488
0.00117033
0.000946057
0.00141802
0.00125636
0.000281319
0.00124973
0.000527571
0.000533195
0.00122058
0.0019695
0.00316799
0.000830816
0.000588938
0.000832251
0.00115628
0.00343641
0.00186457
0.00127787
0.531998
0.000902217
0.00208244
0.00233629
0.00138001
0.00155825
0.00256653
0.000966974
0.000948831
0.00115562
0.000851417
0.0011972
0.00321997
0.000818508
0.00108108
0.00134875
0.00136465
0.000945802
0.000888447
0.00105694
0.00128678
0.00441736
0.0019956
0.00109032
0.00207859
0.00149957
0.00316741
0.00171514
0.00173736
0.00246674
0.000908176
0.00239496
0.00151394
0.00112553
0.000772633
0.00207856
0.000547791
0.00187893
0.00147057
0.0011155
0.00199853
0.00796469
0.000679141
0.000918732
0.00140914
0.00170896
0.00152407
0.00150143
0.00140737
0.00108997
0.00115345
0.00183037
0.000909775
0.00123559
0.0015614
0.00100508
0.00171266
0.0012421
0.000753942
0.00239247
0.000756502
0.00219711
0.00102545
0.0012798
0.00158869
0.000774886
0.00138414
0.00182151
0.00194585
0.00256005
0.00122041
0.00207091
0.00204723
0.00378099
0.00313013
0.00152397
0.000796318
0.00111805
0.00297494
0.00261561
0.000280392
0.000874159
0.00110845
0.00111846
0.00176212
0.00101606
0.00110974
0.000914447
0.0019751
0.00150226
0.00275556
0.00206778
0.0085025
0.00190888
0.00173534
0.00135405
0.0011503
0.000884113
0.00117602
0.000623007
0.00118927
0.000650367
0.00193317
0.00127974
0.00125721
0.00122304
0.0017807
0.00116682
0.00141881
0.00133878
0.00157298
0.00137036
0.000337242
0.00210297
0.00155298
0.00164322
0.00242346
0.000967835
0.00142111
0.000526557
0.00113571
0.00310443
0.00137742
0.00153854
0.00184217
0.00141278
0.00397699
0.00101069
0.00193204
0.00153877
0.00150764
0.00110374
0.0010721
0.0014559
0.00344064
0.00029935
0.00121496
0.00156256
0.000565419
0.00412818
0.00102321
0.000724356
0.0022224
0.000972581
0.00123496
0.00179786
0.000777723
0.00437205
0.00120698
0.000997095
0.000844962
0.000640486
0.000933966
0.00117749
0.0011483
0.00137522
0.00285306
0.000795195
0.000443369
0.00119237
0.000916343
0.00138336
0.00227458
0.000983162
0.00208095
0.000917626
0.00109447
0.000710728
0.00102494
0.00258806
0.00142454
0.00157355
0.00113298
0.00152383
0.000465618
0.000891609
0.00111746
0.00108036
0.0009508
0.00132622
0.00190684
0.00158765
0.00207015
0.00109125
0.00223584
0.00128421
0.0055795
0.000998308
0.00109829
0.00141939
0.000641649
0.009182
0.000903979
0.00269515
0.000948637
0.00349624
0.00105993
0.00145873
0.00127387
0.00579647
0.00109528
0.000955992
0.000868856
0.00142555
0.0014357
0.00117055
0.00124206
0.00288802
0.00082184
0.000991265
0.00509478
0.00175221
0.0014026
0.00204449
0.00249622
0.000599668
0.00267189
0.00737337
0.000687668
0.000760659
0.000684231
0.00282904
0.00133516
0.00171534
0.000590733
0.000942338
0.0015661
0.00101521
0.00184073
0.00168767
0.00164226
0.000829268
0.000697155
0.0024728
0.00181185
0.00216246
0.00339839
0.00119139
0.00142088
0.00142564
0.00108057
0.00427719
0.00109815
0.00168001
0.00109601
0.00209826
0.00163104
0.00133866
0.0035982
0.00197172
0.000950922
0.000571261
0.00281107
0.00210406
0.00172408
0.00123344
0.000578965
0.00141082
0.0010099
0.00319531
0.00161456
0.0112577
0.00125476
0.00154923
0.000911298
0.000870933
0.000427965
0.00152686
0.00139969
0.00117593
0.00120256
0.00166409
0.00105999
0.000533267
0.00155672
0.00117589
0.000930186
0.00124704
0.00136212
0.00252342
0.00127077
0.00241027
0.000948099
0.00100753
0.00151559
0.000607562
0.00123569
0.00243251
0.00164078
0.00116301
0.00210349
0.00271873
0.000812575
0.00106346
0.00188587
0.000783197
0.00298417
0.0060337
0.00327932
0.00200619
0.000494515
0.000963108
0.000611401
0.00155455
0.000614661
0.0015417
0.00219431
0.00251684
0.00115357
0.0013186
0.00156079
0.00385633
0.00210098
0.00152802
0.00714637
0.000716152
0.000882629
0.00159703
0.00137006
0.00213644
0.000490775
0.0121047
0.00125238
0.00166988
0.00162965
0.001259
0.000929153
0.0010447
0.00451102
0.00136237
0.00115997
0.00197562
0.00136245
0.00833506
0.00479714
0.00140277
0.000881017
0.0014938
0.00167213
0.00171614
0.00136757
0.00207118
0.00206477
0.00239271
0.00155795
0.00086679
0.00587948
0.001347
0.00111976
0.00109022
0.00104211
0.000764951
0.000720272
0.00331037
0.00202088
0.00208849
0.00199126
0.000444753
0.00111959
0.00200837
0.00129545
0.00299147
0.000751014
0.00149097
0.00189045
0.000461433
0.000593528
0.0018841
0.00127537
0.000900956
0.00696394
0.00176568
0.00125668
0.0049613
0.00236029
0.000731796
0.00121757
0.00106283
0.00264822
0.000970584
0.00147066
0.00173564
0.00170202
0.00225211
0.00533647
0.000824192
0.000913281
0.00146431
0.00667056
0.00100868
0.00117308
0.0017242
0.00194916
0.000739336
0.000874912
0.00145546
0.000891832
0.00117377
0.00120445
0.00126595
0.00103523
0.000606232
0.000252883
0.0019018
0.00143934
0.00186656
0.00121832
0.00358391
0.0208851
0.00316676
0.00132552
0.00157984
0.00112326
0.00113197
0.000654987
0.00314741
0.000306543
0.00102065
0.00106203
0.00116748
0.0019488
0.0105121
0.00102629
0.00155713
0.00496196
0.0015824
0.00471539
0.00125777
0.00159818
0.00101084
0.000934189
0.00267191
0.00064147
0.000857691
0.00108416
0.00161235
0.00123316
0.00127287
0.00663961
0.000713705
0.00359254
0.00222522
0.000434539
0.00129492
0.000378025
0.000963651
0.0054719
0.00157281
0.000833101
0.00115553
0.00130505
0.00249241
0.000597372
0.00254788
0.000700268
0.00128484
0.00147998
0.00238446
0.00317287
0.000838731
0.00079097
0.0022487
0.00575073
0.000777498
0.00139102
0.0010161
0.00156126
0.000562626
0.00162953
0.00223473
0.000681883
0.0011157
0.00178985
0.00119591
0.00188356
0.00159773
0.00080062
0.00214069
0.00253677
0.00337779
0.00379597
0.00297423
0.00146733
0.00107392
0.00230743
0.000753113
0.0027511
0.00189991
0.00402811
0.000835751
0.00350138
0.00102968
0.0012506
0.000339991
0.00182751
0.00090833
0.00105155
0.00267152
0.00140826
0.00148229
0.00200834
0.00268311
0.0172864
0.00110862
0.00109157
0.00135537
0.00121419
0.00160458
0.000441693
0.00115488
0.00129251
0.00167914
0.00359772
0.00214025
0.000922227
0.0151714
0.00172715
0.000631869
0.00306428
0.0013237
0.000768412
0.00136608
0.00107794
0.0050435
0.00120212
0.0144393
0.001481
0.00187653
0.000749594
0.00120707
0.00185758
0.00157202
0.000745658
0.000512926
0.00222952
0.00132377
0.00203117
0.00218285
0.0039824
0.00178299
0.00131868
0.0014688
0.00199618
0.00114677
0.00108742
0.00151385
0.000668656
0.00772524
0.00126776
0.000871746
0.000614514
0.000623535
0.00517795
0.000720907
0.000950773
0.00105854
0.000762911
0.00115549
0.000820071
0.0013323
0.00249602
0.00110636
0.000927413
0.0042374
0.00209228
0.00189438
0.00134043
0.00126952
0.0020558
0.00106558
0.0008455
0.000500845
0.00127774
0.00130894
0.00115607
0.00191797
0.00201208
0.000705366
0.00214523
0.000912655
0.000618529
0.00389041
0.00149072
0.0191285
0.00118463
0.00159043
0.000982101
0.000929091
0.000892101
0.00184559
0.000982802
0.00122257
0.0010853
0.00136958
0.000970139
0.00139973
0.00183586
0.00160325
0.00138647
0.00233591
0.00219987
0.000753473
0.00139275
0.00189382
0.00171324
0.000264832
0.00230587
0.000724963
0.00101203
0.000766943
0.000647076
0.000539372
0.00117708
0.00185222
0.00160712
0.0012847
0.0106209
0.00193303
0.00194424
0.00507385
0.00130952
0.00126579
0.000903726
0.000741577
0.00206001
0.000482829
0.00113851
0.000752771
0.00127424
0.000993295
0.00188676
0.00183842
0.00142141
0.00126236
0.00112596
0.00198231
0.000805141
0.000551462
0.00517302
0.00165861
0.00101888
0.00147525
0.00198543
0.000691961
0.000950141
0.000593497
0.00182256
0.0045137
0.00104955
0.00222309
0.00177362
0.00143507
0.000633018
0.000906708
0.00114718
0.00196708
0.00291088
0.00149862
0.00132544
0.00279972
0.00141825
0.00173297
0.00413412
0.00126975
0.00543735
0.000809454
0.00117356
0.00217155
0.000656935
0.000968144
0.00143607
0.00120527
0.00359896
0.000870087
0.00141995
0.00112321
0.00126653
0.00443813
0.00161323
0.00071553
0.00113104
0.00071135
0.00101056
0.00123414
0.0014217
0.00134555
0.00111532
0.00125558
0.00520551
0.000302335
0.000798192
0.00188354
0.00119224
0.00264026
0.00082087
0.00233846
0.00088511
0.00276077
0.000694748
0.00262128
0.00145682
0.00180542
0.000571905
0.00181203
0.0011587
0.00104708
0.00151118
0.000835982
0.00784074
0.00467211
0.00102842
0.00140232
0.00120673
0.000799363
0.00168031
0.00224175
0.00107413
0.00104891
0.00279824
0.00156357
0.000578558
0.000787425
0.00445465
0.00115586
0.00068621
0.001175
0.000979812
0.000665557
0.00139167
0.000892253
0.0022011
0.00111662
0.00157104
0.0105947
0.00245843
0.00153341
0.00104455
0.00156362
0.00279722
0.000326985
0.0144594
0.000815218
0.000429973
0.0029304
0.0178944
0.000766801
0.000636749
0.00171013
0.00095178
0.00120804
0.00212048
0.00186225
0.00255711
0.000551968
0.00131394
0.00151017
0.000977842
0.00114914
0.00118712
0.00109911
0.00150318
0.00521303
0.00155862
0.000753982
0.000987398
0.00449911
0.00102324
0.000912352
0.000733908
0.00080412
0.00178217
0.00124158
0.000901778
0.000842066
0.00154269
0.0092504
0.000821277
0.00194589
0.00197385
0.00165582
0.000993077
0.00149641
0.00107079
0.000959169
0.00455301
0.00131379
0.00219948
0.00449513
0.00174101
0.00071721
0.00245402
0.00168475
0.00131118
0.000703113
0.000707216
0.0042254
0.00116647
0.00218664
0.00178392
0.00128039
0.00238141
0.00078105
0.000667907
0.00313343
0.00161414
0.001806
0.0010684
0.00188238
0.00167642
0.00105334
0.00128762
0.00123361
0.00109971
0.000877646
0.00141147
0.00179382
0.000931761
0.0017123
0.000966776
0.00128242
0.000781637
0.00100022
0.00149812
0.00156131
0.000782616
0.00220628
0.00132178
0.00138618
0.00137779
0.007447
0.00154746
0.00161265
0.000404297
0.000584103
0.000829267
0.000707449
0.00240956
0.00172263
0.00134348
0.00146225
0.00150062
0.00107345
0.000900695
0.0010395
0.00137192
0.00171427
0.000663706
0.00197193
0.00121767
0.00139428
0.00214113
0.000948072
0.000829606
0.00670568
0.00102309
0.00154601
0.000927375
0.00147614
0.000945544
0.00274338
0.00149777
0.00162274
0.000491526
0.00735401
0.00141419
0.00167643
0.00308007
0.00107058
0.00148945
0.00246823
0.00077947
0.00595092
0.00322658
0.00132397
0.000235308
0.00125222
0.00178203
0.000418751
0.00135181
0.0006349
0.000836244
0.00168493
0.00133504
0.0010334
0.00093792
0.00157385
0.00181358
0.00125422
0.00140115
0.00163475
0.00416031
0.00588417
0.000908374
0.0038197
0.00110659
0.0019412
0.000855862
0.00128025
0.0013292
0.000565147
0.00276783
0.000821759
0.000890863
0.00135946
0.000624797
0.00224088
0.00096829
0.00127547
0.0010846
0.000937978
0.00111364
0.00541713
0.000471971
0.00116806
0.00101993
0.00199799
0.00154467
0.000664479
0.000858142
0.000736305
0.000622201
0.000969682
0.00111965
0.00178578
0.00126823
0.000668565
0.00117489
0.00191211
0.000476046
0.000830673
0.00385268
0.0022534
0.000597533
0.00146454
0.00732678
0.00139863
0.000854308
0.00129144
0.00147483
0.00121944
0.00165442
0.000899158
0.000904871
0.00155696
0.00192576
0.000769363
0.00199347
0.00131522
0.00277417
0.00175182
0.000926277
0.00249442
0.00113247
0.00111096
0.00192356
0.0016373
0.0011942
0.000502407
0.00102404
0.000882036
0.000742014
0.000654767
0.00552306
0.000837338
0.00182603
0.00128052
0.00535145
0.00171107
0.000462039
0.00124339
0.00066475
0.00172272
0.00072548
0.000739683
0.00147591
0.000694596
0.00129876
0.00125747
0.00159283
0.00181871
0.000834635
0.00290148
0.00125308
0.00156342
0.00112658
0.00150837
0.000878715
0.00324143
0.000735117
0.000970525
0.00100357
0.00137028
0.000638192
0.000916366
0.00239304
0.00536293
0.000827077
0.00142604
0.00154256
0.00157142
0.00278742
0.00159818
0.00428455
0.00141755
0.000760326
0.00184926
0.001201
0.000964814
0.0015252
0.00205528
0.0015205
0.000696165
0.000561073
0.00143293
0.00175687
0.00104114
0.00102708
0.0013106
0.00406715
0.000663913
0.00127712
0.00156937
0.00189711
0.00237869
0.00108459
0.00194027
0.000885018
0.004469
0.00118868
0.000418368
0.00152119
0.00178248
0.0016383
0.00167598
0.00123414
0.00255903
0.00299588
0.00125372
0.00136976
0.00203728
0.000766692
0.00623918
0.000758101
0.00169121
0.00397041
0.00120169
0.0010865
0.00167911
0.000396381
0.000604413
0.00127798
0.00128786
0.00124914
0.00177841
0.00253787
0.00201359
0.00146436
0.00163916
0.000697414
0.0008615
0.00156554
0.00138388
0.0023965
0.00117571
0.00138214
0.00137981
0.000642944
0.00141318
0.00172399
0.00169767
0.00161418
0.00120471
0.00145327
0.00117693
0.0018484
0.00120514
0.00107816
0.00184045
0.00127615
0.000466026
0.000767179
0.00192872
0.00095745
0.00145274
0.00155011
0.000824764
0.00232165
0.00231151
0.00242177
0.00137541
0.00191751
0.000835164
0.00140872
0.000463894
0.00139558
0.00395101
0.00165702
0.000971794
0.00256002
0.0012193
0.00178683
0.0009829
0.0013615
0.00111234
0.00103366
0.00128755
0.00295422
0.00128934
0.00068398
0.00192873
0.00168125
0.000659172
0.00215373
0.000892397
0.0136035
0.00220482
0.000847332
0.00169151
0.00210399
0.00161525
0.00230622
0.00114802
0.000508948
0.00122837
0.000907314
0.00170382
0.00137536
0.00122016
0.00118272
0.00127209
0.00362697
0.0009216
0.00203815
0.00122166
0.00179369
0.000531054
0.00182972
0.00096969
0.00196708
0.00159095
0.00137078
0.00167977
0.00121574
0.00206727
0.00180521
0.00127485
0.00090509
0.000984659
0.000784343
0.000631246
0.00162006
0.00420628
0.00167081
0.00178101
0.00257459
0.00104962
0.00106198
0.00134032
0.00127075
0.000919197
0.003545
0.00121612
0.00140769
0.00185288
0.000696107
0.00187495
0.00132553
0.00124208
0.000722491
0.0018602
0.00215366
0.000713958
0.00117494
0.00176281
0.00251255
0.000910832
0.000466829
0.00154163
0.00126496
0.00148115
0.00117717
0.000827025
0.00141665
0.00118121
0.00348624
0.000916795
0.00092582
0.00175361
0.00340115
0.000812449
0.00118045
0.00155238
0.000953231
0.00234736
0.00264356
0.000953227
0.000932729
0.00125655
0.00182387
0.0019852
0.00565414
0.00216463
0.00141644
0.00186644
0.000559542
0.000962398
0.00224532
0.00145892
0.00096238
0.00184852
0.00107258
0.00250204
0.000738082
0.00064527
0.00173985
0.00169459
0.00124157
0.00602277
0.00142124
0.00145416
0.00151959
0.00211799
0.00109903
0.0109375
0.00187706
0.00180686
0.00157708
0.00136037
0.00483069
0.00145913
0.00167552
0.00110026
0.00167437
0.00107269
0.000477177
0.00247778
0.000524239
0.000979214
0.00111374
0.00127899
0.000613713
0.000939132
0.00129686
0.00202318
0.00106761
0.00133898
0.00238608
0.000573647
0.00268752
0.00127129
0.000758883
0.000680765
0.000636879
0.00122566
0.00051332
0.000673365
0.000945206
0.00073438
0.00101266
0.00186587
0.00126517
0.000894815
0.00170623
0.00164744
0.00223195
0.00128598
0.000925112
0.00171021
0.00100688
0.000834755
0.00117285
0.00095047
0.00101112
0.00199477
0.000817284
0.00177622
0.00538299
0.00265036
0.00235655
0.00125227
0.00132517
0.000763147
0.00169213
0.000737169
0.0142872
0.00228428
0.000821118
0.00251536
0.000895822
0.00224092
0.00128242
0.00390714
0.000881472
0.00193917
0.00133978
0.00107473
0.00122247
0.0018384
0.0013908
0.00142187
0.00119665
0.00130725
0.00185764
0.00207187
0.00436212
0.000853938
0.00101849
0.00143264
0.00208521
0.00160492
0.00116804
0.00173901
0.010524
0.000492472
0.0021073
0.00101832
0.00106869
0.00179949
0.00149881
0.00467754
0.000898504
0.00214533
0.00317397
0.00308287
0.00133029
0.00128963
0.00114865
0.00102168
0.00318018
0.00192903
0.00113821
0.00151796
0.00106501
0.00114963
0.00164819
0.00184147
0.00216537
0.00196237
0.0316196
0.00321471
0.000697041
0.000781227
0.00095139
0.000880243
0.00183981
0.000886398
0.000810107
0.00177205
0.00250139
0.00100726
0.00147852
0.00185757
0.0037805
0.00490999
0.00240425
0.000956686
0.00114741
0.00232431
0.000894972
0.000990034
0.000980272
0.00159851
0.00096119
0.00141043
0.00141725
0.00326989
0.00144595
0.00501237
0.0030574
0.000793339
0.00204192
0.00192637
0.00103796
0.00109666
0.000890813
0.00144182
0.00146441
0.00169404
0.0010372
0.00185709
0.00103607
0.00420869
0.0010594
0.00135526
0.00167014
0.00638183
0.000756488
0.00223722
0.00136076
0.00036017
0.00178986
0.00441822
0.00144618
0.00151147
0.00217181
0.00219668
0.00196965
0.000628388
0.00131527
0.00163087
0.000699013
0.00208589
0.000735887
0.00102749
0.00211159
0.00121775
0.00197095
0.00112234
0.00510986
0.00140919
0.00145742
0.00143091
0.00194839
0.00470729
0.00104561
0.0034873
0.00124942
0.000957305
0.00133739
0.00103892
0.0029394
0.000905822
0.00115487
0.00148443
0.00105722
0.00146603
0.0013436
0.00458191
0.000694236
0.00114915
0.000603102
0.000994705
0.000924162
0.00246886
0.00536553
0.00520957
0.00205117
0.00159359
0.00147593
0.0024901
0.0025707
0.000814988
0.00129734
0.000890816
0.00166694
0.0165399
0.000979451
0.00139839
0.000874261
0.00107103
0.00456006
0.00255221
0.000701832
0.00124859
0.00129683
0.00128644
0.00127705
0.00123066
0.00100486
0.00229498
0.00114249
0.00113964
0.00190311
0.000798483
0.00232543
0.00177546
0.00380279
0.00132925
0.00171911
0.00121317
0.00073241
0.00176888
0.00569043
0.00272088
0.00144058
0.00687975
0.00184462
0.00147738
0.0012102
0.000830294
0.000900499
0.000860989
0.00114299
0.00144019
