0.00026912
0.000136565
0.000190826
0.000359969
0.000203891
0.000144176
0.000171685
0.000456781
0.000327625
6.58855e-05
0.000361277
0.000336976
0.000367693
0.000157991
0.000224383
0.000183448
0.000398004
0.000190269
0.000170307
8.97225e-05
0.000202474
0.00078248
0.000201044
0.000378778
0.000228962
0.00015569
0.000114124
0.000138116
0.000120392
0.000252713
5.74166e-05
0.000551653
0.000247757
0.000189482
0.000217274
0.000126646
0.000116244
0.00470167
0.000204979
0.000545706
0.000169007
0.000304054
0.00018733
0.0002043
0.000743348
0.000141232
0.000266092
0.000169715
0.000646722
0.000452066
0.000186741
1.80495e-05
6.89986e-05
0.000136151
0.000277085
0.000480942
0.00011816
0
0.00012946
0.000160623
0.000308377
0.000223119
0.000130022
0.000291923
0.000195383
0.000367177
0.00019599
5.93492e-05
0.00089243
0.000349647
0.000869456
7.69773e-05
7.02634e-05
0.000268139
0.0121875
0.000311822
0.000205076
0.000265418
0.000167297
0.000134521
0.00023593
0.000345421
0.000130886
0.000222252
7.50015e-05
0.000454396
0.000552072
0.00035068
7.90163e-05
0.000123413
0.00028069
0.000146146
8.89048e-05
0.000118962
0.000515853
9.2274e-05
5.26582e-05
0.000207257
0.000146477
0.000314809
0.000188364
0.000140159
8.92676e-05
5.17001e-05
0.000196781
0.0152777
0.000105055
0.000148749
0.00083312
0.000282856
0.000269121
0.000233762
9.92982e-05
0.000112723
0.000251742
0.000295165
0.000200528
0.00018229
0.000239696
0.000169586
0.000325597
0.000239797
0.000253675
0.00031521
6.38923e-05
0.000239835
0.000270803
0.000201289
0.000415983
0.000163337
8.08125e-05
0.00051873
0.000287288
0.000500146
0.000433416
0.000106
0.000139478
0.000110075
0.00087398
0.000655415
0.00026213
6.09636e-05
0.000219024
3.56744e-05
0.00106259
6.71757e-05
0.000507268
0.00014706
0.000167516
0.000696523
0.000103428
2.48729e-05
0.000472061
0.000121126
0.000165356
0.000381983
1.06537e-05
0.000454883
0.000316852
0.000237973
0.00018682
7.63793e-05
0.000345124
0.000204197
0.000205359
0.000183409
0.0011715
0.000191678
9.7617e-05
0.00117625
0.000131526
0.000105255
0.000270753
0.000362827
0.000310905
0.000210497
0.00031671
0.000179752
0.000131052
0.000301434
0.000194859
0.000259156
0.000337565
0.000211126
0.000212529
0.000145886
0.000364894
2.74223e-05
0.000236576
0.000187973
0.000133805
9.50699e-05
0.000330089
4.38774e-05
0.000369939
0
0.000173363
0.000347739
0.000286491
2.55392e-05
0.000198073
0.000378079
6.7152e-05
0.000194382
0.000245469
7.13957e-05
0.000176272
9.56619e-05
0.000254082
0.000540547
0.000321728
0.00031141
0.000396227
0.000500141
0.000222819
0.000109122
0.000177248
0.000298132
0.000265007
0.000623351
0.000163639
0.00106478
0.000145559
0.000128897
0.000318723
0.000170697
0
0.00013246
0.000124557
0.000224028
0.000116967
0.000195536
0.000147633
0.000136738
0.000176916
0.000123918
0.000126877
0.00112566
0.000199852
0.000272416
0.000177332
0.000119428
0.000172559
0.00126179
0.000364641
0.000130422
0.000411108
0.000225022
0.00505517
3.99692e-05
0.000173683
0.00020562
0.000176778
0.000120566
0.000144384
0.000265098
0.000918817
6.33153e-05
0.00602834
0.000272917
0.00101596
0.000377788
0.000209722
0.00218108
6.02735e-05
0.000357783
0.000361773
0.000269649
0.000321129
6.07396e-05
8.38648e-05
0
0.000207355
0.00017475
8.08997e-05
0.000157092
0.00164241
5.12626e-05
1.82053e-05
0.000291756
0.000191305
5.12708e-05
0.000275157
0.000118435
0.000376603
0.000336138
0.000228142
5.20159e-05
7.88401e-05
0.000307624
0.000101249
0.000124134
0.0003252
0.000365533
0.000135773
7.68368e-05
7.74246e-05
2.75557e-05
5.68183e-05
0.000222443
7.83082e-05
0.00025087
6.16039e-05
0.000273769
0.000386288
0.000206918
0.000922772
0.000140257
0.000148361
0.000147237
0.000164667
0.000137172
3.41346e-05
9.19065e-05
0.000207661
0.00039515
0.000165643
0.000303482
0.000153332
0.000155636
0.000235701
0.00056795
0.000216814
0.000301156
0.00013662
0.000246328
7.47881e-05
0.000272267
0.000854954
0.000855145
0.000486252
0.000119898
3.81251e-05
0.000317844
2.7354e-05
0.000575518
0.000141835
0.00123155
0.000247227
0.000278438
8.31493e-05
0.000520466
0.000325836
0.000608267
6.67638e-05
0.000249843
0.000297388
0.00013158
0.00059638
0.00053838
0.000275759
0.000226864
0.00245245
0.000200193
0.000309744
0.000145026
0.000176825
0.000187533
0.000137239
0.000237616
6.30995e-05
0.000167012
0.000698385
0.00048943
0.000216381
0.000210379
0.000996267
4.72981e-05
0.000553627
0.000338214
0.000354163
0.000201063
0.000498453
0.000650468
0.000172264
0.000100982
0.000126799
0.000115181
0.000129428
0.000105296
0.0051149
0.000385153
0.000225056
0.00560833
0.000222202
0.000309514
0.000173507
9.84951e-05
0.000352689
0.000641182
0.000138351
0.000387447
0.000181466
0.000184198
8.47035e-05
0.000243652
0.000302418
0.000158344
2.3066e-05
2.90267e-05
0.000182684
6.85833e-05
0.000146989
0.000678959
0.000627987
0.000284732
2.39588e-05
9.84626e-05
0.000366359
0.000195824
0.000301182
0.00415884
0.000492161
0.000353774
0.000115862
0.000753577
5.17827e-05
0.000176882
0.000219704
0.000213478
8.09737e-05
0.00012447
0.000235021
0.000196578
4.31929e-05
0.000301677
0.000188998
0.000132354
0.000937754
0.000113978
0.000292748
0.000209035
0.000341935
0.000684405
0.000175606
8.86023e-05
0.000372682
0.000145196
0.000225759
0.000255508
0.0120613
0.000464826
0.000144994
0.000305855
0.000228206
0.000353526
0.000167206
0.00024361
2.12143e-05
0.000130514
0.000366836
0.000174238
0.000256307
0.000125891
0.000198045
0.000270988
0.000190309
0.00563587
0.000521356
0.000333077
0.000360675
0.00210337
0.00027747
0.000299773
0.000316687
0.000350003
0.00015155
5.74674e-05
0.000281857
0.000142495
5.56753e-05
0.000786506
6.80261e-06
9.25503e-05
9.8717e-05
0.000183885
0.000165598
0.00109802
4.85771e-05
0.000348775
0.000744163
0.000803447
0.000304255
0.000287793
0.000295056
0.000202558
3.76976e-05
0.000231435
0.000545065
3.53927e-05
0.000111049
8.45278e-05
0.00014441
0.000364236
4.77866e-05
8.08846e-05
0.000969356
5.52316e-05
0.000177972
0.000206905
7.2092e-05
0.000150372
0.000287375
0.00013655
0.000214102
0.00020744
0.000104984
0.000131834
0.00016597
0.000345055
2.83145e-05
0.000254774
0.000249178
0.000260582
0.000187844
0.000918189
0.00020379
0.000133244
0.000169944
0
0.000667594
0.000200676
0.000295184
0.000215764
0.000298128
0.000132043
0.000347321
0.000525097
0.00044288
0.00108217
0.000260636
8.41709e-05
0.000134087
0.000317199
0.000374221
0.000286616
0.000218244
0.00014116
0.000171324
0.000112275
0.000197527
0.000493095
9.59617e-05
0.000216432
0.00013934
0.00027326
3.29232e-05
0.000251603
0.000309919
0.000526356
0.000104741
0.00023342
0.000168405
8.89512e-05
0.000183364
0.000220795
0.000876819
0.000415152
0.000104764
0.00289757
0.000285975
0.000183877
8.11422e-05
0.000476003
0.000136554
0.000134218
7.67565e-05
8.30262e-05
0.000179599
9.33495e-05
0.000378836
0.000160872
0.000158201
0.000179983
0.000200812
0.00104919
0.000179913
0.000650833
0.000245374
0.000200851
0.000169448
0.000229392
0.000299185
0.000522582
0.000408422
0.000238973
0.00012767
0.000179193
0.000173797
0.0012492
0.000153812
0.000233861
0.000269115
0.000437849
0.000145013
0.000228294
0.000287086
0.000153905
5.06127e-05
1.47124e-05
0.000394988
4.09549e-05
0.000657798
0.000157718
0.000160457
0.00016785
0.000204112
0.000147914
0.000426603
0.000279055
0.000178991
7.56489e-05
0.000413952
0.00045167
0.000538363
0.000370551
0.000163644
0.00018886
0.000137856
0.000195533
0.000464559
0.000311612
0.000226223
0.000414555
4.37429e-05
0.00011711
0.000102863
0.000236511
0.000150141
0.000138457
0.000398746
0.000322202
0.000145454
0.00126937
9.89762e-05
0.000201958
9.67454e-05
0.000212331
0.000198635
0.00749376
9.53176e-05
0.000276042
0.000812265
0.000209764
0.000281218
0.000110917
0.000497207
0.000121451
0.0004253
4.16703e-05
0.000167793
0.000188634
0.000921515
6.45312e-05
0.000269553
0.000209347
0.000138147
0.000114725
0
0.00025583
0.00023878
2.78948e-05
0.000394041
0.00020501
0.000135275
0.000276528
0.000281947
0.000119949
0.000230151
0.00034777
0.000218013
0.000135707
0.00612226
0.000108161
0.00037375
0.000291003
0.000292907
9.62415e-05
0.000363103
0.000124944
0.000659226
9.1335e-05
0.000301193
0.00045709
0.000312759
9.51523e-05
0.00010694
0.000147652
0.000131623
0.000163673
0.000173218
0.000351439
9.56378e-05
6.47815e-05
0.000128922
0.000302823
0.000161192
0.000252782
0.000115955
9.1178e-05
0.000230105
0.00024887
0.000201183
0.000196729
0.000208538
0.000200935
0.000166281
0.000374064
0.000145736
0.000350447
0.000167045
0.000185378
0.000212379
0.00027119
9.68168e-05
0.000101532
0.000249792
0.000328376
7.93963e-05
0.000368809
0.000136154
0.000328106
5.62632e-05
0.00029614
7.71267e-05
0.000188387
0.000534769
0.000242848
0.000238905
0.000441835
0.000366573
0.000154624
0.000159828
0.000480386
0.000483073
0.000201332
0.000174016
0.000303765
0.00022403
6.26164e-05
0.000485624
0.00021145
7.65027e-05
0.000204601
0.000127762
9.21327e-05
0.00103578
4.72413e-05
0.000111849
0.000105764
0.000307419
0.000682605
0.000224674
0.000209119
0.000111613
3.13542e-05
0.000157327
0.000195877
0.000330557
5.21888e-05
0.000534577
0.000571913
0.000198484
0.000652916
0.000356673
0.000312786
0.000417216
3.96543e-05
0.000286411
0.000157209
0.000233735
0.000712428
9.93642e-05
0.000114299
0.000265699
0.000229479
0.000420717
0.000259853
9.47835e-05
0.00081122
0.000734745
0.000535551
8.93729e-05
0.000100243
0.000102812
0.000187763
8.76988e-05
0.000496843
0.000143317
0.000260262
0.000475294
0.000240943
0.000184015
0.00142226
0.000247143
0.00029527
5.93585e-05
0.000315686
0.000219384
0.000275451
0.000117398
0.000323721
0.000166147
0.000253718
0.00244821
0.000175374
0.000167409
0.000754348
0.000332876
0.000200331
0.000114014
0.000360382
0.000547973
8.10319e-05
0.00018115
0.000315088
0.000256324
6.62408e-05
0.000188931
0.00037684
0.000463134
0.000209684
4.82697e-05
0.000222999
0.000197119
8.48813e-05
0.000246323
0.000279238
0.000226931
0.000101827
0.000228625
0.000129392
9.30618e-05
0.000244416
0.000288466
0.000240494
0.00178714
0.000134315
0.000237884
0.000484649
9.23426e-05
0.0004021
0
0.000319675
0.000302194
0.000599765
0.000127539
0.000238945
0.000931495
8.6778e-05
0.000278061
0.000125692
0.000532244
8.12686e-05
4.31412e-05
0.000176648
0.000165807
0.000278852
0.00032704
0.000149437
0.000837769
0.000289914
0.000183536
0.000586364
0.000157786
0.000198306
5.32938e-05
0.000124306
0.000122806
9.44216e-05
0.000150547
4.33254e-05
0.000466411
0.000205985
0.000113076
7.35632e-05
0.000192336
0.000176609
0.000510684
0.000821683
0.0010693
0.00365002
9.0368e-05
0.000420505
0.000123326
0.000444291
1.11665e-05
2.89096e-05
0.000397618
5.54647e-05
0.000361288
0.000206689
0.000195785
0.000263929
0.000379586
0.00289665
3.9196e-05
0.00020191
0.000465246
0.000249014
0.000388892
0.000255074
0.000259449
2.80438e-05
9.83902e-05
0.000346823
4.42093e-05
0.000159975
0.000349717
0.000249155
6.78672e-05
0.00034061
0.000236868
0.000217812
0.00048674
0.000105169
0.000232774
0.000257876
9.58094e-05
0.000311897
0.000508648
0.000112869
0.000607855
3.60547e-05
0.000361729
7.15165e-05
0.000321404
0.000125247
5.79465e-05
0.000179752
0.000348906
0.000232059
0.000294508
0.000273407
5.69178e-05
1.31648e-05
4.04214e-05
0.000244676
0.000169324
0.000563826
0.000799373
0.000124327
0.000117957
2.85344e-05
0.000367289
0.000149573
0.000296179
0.000106522
0.000168724
0.000755392
0.000278357
0.000107977
0.000942212
0.000255909
0.000198174
0.000292011
0.000245773
9.3599e-05
0.00020259
0.000188646
7.8346e-05
0.000106587
0.000108301
3.13969e-05
0.000169131
0.000126488
0.000194429
0.000102099
0.00047627
5.85259e-05
0.000783429
0.000425655
9.97843e-05
0.000219544
0.000116871
0.000101771
3.93376e-05
0.00275411
0.000168129
0.00029054
0.00017204
3.62218e-05
7.23903e-05
0
0.00109283
0.000252342
0.00023698
9.19969e-05
0.000136242
0.000186115
0.000268042
0.000117955
0.000242599
8.49166e-05
0.000157124
0.000200548
0.00136663
0.000213737
0.0115105
0.000501856
0.000108599
0.000117573
0.000284749
7.89952e-05
0.000160328
0.000152107
0.000328489
0.00223685
0.000327064
0.00043175
0.000650872
9.85759e-05
6.33088e-05
0.000224182
0.000222853
0.000632829
0.00344337
0.000161971
0.000290445
0.000412521
0.00123554
0.000255064
0.00669057
4.00152e-05
0.000232926
0.000154759
0.000130168
0.000259454
0.000212119
0.000277918
0.000211268
0.000384865
0.0148327
0.000407682
0.000230791
0.000164866
0.000279613
6.35532e-05
0.000107513
0.000511299
0.000237776
0.000300529
0.00163807
9.98636e-05
0.000197055
0.000131566
0.000269797
0.000227544
0.000179528
0.00182348
0.000121807
0.000167214
0.000126593
0.000795321
0.000222732
0.00024226
0.00058041
6.20304e-05
0.000318822
3.24536e-05
0.000114968
0.000192435
0.000149054
0.000154303
0.00241246
0.000147122
0.000263719
0.00016085
0.000528366
0.000526664
0.000257869
0.000850655
0.000152708
4.90871e-05
0.00032451
2.68205e-05
9.93066e-05
0.000259021
0.000245756
0.000848387
0.000258106
0.000209219
0.00019251
0.00021939
0.000142808
0.000343319
0.00020776
0.000201948
6.80977e-05
0.000114239
0.000192275
0.000184102
0.000117716
9.94395e-05
0.000317722
0.000357248
0.000323326
0.000227996
0.000143058
0.000147632
0.000174447
0.000229462
0.000314943
0.000160168
0.000185943
8.89644e-05
0.00011827
0.000204005
0.000206187
0.000541275
0.000283271
0.000823822
2.35748e-05
0.000232898
0.000231061
0.00021738
0.00017133
0.00263499
0.000150755
0.000707643
0.000221079
0.000210834
0.000230554
0.000500906
0.00022307
0.000281981
7.82409e-05
0.000163208
0.000229036
0.000717498
7.72132e-05
9.21959e-05
0.000108351
6.84999e-05
3.84714e-05
0.000222969
0.000304872
0.000122972
0.00159997
8.2837e-05
0.000100273
0.000296108
0.000683945
0.000188999
0.000265702
0.0001849
0.000125075
0.000396096
0.000287138
0.000187546
0.00024366
0.00024843
0.000105872
0.000194747
0.000343273
3.41309e-05
0.000100064
0.000250451
0.000185693
0.000209249
0.000115897
1.45961e-05
0.00025506
0.000196464
0.000236264
9.82863e-05
0.000171
0.000270625
0.00038195
0.000329785
3.01264e-05
0.000232627
0.000179269
0.000318723
0.000535823
0.000241587
0.000105225
0.000119535
0.000380987
0.000170692
0.000169805
0.000130571
0.000174174
2.47735e-05
0.00025829
0.000173735
8.79434e-05
0.00014948
7.07037e-05
0.000243497
0.000135009
0.000116793
0.000210622
9.14462e-05
0.000278503
4.87329e-05
5.88115e-05
0.000183985
0.000301215
0.000267504
5.29854e-05
0.00060995
0.000219397
2.55643e-05
0.000382401
0.000133734
0.000200214
0.000159033
0.000338246
0.00012836
0.000205738
0.000400479
0.000134882
0.00021835
7.13107e-05
0.00040121
0.000223015
0.000356563
4.67531e-05
0.000254646
8.71337e-05
0.00100045
0.00311195
0.000257844
0.000113302
6.78885e-05
0.000359148
3.42225e-05
0.000385469
0.000414634
0.000167487
0.000270122
0.000141445
0.000288545
0.000310937
0.000350929
0.000445
4.08677e-05
8.80209e-05
0.000307548
0.00051318
0.00101588
1.77327e-05
0.000129877
0.000601802
0.000233043
0.000208185
0.000623964
0.000184269
9.47881e-05
0.000114488
0.0001352
0.000121867
0.000261388
0.00021887
5.77152e-05
0.00104511
0.00022079
0.000391151
4.32966e-05
0.000132899
4.66345e-05
0.000103543
0.000530247
0.000761483
0.000104291
0.000130959
4.64655e-05
5.19105e-05
6.56885e-05
6.4558e-05
0.000598168
0.000383462
0.000186557
0.000109413
0.000198497
0.0083193
0.00010878
1.52821e-05
0.000142949
0.000138525
0.000130057
0.000338053
0.000385578
0.000196357
0.000148547
0.000127643
0.000290001
0.000199389
0.000211316
0.000189672
0.000334124
0.000267116
0.00023223
0.000283171
0.000150383
0.000129213
0.000173343
0.000139468
0.000132778
0.00011836
4.04137e-05
0.000225936
0.000517893
0.00031473
0.000164931
0.000169256
0.000324904
0.000702308
0.000433679
0.000233688
0.000192675
0.000113657
0.000690239
0.00037173
4.5922e-05
0.000331267
3.4478e-05
0.000107962
0.000170451
0.0187652
0.000172337
0.000135025
0.000166856
0.00142162
0.000530309
0.000139341
0.000128849
0.00036949
0.000599906
0.000170485
0.000250711
0.0002584
0.000392842
0.000100992
0.000150925
0.0001794
0.000629943
0.000407732
0.000323834
0.000248688
6.09474e-05
0.00010978
0.00024775
0.000137519
0.000269688
0.000397058
0.00015892
0.00024173
2.13227e-05
0.00046526
0.000122471
0.000127069
0.000888826
0.000136816
6.32395e-05
0.00018297
0.000173106
0.000155227
0.000307957
0.000190786
0.000137158
0.000135223
0.000324474
0.000213768
0.000311723
0.000477765
0.000185063
0.000471696
0.000111887
0.0012458
0.000178812
9.16488e-05
0.00106007
0.000309828
0.000228595
0.000246356
0.000181288
0.000275013
0.000392124
0.000211381
0.000676211
0.000288905
0.00037455
8.89336e-05
0.000159814
0.000143256
9.19756e-05
0.00054075
0.000231541
0.00011856
0.000153279
0.000217467
0.000197639
9.01546e-05
2.22587e-06
0.000150309
9.83719e-05
0.000424737
5.93277e-05
0.000656832
0.000169738
0.000531353
0.000328688
0.0037787
0.000290898
0.00034835
0.000204608
0.000193239
0.000209173
0.000267766
0.000320915
0.000239059
0.000338312
0.000133506
0.000256753
0.000377165
5.973e-05
0.000136546
0.000409437
8.0499e-05
0.000193852
0.00021499
0.000264056
0.000279606
6.40256e-05
0.000150331
0.000123935
0.000271939
0.000223413
0.000280541
6.19243e-05
0.000286476
0.00299268
0.000151875
0.000126793
0.0212469
0.000354447
0.000354866
0.000516021
0.00152388
9.36191e-05
0.000109921
0.000495024
0.000661481
0.000304066
0.000218986
0.000194902
0.000182398
0.000362704
0.000179541
2.59259e-05
0.00102126
0.000265056
0.000240456
0.000114898
0.000413675
0.000219958
0.000152522
0.000324489
0.000300429
0.000114965
6.47618e-05
0.000240099
0.000134067
0.00059035
0.000150107
9.80728e-05
0.000483869
0.000285616
0.000274056
8.16271e-05
0.000567314
0.00038331
1.36697e-05
0.00407764
7.58049e-05
0.000696476
0.000149306
8.37832e-05
0.000330552
0.00010312
0.000357381
0.000107724
0.00058411
0.000203584
0.000211053
0.000163715
0.000261164
0.000198616
0.000225654
0.000206844
9.09153e-05
0.000397786
0.000346124
0.000210432
0.00310309
0.000323687
0.000187722
0.000130331
0.00109294
2.2252e-05
0.000362395
4.76774e-05
0.000305985
0.000300006
0.000314862
0.000300428
9.50988e-05
0.000191002
0.000105117
0.000360942
0.000912773
0.000393776
0.000178395
0.00021632
0.000124865
0.000153979
0.000226316
0.000120274
0.000800683
0.000449507
0.000223338
0.000157264
0.000518482
0.000175942
0.000179024
0.000284254
0.000300587
0.000165471
0.000864866
0.000432813
0.000109845
0.000191297
0.000113168
8.48462e-05
4.75928e-05
0.00136189
0.000184055
0.000411178
5.90497e-05
0.000194129
0.000649674
0.000461294
0.000122147
0.00023658
2.92909e-05
0.000355831
0.000117762
0.000276263
0.000194913
0.000809466
0.000301406
0.000137858
0.000196209
0.000107202
0.00013457
0.000143714
0.000306497
0.000204935
0.00038113
0.000102334
0.000176787
0.000141339
0.000246977
0.000277904
0.000130982
0.000829192
2.4935e-05
0.000222987
3.32261e-05
0.000156428
0.000254209
9.02021e-05
0.000238026
0.000141646
0.000154157
0.000199725
0.00124765
0.000566483
0.000160831
0.000166061
0.000523274
0.000438595
0.000109354
2.76039e-05
0.000462939
0.000720111
0.00013254
0.000130362
0.000131845
0.000258579
3.75793e-05
5.50368e-05
0.000363855
0.000141126
0.000424991
0.00031321
0.000372302
0.000180518
0.000533998
0.00035637
0.000185051
0.000130311
0.000205876
0.000416102
0.000404397
0.000137097
0.000186056
0.000110494
0.00019335
0.000496225
0.000400734
5.42459e-05
0.000344774
0.000277621
0.000196187
0.000113227
0.00024094
8.22056e-05
0.000276163
0.000113899
0.000278994
8.56462e-05
0.00031918
0.00056524
0.000170866
6.22071e-05
0.000198525
4.26143e-05
9.5355e-05
0.000114144
9.51379e-05
0.000121437
8.66073e-05
0.000482567
3.97651e-05
0.000830913
0.000167152
0.000174263
0.00031614
0.000261462
0.000158216
0.000170732
0.000652828
9.31287e-05
0.000151508
0.000255291
0.000427009
0.000692029
6.41034e-05
0.000129661
0.000272441
6.76928e-05
3.60102e-05
0.000283964
8.10708e-05
0.000219505
0.000450751
0.00369744
0.00016065
0.000165451
0.000135823
6.99944e-05
0.000238822
0.000559717
0.000193978
0.000443007
0.000313022
0.000398794
0.000337661
0.0012011
8.43339e-05
0.000323282
8.04005e-05
0.000306637
0.000294565
0.000269773
0.000143511
0.000194525
0.000117277
9.79123e-05
0.000151235
0.000204583
0.000189849
0.000194999
0.00019978
6.5194e-05
9.55751e-05
0.000171054
0.000137027
0.000434068
0.000132243
0.000215138
0.000162533
0.000251325
0.000386154
8.19151e-05
0.000359295
0.00896312
0.000549817
0.000126886
9.32536e-05
0.00015216
0.00017179
0.000296914
0.000378282
0.000224844
0.000496077
0.000486906
0.000606051
0.000261831
0.000418352
0.000172244
0.000319766
0.000159551
0.000134011
0.000464761
0.000225982
0.000165181
5.53739e-05
0.000658232
0.000233345
8.82184e-05
0.000397972
6.36373e-05
0.00060628
0.000679135
0.000215904
0.00014667
0.000351958
0.000167032
0.000193274
0.00036667
0.000220483
0.00062274
0.0001588
0.000213356
0.000271853
0.000400968
1.92959e-05
9.12706e-05
0.000145262
9.6244e-05
0.000344987
0.000233984
0.000125958
0.000125198
0.000363057
0.000188197
0.000215734
0.000289675
0.000159736
0.000183492
0.000174607
4.9953e-05
4.31195e-05
6.46788e-05
6.70842e-05
0.000306527
0.00010347
0.000164286
6.08316e-05
0.000167746
0.000360225
0.00113599
0.000798375
5.42432e-05
0.000139494
0.000278502
0.000406381
0.0011383
7.5598e-05
9.87771e-05
1.1528e-05
0.000601374
0.000194807
0.000199249
0.000178335
0.000345166
5.93994e-05
0.000324339
8.2699e-05
8.14537e-05
0.000139506
0.100981
0.00019624
0.000190284
0.000183314
0.000242477
7.83469e-05
0.00028715
3.82531e-05
0.000789689
0.000102776
0.00074636
7.25381e-05
2.4393e-05
7.39847e-05
0.000168173
0.000118928
0.000159959
0.000336634
0.0003161
0.000763802
0.000114687
0.000236015
0.000249939
0.000193737
0.000126962
0.000229953
8.36147e-05
7.903e-05
0.000314598
0.000206349
0.000137775
0.000213991
0.000577145
0.000655637
6.09895e-05
0.000305361
8.69304e-05
0.000139011
0.000260923
1.46367e-05
0.000209775
0.000180603
9.93957e-05
8.35206e-05
0.00021508
0.000279622
0.000100507
0.000302843
0.000839901
0.000447109
0.000246401
0.000160799
0.000154831
9.57385e-05
5.19199e-05
0.00034007
6.10554e-05
0.000161617
0.000640915
0.000136565
0.000304582
1.04608e-05
0.000441917
7.00608e-05
8.38405e-05
0.000186345
0.000219336
0.00130065
0.000116546
0.000211793
0.000300587
0.000111401
0.000168084
2.88734e-05
0.000712258
0.000225932
0.000660693
0.000185181
0.000372956
0.000440899
0.000337265
0.000189255
0.000309129
3.7047e-05
5.41686e-05
0.000210071
0.000176065
0.000216913
0.000251784
0.00030992
9.80052e-05
0
0.000124115
0.000309148
0.000282335
6.21651e-05
0.00013067
0.000737238
0.000142975
0.000292711
0.000164669
0.00017768
0.000283742
0.000252335
9.24994e-05
0.000956501
0.000258967
0.000147207
0.000157355
0.000251308
0.00111271
0.00014001
0.000463081
0.000134499
5.5088e-05
0.000234278
0.000307993
0.000102159
0.000248123
0.000296126
6.64235e-05
0.000218757
0.000478031
0.000204415
9.84785e-05
0.000321796
2.20986e-05
9.63467e-05
0.00025926
0.000232256
0.00018426
0.00014324
6.47464e-05
0.000351794
0.000220888
0.000237273
0.000280916
5.55308e-05
0.000287345
0.000222241
8.476e-05
9.84802e-05
0.000239193
0.00268095
0.000385547
6.77832e-05
0.000280025
3.74458e-05
0.000169086
0.000408783
0.000261827
0.000492304
0.000110284
0.000183131
0.000483506
0.000127846
7.63774e-05
0.000145845
0.00015905
0.000163417
6.47415e-05
0.000483887
0.000209556
0.000256563
8.04279e-05
0.000319332
0.000193612
0.000321394
0.000134432
0.000147736
0.000146847
0.000323518
0.000440243
0.000288493
0.000262374
0.000187157
0.000238321
0.000430008
0.000190763
4.27266e-05
0.000150466
0.000431274
0.00036912
0.00037607
2.87515e-05
0.000498813
0.000207583
0.00020785
0.000211858
0.000485904
0.000155101
0.00204723
0.000264834
1.00381e-05
0.000145436
0.000561803
0.000280807
0.000316454
0.000315793
0.000362878
6.74372e-05
2.74386e-05
0.000160427
0.000348526
0.000217094
0.00016594
0.000259764
0.000261018
0.000495366
9.56211e-05
0.000175544
0.000576649
3.39199e-05
0.000136971
0.000149489
0.000306616
8.77978e-05
0.000368862
4.06158e-05
0.000111815
0.000601444
0.000208055
4.11201e-05
0.000250705
0.000311817
0.000172287
0.00013515
0.000337836
0.000288935
0.00034409
0.000161613
8.67484e-05
0.000202443
0.000179468
0.000242266
0.000207478
0.000165369
0.000138902
0.000268259
0.000368469
0.000326125
0.000243524
0.000544952
0.000115042
0.000894861
0.000138618
9.1434e-05
0.000325853
0.000274602
0.000202424
0.000355545
0.000141274
9.14811e-05
0.000175687
0.000131332
0.000232887
9.64512e-05
0.00012552
0.00040826
0.000210775
5.6764e-05
0.000262191
8.04786e-05
0.000168314
9.67409e-05
0.000123707
0.000176344
0.000132053
0.000200877
6.22024e-05
0.000253068
0.000177595
0.00300443
7.72998e-05
0.000285267
0.000108062
0.000270591
0.000126296
0.000444957
0.000226576
0.000305813
0.000163856
0.000502984
0.000419082
0.000159042
0.000217445
0.000142616
0.000120683
0.000436408
0.000127393
8.16843e-05
0.000234746
0.00104213
0.000368494
0.000155134
0.000177371
0.000271762
0.000185757
0.000560596
0.000269096
0.000226288
0.000373018
0.000177464
0.000262582
9.63949e-05
0.000300542
0.000175797
0.00016312
6.89946e-05
0.000158543
0.0003696
0.000252616
0.000219187
0.000311015
0.000233786
0.00204777
0.000430649
0.000637884
8.32478e-05
0.00029363
0.00125718
0.000233363
0.000255014
0.000250159
0.000106097
0.000423324
0.000269848
0.000199913
6.49829e-05
9.48068e-05
0.00363349
0.000122048
0.00026345
0.000315844
0.000194489
0.000139979
0.000299119
0.0029595
0.000121963
0.000136829
0.000372537
0.000219149
0.000176324
0.00660213
4.8285e-05
8.24283e-05
0.000222749
8.79172e-05
0.00041658
0.000290076
0.000588452
8.75e-05
0.000239234
0.000127126
0.000110829
0.000423305
0.000749045
0.000149456
3.49513e-05
0
0.000275015
0.000150249
0.000517956
0.000163644
0.000192876
7.89525e-05
0.000200815
0.000145053
0.000227261
2.69544e-05
0.000157027
5.02177e-05
0.000109651
0.000102814
1.51421e-05
0.000173589
0.000230631
0.000585777
0.000178706
7.35814e-05
0.000211223
0.000448101
0.00180116
0.000211943
0.000139569
0.000698827
0.000213221
0.000784321
0.00013422
0.000396838
0.000424141
0.000278764
0.000402786
0.000102772
0.000609775
8.33908e-05
0.000405632
0.000308654
0.000457486
0.000100459
0.000677603
0.000255791
0.000981889
0.000313885
0.00023824
0.00046001
0.000362846
0.000357532
3.95398e-05
0.000153472
0.00035761
0.000121847
8.14023e-05
0.000256895
8.40293e-05
0.000113253
0.000306559
0.000204998
0.000413127
0.000207648
0.000388454
0.000185905
0.000301057
0.000203444
0.00069798
1.29367e-05
0.000327582
0.000203602
7.381e-05
0.000137632
6.9026e-05
0.000183894
0.000175131
0.000218966
0.00798905
0.000120419
0.000113711
0.00051805
0.000297241
0.000172146
0.000223408
0.000318075
9.17069e-05
5.52846e-05
0.000118337
8.72564e-05
0.000160538
9.8048e-05
0.000156971
0.000243911
0.000457153
0.000170089
0.00325753
0.000345227
2.63582e-05
0.000227056
0.000200321
0.000193166
0.000274016
0.000164945
0.000343248
0.00010773
5.80999e-05
0.000342617
0.000170487
0.000342099
0.000412071
0.000241898
0.000183615
0.000239442
0.000370541
0.000168486
0.000176902
0.000412524
0.000170021
0.000547833
0
0.000131737
2.84717e-05
0.000162709
0.000371297
0.000170922
0.000228017
0.000134821
0.000625219
0.000120684
0.000292312
0.000237752
0.000262407
0.000170243
0.000117826
0.000379939
0.000655706
0.000403332
0.000111104
0.000200697
0.000143484
0.000429795
0.000179885
0.000135807
0.000307932
0.000462883
0.000605039
0.000256385
0.000163306
0.00011658
0.000184143
0.000126342
0.000113939
0.000326215
0.000162067
0.000254105
0.000164585
0.00011656
0.000101189
0.000351685
0.000240738
0.000173176
0.000311806
0.000139188
0.000258858
0.000235619
0.000123418
0.00113797
6.37053e-05
0.000389532
0.000458183
0.010855
0.000332112
0.000265162
0.000427724
0.000157603
0.000302569
0.000200726
0.000191258
0.000154852
0.000390533
0.000210374
0.00102339
0.00901671
0.000319592
3.90671e-05
0.000123027
0.00103297
0.000182585
0.000153802
0.000482799
5.47781e-05
0.000978885
0.000290987
0.000170506
0.000554933
0.000467454
0.000143267
0.000193559
0.00018389
0.000354589
0.000266078
0.000124716
0.000137259
0.000108046
0.0008622
0.000157522
8.14703e-05
9.47795e-05
0.000823483
0.000292254
0.000319516
0.000139784
0.000240931
0.00351425
0.000235957
0.000222747
5.75659e-05
0.000155057
0.000292639
9.9501e-05
9.85088e-05
0.00826264
0.000110038
5.29162e-05
0.00019677
0.000309399
0.00219726
0.000123437
0.000100765
0.000735648
0.000184428
0.000152069
0.000251691
0.000150788
0.000187109
0.000358899
0.000853944
0.000144079
0.000191434
2.96606e-05
0.000183999
0.00040559
0.000412336
0.000115379
0.000174886
0.000235529
0.000238785
0.000105299
0.00104616
0.000149621
0.000286574
0.000590662
9.0088e-05
0.000169456
0.000195785
0.00288398
0.000294952
0.00035648
0.000222597
7.41693e-05
5.70323e-05
6.13931e-05
0.000105904
0.000172951
0.000354638
0.000214396
0.000159294
0.000123824
0.000167609
0.000176647
0.000600571
0.00159159
0.0002227
0.000228524
0.00042454
0.000189058
0.000154758
0.000525653
0.000293051
5.99436e-05
0.000191506
0.000431639
0.000152152
4.01794e-05
0.0120359
0.000243472
0.000124539
0.000348945
0.000124647
0.000303838
0.000279187
0.000221126
4.41085e-05
0.000317441
0.000240235
0.000144656
0.000163102
0.000255086
0.000136849
0.000246737
0.000252927
0.000191792
0.000534618
0.000322099
0.000150477
0.000135025
0.000408964
0.00450848
0.000639587
0.000397686
0.000267566
0.000352284
0.000156462
0.00125345
0.000497059
0.000159858
6.06097e-05
0.000208657
0.000189295
0.000148196
0.000109474
0.00014795
0.000109458
0.000128563
8.50077e-05
0.000164799
0.000226052
0.000131319
0.000210545
8.1802e-05
8.74675e-05
0.000242001
0.00018489
0.000134239
0.000274727
0.000220998
0.000563438
0.000235893
7.5965e-05
0.000247345
5.84489e-05
0.000394106
9.23232e-05
0.000167672
8.5304e-05
0.000135583
0.000294649
0.000266167
4.9039e-05
0.000404322
0.000227268
0.000258742
0.0002206
0.00016438
0
0.00021093
0.000274027
0.000436939
0.000634057
0.000359544
0.000146363
0.000168872
7.33579e-05
0.000173661
4.95157e-05
0.000105871
0.000123122
2.39719e-05
0.000185931
0.00015544
0.000355276
0.000247609
0.000205887
0.000161254
0.000319697
0.000117484
0.000395824
0.000270842
0.000373742
0.000115355
0.000247687
0.000135679
0.000318931
0.00227961
0.000179565
0.000207694
0.00294545
0.000529775
0.00014708
0.000175517
0.00175205
0.000551212
0.0003128
0.000225806
0.000162015
0.000405923
0.000165184
0.000475298
0.000251562
0.000493307
0.000386373
0.000519343
0.000148308
0.000279806
0.000192527
0.000230088
0.000220486
0.000357867
0.000170793
0.00104846
4.58842e-05
8.95918e-05
9.34966e-05
0.000286164
0.000375317
0.000201695
0.000152732
0.000398612
0.000336908
5.3703e-05
0.000346787
0.000165811
0.000106353
0.000308298
0.000369484
0.000177
0.000131828
0.000101992
0.000158605
8.94576e-05
7.7348e-05
0.000323031
0.000229685
0.000114374
0.000417525
0.000303565
0.000136737
2.68107e-05
3.07855e-05
0.000524844
0.0012722
0.00230247
0.000138122
0.000406184
0.000645201
5.83777e-05
0.00085556
0.000866069
9.24248e-05
0.000204575
0.000171966
0.00021417
0.000168199
0.000198641
0.000305677
0.000374124
0.000133591
0.000287543
0.00564603
0.000438744
0.000544339
5.98955e-05
0.000174372
9.41576e-05
0.00028086
0.000490432
0.000316184
0.00024858
0.000486795
0.000197904
0.000539213
0.000129224
4.98331e-05
0.000147367
0.00024351
0.000286324
0.000318157
0.000215214
0.000195821
9.87118e-05
0.000132587
0.000132236
0.000112256
0.000202481
0.0101746
0.000126572
0.000137006
0.000318798
0.000122427
0.000401279
5.82009e-05
0.000233376
0.000185617
0.00612942
0.000740698
9.6905e-05
0.000151681
2.82742e-05
5.89108e-05
0.00027168
0.000114434
0.000163373
0.000324651
0.000223499
6.50803e-05
8.70866e-05
9.79225e-05
0.000163829
0.000369015
0.000280283
6.49744e-05
0.000159956
0.00015297
0.000320449
0.000217701
0.000232916
0.000241295
2.12857e-05
0.000114545
0.000263648
0.000120321
0.000127842
0.000636415
0.000182275
0.000476737
8.23547e-05
0.000171665
0.000212639
0.0158465
0.000253116
0.00294794
0.000437669
0.000449694
0.000695596
6.44025e-05
0.000150425
0.000274758
0.000503165
0.000216928
0.000124033
0.000206331
5.2102e-05
0.000361961
0.000375847
0.000290574
7.23494e-05
0.000275525
0.000201159
0.000357938
0.000173807
0.000240917
0.00023899
0.000602299
0.000130504
0.000310623
0.000423335
0.000115064
7.93908e-05
1.00977e-05
0.000574816
0.000260162
0.0100806
0.000281552
0.00040431
0.000101077
0.000286887
0.000257822
0.000177127
5.58834e-05
0.00238976
0.0291521
5.28692e-05
0.000268548
5.93137e-05
7.54592e-05
7.535e-05
0.000284181
0.000178923
0.000347644
0.000654284
0.000279799
0.00019154
0.00027247
0.000193455
2.98461e-05
0.000184942
0.000577577
0.00031373
3.5227e-05
0.000323336
0.000166882
0.000189067
0.000431133
0.000344752
0.000864507
6.72252e-05
0.000254814
0.00094965
0.000973377
0.000469154
0.000129805
0.000557824
0.000208583
3.81964e-05
5.73669e-05
6.46904e-05
0.000238497
6.53625e-05
0.000345247
0.000371236
8.22109e-05
0.00016063
0.000459895
0.00166807
0.000151797
0.000422247
0.000184852
0.00022701
0.000163172
0.000144906
0.000108063
0.000185179
0.00026417
0.000245685
0.000358756
0
0.000328166
0.000244897
0.000273635
5.00181e-05
0.000121832
0.000265258
0.000120872
0.000496597
0.00030447
0.00021183
0.000339106
0.000139632
0.000111152
4.57954e-05
0.000101573
0.00025542
0.00026464
0.000211708
0.000167545
0.000169664
7.39298e-05
0.000381278
0.000207452
0.000401714
0.000671952
0.000193748
0.000163478
0.000220061
8.70499e-05
0.000142392
0.0001587
0.000361735
7.66525e-05
0.00020885
0.00012193
0.000248762
0.000123013
0.000143846
0.00144298
0.00013457
0.0002854
0.000112426
0.000209238
0.000481063
0.000143201
6.73754e-05
0.0002888
0.000226364
7.32672e-05
0.000130862
0.000303806
0.000272632
0.00011351
0.000206232
0.000140888
0.000328801
0.000145423
0.00149529
6.05308e-05
0.000125239
7.05428e-05
7.8855e-05
0.00018943
0.00080173
0.000215725
4.36156e-05
0.000213118
0.000245957
0.000232464
0.000186802
0.000125831
0.00024393
0.000151008
0.000373307
0.000225302
0.0026704
0.000114647
0.000242928
0.000200962
0.000101389
0.000286936
0.00068359
0.000380093
0.000361183
0.000211067
0.000188747
0.00427615
7.44705e-05
0.000663891
0.000150112
0.000228053
0.000176033
0.00021553
0.000202479
0.000243467
0.000214055
0.00024985
0.000497015
0.000315073
0.000162484
0.000255169
0.000380394
0.000170872
0.000100117
0.000185121
0.00018646
0.000291387
0.000118386
0.000175005
0.000507885
0.000233205
0.000333931
0.000264374
0.000821204
0.00145118
8.55364e-05
0.000486994
0.000421004
0.000232153
5.28117e-05
0.000142428
0.000256112
9.96288e-05
0.000306559
9.63673e-05
0.000185856
0.000325972
9.16765e-05
0.000230718
0.0236242
0.000233481
0.000206192
0.00141519
0.000155171
0.000265458
0.000795134
0.000147125
0.000194323
0.00015763
0.000178685
7.82417e-05
0.000181588
0.000664113
0.000199372
0.00367476
0.000348746
0.000117845
0.000609172
0.000430715
3.65274e-05
0.000117524
0.000264917
0.00431286
0.000289631
0.000516513
9.745e-05
0.000196131
8.53759e-05
0.000140906
0.000144319
0.000154797
0.000651406
0.000172401
0.000686749
0.0002039
0.000227763
0.000175091
0.000892719
0.000294304
0.000175745
0.000241402
3.53849e-05
0.000196318
0.000450435
0.00012272
5.77606e-05
0.000223713
0.000165742
0.000206391
0.000140911
0.00019077
3.99235e-05
0.000159907
0.000151618
0.000287841
0.000197173
0.000181616
0.000193758
0.000136055
9.52175e-05
0
0.000197927
0.000329608
0.000177472
0.000311002
8.47256e-05
6.40852e-05
0.000227806
0.000201048
6.39258e-05
0.000144394
0.000238635
0.000214885
0.000317958
0.000120395
0.000161799
0.00017627
0.00010321
0.000203046
0.000332718
0.000139468
6.83805e-05
0.000248173
0.000260674
0.000230547
0.00015196
0.000187715
0.000179139
0.000326909
0.000302324
0.000505229
0.000238856
0.000437125
0.000546013
5.01533e-05
0.000157669
5.29399e-05
0.000158963
0.000237145
0.000183889
0.000289736
0.00033271
0.00013432
0.000171077
0.000350568
0.000296877
6.13731e-05
0.000234418
0.000354532
0.000140574
0.00177001
0.00698375
0.000690703
0.000117346
9.52239e-05
0.00321278
0.000267891
0.000526566
0.000141469
0.000206199
0.00064301
0.000195444
0.000148116
0.000230095
0.000262194
0.000876273
0.000172447
0.00027147
0.000260929
0.000155855
0.000332564
0.000112405
0.000334439
4.92603e-05
0.000170883
9.26313e-05
0.000149697
0.000145212
0.000206493
0.000204093
0.000232864
0.000118128
0.000266633
0.000245777
0.000347087
0.000194562
0.000367969
6.99691e-05
0.000182605
0.000120613
0.0001019
0.000147854
9.49349e-05
0.000187058
0.000221391
0.000222098
0.000289232
0.00023568
0.000426167
0.000264568
0.000301923
0.000500952
0.000394476
0.00015623
0.000152341
0
8.18173e-05
0.000730266
0.000114432
0.000212806
0.000174271
0.000256158
0.000326395
0.000280488
0.00017882
0.000282546
0.000262286
4.68504e-05
0.000120197
0.00030923
0.000225879
0.00034683
3.91658e-05
0.000233541
0.000160454
0.000267483
6.71408e-05
0.000359956
2.82069e-05
0.000128744
8.0747e-05
0.0165199
0.0012682
8.23926e-05
5.72189e-05
0.000379553
0.000162024
2.31346e-05
0.000693256
0.000197006
0.000233177
9.68915e-05
0.000515289
0.000541195
0.000368458
0.000577929
0.000288254
0.00014914
0.000208788
0.000153766
0.000147199
0.000181325
0.000553639
3.29388e-05
0.000191013
0.000103741
0.000173796
4.30772e-05
0.000466214
0.000163595
0.000669525
0.000335299
8.157e-05
0.00197777
0.00017929
0.00031861
0.000204512
4.62318e-05
0.00020656
1.06104e-05
0.000132548
0.00162412
2.22916e-05
0.000316629
0.000251817
4.80425e-05
0.000236078
0.00147817
0.000166796
0.000247398
0.000300206
0.000140573
0.000629121
0.000134225
0.000521076
0
2.38366e-05
0.000288067
0.00018505
9.14567e-05
7.55622e-05
0.000555926
3.64314e-05
0.00516925
0.00010957
0.000133544
0.000121
0.000287863
0.000104673
8.97274e-05
0.00120733
0.000182898
0.000131647
0.000219008
0.000514887
0.00016987
0.000245328
0.000126945
0.000219485
0.000180958
0.000254606
7.69845e-05
0.000159206
0.000403624
0.00199254
0.000205999
0.00186306
0.00155235
0.000554753
0.000163255
0.000323516
0.000145963
9.2765e-05
0.000208784
0.000276329
0.000151534
2.30042e-05
0.000127385
0.00016212
0.00108457
0.000169255
0.000194265
0.000274178
0.00015602
0.00018641
9.33858e-05
0.000420212
0.000218306
0.000363307
0.000137839
0.00012507
0.000225971
0.000178152
0.000160656
0.000151698
0.000164117
0.000272883
0.00016604
0.000315194
0.000234871
0.000200969
0
3.19236e-05
0.00265699
0.000107421
0.000201089
0.000292557
0.000173769
0.000154763
0.000202131
0.000200808
0.000298474
0.0012705
4.57027e-05
8.49584e-05
0.000291671
0.000101715
0.000412705
0.000173612
0.000324124
0.0166428
0.000301519
0.000195413
0.000133889
0.000169985
0.000329312
5.14257e-05
6.87216e-05
0.000795016
0.000544029
0.000126978
0.000195656
2.34033e-05
0.000206208
0.000190619
6.02855e-05
0.00596878
0.000275573
0.000316249
0.000348028
0.000226048
8.80529e-05
0.000212139
0.000179424
0.000386309
0.000376082
9.15153e-05
0.000302315
0.000230751
8.81951e-05
0.00201404
0.000170288
0.000190481
0.000269598
0.00023928
0.000226674
0.000516733
7.71704e-05
7.52949e-05
0.000217593
0.000289154
0.000357927
0.000153878
9.28053e-05
0.00011534
0.000119546
0.000651851
0.000231366
0.000185016
0.000195561
0.000175645
0.000214385
0.000107316
0.000309093
0.000288069
0.000261929
0.000139417
0.000283741
0.000564028
0.00028998
0.000463248
0.000175241
0.000324675
0.000531907
7.88016e-05
0.000331745
0.000319998
0.000327524
0.000323844
0.000248788
0.000100739
0.000256324
0.000199102
0.000281314
0.0001565
7.9959e-05
0.000103541
0.00028743
6.0452e-05
0.000109932
0.000179124
3.00506e-05
0.000121891
9.40896e-05
0.00077048
0.00015479
0.00100198
0.000136026
0.00068735
8.35118e-05
0.000271614
0.000551064
0.000193322
0.000229325
0.000121821
0.000207019
0.000184682
3.89237e-05
0.000290501
9.44078e-05
0.000448099
7.03805e-05
5.85657e-05
0.000171349
2.5104e-05
0.0049953
0.000525233
0.000210286
0
0.000153952
0.000324884
0.000248221
0.000213228
0.00124471
0.000320718
0.000448295
0.000321464
0.000605366
9.10943e-05
9.59134e-05
0.000114549
0.00058946
0.00022052
0.000198662
0.000112043
0.000125009
6.71003e-05
0.000366752
7.9923e-05
0.000290696
0.000429885
0.000406429
0.00017772
0.000380606
0.00018842
0.00023106
0.000129078
0.000709278
0.000265177
0.000167588
0.000153605
0.00013226
0.000110192
0.000198225
0.000275861
0.0113184
6.11725e-05
8.21342e-05
0.000213655
5.38076e-05
0.000378038
4.34384e-05
0.000381065
0.00024439
0.000193987
0.000117215
0.000126365
7.15163e-05
5.471e-05
0.000276061
0.000280916
3.1607e-05
0.000112591
0.000149231
0.000182259
1.13629e-05
0.00016466
0.000536765
8.08449e-05
0.000439186
0.001276
0.000468215
0.000362505
0.000494253
0.000111203
0.000407665
0.000155344
0.000515767
9.20306e-05
8.40165e-05
0.000239516
0.00115591
0.000451734
0.000124637
0.000244011
0.000278397
0.000192324
0.00013548
0.000146808
0.000564046
0.000205685
0.000484873
2.47591e-05
1.18274e-05
0.000121493
0.000152576
0.000143923
5.94959e-05
0.000382402
6.7327e-05
7.43483e-05
0.00122128
0.000198202
0.000166143
0.000166777
0.000259514
0.000130788
0.000178352
0.000177943
0.000467641
2.15174e-05
0.00330528
5.83525e-05
0.0002375
0.000163339
4.73415e-05
0.000194474
0.000282812
1.15027e-05
0.000506047
4.8612e-05
0.000197813
3.47146e-05
9.01994e-05
9.81668e-05
0.000413681
0.000155903
0.000706905
0.000214811
0.000350023
0.000116444
0.00181544
7.9337e-05
8.86585e-05
0.022313
0.000242184
0.000122622
0.000417657
0.000382463
0.000580753
0.00209763
0.000105588
0.000177501
0.000541483
0.000184855
0.000696823
0.000252996
0.000136899
5.44611e-05
0.000247389
0.000126835
8.88656e-05
0.000299653
0.000169617
8.74515e-05
2.56697e-05
0.000163479
0.000443534
0.000154723
0.000456405
0.00018272
0.000234801
0.000314477
0.000331928
0.000201444
9.84492e-05
0.000412244
0.00676561
0.000301905
0.000166092
4.6785e-05
6.08069e-05
0.000100703
5.15215e-05
0.000163265
8.35924e-05
0.000219143
6.90282e-05
0.000127602
6.14117e-05
0.000552048
0.000118687
1.42693e-05
0.000230755
0.000175732
0.000107783
0.000312104
0.00032625
0.000157452
0.000240529
0.000140152
0.000205853
0.00115681
0.00029792
0.00017327
0.00118252
6.76506e-05
0.000307304
0.000122769
0.000208385
0.000190769
0.000259059
0.000795044
0.000211347
0.000162053
0.000325166
0.00038133
0.000657967
4.98472e-05
0.000104087
0.000251725
0.000210195
2.58114e-05
0.000166647
0.000165233
8.07409e-05
0.000228659
0.000152369
0.000118637
0.00011294
0.000189843
0.000199548
0.000127419
0.000109492
0.000230473
0.000111999
0.000102901
0.00011049
3.31268e-05
0.000279843
8.66944e-05
0.000163518
0.000511579
0.000286999
0.00038706
0.000398162
2.27671e-05
0.000126665
0.000304733
6.19019e-05
1.02402e-05
4.56379e-05
9.60829e-05
0.000183991
0.000350084
0.00043068
0.000163257
0.000419671
4.03847e-05
8.39804e-05
0.000168214
9.45838e-05
0.000191118
0.000427758
0.000794906
0.000212823
0.000163115
0.000955834
0.000321288
0.00126152
0.000106142
0.000239949
0.000137164
0.000290099
0.000578037
0.000110824
0.000237221
0.000238037
0.000247552
0.000212102
7.7586e-05
0.000205664
5.85164e-05
0.000119251
0.00019537
0.000129896
0.00018488
0.000238515
0.000260068
0.000189293
0.000130054
0.00264687
0.000248243
0.000151657
0.00030566
6.66364e-05
0.000154005
0.000332496
0.000115991
0.000157587
0.000431942
0.000248831
0.000385231
8.69655e-05
0.000126889
0.000316861
0.000152996
0.00032215
0.000190343
6.71556e-05
0.000339725
0.000237117
8.78953e-05
0.000101953
0.000257779
0.000343857
0.000187045
0.000139758
0.000325059
0.00284915
0.000201889
0.000576531
0.000117888
0.00020578
0.000181469
0.000249693
0.000636758
0.000166163
0.000361625
0.000248179
0.000441553
0.000405422
0.000454569
0.0001351
0.000703375
0.000425331
0.000254027
0.000327427
0.000585943
0.000177236
0.000709761
0.000374972
0.000197308
4.92831e-05
1.51576e-05
0.000248138
0.000257122
0.000304706
6.13437e-05
0.000125556
0.000259736
4.68592e-05
0
0.000854639
0.000149838
0.00024946
0.000286308
0.000168344
0.00028768
0.000491917
0.000198905
0.000229483
0.000250134
0.000220888
0.000185159
0.000111012
0.000288985
0.000167686
0.000183456
0.000219366
0.000342638
0.000105442
0.000445862
0.000142001
0.000244256
0.000215132
0.000278219
0.00016796
0.000227573
3.94746e-05
0.000279805
0.000175408
0.000229607
0.000163693
9.90821e-05
0.000253103
8.57654e-05
0.000176521
0.000123602
0.000100396
0.000157037
2.65239e-05
0.000243964
0.000399753
0.000179308
0.000142346
0.000215961
0.00033773
0.00033878
0.000126032
0.000146586
4.6807e-05
0.000195818
0.000179538
0.000410568
7.73253e-05
9.58448e-05
0.000170767
0.00025548
6.91053e-05
0.000186224
0.000162228
0.000153288
9.46047e-05
0.000303241
0.000417458
0.000454735
7.61089e-05
0.00061545
4.81066e-05
0.000925636
0.000220987
0.000107278
0.000254055
8.54845e-05
0.000105662
0.000967434
0.0003221
0.000183172
0.000290633
0.00016281
0.000549788
0.00128755
0.000210992
0.000263222
7.24923e-05
9.33335e-05
0.000350845
0.000198476
0.000226321
0.000235409
0.000578168
0.000158686
0.000118707
0.00134926
0.000700189
6.2855e-05
0.00396812
0.000166209
0
0.000314364
0.000297663
0.000349152
0.000289776
0.000674717
0.000136862
0.000437814
0.00015381
0.000631584
0.000401852
4.75857e-05
0.000236529
0.000152732
0.000155647
0.000152526
0.000420401
0.00031336
0.00153498
3.37369e-05
8.87567e-05
0.000185338
0.000310987
0.00024632
0.000298672
0.000985593
0.000256961
0.000115797
0.000102547
0.000515293
0.000587003
0.000126045
0.000104172
0.000122308
0.000300642
0.000147574
0.000128365
0.000180736
0.000108989
0.000204008
0.000334084
0.000217965
3.89238e-05
0.000192863
0.000247744
0.00016899
0.000275562
0.000185951
0.00010325
5.11581e-05
0.000272385
0.000116802
5.38463e-05
0.000271481
0.000118738
0.000335049
8.09212e-05
0.000939011
2.38216e-05
6.72068e-05
0.00010594
0.000134463
0.000385818
4.08454e-05
0.000209863
0
0.0147148
0.000126779
7.78382e-05
0.000210889
0.000176375
0.000249778
0.000112208
0.000232004
7.72089e-05
0.000229391
0.00100749
0.000186741
0.00021957
0.000372655
0.000413499
1.92144e-05
0.000534186
0.000456229
0.000130663
0.000216941
8.26623e-05
0.000358341
0.000148497
4.83098e-05
0.000285238
0.000504461
6.85811e-05
0.000404232
0.000248023
0.000348394
0.000326308
0.000208855
0.000431905
0.000181852
0.000230622
0.000141453
0.000292405
0.000158078
0.000193172
0.000122844
0.000249614
9.64678e-05
0.000538136
7.56098e-05
0.000116313
0.000316106
0.000132271
0.0002741
9.15434e-05
0.000159859
3.37081e-05
0.00022483
0.00350011
0.000244679
6.5417e-05
0.000154742
0.000201473
0.000598727
0.000232973
0.000725547
5.08103e-05
0.000288533
0.000733295
4.91508e-05
9.67056e-05
9.78705e-05
0.00024945
0.000108226
0.00011725
0.000703919
5.8249e-05
0.000174115
0.000244701
0.00010049
0.000115845
0.000168128
0.00025703
0.000112218
0.000544443
0.000189946
0.000311802
0.000342129
0.00043781
0.000231138
0.000352633
0.000192951
0.000218838
0.000124641
0.000118789
9.47475e-05
0.000189132
0.000250797
0.000331183
0.000326447
0.000162701
0.000358597
0.000140958
0.000155243
9.1591e-05
0.00102645
0.000142474
0.000178451
0.000251974
0.000841459
0.000147857
0.000133728
0.000181591
0.000181178
4.22259e-05
0.000247812
0.000171174
0.00015799
0.00033515
0.000306145
9.31923e-05
0.000139509
9.41447e-05
1.93081e-05
0.000227075
8.91281e-05
0.000107147
0.0001199
9.98836e-05
8.88498e-05
0.000298325
0.000249391
0.000186956
0.0013653
0.000214484
0.000224751
5.93002e-05
0.000149826
0.000104457
0.00010446
0.000174929
0.000276919
0.00012618
0.000208485
0.000280074
9.7809e-05
0.000205285
0.00423669
0.000230073
0.0001267
0.00011646
8.92514e-05
0.000333513
0.00019038
0.000175037
0.000394536
0.000172208
0.000233507
0.000320728
0.000119629
8.68566e-05
6.40171e-05
0.000217553
0.000156309
0.000398839
0.000328781
0.000215304
0.000372963
8.23101e-05
0.000247843
0.000295706
0.00029005
0.000575375
0.000180629
0.000197622
0.000231601
0.00030046
0.000187939
0.000143221
0.000185443
0.000198668
0.000177234
0.000171668
0.00014441
0.000533252
0.000114642
0.000100727
0.00024223
0.000209349
0.000176004
0.000132631
0.000224626
0.000174571
0.000303968
6.38463e-05
9.36811e-05
0.000369558
0.000245084
0.000381808
0.000208223
0.000155379
0.000122428
0.000121531
0.000305133
5.06122e-05
0.000217107
0
0.000224957
0.000391964
4.76891e-05
0
0.000671052
5.05486e-05
0.000714438
0.000364082
0.000428444
0.000244504
0.00267392
0.00015549
0.000161606
0.000413697
0.000288982
0.000302162
0.000248112
0.000180678
0.000131684
0.000222433
0.000259293
0.000197962
0.00022849
7.20159e-05
0.00021287
0.00014665
0.000147214
0.000356011
0.000103823
0.000443404
0.00018142
0.00029827
0.000134167
0.000454969
0.000254423
0.000376871
0.000714098
0.000199768
7.40338e-05
0.000871204
0.000316596
4.45101e-05
0.000185819
0.000227332
0.000275408
0.000136184
5.71979e-05
0.000276851
0.000203348
0.000232909
0.000206646
7.85194e-05
0.000287814
0.000458092
0.000230006
0.000154171
0.000795333
0.000248765
0.000349289
0.000303343
0.000550776
0.000187108
0.000481564
0.000297765
0.000546453
0.000175943
0.000955663
0.000261413
0.000377468
0.000130498
2.01098e-05
0.000109585
0.000156473
0.00023912
0.000746705
0.000353353
0
0.000289756
0.00070205
0.00015934
1.44787e-05
0.000318729
0.000136096
0.00014951
7.71778e-05
0.000631307
0.000249507
0.000934703
0.000145198
0.000613952
0.000285758
0.000135404
0.000602978
0.000102988
0.000325331
7.18745e-06
0.000332555
7.11278e-05
0.000169809
4.70612e-05
0.000201795
0.000291896
0.000162809
0.000162274
0.000385998
0.000473659
0.000723649
3.08107e-05
0.000352355
0.000142721
0.00048393
0.000265092
0.000471924
0.000106386
0.000100061
0.000189655
0.0001708
0.000131097
0.000133029
0.00029331
0.000149071
0.000227482
0.000558299
0.000225271
0.00025917
0.000221125
2.71145e-05
0.000116584
0.000383833
0.000104761
0
6.22371e-05
0.000219147
7.84274e-05
3.67996e-05
0.000149005
0.000159328
0.000175506
0.000140522
0.000153218
0.000136131
0.000154961
0.000340446
0.00026369
0
0.00062025
0.000125688
0.000205868
0.000176545
9.01361e-05
0.000210366
0.000169609
0.000143431
0.000144723
0.00102949
0.000140413
0.000231589
0.000344147
0.000274822
0.000387951
0.000195408
0.000166453
2.25892e-05
0.000132195
0.000114456
0.000191274
5.55537e-06
0.000219369
0.000185405
0.000242094
0.000240013
0.000135951
0.000189313
8.34282e-05
0.000209058
0.000180288
0.000164595
0.00102079
4.85655e-05
0.000162732
1.7037e-05
0.000216059
0.000776403
0.000104667
0.000105731
0.000752353
0.000214042
7.51658e-05
4.52793e-05
0.000286324
0.000258923
0.000124688
0.000262943
8.99314e-05
0.000202158
0.000382193
0.000232468
0.000307503
0.00020701
7.30549e-05
0.000143371
0.000405721
0.000101249
0.000839585
3.67441e-05
0.000238228
0.000108839
0.000199449
0.000185005
0.00030738
0.000181192
0.00141581
0.000283582
0.00012623
0.000237418
0.000158936
0.000392352
0.00192451
0.000420135
0.000143149
0.000106646
0.000272528
0.000311691
0.00304063
0.000266192
0.00342308
0.00041641
0.000279815
0.000137347
0.000109486
0.000315344
0.000262387
0.000212909
0.000111908
9.06916e-05
0.00131372
0.000262842
0.000323321
0.000130871
0.000189707
0.000321201
0.000314812
0.000262333
0.000431754
6.84519e-05
0.000166716
0.000227644
0.000140332
0.000259693
0.000102201
0.000128476
2.55577e-05
3.63047e-05
5.77932e-05
0.000222662
0.000152679
0.000123325
0.000280734
0.000266251
0.000190639
5.6727e-05
0.00013522
0.000543043
0.000163905
0.000176563
0.00148411
0.000907074
0.00027015
0.000178298
0.000226767
6.76529e-05
0.000383186
0.000404918
0.000103902
0.000371043
0.000203363
9.5344e-05
0.000286892
0.00191963
0.000607763
3.30768e-05
9.37261e-05
0.000262971
9.42248e-05
0.000321929
0.000167113
0.000195736
7.56097e-05
0.000166354
0.00116523
4.43491e-05
0.000148969
2.32756e-05
0.000131011
0.000119133
0.000110613
0.000211468
0.000809229
0.00013767
0.000178456
0.000106853
4.75415e-05
0.000186926
0.00028918
0
9.25481e-05
0.000191431
0.000153581
0.000817507
0.00079066
0.000217178
0.000225037
0.000316009
0.00015173
0.000225366
0.00029163
0.000244308
0.000467741
0.000182107
0.000154899
0.000262143
0.000197053
0.000124494
0.000718373
0.000848202
0.00220813
0.000429689
0.000242821
0.000322773
0.000439619
0.000247631
0.000112657
8.0631e-05
0.000486008
0.000172654
0.000163553
0.000105575
0.000230011
0.000153648
0.000266935
8.85736e-05
8.00189e-05
0.00058121
0.000325075
0.000317791
0.000158199
3.40404e-05
0.000470933
0.000123515
0.000280583
4.89336e-05
0.000158964
0.000428488
0.000233227
0.000529991
0.000135416
6.4397e-05
0.000856759
0.000132922
3.82255e-05
0.000211776
0.000199071
0.00141252
0.000238053
0.000219558
0.000121938
0.000152306
0.000677064
0.000508187
0.000280764
0.000112557
8.52737e-05
0.000273173
0.00036667
0.000276652
0.000143425
0.000139799
0.000413797
2.82002e-05
0.000147997
0.000104012
0.000246091
9.74791e-05
0.000449886
0.000229456
0.000116424
0.00014785
0.000203421
0.000463808
0.000247355
0.00132452
0.000440225
9.77582e-05
0.000182893
0.000248574
0.000176289
0.000127174
0.000129041
0.000147731
0.000280259
9.91939e-05
0.000331941
0.000107719
0.00021629
8.50478e-05
7.74066e-05
0.000235783
0.00010176
0.000118728
9.76068e-05
0.000313181
0.000620557
0.000189928
9.5065e-05
8.74167e-05
0.00012308
0.000206906
0.000186752
7.73044e-05
0.000413369
0.000102621
7.42798e-05
0.000117993
9.50508e-05
0.000118499
0.000243288
0.00016692
0.000217957
0.00115914
0.00021109
0.00026968
3.2808e-05
0.000450778
0.0003452
9.99815e-05
0.000200038
0.000206308
0.000176246
0.000216467
0.000636506
5.18653e-05
0.000144
1.38754e-05
0
0.00229556
0.000370665
0.000398939
0.000102434
0
0.000204931
0.000127166
0.000166162
0.000163723
0.00019143
0.000249914
0.000118037
0.000139692
0.000754764
8.59417e-05
0.000117497
0.00022253
0.000623377
0.000195864
0.000379781
0.00016401
9.23969e-05
0.000334309
0.00174838
7.03883e-05
0.000238358
0.00369641
0.000132922
3.56937e-05
7.16865e-05
0.000300237
6.23035e-05
0.000263204
0.000212083
0.000250125
0.000203314
0.00015829
0.000151121
0.00182325
0.000171799
4.56116e-05
0.000236502
9.67148e-05
9.91122e-05
0.000211385
0.000182533
0.000268807
8.38384e-05
0.000124625
0.000241064
0.000153789
0.000242698
0.000337904
0.000225977
0.000209337
0.000312677
0.000432613
0.000413371
0.000142314
0.000646143
0.000303557
9.58501e-05
0.000306189
0.000191226
0.000135212
0.000204383
0.000116828
0.000256249
0.000161171
0.000157744
0.000152822
9.56946e-05
0.00023042
0.00035363
0.00029944
0.000196714
0.000176816
0.000215807
6.19455e-05
0.000141111
0.000179981
8.78562e-05
0.0001744
0.000285202
0.000414014
0.0109933
0.000244324
0.00107197
0.000332808
0.000196122
0.000201678
0.000199014
0.000375645
5.46051e-05
0.00143936
0.000190862
0.000178375
0.000123209
0.000194808
0.000367559
0.000237182
0.00051565
0.000239675
0.000990028
0.000478967
0.000172682
0.000433181
0.000245344
0.000403407
0.000490859
0.000165788
0.000147894
0.000592074
0.000130593
6.92587e-05
0.000549939
0.000325268
0.000106661
0.00080556
0.00024821
0.000374467
0.000332988
0.000302857
0.000308068
0.000380923
0.000259614
0.000380634
0.00115366
0.000292479
0.00109733
0.000322665
0.000299042
0.000467222
7.13228e-05
0.0969857
0.000137059
0.000468697
0.000464387
0.000265623
0.000172575
0.000308791
6.80354e-05
0.000985294
0.00017788
0.000252983
0.000163215
0.000234036
0.000448908
0.000204808
0.000134243
0.000111881
0.000249417
0.000551902
0.0002366
0.000285856
0.000406312
0.00135202
0.000227256
0.000226574
0.000163927
0.000277909
0.000289701
4.94247e-05
0.000168301
9.99979e-05
0.000311343
0.000127526
0.000554564
0.000147919
0.000155911
0.000549109
0.000198346
0.000315831
0.00061291
0.000160082
0.000197359
0.000194996
7.51241e-05
0.000255354
6.15639e-05
0.000165656
0.000179064
0.000204799
0.000156149
0.000100406
0.000125058
0.0010441
1.06086e-05
0.000261656
0.000100498
0.000235706
0.00023987
0.000325608
2.31654e-05
0.000202631
0.000130773
0.000283199
0.000127011
0.000142787
0.000160097
0.000143622
0.000111233
0.00016919
2.98877e-05
0.000643538
0.00102661
0.000165656
8.86995e-05
0.000318372
0.000108241
8.38994e-05
0.000196019
5.73757e-05
0.000161801
7.78742e-05
0.000281484
0.000140388
0.000252355
0.000213885
0.000157026
5.7505e-05
4.85998e-05
0.000108767
0.000336041
0.000283485
0.000631377
9.13922e-05
0.000168767
0.000271931
0.000180744
4.95478e-05
0.000257377
0.00454596
0.000203218
6.23994e-05
0.000101206
0.000336748
0.000213998
0.000563842
0.000122491
0.00112595
0.000111522
0.000313535
0.000423558
0.000311942
5.69253e-05
0.000283255
0.00196963
4.76513e-05
0.000295591
0.000140153
0.000444816
0.00015384
0.000335692
0.000212197
0.000338563
0.000259815
0.000245315
0.000689354
0.000146547
0.000148119
0.000332153
0.000180726
0.0011842
0.000296761
0.000682397
0.000508665
0.000421168
0.000107378
0.000427428
0.000184926
0.000276956
5.87112e-05
0.000234917
0.000126369
0.000300291
0.00256388
0.000173356
0.000119751
0.000226936
0.000105908
0.000192115
0.000412762
0.000130248
0.000248418
0.000271772
0.00055598
0.000189228
0.000360592
0.000309874
0.000203322
0.000137094
0.000136966
0.000125791
0.00019812
0.000195996
0.000455177
0.000281195
0.000137389
0.000296856
0.000230007
0.000217042
0.000126432
0.000705289
0.000190148
0.000343768
0.000528671
0.000298859
0.000306621
0.000271379
0.000285165
3.12979e-05
0.000400584
0.000285354
5.55846e-05
5.55716e-05
0.00010198
6.69552e-05
0.000309222
6.26671e-05
0.000164556
0.000420688
0.00183941
0.000116575
0.000206289
0.000842826
0.000307252
0.000196724
0.000352647
0.000141135
0.000314322
0.000282298
0.000161767
0.000156983
0.000235696
0.000208875
0.000193277
0.000487781
0.000266854
2.63671e-05
5.60545e-05
0.000357905
0.000201456
0.000154235
0.00549485
0.000276587
0.000231711
0.000156895
0.000479171
0.000120784
0.000487593
0.000156235
7.78226e-05
6.49424e-05
0.000513309
0.00021836
0.00031155
0.000161987
0.000333242
0.000129458
0.00040168
0.000594194
0.000202528
0.000182435
0.000201373
0.000353204
0.000221215
0.000297851
0.000390813
0.000119226
0.000191992
0.000152097
0.000247389
0.00049251
0.000102262
0.000190678
0.000158413
0.000141509
0.000122487
0.000106815
8.11532e-05
4.58327e-05
0.00183218
0.000154016
0.000426093
0.000222933
0.000135831
0.000249926
0.000147384
8.40463e-05
0.000352361
6.04246e-05
6.19322e-05
0.000679336
0.000149281
0.000239069
8.60719e-05
0.000269849
6.62911e-05
0.000133842
0.00015751
0.000137461
0.000114228
0.000354481
0.000150139
0.000222637
0.000234356
0.000365566
8.83387e-05
0.000144699
2.62134e-05
0.000106072
0.000151383
0.000167999
0.000307396
0.000445689
0.000200118
0.000172876
0.00029638
7.29063e-05
0.000131535
0.000174722
3.564e-05
0.000225084
0.000147019
0.000369075
0.000305167
0.000118516
0.000384656
0.000465812
0.000170682
8.49886e-05
0.000840237
0.000130373
0.000369598
0.000410182
0.000100467
0.000241573
0.0757106
0.000802019
0.000419158
0.000229513
0.000319894
0.000270752
7.28948e-05
0.000116943
0.000318776
0.000218103
0.00952991
0.00026931
0.00972981
0.000102495
0.000129355
0.000252324
0.000177184
0.00411346
0.000221643
0.000142783
6.87117e-05
0.000185719
0.000324988
9.77943e-05
0.000181277
0.000270236
3.27594e-05
0.000206399
0.000208214
7.02558e-05
0.000620577
0.000165656
0.000188979
4.75793e-05
0.000460633
0.000237266
0.000304498
0.000342817
0.000115111
0.000237791
0.000721219
0.000311047
0.000497957
0.000314654
0.000228789
0.000110546
0.000189356
0.00052503
0.00012143
0.000115987
8.11973e-05
0.000235453
0.000162084
0.000303974
0.000129197
7.53512e-05
0.00655779
0.000162257
0.000209441
0.000302106
0.000323203
9.124e-05
0.000341367
0.000169518
1.39187e-05
0.00022132
0.000496712
0.000321831
0.000189421
0.000109604
0.000407004
9.68719e-05
0.000466674
0.000542502
0.000204206
0.000312183
0.000318907
8.9446e-05
0.000129351
0.000491521
9.66518e-05
0.000270543
0.000213941
0.000326271
0.000150713
9.43851e-05
0.000230794
0.000868085
0.000167132
0.000289977
0.00020208
5.15478e-05
6.99083e-05
0.00182744
0.00020586
0.000155397
0.000139506
0.000331383
0.0810098
0.000158476
0.000152331
8.59393e-05
0.000246021
0.000148141
0.000204281
0.000986212
0.000339347
0.000347415
7.04179e-05
0.000424042
0.000195954
0.000377402
1.90129e-05
5.08407e-05
0.00464169
0.000291608
0.000175413
9.18118e-05
0.000268438
0.000331508
0.000269589
0.000353562
0.000484329
0.000362881
0.000107387
0.000459402
8.683e-05
0.000213653
0.000713081
0.000199055
0.000290116
0.000222524
0.000379127
0.00014803
0.000261047
0.00022183
0.000292488
0.000112598
0.000127976
0.000259017
5.77828e-05
0.000169473
7.48526e-05
0.000172487
0.000293901
0.000263622
0.000112769
0.000354898
9.17319e-05
0.000223492
0.000238086
4.52718e-05
0.000228325
0.00029685
0.000717397
0.000155544
0.000206611
0.000113371
0.000156181
0.000366519
0.000108265
0.000383371
0.000498134
0.000341497
0.000296777
8.13001e-05
0.00128524
0.000208596
0.000177543
0.000560527
0.000231677
0.000163786
0.000253519
0.000156167
0.00012977
0.000270042
0.000141482
0.000279326
0.000264927
0.000262054
7.82234e-05
0.000103022
0.000466353
0.000154901
0.000114891
0.000177403
0.000256376
0.00029108
0.000128882
0.000156581
0.000278629
5.43231e-05
0.000296369
0.000836633
0.00017788
0.000979314
8.28313e-05
0.000159519
0.000466149
0.000974014
0.000102433
0.000184303
0.00130996
0.000329589
0.000172901
0.00016205
0.000164562
0.000186291
0.000215138
8.43732e-05
0.000824608
3.47338e-05
0.000186439
8.40239e-05
8.77646e-05
7.31451e-05
0.000397939
8.67555e-05
0.000222133
0.000171199
0.000207223
0.000235793
0.000175493
0.000125762
0.000273399
0.000172019
9.31601e-05
0.000248375
0.000591585
0.000113043
9.50748e-05
0.000193418
0.000141678
8.07406e-05
0.000133412
0.000482855
0.000202886
0.000179548
0.000253423
0.000135812
0.00169553
0.000193322
0.000181247
0.000349067
0.000312585
0.000291138
0.00013338
0.000959356
0.000141346
0.000662844
0.000362581
0.000105968
8.70818e-05
5.21427e-05
0.000909782
0.000322712
0.000129031
0.000723611
0.000208458
0.000369413
0.000725965
0.000405223
0.000597882
0.000327623
0.000230663
0.000202724
8.50109e-05
0.000377878
9.12595e-05
0.000269648
0.00013305
0.00247835
0.00022418
0.000180341
2.78599e-05
0.000495098
0.00139992
0.000123203
0.000194546
0.00034526
0.000166287
0.000142711
7.05418e-05
0.000208851
6.50724e-05
0.000217468
1.2861e-05
0.000216764
0.000206846
0.00148684
0.000222035
0.00019795
5.75234e-05
0.000189826
0.000205269
1.16085e-05
0.000294169
0.00012623
0.000131086
0.000232354
0.000272023
0.000151165
4.67784e-05
0.000144519
0.00037676
0.000321997
0.000249009
0.000175273
0.00046536
0.000419431
0.000100978
0.000214443
0.000257383
0.000317493
0.00138502
0.000206932
0.000281559
0.00103101
0.000255812
0.000175583
0.000140018
0.000124505
0.000147825
0.000127347
0.000264106
0.000499188
0.00114531
0.000136358
9.69804e-05
8.88867e-05
0.000161597
0.000268451
0.000124062
0.000128241
0.000315406
0.000129861
0.000373704
0.000181331
0.000176314
0.000122713
0.000255887
0.00032062
0.000306826
0.000125889
4.75254e-05
0.000102984
0.000248584
6.8309e-05
0.000424207
0.000329613
0.000190678
0.00032994
0.000252237
0.000376011
8.1914e-05
5.87322e-05
0.000257822
0.000156098
0.000741491
0.000147088
0.000349254
0.000141174
0.000283074
0.000266551
3.28177e-05
0.000108737
0.00014802
0.00096493
0.000230953
9.92994e-05
9.65753e-05
0.000236741
0.000188192
0.000297971
0.000349408
0.000440106
0.00015135
0.000173727
0.000424853
0.000269166
0.000936285
4.25015e-05
0.000185678
0.000211515
0.000194551
8.33678e-05
0.000104404
5.61535e-05
0.00677352
0.000290496
0.00104628
0.000331037
0.00013601
7.78215e-05
0.000281365
0.000123401
0.000270844
5.5184e-05
0.000201986
0.000210043
0.000169596
0.000321781
0.000363757
0.000155393
6.03427e-05
0.000125816
0.000140174
0.00010736
0.000563271
0.000572401
0.000351506
0.000239333
0.000186439
0.000664052
0.000176226
0.000211588
0.000196998
0.00024564
0.000517806
0.000186878
0.000178523
0.00040832
0.000285024
0.000379693
0.00314051
9.88094e-05
0.000387378
0.000299419
0.000210565
0.00114844
0.000188205
0.000518907
0.000261886
0.000649964
0.000222771
0.000108374
0.000274848
0.000236725
0.000171002
0.000108998
0.000137812
7.25785e-05
0.000405407
0.000211051
3.4721e-05
0.000583967
4.90291e-05
0.000124153
0.000223394
0.000617576
0.000765312
0.000260297
0.000175181
0.000166398
0.000289215
9.13522e-05
0.000213575
0.000415876
9.43103e-05
0.000193626
0.000113203
0.000232032
0.000505175
0.000309457
0.000301754
0.000134924
0.0011512
0.000249539
0.000192374
0.000203997
0.00068739
0.000214085
0.000783943
0.00165701
0.000135334
0.000171255
0.000332966
0.000167036
0.00013876
0.00014024
0.000164132
0.000200486
0.000175219
0.000319425
6.63188e-05
0.000148412
0.000274223
0.000286331
0.000162429
0.000421646
0.0176013
0.000105013
0.000131348
2.62227e-05
0.000368702
0.000225586
0.000147613
0.000118083
0.000104944
9.43622e-05
9.24517e-05
0.000284169
0.000117422
0.000110615
0.00022225
0.00012834
0.000172758
0.000266055
0.000126877
0.000442031
0.000254649
0.000210117
7.34128e-05
0.00861963
0.00032614
7.37874e-05
0.000317312
0.000341925
8.60346e-05
7.98985e-05
0.000318938
0.00102312
0.00043348
0.000294998
0.000364004
3.96627e-05
1.02046e-05
3.94186e-05
0.000223408
0.000234473
0.000538769
0.000174053
6.5647e-05
0.000309366
9.43078e-05
0.000288901
0.000224805
8.13582e-05
0.000252789
0.00026704
0.000115836
0.000273938
0.000247129
0.00023698
0.000380237
4.77091e-05
0.0001225
0.000286658
0.000195442
0.000169027
0.000111318
9.41952e-05
9.80169e-05
0.000225406
0.000461836
9.81415e-05
0.000204022
0.000258042
0.000278224
4.24312e-05
0.000303407
0.000259757
0.000209903
0.000224765
7.92643e-05
0.00013447
0.000122059
0.000275237
0.000163007
0.000825273
0.000135466
0.000683811
0.000274203
0.000279621
0.000274681
0.000208616
0.000302587
0.000174701
0.000152463
0.000269278
0.000201125
0.000227865
0.000636996
0.000132991
0.000152414
0.000231176
0.00016796
5.75328e-05
0.000227558
0.000205875
0.000926393
0.000108474
1.19784e-05
0.000745426
0.000793791
0
0.000293898
0.000140097
0.00103288
0.000246602
0.000175077
0.000293576
0.000577713
0.000182281
0.00028117
0.000288703
9.17607e-05
0.0029437
0.000246057
0.000244894
0.000416162
0.000271843
0.00015207
0.00333405
0.000128752
0.00206796
4.17703e-05
0.000247455
0.000497315
0.000157133
0.00104628
0.000164796
0.000269371
0.000544847
0.000503858
0.000189487
0.00126422
0.00056798
0.000160692
0.000323536
0.000174655
0.000185061
5.61052e-05
0.000436152
0.000560558
0.000215071
0.000302209
3.12792e-05
0.000140463
7.98458e-05
0.000295663
2.88892e-05
0.000168541
0.000217237
0.000197066
0.0011515
0.000224358
0.000186922
1.24406e-05
0.00137606
0.00023801
0.00010043
0.000218774
0.000155227
0.000114688
0.000248683
0.000189341
0.000153732
0.000228552
0.000120652
0.000171293
0.000224715
0.000146611
0.000322649
0.000250988
0.000156931
0.000959074
0.000644905
0.000270254
6.61046e-05
0.000168606
0.000141718
0.000434507
4.38914e-05
3.14212e-05
0.000294809
0.000175025
0.000213545
8.50121e-05
0.000214983
0.000209265
0.000504524
0.000172856
3.26894e-05
0.000155503
0.000102504
0.000198756
0.000139867
0.000186851
0.000263757
0.000322797
0.000175275
0.000293906
0.000181997
4.35478e-05
0.000216806
0.00018196
0.000455316
0.000285716
0.000215945
0.000163752
6.18497e-05
0.000360443
0.000581839
0.00013629
0.000568192
0.000279611
0.000106717
8.13609e-05
0.00130386
6.73036e-05
0.000964244
0.000174886
0.000340991
0.000192149
0.000261169
2.01364e-05
0.000396556
0.000468896
0.000126364
0
0.000250675
7.05994e-05
0.000232089
2.80005e-05
0.0003648
0.000269605
0.000241322
0.000220419
6.45104e-05
0.000213389
0.000128362
0.000662915
0.000498545
0.000245918
0.000393012
0.000441487
0.00017136
0.000336817
0.000255727
7.53017e-05
0.00335316
0.000960563
2.71164e-05
0.000149744
6.03268e-05
4.39809e-05
8.20482e-05
0.000261168
0.000319857
4.34912e-05
7.87293e-05
0.000471846
0.000990434
5.19529e-05
0.000851124
0.000152532
5.75983e-05
0.000329795
0.000267801
0.000228949
9.85945e-05
0.000123929
0.00147377
0.000196399
9.30091e-05
4.00436e-05
0.000236357
0.000108803
0.000187283
0.000332136
0.00148922
0.000183335
7.37307e-05
0.00103378
0.000199791
0.000211832
0.000132436
0.000111355
0.00041273
0.000110677
0.00012368
9.53759e-05
0.000235338
0.000255852
8.39317e-05
0.000120942
1.12216e-05
0.000254699
0.000295979
0.000415444
0.000276072
0.000160249
0.000179516
0.000279466
0.000432495
0.000199463
0.00038461
0.000261552
0.00019308
0.000332252
0.00013317
0.000127316
0.000233025
8.41003e-05
0.000185103
0.000187038
7.56798e-05
0.000342068
0.000207604
0.000180387
0.000329109
0.000152004
0.000218971
3.71508e-05
0.000593954
0.000373175
0.000711352
0.000586844
0.000176852
0.000252508
0.000524396
3.00204e-05
0.000205864
0.00071841
0.000245224
0.000408815
0.000228781
0.000322617
0.000131127
0.000381181
0.000184422
0.000102044
9.27532e-05
0.000240243
0.000125859
8.51903e-05
7.16701e-05
0.00017558
0.000162628
0.000436429
7.18315e-05
0.00196192
6.40016e-05
0.000108297
0.000189182
0.00024148
0.000344398
0.000465442
9.24443e-05
0.00113266
0.000596704
9.60223e-05
0.000110806
4.27463e-05
0.000145816
0.000252105
0.000230748
0.000165889
0.00094325
7.17137e-05
0.000286032
0.000250919
0.000149358
0.000150357
0.000127474
0.000224274
0.000108358
0.000281374
0.000172053
0.000122512
0.000356588
0.000406593
5.58272e-05
8.15981e-05
0.00011509
0.000241072
0.000199409
0.000440722
0.000250186
0.000105186
0.000136116
0.000112533
0.000483439
8.90482e-05
0.000197113
8.82252e-05
0.000152187
8.49509e-05
8.05093e-05
0.000179746
0.000262486
0.00092643
0.00170172
9.86125e-05
0.000266404
0
0.000147089
0.000196865
0.000148933
8.05364e-05
9.8587e-05
0.000120451
1.26083e-05
0.000134235
0.000166217
0.000337896
0.000357835
0.000209376
0.000201951
0.000222642
0.000106913
9.51105e-05
0.000266569
0.000254584
0.00123981
0.000172328
0.00023928
5.60908e-05
0.000210362
0.000110709
0.000276929
0.000208248
0.000419248
0.000517594
0.000192656
0.000350561
0.00109612
0.000117373
8.21136e-05
0.00110975
0.00013974
0.000647357
0.000118935
0.000423975
0.000246823
0.000368599
0.000208682
0.000156465
0.000106545
0.000138744
0.000215653
0.000374355
4.31479e-05
0.000138231
0.000176198
0.000146716
6.80148e-05
0.00238929
0.000204373
0.000389442
7.47969e-05
0.000154018
0.000231662
0.000186141
0.000289613
0.000403792
0.000201061
0.000161154
0.000130095
0.000219665
9.20808e-05
0.000235021
0.000207759
0.000215302
0.000891817
0.000302962
0.000667362
0.000896007
0.000402404
0.000455558
0.000272138
0.000290947
0.000611826
0.000294952
0.000251497
0.000776842
9.87006e-05
0.000634291
0.000171455
0.000118035
0.000743794
0.000221285
7.6379e-05
0.000319986
4.48711e-05
0.000317381
0.000212367
0.000126494
0.000194722
0.000136418
0.00029752
0.000242852
0.000285054
4.04629e-05
0.000980632
0.000118135
0.000168763
0.000734842
0.000260114
0.000237471
0.000123756
6.66875e-05
0.000281456
0.000148321
0.000259985
6.17901e-05
0.000223943
0.00029132
0.000305792
0.000141258
0.000302319
0.000133529
0.00106442
0.000397445
0.00338483
5.36133e-05
0.00103264
1.0296e-05
0.000148835
6.80624e-05
0.000439823
0.000513989
0.000239743
0.00016856
4.6898e-05
0.000230286
0.000234998
0.000256938
0.000159559
0.000484457
6.63539e-05
0.000241653
0.00030382
0.000231078
0.000250518
0.000212544
3.55782e-05
9.52809e-05
0.000340962
0.000176315
0.000159335
8.49391e-05
0.000240645
9.55804e-05
0.000951804
0.000236658
0.000128666
4.55062e-05
0.000297882
0.000290939
0.000338827
0.000270949
9.26281e-05
0.000707095
0.000117586
9.63878e-05
0.000285459
3.54984e-05
0.000128258
0.000116615
0.00013739
1.55111e-05
0.000170137
0.000154387
0.000380975
2.90703e-05
0.000102068
0.00240942
0.000187602
0.00026525
9.31611e-05
0.000248179
0.000323062
0.000237273
0.00015568
0.000216171
8.40427e-05
7.67601e-05
3.33837e-05
0.000127141
0.00016661
0.000350148
0.000103139
3.66271e-05
0.000355544
0.000469751
0.000179058
0.000118189
0.000233619
0.00058035
0.000299425
0.000578036
0.000111886
0.000144923
0.000430832
0.000857132
0.000188216
0.000322084
0.000317127
0.000111195
0.000318471
0.000128981
0.000109433
0.000137631
0.00132145
0.00047827
0.000109086
0.000240422
0.000189489
0.000170599
0.000353589
0.000278036
6.1505e-05
0.000296473
5.6919e-05
0.000181208
0.000163867
0.000139312
0.000259364
0.000264139
0.000173007
0.000268493
4.20028e-05
0.0002079
0.000203725
0.000115188
0.000106033
0.000419694
8.60555e-05
0.000176103
0.000370949
0.000200196
0.000348022
0.000561466
0.000201608
0.000493913
0.000215462
0.000287923
0.000188595
0.000249274
0.000190922
0.00056789
0.000182406
0.00027608
0.000173566
0.000131302
0.000206483
0.000400748
0.00020902
0.000915262
0.00169184
0.000364505
0.000149054
0.000375134
0.000266779
0.000257883
0.000265864
0.000455474
0.000213288
0.000231372
2.07919e-05
0.000142921
0.000260255
0.000468866
0.000188164
0.00030249
0.000302969
0.000928556
0.000290515
0.000159632
0.000264342
6.89848e-05
0.000143019
0.000545977
0.00012609
0.000816638
0.000126209
0.000278719
0.000199384
0.000105861
0.000202082
0.00043107
0.000162472
0.000437016
0.000923407
0.000385483
9.7384e-05
0.000207406
0.000629368
0.000375941
8.41674e-05
0.000159838
0.000725234
0.000182459
0.000199563
0.000251116
1.35449e-05
0.000155978
0.000124114
0.000262912
4.51013e-05
0.00105853
0.000202888
9.38793e-05
0.000295367
9.3061e-05
0.000294402
3.34581e-05
6.2807e-05
0.000323077
0.000434028
0.000182923
0.000313555
0.000158474
0.000264281
0.000217553
0.00025032
3.81212e-05
0.000181223
0.000145913
0.00039587
0.00013485
8.09922e-05
0.000131073
0.000233647
0.000381084
1.06514e-05
0.000929881
6.82534e-05
0.000165072
6.72843e-05
0.000540873
0.000156898
0.0001757
0.000192376
0.000122732
0.000139297
0.000528985
0.000582168
8.75165e-05
0.000155131
0.0045825
0.000184258
0.000259337
0.000236718
0.000244218
9.99417e-05
0.000312872
0.000246078
0.000183986
0.000844412
0.000536156
0.00029531
0.000801917
6.62899e-05
0.000769867
0.000103131
0.000125577
0.000209135
0.000154928
0.000434021
0.000263014
0.000673918
0.000177449
0.000598274
0.000196624
0.000178055
0.000144085
0.000375529
0.000744386
0.000230409
4.3111e-05
0.000227223
0.000158876
0.000127868
0.000160559
9.39033e-05
0.000201781
0.000195573
0.000279021
0.000205789
0.000142988
0.000130628
0.000127142
0.000233226
0.000372827
8.08154e-05
4.41498e-05
0.000393639
0.000239001
0.000373496
0.00010194
0.000433319
0.000182959
0.000324165
0.000321431
0.000848461
0.000177274
0.000121964
0.000195753
0.000288552
0.000224335
0.000835942
0.000365794
0.000160783
7.48492e-05
0.00100922
0.000225035
0.000168364
0.000208847
0.00012807
9.42005e-05
0.000352553
0.00114784
0.000235828
0.00029585
0.000156217
0.000210512
3.07739e-05
5.28153e-05
0.00016359
0.000438627
4.41001e-05
0.000188663
1.76364e-05
0.00581263
0.000102724
0.000312361
0.000516916
0.00382538
0.000170534
0
0.000186389
5.02428e-05
0.000234667
0.000450979
0.000394524
0.00041031
0.00076377
0.000221353
0.000125883
0.000148121
5.45715e-05
7.22728e-05
0.000210643
0.000263912
0.00024073
4.47613e-05
0.000339169
0.000146803
0.000125909
0.00081541
0.000155595
6.4844e-05
6.39238e-05
0.000220111
0.000152652
0.000228984
0.000159219
0.000795752
0.000161702
0.000182285
0.000229736
0.000221374
1.42268e-05
0.000269007
0.000171977
0.00017297
0.000292374
0.000143699
0.00110613
0.000239937
0.00011383
0.000290807
0.000202555
0.000550201
0.000175188
0.000165963
0.000522244
0.000410861
0.000326176
0.000229038
0.000227852
1.36858e-05
0.00023617
0.000215306
0.000116808
0.000307367
0.000309345
0.00140132
0.000225709
0.000122042
0.000318851
0.000145384
4.62229e-05
2.90977e-05
0.000824571
0.000126817
0.000391733
3.34622e-05
0.000186675
0.000103264
8.82576e-05
0.000478152
0.000137076
0.000109285
0.000329925
0.0002457
0.000197375
1.55342e-05
8.9414e-05
5.91957e-05
7.14925e-05
0.000147049
0.000257692
0.000170224
0.000328899
0.00016203
0.000187241
0.00034159
0.000210571
0.000175673
0.000576582
0.000174599
0.000756953
9.62699e-05
0.000378881
0.000256382
6.31413e-05
0.000324096
0.000247944
4.58678e-05
0.000161578
0.000187002
0.000509072
7.85768e-05
2.77491e-05
0.000254084
0.000519142
0.000279964
0.000273783
0.000346199
0.000369275
9.69644e-05
0.000638138
0.000257201
0.000182631
0.000154902
0.000167067
0.000133364
8.98458e-05
0.000294445
0.000137351
0.00123092
0.000294712
0.0102204
0.00033584
0.000183385
0.000818183
0.000192424
0.000516357
0.000187987
0.000318742
0
0.000276217
0.000127888
0.000308791
0.000104366
0.0013517
0.000231429
0.000197353
0.000263186
0.000143177
0.000508135
0.000163469
0.000272682
0.000318441
0.000118236
0.000220428
0.000487805
0.000217689
5.51169e-05
0.000248987
0.000306162
0.000309201
8.65478e-05
0.000178369
8.23208e-05
8.63347e-05
0.000213377
0.000204324
0.00041571
9.7073e-05
7.13089e-05
1.09393e-05
0.000300949
0.000218892
0.000464995
0.000493806
0.000269874
0.000194671
0.000188974
0.000217321
0.000395396
0.000317871
0.000587484
0.00090918
0.000157401
9.86677e-05
0.000213155
9.02235e-05
0.000465663
8.93902e-05
0.000110757
0.000208031
1.16285e-05
3.84746e-05
0.000127073
0.000130133
0.00026011
0.000365466
0.000245677
8.58007e-05
0.000125573
0.000471551
0.000262289
7.62453e-05
0.000384234
0.000143738
0.000143095
0.000225736
0.000201007
0.000399816
2.99211e-05
0.000362364
0.000158453
0.000177347
0.000331244
0.000154031
0.000116914
0.000264319
6.94801e-05
0.00021194
0.00031437
0.000136206
9.69753e-05
2.37679e-05
0.00359108
0.000266344
4.89071e-05
0.000142254
0.000338447
0.000149964
0.000543635
0.000257123
0.000158191
8.14791e-05
0.00021278
0.00026196
0.000126003
0.000280555
0.000356823
4.29021e-05
1.88012e-05
0.000201086
0.000372516
0.000284951
0.000260081
0.000297796
0.000353353
0.0010718
0.000505619
0.000138236
0.000162637
3.50932e-05
0.000230072
0.000202949
0.01231
4.41344e-05
0.000211271
0.000640119
0.000510907
0.000234146
0.000163682
4.51392e-05
2.34205e-05
5.30152e-05
0.000118448
0.000171731
0.00124071
1.34892e-05
0.000161595
5.02735e-05
0.000119773
0.000289377
0.000314333
0.000153274
0.00112438
0.000132248
0.000231248
0.000137259
0.000359507
0.00291642
0.00022409
0.000103997
0.000237557
0.000192508
0.000152995
7.87319e-05
0.000257635
0.000172879
0.000209157
9.48163e-05
0.000325038
0.000251409
0.000157513
0.000175701
0.000134524
8.0447e-05
6.69749e-05
0.000240817
0.00038643
0.000222375
0.000338374
0.000170322
0.000138323
1.49815e-05
1.12301e-05
0.000314784
0.000214892
0.000303051
9.81272e-05
0.000163046
0.0323725
0.00011968
0.00103229
0.00160751
0.00017329
0.000334957
0.000609969
7.06267e-05
0.000842752
0.000416982
0.000249409
0.000565069
0.000228823
0.000503848
0.000254491
0.0004082
5.93743e-05
0.000114333
0.000672655
0.000261502
4.27365e-05
0.000179626
0.000929107
0.000318407
0.000442541
0
0.0001646
0.000365732
7.08153e-05
0.000438825
0.000427135
4.0873e-05
0.000140562
5.96081e-05
0.000102263
0.00108334
0.00027392
0.000111504
0.000795334
0.000181052
0.000116917
0.00014194
0.000236786
0.000266574
8.69001e-05
0.000639495
0.000106694
0.000118453
0.000166383
0.000104877
2.36903e-05
0.000605344
8.15271e-05
0.000371398
0.000338867
0.000387357
0.000210824
0.00017156
0.000987329
0.000212851
0.000161704
6.4297e-05
0.000125793
0.000106212
6.89497e-05
0.000259377
4.77962e-05
0.000154724
0.000176096
8.7755e-05
0
0.00112263
6.3024e-05
0.000482024
0.000168479
0.000280717
0.000135641
0.000261151
0.000290179
0.000180833
0.000136989
0.000234394
0.00016287
0.000222585
7.85161e-05
0.000228071
0.0001991
0.000158115
0.000108656
0.000200446
0.000202393
0.000248901
0.000328062
0.000257151
0.000355149
0.00062896
0.000279374
9.93405e-05
0.000224939
0.000409201
0.000266592
3.67101e-05
7.78793e-05
0.002616
0.000368472
0.000153865
0.000292575
0.000247403
0.000288914
3.72801e-05
0.000201199
2.27819e-05
9.37696e-05
8.40861e-05
0.000156832
8.81657e-05
0.000477409
1.13799e-05
0.000260682
0.000342957
0.000414265
0.00187917
0.000220291
0.000114842
0.000371024
0.000357104
0.000753961
0.000322893
0.000244845
6.11593e-05
0.000172917
0.000230831
0.000260661
0.000541365
0.000513746
0.000723228
9.53316e-05
0.000154324
0.000512159
4.51249e-05
0.000211207
0.000358529
0.000128696
0.000129501
0.000123821
0.000204857
0.00102002
5.3214e-05
6.28861e-05
0.000111976
0.000281864
6.47597e-05
0.00010884
0.000197411
0.000139605
0.000657517
7.23657e-05
0.00100299
0.000112165
0.000309045
8.09286e-05
0.000485131
0.000175934
0.00018548
3.52401e-06
0.00050836
0.000178899
0.000267097
5.54064e-05
0.000480382
0.000274122
0.000244615
0.000342202
0.000151081
0.00021179
9.29604e-05
0.000291225
0.000107288
0.000286013
0.000238486
0.000217597
0.000365512
0.000133283
0.000247342
0.000164241
0.000349743
0.000162681
0.000210002
0.000141328
0.000544206
0.000155433
9.57786e-05
0.000123722
0.000237044
0.000245599
0.000321962
0.000240999
0.000214763
0.000254783
0.000122678
0.000126554
0.000157652
8.72047e-05
0.000149623
0.000518556
0.000120125
0.000525827
0.000228541
0.00022555
0.000130173
0.000196949
0.000311629
0.00021981
0.000219404
0.000136026
0.000467417
0.000257442
7.23706e-05
0.000444721
0.0037426
0.000586877
0.000165358
0.000293617
0.00035782
0.000808388
0.000102263
0.000523803
0.000285929
3.6695e-05
0.000756608
0.000104744
0.000184208
0.000189
2.78857e-05
0.000192517
0.000149357
8.48864e-05
0.000162975
4.06547e-05
0.00112399
3.44813e-06
8.11001e-05
0.000162987
0.000292784
0.000160898
0.000149626
0.000183947
8.14878e-05
0.00020445
0.000296819
0.00280886
0.000215367
0.000133174
0.000154588
0.000108697
0.000137323
0.000110223
0.000186874
0.000188082
0.000101607
0.000132402
0.000132924
0.000257726
0.000385581
0.000370918
7.06671e-05
0.00018199
9.42404e-05
0.000251366
1.84097e-05
0.000264427
0.000298675
8.0551e-05
0.000567893
9.78903e-05
0.000130533
0.000243512
0.000157445
5.47913e-05
0.000222321
0.000608652
2.42966e-05
0.000347946
0.000353258
6.87802e-05
0.000345126
0.000210165
0.000216313
0.00229429
9.03409e-05
0.000181759
0.000193575
0.000104755
0.000226159
0.00513939
0.000221137
0.000210131
0.000118366
7.50947e-05
0.000109165
0.000353899
0.00011546
0.000288023
0.000271845
7.7991e-05
0.000226757
0.000117187
0.000280407
0.000337894
0.000264508
7.32756e-05
0.00046707
0.000142241
8.23074e-05
0.000191212
0.000159805
0.000172857
0.000281924
0.000234686
8.0451e-05
0.000259552
0.000168122
0.000165543
0.000110724
0.000223431
0.00018922
5.2105e-05
0.000469342
0.000283164
0.000226242
0.000195964
0.00198325
0.00019309
0.000127363
6.02871e-05
0.000178214
0.000240543
0.000162663
0.000356754
0.000131067
9.30503e-05
0.000177786
0.000590872
0.000145141
0.000257167
0.000225124
0.000262903
0.0102499
0.000205064
0.000151449
0.000388751
0.000117766
6.76013e-05
0.00019418
0.00125791
0.000170831
0.00119294
0.000129646
9.95972e-05
0
0.000232669
8.45549e-05
0.000116281
0.000280752
5.84068e-05
0.000252381
0.000271638
6.32504e-05
0.0001554
0.000176908
0.00011431
0.000225288
0.000165316
0.00012074
9.80856e-05
0.00293509
0.000217306
0.000105556
0.000208158
0.000514614
8.1176e-05
3.35495e-05
4.97801e-05
0.000296575
0.000100023
0.000180596
0.00066724
0.000254128
0.000110576
0.000247653
0.000222203
0.000355564
0.000267507
2.00833e-05
0.000144851
0.000267382
5.47184e-05
0.000130555
0.000381012
9.80467e-05
0.000171016
0.000372869
9.48082e-05
0.000170326
0.000146332
0.00035309
0.000127125
0.000346453
0.000130646
6.62045e-05
0.000260862
0.000123557
6.11301e-05
0.000506519
0.000419191
0.0004328
0.000192945
5.50505e-05
0.000226966
0.000149584
0.000159134
0.000403396
0.00170405
0.000462906
8.60322e-05
0.000103452
0.000399488
8.35208e-05
0.000134591
0.000580813
0.000588113
0.000199277
0.000207888
0.000378873
0.000124586
0.000241313
9.05532e-05
0.000121557
0.000183554
0.000219349
0.00105815
0.000126036
0.000121894
0.000927695
0.000229036
0.000536601
1.0059e-05
0.00145659
9.19283e-05
0.000276062
0.000226394
0.000304578
0.000120378
0.000249955
9.09849e-05
8.44697e-05
3.28504e-05
0.000154077
0.000235686
0.0128337
0.000341332
0.000339821
0.000255039
0.000125873
0.000286342
0.000325817
0.000285664
0.000311808
0.000514382
0.000149695
5.34107e-05
0.00019273
9.95809e-05
0.000156313
0.000265775
0.000177941
0.000153858
0.00016301
0.0010439
0.000186001
0.000239403
0.000443419
0.000186969
0.000389943
6.41437e-05
0.000298026
0.000357125
7.59445e-05
0.000124927
0.000241872
6.94276e-05
0.000148358
0.000319725
0.00149812
0.00243822
0.000153466
4.93757e-05
0.000705085
0.000307351
9.36936e-05
0.000495363
2.26663e-05
0.000227715
6.57286e-05
0.000420821
0.000266711
0.000143017
0.000137645
0.000247645
0.000273033
0.000149103
2.19019e-05
0.000201024
5.35656e-05
0.000184283
0.000147632
1.14134e-05
0.000261987
2.19335e-05
0.000233663
0.00013066
0.000103236
0.000183233
0.000140122
0.00122584
9.63296e-05
0.000481028
0.000268633
0.000127541
0.000139191
0.000261289
0.000222447
6.70243e-05
0.000417689
0.000117304
0.000218182
0.000140822
0.000152347
0.000207375
0.000578791
0.000730937
0.000175404
8.66572e-05
0.00339179
0.000218455
0.00023715
0.000235874
4.0711e-05
0.000389447
0.000165861
0.000142618
0.00117546
0.000274388
0.000258062
0.000310447
0.000122874
0.000134716
0.000451534
0.000148981
0.00010562
0.000133213
0.000154458
0.000730386
0.000171626
0.000190938
0.000224102
0.000130367
0.000400372
0.000128873
0.000348075
0.000320649
0.000342633
0.000407655
0.000980137
8.84863e-05
0.000117953
0.00011722
0.000206796
0.000219492
0.000560324
0.000293449
0.00481178
0.000100336
0.00017516
0.00155881
0.000185892
0.000265737
0.000122534
0.000413251
0.00033628
0.000255691
0.000526805
0.0054468
0.000122389
0.000165999
6.85044e-05
0.000170072
0.000203611
0.000482458
0.000298298
0.000155615
0.00016921
2.30016e-05
0.000273345
0.000109154
7.13582e-05
0.000132671
5.04005e-05
0.00111623
0.000194205
0.00127487
0.000237664
0.000311764
0.000105532
0.000155069
0.000189616
0.0004121
0.000222362
0.000181674
1.21035e-05
0.000307119
0.000155315
0.000500902
0.000214866
0.000259634
0.000381886
0.000228584
0.00030152
0.0001042
0.00299639
0.000164278
7.50722e-05
0.000227024
0.00057697
9.91999e-05
0.000143132
0.000255681
0.000140711
8.70514e-05
0.000242211
0.000194588
1.90733e-05
0.000528731
0.000369508
0.000168937
0.000153503
3.5647e-05
0.000155129
0.000158581
9.56083e-05
0.000120392
0.00015809
0.000242595
0.000101869
4.5218e-05
0.000172477
0.000199047
0.000178381
0.000561163
0.000217957
0.000236322
0.000318437
0.000287145
0.000469347
0.000157306
0.000272013
0.000201777
6.29718e-05
0.000385951
0.000272194
0.0002138
0.000203536
4.0484e-05
1.22335e-05
5.22096e-05
0.000111578
4.83604e-05
0.00022901
0.000241111
7.74702e-06
8.20443e-05
0.000546737
0.000113037
0.000417799
0.000176329
8.95712e-05
0.000453992
0.000177674
0.00014457
6.67882e-05
