0.00286474
0.00251714
0.00118242
0.00106704
0.00133548
0.00233696
0.00198384
0.0014726
0.00106086
0.00150311
0.00653242
0.0058584
0.00211902
0.00234037
0.001698
0.00096499
0.00284953
0.00136054
0.00220695
0.00145863
0.00269845
0.000417385
0.0011242
0.00401374
0.0013577
0.000961387
0.00105562
0.00243509
0.00238048
0.00130227
0.00265312
0.00183212
0.00492991
0.00250794
0.00155288
0.00507172
0.00289369
0.0014734
0.00115529
0.00235518
0.00281064
0.0015424
0.000917198
0.00227222
0.00149021
0.00155272
0.00141774
0.00118608
0.00363201
0.00162122
0.0024846
0.00151153
0.00220114
0.00680903
0.0024242
0.00274012
0.00532885
0.00231045
0.00251214
0.00179788
0.00082211
0.00103662
0.00230907
0.00222622
0.00702738
0.00105558
0.00125233
0.00168387
0.00139443
0.00310764
0.00299972
0.00262953
0.0020603
0.00214992
0.00214386
0.00132117
0.0052642
0.00282934
0.00429169
0.0424158
0.00119377
0.00475737
0.00218662
0.0023776
0.00273981
0.00762784
0.000897933
0.00167877
0.003053
0.00135334
0.00334955
0.00254593
0.000412991
0.00135795
0.00215362
0.00547364
0.00183461
0.000908928
0.00527623
0.0026003
0.00617597
0.002303
0.018748
0.00305932
0.00190122
0.00212207
0.00433546
0.00195769
0.00136162
0.00267524
0.00273519
0.0012714
0.00192713
0.00159573
0.00100285
0.000953286
0.0024383
0.00176897
0.00146545
0.00230548
0.00162955
0.00143547
0.0036551
0.00152224
0.00190498
0.00126297
0.000958548
0.00190589
0.00181771
0.00144787
0.00557826
0.00192157
0.0013631
0.00214875
0.00103369
0.00111136
0.0104059
0.00303325
0.00216672
0.000951812
0.00192088
0.00196713
0.00311009
0.00143489
0.00210154
0.00157432
0.0967087
0.0019791
0.00169893
0.00339363
0.00220271
0.00190778
0.00217142
0.00271154
0.0073301
0.000771629
0.00173479
0.00259246
0.00168309
0.0016798
0.0011476
0.00171562
0.00159336
0.00236101
0.00368081
0.00381083
0.00177323
0.00231301
0.00651015
0.00040736
0.00175767
0.00133863
0.00148163
0.00133232
0.0040032
0.00271382
0.00252318
0.00168421
0.00132423
0.00120259
0.00402528
0.002121
0.00212811
0.00228933
0.00245808
0.00155
0.00163856
0.00237292
0.00149104
0.00243135
0.00204103
0.00262217
0.00209117
0.00125534
0.00360647
0.00144948
0.00258699
0.0033399
0.00240299
0.00122793
0.001133
0.00101612
0.00643335
0.00477513
0.111933
0.0036618
0.00199684
0.00464357
0.00268272
0.00100221
0.00154827
0.0020524
0.00393911
0.00297215
0.00126765
0.00197759
0.00670387
0.00156909
0.00273836
0.00118108
0.00207854
0.00225331
0.00179819
0.00140139
0.00321015
0.00158902
0.00290642
0.00143203
0.00386366
0.00444132
0.00177667
0.00160849
0.00254945
0.00125633
0.00147402
0.00125883
0.00156736
0.00113355
0.00254797
0.00176015
0.00237883
0.000946271
0.00335836
0.00221173
0.00359028
0.012598
0.00126089
0.00121135
0.00600545
0.00100014
0.00260494
0.00253801
0.00241593
0.00221751
0.00354912
0.0012018
0.00124257
0.00141802
0.00326772
0.0358078
0.00491448
0.00102118
0.00244628
0.0020476
0.00283074
0.00132932
0.01044
0.00160207
0.00152531
0.00235097
0.0014951
0.00165939
0.00307578
0.00377562
0.000846959
0.00565917
0.00213999
0.000836532
0.0165887
0.00186573
0.00467987
0.0015336
0.00168937
0.00122261
0.00174275
0.00073073
0.0049469
0.00330172
0.000956024
0.00200177
0.00104218
0.00098658
0.00146406
0.00208719
0.0215202
0.00248657
0.00245737
0.00152577
0.00185086
0.0023361
0.000704178
0.00118687
0.00155013
0.00240916
0.00238291
0.000811859
0.00120062
0.00166919
0.000974287
0.000754433
0.000963618
0.00144629
0.00344659
0.000996541
0.00237563
0.00237604
0.00368973
0.000557937
0.00107332
0.000950717
0.00179451
0.00303452
0.00223802
0.00150552
0.00200717
0.00157029
0.00213982
0.00183285
0.00392284
0.00115876
0.00219345
0.00122292
0.00210814
0.00353989
0.00306313
0.00720983
0.00136565
0.00120874
0.00335947
0.00236402
0.00241689
0.00235247
0.000715647
0.000973715
0.00514474
0.00495726
0.00135975
0.00124573
0.000690319
0.00143573
0.00205178
0.00216478
0.000974534
0.00167195
0.00135399
0.00144745
0.00224501
0.0014506
0.00205242
0.00306718
0.00170077
0.00164889
0.00219416
0.0025764
0.00149083
0.00123754
0.00152029
0.00320503
0.00214828
0.00168306
0.0022136
0.00153482
0.00156693
0.0015954
0.00128248
0.00202488
0.00135741
0.00206278
0.00140331
0.00240959
0.00189925
0.00156504
0.00168813
0.00193026
0.00202935
0.00226096
0.00195057
0.000294272
0.0323874
0.00230932
0.00112439
0.00192573
0.00204905
0.00185604
0.00164766
0.00135129
0.00144489
0.00183155
0.00104202
0.00126471
0.00315413
0.00157157
0.000956049
0.00133209
0.0089979
0.00124023
0.00151909
0.00192698
0.00235663
0.016572
0.00620674
0.00191106
0.00102265
0.0029475
0.00325439
0.00158904
0.00492111
0.0018363
0.00124857
0.00207136
0.00159682
0.00187961
0.00147588
0.00146917
0.00200277
0.00315309
0.00171515
0.00177941
0.00407373
0.00210228
0.00323414
0.00262846
0.00105982
0.000837543
0.0105355
0.0014188
0.00125613
0.00174917
0.00165588
0.00147871
0.00164831
0.00296371
0.000851161
0.000773589
0.00206476
0.00170162
0.00313028
0.0032352
0.00327373
0.00198669
0.00471148
0.00458299
0.00154027
0.00167249
0.000817796
0.00215287
0.00337395
0.00249684
0.000477272
0.00103137
0.00228396
0.00165638
0.00175504
0.00176411
0.00222953
0.00182377
0.00132321
0.00113792
0.00141213
0.0068426
0.000587661
0.00226028
0.00219539
0.000935395
0.00221477
0.00157141
0.000837741
0.00175262
0.000802013
0.00164199
0.0021746
0.00198978
0.0062986
0.00178394
0.00140836
0.00148613
0.00175188
0.000685005
0.00180752
0.0021648
0.00136339
0.000904018
0.000774548
0.00327085
0.00342736
0.00137646
0.00293704
0.0012978
0.00174355
0.00569037
0.00173439
0.0025843
0.00112716
0.0109106
0.00161123
0.00207607
0.00144349
0.00107127
0.00300211
0.0136364
0.00151311
0.00181447
0.00308074
0.00178742
0.00226359
0.00197388
0.00354118
0.00164202
0.000595648
0.00148755
0.00139849
0.00118349
0.0044274
0.00141778
0.00154646
0.00552752
0.00211874
0.00188877
0.00244544
0.00263969
0.0009959
0.00139169
0.00384599
0.00128198
0.00134836
0.00202766
0.00252307
0.0158374
0.00141246
0.00343203
0.00182166
0.00102158
0.00197333
0.00235161
0.00565392
0.000947658
0.00292693
0.00125953
0.0014138
0.00239986
0.00231491
0.001414
0.00162657
0.00113046
0.00324926
0.00126566
0.00113762
0.00232039
0.00272269
0.000931066
0.00208714
0.00241071
0.00305764
0.00155467
0.000958477
0.00324774
0.00346561
0.00284646
0.00281475
0.00154632
0.00192293
0.00313054
0.00623427
0.00879542
0.00161343
0.00140698
0.00205895
0.00160233
0.0007831
0.00205581
0.000997224
0.0014296
0.00147531
0.00105716
0.000673848
0.00117463
0.00157818
0.00943529
0.0250432
0.00149749
0.00262958
0.00153571
0.000995369
0.000997705
0.000803269
0.00128994
0.00139412
0.00057867
0.00192436
0.00145148
0.0023098
0.00166799
0.00108866
0.00421364
0.0023198
0.0014898
0.0037534
0.00118983
0.00105764
0.00244399
0.00149351
0.00184623
0.00134755
0.00157873
0.00692373
0.0011699
0.00183747
0.00808661
0.00157729
0.00151956
0.00232777
0.00330489
0.0020402
0.00140233
0.00179545
0.00161399
0.00178564
0.00150183
0.00137364
0.0014868
0.00160674
0.00240391
0.00152967
0.00199774
0.00283906
0.00180601
0.00173115
0.00279538
0.00223376
0.0103571
0.00169542
0.00172715
0.00159818
0.000942456
0.00151547
0.000793092
0.00148347
0.0020991
0.00168694
0.00130435
0.00161202
0.00229575
0.00244953
0.00195619
0.00145826
0.00207656
0.00160721
0.00101677
0.00278257
0.00212817
0.00196984
0.00110412
0.00187024
0.00157801
