0.000276663
0.000341901
5.98674e-05
0.000307234
0.000327089
0.000319425
0.000378275
0.000165645
0.000458685
0.000370439
0.000581143
0.000711239
0.000661791
0.00062128
0.000329225
0.000172736
0.000206717
0.000394095
0.00120811
0.00247696
0.000681365
0.000264273
0.000478572
0.000211103
0.00034778
0.00120764
0.000501764
0.000352387
0.000268222
0.00020692
0.000504447
0.00048673
0.000134155
0.000679455
0.000523272
0.000212003
0.000360729
7.28165e-05
0
0.000546411
0.00045679
0.000406677
0.000273754
0.000304344
0.000614741
0.00208999
0.000212604
0.00192603
0.000635416
0.000297683
0.000246719
0.000465036
0.0018954
0.000319184
0.000244278
0.000576271
0.0478082
0.00061822
0.000480364
0.000600831
0.000592734
0.000265587
0.000355024
0.000303738
0.000145046
0.000529964
0.000716999
0.000546228
0.000379064
0.000447168
0.000968636
0.0249463
0.000532946
0.00044016
0.000435117
0.000241619
0.000194607
0.000399121
0.000475016
0.000206027
0.000160148
0.00039817
0.000263315
0.000195005
0.000133084
0.000389264
0.00102379
0.000362778
0.000449893
0.000674841
0.000309285
0.000535597
8.92809e-05
0.00020237
0.000138523
0.000558565
0.000440931
0.0010314
0.000726423
0.000905838
0.000501324
0.000374779
0.00128321
0.0166882
0.000210074
0.00028232
0.000383923
0.000382785
0.000227317
0.00038516
0.000921831
0.000256827
0.000697688
0.000368502
0.000478483
0.000218424
0.00133952
0.000179426
0.0189769
0.000976131
8.14847e-05
0.000367923
0.000546965
0.000213692
0.0004535
0.000795773
0.000651892
0.000107046
0.000612659
0.000912504
0.000409459
0.000512227
0.000476339
0.000489167
0.000458844
8.87585e-05
0.000497191
0.000235411
0.00117902
0.00289512
0.00534356
0.000530778
0.000359633
0.000360843
0.000381506
0.000436768
0.00029355
0.000537738
0.000423216
0.00021619
0.000107248
0.000345038
0.00056535
0.000413164
0.000318557
0.000417419
0.000347621
0.000328815
0.00131818
0.000524267
0.000305769
0.00772214
0.000373595
0.00045694
0.00268352
0.0012217
0.000828591
0.000365539
0.000371939
0.000286162
0.000667181
0.000600521
0.00127617
0.000695448
0.000213471
0.000641101
0.000413574
0.000497612
0.000233483
0.000370034
0.000426152
0.000342565
0.000594294
0.00108675
0.000384966
0.000704297
0.000593213
0.000442433
0.00047563
0.00138803
0.00033528
0.00309907
0.000419349
0.000309032
0.000422537
0.000409514
0.00042639
0.000205247
0.00252084
0.000203624
0.000440435
0.000589245
0.000397915
0.000342288
0.000302361
0.000491491
0.000310939
0.000624724
0.000670279
0.000441071
0.00431242
0.000265201
0.00027226
0.000762223
0.000404028
0.000410315
0.000572079
8.6421e-05
0.000369099
0.000369949
0.0132886
0.000178758
0.00420437
0.000533105
0.000982419
0.000341614
0.000300373
0.000240507
0.00028943
0.000595046
0.000309237
0.00072951
0.000286617
0.00049003
0.000123824
0.000260542
0.000208143
0.000565698
0.000389613
0.000667046
0.000491778
