0.00342483
0.00070945
0.000521154
0.000293827
0.00033411
0.000616235
0.000524535
0.00137988
0.00066848
0.000669377
0.00135266
0.000234507
0.000139241
0.000301404
0.000338201
0.000511835
0.000459988
0.00045366
0.000592167
0.000378772
0.000999157
0.000291417
0.00063081
0.000474922
0.000446869
0.000708673
0.000298243
0.000638539
0.000329441
0.0152827
0.000327009
0.0020521
0.000648896
0.000415308
0.000660908
0.000455992
0.000666929
0.000329136
0.000464732
0.0019941
0.000559869
0.000740803
0.000407726
0.000373929
0.000300557
0.00173443
0.000512819
0.000823971
0.000268203
0.00052998
0.000803333
0.000683022
0.000460111
0.00211745
0.000395747
0.0013453
0.000795299
0.000528236
0.000617907
0.000454805
0.000391646
0.000954981
0.000702717
9.7861e-05
0.000622343
0.000839779
0.000848697
0.000239801
0.000251185
0.00103007
0.000200448
0.000781741
0.000511971
0.000343651
0.00174848
0.000656059
0.00144598
0.000201889
0.00116965
0.0006305
0.000866302
0.000224562
0.000740189
0.000862153
0.00182489
0.00034191
0.000449952
0.000564529
0.000174259
0.000624381
0.000496657
0.000939217
0.00166743
0.000468113
0.000913729
0.000425578
0.000294808
0.000709497
0.000383004
0.00039409
0.000791553
0.000526723
0.000637805
0.00053971
0.00064775
0.000743207
0.000263466
0.000521877
0.00126643
0.000397985
0.00604376
0.000733593
0.000446042
0.000497663
0.000687518
0.000494138
0.00026409
7.91655e-05
0.00236513
0.00123039
0.000611569
0.000954837
0.000630155
0.000396981
0.000401995
0.000447749
0.000671401
0.000530218
0.000986811
0.000250894
0.000378996
0.000871406
0.00065534
0.00416333
0.000442524
0.000320855
0.000682657
0.000318004
0.000379169
0.000310416
0.00281515
0.00140926
0.000540165
0.000632078
0.000379317
0.000540764
0.000631924
0.000432191
0.000650893
0.000359631
0.00126723
0.000236535
0.00085561
0.00198049
0.00111205
0.00105197
0.00128299
0.000229223
0.000222201
0.000571418
0.000436515
0.00187325
0.000604701
0.000994641
0.000515958
0.000407012
0.000368305
0.000230378
0.000159151
0.000207751
0.00126681
0.000286131
0.000382811
0.000451762
0.000807224
0.00068024
0.000422448
7.62413e-05
0.00487023
0.000350543
0.000367981
0.000436797
0.000733194
0.000255624
0.000283283
0.000581748
7.10885e-05
0.00162874
0.000693118
0.000887742
0.000419178
0.00103668
0.000334152
0.000380367
0.000280709
0.00039047
0.000499018
0.000342057
0.000654858
0.000147458
0.000774628
0.000592817
0.000330677
0.000224107
0.00100036
0.00017502
0.000345672
0.000579316
0.000256909
0.000223279
0.000686452
0.000312159
0.00110435
0.000772375
0.000636815
0.000575458
0.000270765
0.000703156
0.000167509
0.000532921
0.000625146
0.00119128
0.000341449
0.000815943
0.00425146
0.000885782
0.000481309
0.0031798
0.000870456
0.000616845
0.000377105
0.000638548
0.00415371
0.000832306
0.000682914
0.000432624
0.00041356
0.000824902
0.00053657
0.000209316
0.000508507
0.000463288
0.000461409
0.000236659
0.000472869
0.000813541
0.000193062
0.000189005
0.000333325
0.0011243
0.00127404
0.000694238
0.000414561
0.00069261
0.00113724
0.000266106
0.000969296
0.00146648
0.000476943
0.000776161
0.000624294
0.000598285
0.000528898
0.000670915
0.00187483
0.000658026
0.000639938
0.000226931
0.000509834
0.00152265
0.000930543
0.000420317
0.00126671
0.000715363
0.000376551
0.00185203
0.000398401
0.000670222
0.00051687
0.000504176
0.000235291
9.52584e-05
0.000752198
0.002385
0.000172128
0.000629051
0.00132665
0.000574282
0.000391038
0.000729961
0.00347441
0.00219788
0.00111161
0.000779814
0.00078645
0.000533027
0.000531046
0.000385334
0.0008876
0.000411201
0.00052377
0.000803439
0.000223956
0.00033037
0.000313855
0.00151818
0.000656817
0.000339306
0.000547394
0.000277747
0.00247114
0.000286023
0.000260353
0.000315413
0.000754129
0.000797915
0.000404476
0.00158569
0.00131128
0.000739822
0.00196712
0.000720902
0.0016184
0.000627712
0.000471142
0.00095397
0.000600796
0.000661579
0.000498602
0.000181434
0.000793179
0.000515324
0.000376073
0.000379759
0.000483309
0.000798273
0.000598802
0.00078011
0.000607373
0.000439611
0.00108415
0.000708368
0.000582388
0.000322558
0.00516971
0.000706536
0.000441842
0.00150459
0.000562532
0.000845746
0.00021871
0.00571268
0.000292692
0.00043152
0.000573539
0.000232579
0.000158383
0.000499884
0.000399016
0.000354192
0.00154091
0.000197288
0.0389462
0.000363623
0.000438332
0.000558292
0.000194807
0.000585433
0.00210907
0.000292902
0.00035478
0.000400821
0.00112414
0.00125365
0.000259709
0.000222073
0.000355523
0.000550471
0.00191936
0.000402189
0.000463511
0.000791456
0.000524231
0.00153438
0.00101769
0.000245054
0.000515198
0.000571065
0.000385424
0.000523484
0.000452148
0.000417741
0.00046674
0.00151414
0.000268199
0.000773137
0.000617545
0.00110209
0.00131781
0.000480505
0.000575063
0.000493155
0.000471533
0.000966489
0.000340653
0.000500303
0.000880344
0.00015589
0.00119006
0.000322364
0.000366528
0.000392347
0.00144117
0.00116291
0.00028294
0.000996089
0.000432632
0.000449277
0.00114636
0.000696277
0.00361487
0.000202819
0.000282082
0.000290415
0.000357757
0.000431341
0.000432162
0.000375413
0.000690711
0.000373192
0.000196902
0.000597254
0.000198359
0.000190434
0.0011147
0.000339839
0.00053644
0.00122367
0.000596116
0.00162274
0.00038448
0.00108385
0.000338025
0.000945383
0.000407405
0.000711679
0.00041725
0.00064632
0.000386151
0.000663211
0.000556959
0.000289593
0.00145501
0.000333115
0.000922876
0.00113664
0.00521781
0.00180222
0.000269897
7.1426e-05
0.000436373
0.000594282
0.000379832
0.000317056
0.000709127
0.000817154
0.000382122
0.000608606
0.00031381
0.00270049
0.000552878
0.000950752
0.000372991
0.000351553
0.00066049
0.000355176
0.000968251
0.000434497
0.000943296
0.000313325
0.000395223
0.000428528
0.000307618
0.000720988
0.000517417
0.00072496
0.000614443
0.000559397
0.00034139
0.000475811
0.000961979
0.000648859
0.000269099
0.000457386
0.000516986
0.000777547
0.00171661
0.000367772
0.00216723
0.000688324
0.000737532
0.001509
4.05355e-05
0.000409906
0.00776338
0.000332263
0.00048148
0.000412927
0.000706938
0.000391148
8.67414e-05
0.000549881
0.000637418
0.000514853
0.00114958
0.000912719
0.000690929
0.000334938
0.00196464
0.000561763
0.000742843
0.000502755
0.000459719
0.000379708
2.90785e-05
0.000213953
0.000638227
0.000909815
0.000473125
0.000658645
0.00491348
0.000572912
0.000786178
0.000465486
0.000321435
0.000291723
0.00016485
0.000938488
0.000307783
0.00140636
0.000437019
0.000513836
0.000710437
0.000309644
0.000377886
0.000388896
0.000634491
0.0001807
0.00291065
0.000911878
0.000604015
0.000568523
0.000456252
0.000523748
0.000957112
0.000470176
0.0011577
0.000620484
0.000390253
0.000733141
0.000430258
0.000416811
0.000573017
0.000451749
0.00143754
0.000261476
0.000139528
0.000402992
0.00031328
0.000264742
0.000247679
0.000258869
0.000612806
0.00128406
0.000478354
0.0035591
0.00036165
5.14988e-05
0.00068434
0.00154163
0.000661098
0.000396074
0.000529329
0.00103573
0.0044554
0.000391865
0.000972667
0.000679784
0.00135649
0.00105432
0.000691068
0.000247817
0.00057529
0.000295257
0.000168714
0.000484028
0.000795109
0.000351195
0.00187727
0.000326553
0.00328259
0.000886977
0.000512102
0.000545529
0.000450187
0.000529467
0.000171832
0.000393271
0.00036793
0.00244427
0.000756645
0.00121431
0.000554348
0.000676853
0.00213505
0.000395552
0.000539146
0.000524586
0.000358204
0.00057015
0.000694321
0.000476527
0.0011437
0.000577376
0.000251338
0.000181494
0.000792771
0.00100244
0.000545023
0.00123056
0.000375077
0.000430319
0.000769887
0.000116658
0.000559875
0.000275392
0.000616862
0.00068719
0.00101819
0.0443232
0.000591467
0.00031621
0.000305489
0.000648907
0.00228627
0.000602862
0.000647136
0.00064693
0.000644872
0.000553677
0.000535787
0.000478935
0.00124098
0.00124288
0.000220213
0.000518926
0.000614271
0.000508654
0.000486255
0.000773035
0.000844452
0.000211693
0.000373306
0.00549365
0.000964093
0.000611258
0.000782002
0.000142078
0.00099366
0.000510904
0.000537547
0.000288286
0.000335757
0.000667375
0.00040509
0.000353644
0.00557657
0.000651022
0.000903448
0.000490374
0.00030809
0.00062256
0.000461449
0.000397233
0.000477513
0.000296624
0.000545099
0.00483882
1.60822e-05
0.000467198
0.000768889
0.00041562
0.000130812
0.000764815
0.00055549
0.000491661
0.000778817
0.000707352
0.000105698
0.025784
0.000347359
0.000535292
0.00156742
0.00113429
0.000959892
2.37295e-05
0.000302451
0.00102511
0.00055676
0.000798998
0.000865042
0.000588078
0.0016069
0.000986784
0.000315094
0.000823011
0.000291394
0.00020858
0.00122038
0.000575767
0.000684151
0.00218152
0.000788825
0.00217835
0.000645276
0.00100253
0.00129618
0.0013548
0.000315547
0.00250841
0.000373292
0.000433622
0.000763267
0.000584764
0.169039
0.000613464
0.000810669
0.0001807
0.00157663
0.000630996
0.0119509
0.000407826
0.00071456
0.000555087
0.000160796
0.000333327
0.000345197
0.000539264
0.000456995
0.00046508
0.000388512
0.00291383
0.000408043
0.0116191
0.000191455
0.000432175
0.000423866
0.000916975
0.000506904
0.000593588
0.000651208
0.000518939
0.00060449
0.00050689
0.000903932
0.000779028
0.000465131
0.00157444
0.00041003
0.000578098
0.000305792
0.000467504
0.000397305
0.000450191
0.000672714
0.00114469
0.000329155
0.000184754
0.000386316
0.00093507
0.000895066
0.000488215
0.000400822
0.00125975
0.000562062
0.000582053
0.000435987
0.000562851
0.000489116
0.000532934
0.000344327
0.000404956
0.000395428
0.000727467
0.00138965
0.000466174
0.000471586
0.000542133
0.000383171
0.000508298
0.000669813
0.000453145
0.000335521
0.00230707
0.0002488
0.000495304
0.00011411
0.000846153
0.000199509
0.000541193
0.000405659
0.000194341
0.000988028
0.000394557
0.000896386
0.000649027
0.000157909
0.000498856
0.000481794
0.000325869
0.000306968
0.000404274
0.000343278
0.000334704
0.000619131
0.000356072
0.000482865
0.00150543
0.000310037
0.000733631
0.000559533
0.000349081
0.000446366
0.000797752
0.000390231
0.000355392
0.000446022
0.000515568
0.00104382
0.00103176
0.000843188
0.000797531
0.000713424
0.000287778
0.000632448
0.000823591
0.00054705
0.000329013
0.00101512
0.000414578
0.000480051
0.000757587
0.000368364
0.00015781
0.000618422
0.000167396
0.000782656
0.000818701
0.000582101
0.000160745
0.0028523
0.000324378
0.00042047
0.000300436
0.000476148
0.000300683
0.000795695
0.000240457
0.013486
0.000668606
0.000906495
0.000460798
0.000587459
9.46586e-05
0.000700606
0.000300452
0.00238122
0.00095335
0.000462763
0.000410704
0.000592703
0.000418358
0.00045479
0.000541984
0.0122022
0.0152019
0.00134523
0.000275101
0.00160527
0.000588478
0.000358189
0.000454211
0.000230494
0.000701968
0.000155076
0.000439607
0.000380714
0.000492314
0.00040283
0.00076699
0.00676989
0.000620451
0.000494818
0.000485348
0.000317477
0.00167638
0.000558714
0.000661379
0.000670641
0.000727025
0.000826657
0.000987756
0.000407434
0.000510228
0.000571637
0.00544821
0.000542681
0.000938133
0.000186377
0.0016858
0.000547914
0.000625559
0.00096745
0.000443512
0.00033429
0.000159792
0.000444754
0.00386926
8.57556e-05
0.000764288
0.00245884
0.000261638
0.000617842
0.000280473
0.000331452
0.000497835
0.000378674
0.000548509
0.0153789
0.000589317
0.000793932
0.000710187
0.000673156
0.000282062
0.000369583
0.000948123
0.000525578
0.000424464
0.00135572
0.000547699
0.000194855
0.000501684
0.00041416
0.00017735
0.000383482
0.000405511
0.000584589
0.000307702
0.000511045
0.000312352
0.000929637
0.000408754
0.000164536
0.000717926
0.000532594
0.000608887
0.000685182
0.00104515
0.00542854
0.000726184
0.000312355
0.000500279
0.000478012
0.000741864
0.0036059
0.00421493
0.0006395
0.0028974
0.000691261
0.000195744
0.000596566
0.000793551
0.00104272
0.000451022
0.000482622
0.000403584
0.000330595
0.00103786
0.0224144
0.000333183
0.000498418
0.000558464
0.000715458
0.164721
0.000327986
0.000365404
0.000379495
0.000617789
0.000752696
0.000278044
0.000465768
0.000188493
0.000281498
0.000343378
0.000409798
0.000328836
0.000512498
0.000631367
0.000458291
0.000123795
0.000340964
0.000584662
0.000346067
0.000814231
0.000637602
0.000467481
0.000814183
0.000765573
0.000255976
0.000177729
0.000724912
0.000574941
0.000523983
2.29031e-05
0.00133987
0.000401303
0.00103856
0.000641641
0.0011069
0.000494439
0.000480061
0.000224783
0.000723606
0.000579373
0.000527957
0.000286617
0.000171807
0.0012369
0.000485506
0.000329094
0.000840028
0.00495293
0.000124808
0.000302813
0.000497635
0.00115503
0.000218969
0.000348798
0.000543497
0.000505896
0.000884089
0.000321088
0.000653688
0.000741137
0.00071263
0.000599279
0.00053942
0.000155587
0.000450859
0.000373565
0.00162742
0.000382213
0.000270293
0.00066591
0.000672924
0.00078215
0.000285339
0.000586574
0.000212265
0.000482926
0.00517984
0.000786093
0.000843237
0.0006206
0.000665177
0.000393802
0.000443903
0.000643591
0.000329509
0.000791104
0.000714899
0.000476548
0.000478336
0.00033298
0.000367502
0.000257198
0.000177825
0.000490092
0.000795673
0.000426553
0.000936586
0.000462887
0.00144505
0.000875579
0.000653273
0.000577042
0.000702132
0.000304971
0.000844637
0.000507204
0.00027348
0.000596899
0.000223287
0.000353079
0.000343844
7.47331e-05
0.000367172
0.000407506
0.000703157
0.000388246
0.00035298
0.000756664
0.000523745
0.000472271
0.00038905
0.000392562
0.000336714
0.000557409
0.00030136
0.000181082
0.000476772
0.000501485
0.000118279
0.000594148
0.000308656
0.000600402
0.000104101
0.000156523
0.0021556
0.000437218
0.000497956
0.000319994
0.000260989
0.000871135
0.000695027
0.00321994
0.00053365
0.000385204
0.000627141
0.00360064
0.000422958
0.000385056
0.000201503
0.000539273
0.00088217
0.00154051
0.000608782
0.000974346
0.000505659
0.00156356
0.000494138
0.000421
0.000363574
0.000706113
0.000486462
0.000507116
0.0011546
0.000544689
0.000391437
0.00030059
0.000426384
0.000282379
0.000500734
0.000192959
0.00031329
5.80213e-05
0.000539154
0.000234488
0.000309873
0.00053964
0.000402615
0.00039386
0.000220442
0.000317528
0.000509297
0.000136801
0.000438735
0.000433087
0.000530585
0.000306707
0.000319595
0.000877319
0.000587511
0.000415668
0.00045324
0.000316922
0.00110967
0.00132946
0.00040506
0.000378173
0.000590003
0.000344574
0.000215739
0.000388999
0.000389164
0.0001667
0.000537179
0.000478876
0.000704503
0.000563934
0.000863868
0.000817182
0.000516629
0.000526239
0.000531356
0.000487419
0.000491666
0.000728541
0.00048496
0.00147212
0.000675834
0.000457294
0.000188437
0.000331896
0.00172181
0.000567279
0.000600281
0.00456169
0.000645324
0.000568457
0.00031609
0.000403425
0.000368794
0.00136547
0.000899028
0.000554845
0.000493604
0.000446477
0.000381441
0.000598129
0.000670659
0.00103739
0.00071802
0.000900005
0.000414398
0.000205285
0.00048843
0.000797443
0.000366821
0.000434973
0.000433102
0.000475379
0.000420629
0.000828494
0.00244697
0.0190001
0.000127974
0.00036178
0.000281964
0.000671154
0.000423378
0.000172152
0.000503909
0.000664711
0.000980585
0.00114075
0.000211483
0.000441903
0.00931956
0.00105949
0.000355571
0.000458324
0.000757403
0.000818296
0.00524744
0.000407433
0.00021451
8.92241e-05
0.00135814
0.00114171
0.000443872
0.000674291
9.87275e-05
0.00144534
0.000448709
0.000395692
0.0233673
0.00106422
0.000646522
0.00097818
0.00057479
0.0027156
0.00052883
0.000420805
0.00059701
0.000628793
0.000264331
0.000554608
0.000643326
0.00130222
0.000439063
0.000456939
0.000243394
0.000743713
0.000252037
0.000631405
0.00113209
0.000113441
0.000507213
0.000626835
0.000572805
0.000434434
0.000758908
0.000733592
0.00106425
0.00132998
0.00165397
0.000879873
0.000601157
0.000930091
0.000456051
0.000398952
0.000292826
0.000416413
0.000396319
0.00151186
0.000414882
0.000958681
0.000334808
0.000782354
0.000463459
0.000868291
0.000294846
0.000729666
0.00126808
0.00102501
0.000288982
0.000282656
0.00121747
0.000150979
0.000209819
0.000285899
0.000264224
0.000803325
0.000586149
0.00323774
0.000276951
0.000359086
0.00171735
0.000278216
0.000561831
0.000153817
0.000285687
0.00124324
0.000583759
0.000546658
0.0005809
0.000828723
0.000296831
0.000156424
9.7236e-05
0.000892159
0.000297769
0.000521864
0.000582655
0.00025146
0.000337838
0.000626563
0.000291332
0.000445009
0.000747636
0.000518182
0.00170094
0.000545978
0.000190625
0.000252232
0.000529579
0.00052827
0.000601826
0.000369019
0.000591754
0.000213502
0.000348079
0.000263348
0.000651159
0.000385264
0.000171017
0.000425406
0.000468467
0.000717799
0.000520887
1.88695e-05
0.000213336
0.000399496
0.000801661
0.000926681
0.000535729
0.000398481
0.000391294
0.000581385
0.000126987
0.000580657
0.00029312
0.000374495
0.000469562
0.00026105
0.000310858
0.000287742
0.00020916
0.000679534
0.000225301
0.000345653
0.000442428
0.000629167
0.00015102
0.00328815
0.000123949
0.000209991
0.000365901
0.000330155
0.000456864
0.000652988
0.000525917
0.0013668
0.000253382
0.000959723
0.000364746
0.000360705
0.000425658
5.35213e-05
0.000517731
0.000848335
0.000654847
1.08328e-05
0.000678316
0.000288174
0.00057137
0.000566395
0.000392472
0.000504225
0.000302261
0.000666721
0.00123528
0.000441381
0.000412235
0.000583143
0.000342061
0.00157263
0.00516295
0.00127728
0.000626034
0.000510485
0.000816423
0.000729859
0.000944072
0.000466455
0.000493592
0.000534058
0.000688069
0.000463154
0.000126071
0.000190409
0.000301684
0.000474722
0.000512001
8.18047e-05
0.000541142
0.000432464
0.00262623
0.000266565
0.000629073
0.000577085
0.000600283
0.00093137
0.000429034
0.000310015
0.000337915
0.000729479
0.000427501
0.000895887
0.000672418
0.000341421
0.000447689
0.000705659
0.000237079
0.00600353
0.00103296
0.000358683
0.00155736
0.000315183
0.000251288
0.000343481
0.000527129
0.000640706
0.00131014
0.00052697
0.000710621
0.000421655
0.000320053
0.000512997
0.000998156
0.0180924
5.89675e-05
0.000597407
0.00303332
0.000470095
0.000377169
0.000734712
0.000527705
0.000528151
0.000301575
0.000303912
0.00459412
8.86193e-05
0.000887449
0.000883078
0.000990027
0.000376694
0.000441999
0.000694702
0.000533618
0.000548699
0.000744961
0.000417763
0.0009406
0.000452262
0.000708805
0.000278682
0.000176798
0.000344697
0.000992759
0.000695346
0.00055032
0.000952652
0.00150257
0.000381064
0.000612671
0.00038612
0.000875691
0.00126294
0.00389047
0.000333614
0.000965595
0.000721133
0.000278272
0.0010664
0.00033692
0.000505571
0.000610226
0.000591593
0.000470871
0.000870941
0.00060477
0.000348346
0.00134484
0.000545855
0.000192486
0.000673043
0.000181696
0.000775177
0.000142719
0.000203178
0.000432202
0.000278877
0.000675305
0.000507171
0.000551085
0.000576254
0.00123433
0.000994257
0.000286768
0.000764822
0.000305726
0.000332314
0.000529646
0.000660001
0.00125955
0.000438067
0.000445187
0.000916913
0.000299883
0.00153515
0.000543556
0.000413374
0.00025183
0.00200917
0.00116991
0.000319126
0.000553286
0.00141167
0.000961997
0.000395496
0.000502039
0.000494522
6.87282e-05
0.000477597
0.000613828
0.000911185
0.000797829
0.000352459
0.000128704
0.00151913
0.000401493
