0.000160889
1.30187e-05
0.000183429
7.54143e-05
0.00013687
0.000139899
0.000270538
0.000175228
0.00023434
0.00239863
6.95871e-05
3.12739e-05
9.72065e-05
0.000128323
3.54194e-05
8.12781e-05
1.24466e-05
0.000143571
0.000114761
0.000143054
5.50093e-05
5.952e-05
3.57035e-05
0.000192446
0.000414741
0.000141815
8.53832e-05
0.00011298
3.58503e-05
1.07812e-05
7.57019e-05
0.000211465
0.000102233
0.00021669
0.000209337
0.000215137
9.52353e-05
0.000126385
5.95471e-05
0.000258327
0.000160674
0.000130086
0.000223374
0.000241414
9.45426e-05
0.000215491
0.000100636
2.59768e-05
0.000136516
1.6467e-05
5.15094e-05
0.000111577
0.000647239
8.72785e-05
5.685e-05
0.000151006
0.000195491
0.000113036
7.49789e-05
0.000120977
0.000439852
0.00023506
0.000141472
0.000160478
6.93877e-05
5.84146e-05
9.37474e-05
0.000112174
0.000109122
0.000116029
0.000383426
0.000467744
0.000266955
0.000211126
0.000186969
0.00012396
0.000235052
0.000213811
6.00083e-05
0.000488184
8.98721e-05
0.000168915
0.00182591
0.000206336
0
0.000306961
5.98057e-05
4.4754e-05
0.000576914
5.17655e-05
0.000135856
0
0.000190355
6.60948e-05
0.000144423
0.000169038
0.000154662
7.34474e-05
0.000204888
0.000667855
7.74573e-05
0.000691441
0.000671167
0.000191134
0.000172474
8.30848e-05
0.000118132
0.000156394
0.000266886
8.65535e-05
0.000188812
0.000323555
0.000128711
0.000208898
0.000117222
0.000222941
0.000548877
0.00012048
7.98585e-05
0.000271782
0.000478956
0.000109981
2.68811e-05
7.19753e-05
8.8621e-05
0.00023789
0.000130776
0.000137106
0.0010725
0.000262461
0.0001533
4.95787e-05
9.27863e-05
0.000136771
0.000590672
9.89501e-05
5.57713e-05
0.000213828
3.9426e-05
0.000129137
0.000125289
0.000278671
0.000109764
0.00614671
8.92822e-05
8.5683e-05
5.63469e-05
8.47594e-05
0.000554422
0.000384741
0.000214668
0.00055358
0.000257307
0.000147901
0.000169319
7.314e-06
0.00010503
0.000300906
0.000273732
0.000117166
0.00169249
0.000105676
0.000108015
8.65392e-05
0.000118571
0.000236189
8.18525e-05
0.000306282
0.000157047
0.000101851
0.000109246
0.000163594
7.62766e-05
0.00118914
0.000122192
6.66322e-05
0.000194533
0.000249208
8.73261e-05
2.98201e-05
0.000275779
0.000111027
0.00031092
0.000166379
0.000399865
0.000207404
0.000155113
0.000260074
0.000238215
0.000156814
0.000219824
0.000128879
0.000104354
0.000203396
0.000300592
1.43192e-05
0.000174275
0.000636387
0.00105887
0.000168478
0.000296497
9.97187e-05
0.000292977
3.73678e-05
0.000135246
8.53588e-05
0.00119919
0.000211539
0.000108198
0.000132111
0.000106366
4.66017e-05
0.000287973
0.000121643
0.000168916
4.96582e-05
0.000283412
0.000120187
3.13561e-05
8.4419e-05
0.000193964
0.000122517
0.000305924
6.57047e-05
0.00010051
0.000867544
4.52349e-05
0.000244964
0.000196935
0
7.10057e-05
0.000201424
0.000121166
1.47794e-05
4.39543e-05
0.000643687
0.000238478
2.12714e-05
0.000133401
0.000184132
9.26858e-05
1.00886e-05
0.00138758
3.0594e-05
0.000403866
0.000265769
0.000467219
0.000194382
3.11292e-05
5.54719e-05
0.000892688
0.000133787
0.00139905
0.000160553
0.000116304
0.000156963
0.000388969
0.000205432
0.000612715
5.86183e-05
0.000335023
0.000195036
0.000557349
8.15072e-05
0.000230776
7.57456e-05
3.04229e-05
0.0124896
0.000544746
8.86701e-05
0.000177377
0.00037977
0.000128767
0.00022509
1.09834e-05
0.000132825
2.76476e-05
0.000140756
0.000158898
0.000107301
0.000334706
0.000155536
0.000136538
0.000219164
0.000147082
0.000238852
0.0003795
4.10212e-05
0.000961414
0.000123277
0.000100017
7.58216e-05
5.76571e-05
0.000137676
0.00069313
0.000244589
0.000200044
9.44457e-05
0.000434376
0.000157387
0.0001181
0.000185568
5.23057e-05
0.000291027
0.000567319
0.000126467
0.000237222
0.00027481
0.000121607
0.00013271
0.000355619
3.30505e-05
0.000263809
8.99621e-05
0.000114141
0.00210786
0.000245678
0.000132344
0.000301234
0.000212556
0.000193467
7.25259e-05
8.49872e-05
0.000131074
0.000124739
0.00087036
0.000335981
0.000175091
0.000438971
0.000600018
6.00873e-05
0.000483436
0.00045238
0.000113893
8.28876e-05
0.000121276
0.000123334
5.67417e-05
0.000171165
0.000398526
0.000247276
0.000110738
0.000312514
0.00201355
0.000146762
4.2931e-05
0.000646855
7.13461e-05
4.72981e-05
0.000201045
0.000157595
0.00459222
0.000123105
3.0556e-05
0.00028177
6.75788e-05
0.00175872
0.000163814
0.00013119
5.75724e-05
0.000298775
0.000245444
0.000557573
0.000291983
0.000131078
0.000145681
8.12519e-05
0.000135177
0.000175193
9.29406e-05
9.90823e-05
0.000530721
0.000233623
0.000414262
0.000462935
0.000558858
0.00172132
0.000169464
0.000141714
0.000176518
0.000271617
7.23596e-05
0.000186244
0.000205724
5.72631e-05
8.28031e-05
6.50841e-05
0.00024169
0.000194018
8.01394e-05
0.000130067
0.000292235
0.000340213
0.000261967
7.95743e-05
6.38835e-05
0.00013298
0.000109982
4.68537e-05
0.000378619
0.000212814
0.000126551
0.000164282
0.000220489
0.000185477
0.00016732
0.0001531
9.57353e-05
4.10524e-05
0.000173911
0.000264351
0.000188487
0.000496749
0.000288271
6.30084e-05
5.70844e-05
5.2633e-05
3.21829e-05
2.4085e-05
0.000124301
9.4476e-05
0.000301464
0.00011205
0.000354559
8.92559e-05
6.3642e-05
4.2577e-05
0.000490106
0.000547832
6.65419e-05
0.000155181
0.000333898
1.92024e-05
9.09592e-05
0.00013912
9.58213e-05
0.000143843
5.92135e-05
0.0102818
9.94432e-05
0.000173113
7.79078e-05
1.29055e-05
0.00018675
0.00037573
9.22042e-05
7.54757e-05
2.75801e-05
0.000226481
0.000127743
5.49601e-05
6.31073e-05
8.1472e-05
0.000449845
9.44746e-05
4.94368e-05
0.000448365
0.000193017
0.000155462
0.000191219
1.71112e-05
9.1739e-05
0.000188964
0.00025277
0.000145897
0.00034547
0.000143418
0.000158158
0.000143193
0.000137352
0.000226222
0.000243571
0.000170001
0.000248332
0.000163437
0.000241246
0.00017941
2.90097e-05
0.000130015
0.000158704
0.000108288
2.57197e-05
0.00160382
3.00251e-05
0.000161525
5.13541e-06
0.000199096
0.000141117
0.000222885
0.000338191
0.000382245
0.000204777
0.000155844
0.000227893
0.000235502
0.000424991
0.000301847
0.000149418
0.000294671
3.84234e-05
0.000138823
0.000224148
0.000106554
0.000145681
0.000128891
0.000240749
7.35729e-05
0.00025964
5.3566e-05
0.000268107
0.000359497
0.000308719
6.01689e-05
4.72575e-05
0.000151512
0.00016022
0.000140316
7.93748e-05
0.000181272
0.000301953
0.000194848
0.000179225
0.000238231
0.00013848
0.000311207
1.05912e-05
0.000173031
4.5088e-05
0.000149464
4.14997e-05
6.42573e-05
1.25249e-05
4.01776e-05
6.70796e-05
4.82426e-05
1.5102e-05
8.76522e-05
0.000416654
7.63062e-05
0.000160904
0.000115993
0.000463185
5.28587e-05
0.000190447
0.00016111
0.000114501
5.86392e-05
0.000258005
0.000329021
0.000277005
0.000302656
5.36118e-05
0.000115809
0.00171225
0.000129879
0.000140574
0.0003392
0.000145438
0.000205654
7.03551e-05
3.97253e-05
0.000138438
0.00010838
0.000259772
0.000342121
0.00014319
8.18082e-05
0.000285019
0.000147188
0.000548885
1.29115e-05
0.000155026
0.000100906
0.000148233
0.000128535
0.000500123
0.000198004
0.000101737
8.7893e-05
0.000218806
0.000190112
0.000250802
0.000128301
0.00011785
6.74056e-05
8.59351e-05
0.000584763
1.10119e-05
0.000141367
0.000437898
0.000102717
0.00042139
0.00012289
4.99613e-05
0.000130965
0.000119842
5.28358e-05
0.000208535
5.86595e-05
0.000247358
0.000178643
0.000656133
0.000119373
0.00018357
6.23669e-05
0.000289284
0.000259855
0.000930916
0.000305811
0.000454928
0.000150151
0.000230345
0.000555989
0.00020356
7.02723e-05
0.000158901
3.04004e-05
0.000123124
0.000371537
4.17395e-05
0.000166509
0.00296192
8.21717e-05
8.83433e-05
0
0.000140693
0.000132294
0.000155942
0.000176389
0.000293269
6.86768e-05
5.58084e-05
0.000172524
0.000103649
0.000534064
0.000157622
0.000195909
9.14983e-05
0.000140554
0.000170285
0.000103613
4.11661e-05
6.27425e-05
0.00383461
0.000180073
0.000142018
0.000151818
0.000127493
0.000297129
0.000106734
3.83139e-06
0.000102252
7.49354e-05
4.89874e-05
1.13087e-05
3.12619e-05
4.76405e-05
0.000435125
0.00013577
0.000375934
0.000260016
0.00102767
0.000184551
0.000214117
0.000240049
8.48169e-05
0.000446293
6.97089e-05
9.98346e-05
0.000237596
