0.000331403
0.000361382
9.26672e-05
0.00300114
0.000233952
0.00025025
0.000149717
0.000158374
0.000290335
0.00046211
0.00014477
0.00030396
0.000306833
0.000135445
0.000504751
0.000264321
7.22285e-05
0.000334775
6.32735e-05
0.000496925
0.000226479
0.000217028
0.000457842
0.00094363
0.000608389
0.000234674
0.000871626
0.000158566
0.000205841
0.000275933
0.00108475
0.00346164
0.00012047
0.00125693
0.000199732
0.000309689
0.000186992
0.000347971
0.00054778
0.000191573
0.000317012
0.000419421
0.000679384
0.000322551
0.000132362
0.000520592
0.000619768
0.000906314
0.000191586
0.000875412
0.000232412
0.000200725
0.000252273
0.000260221
0.000241877
0.000614606
4.14902e-05
0.000473224
0.000152986
0.000903014
0.000427928
0.00016765
0.000267066
0.000529762
0.000392438
0.000606066
0.000393466
0.000376776
0.000180147
0.000394222
0.000354559
9.78535e-05
0.000520929
0.00059336
0.000461819
0.000210527
0.000359888
0.000506227
0.000286963
9.16669e-05
0.000297965
0.00048924
0.000385018
0.000467915
0.000432722
0.000450814
0.000346059
0.000124262
0.000654843
0.000113345
0.000248175
0.000214803
0.000569409
0.00107446
0.000178371
0.000189724
6.35515e-05
0.00132514
0.000845204
0.000725591
0.00209683
0.000334812
0.00030673
0.000261629
0.000127887
0.000423456
0.000431049
0.000420358
0.000279274
0.000290933
0.000357029
0.000427735
0.000367607
0.000175148
0.000139608
0.00195286
0.000144976
0.00017611
0.000753405
0.000824132
0.000446692
0.000272831
0.000443204
0.000380396
0.000248059
0.000301773
0.00137152
0.000206872
0.000625009
0.000635169
0.000418081
0.000197188
0.000236623
0.000476644
5.36032e-05
0.00033093
0.000726928
0.000248247
0.000287902
0.000195517
0.00695319
0.00036863
0.000352114
0.000269137
0.000290051
0.0012224
0.000238214
0.000377603
0.000209181
0.00139465
0.000111886
3.1362e-05
0.00484616
0.000269596
0.000791597
0.00101467
0.000421428
0.000565739
0.000311792
0.000139006
0.000416661
0.000118862
0.000252316
0.000311963
0.000328564
8.50627e-05
0.000330436
0.00111933
0.000529389
0.000132716
0.000696134
0.000436263
0.000253461
0.000336117
0.000376726
0.000264103
0.000283556
0.000345789
0.000636491
0.000245267
0.000308904
0.000363198
0.000428312
0.000240658
0.00039839
0.000296779
0.000203885
0.000201013
0.00052862
0.00119502
7.37006e-05
0.000192923
0.000541444
0.00020182
0.000244969
0.000299941
0.00116531
0.000355463
0.000944623
6.36951e-05
0.000237779
0.000586813
0.00020305
0.00027358
0.000402489
0.000564736
0.000334118
0.000196917
0.00034712
0.000167664
0.0110398
0.00113733
0.00033557
0.000576604
0.000440763
0.000430621
0.000195938
8.01094e-05
0.000534014
0.000565125
0.00208251
0.000200759
0.000976041
0.00044374
0.000355732
9.6695e-05
0.000273613
0.000362448
0.000333332
0.000186431
0.000409002
0.000907204
0.000689256
0.00224995
0.00017898
0.000358806
0.00295334
9.80241e-05
0.000366331
0.000972686
0.000282605
0.000310116
0.000589335
0.000504341
0.000287895
0.000337789
0.0009026
0.000152275
0.000329514
0.00115831
0.000949693
0.00021284
0.000955316
0.000487703
0.000468089
0.000221749
0.000593899
0.000198729
0.0208857
0.00374272
0.000471142
0.000395732
0.000295825
0.000524977
0.000453328
0.00086195
0.000231676
0.000314819
0.000366043
0.00144686
0.000204366
0.000404447
4.08867e-05
3.79502e-05
0.000281636
0.000581156
0.000421468
0.000384979
0.000332269
0.000566604
0.00067698
0.000181597
0.00037727
0
0.000299143
0.000473641
0.000351617
0.000287921
0.000121892
0.000188871
0.00103594
0.000987435
0.000406227
0.000155402
0.00136682
0.000263645
0.000204503
0.00103537
0.000459333
0.000567356
7.8028e-05
0.000649434
0.00112662
0.000557674
0.000463986
0.000231607
0.000132753
4.77149e-05
0.000316172
0.000377347
0.000304274
0.000442888
7.16775e-05
0.000267498
0.000409186
1.05319e-05
0.000670434
0.000267529
0.000223698
0.000518666
0.000564869
0.000827298
0.000298709
0.000245713
0.00037567
0.000468523
0.000185863
0.000335523
0.000225156
0.000628717
0.000388494
0.00364483
0.000227731
0.000595417
0.000441725
0.000118763
0.000646672
0.000351169
0.000127824
0.000339615
0.000252252
0.000213508
0.000988105
0.000169283
0.000288376
0.000428247
0.000441616
8.50051e-05
0.00024653
0.000977017
0.00068819
0.000551082
0.000113656
0.000465666
0.0011219
0.000653971
0.000402765
0.000435534
0.000440488
0.000728193
0.000250196
0.000391365
0.000101549
0.000384108
0.000180609
0.000254932
0.000469165
0.000174823
0.000321162
0.000208921
0.00033561
0.000455149
0.000370848
0.00046413
0.000296419
0.000412727
0.000293328
0.000915317
0.00131203
0.00173959
0.0054778
0.000377495
0.000328828
0.0001578
0.000663419
0.000613124
0.000112561
0.000949091
0.000274967
0.000236356
0.000510491
0.000296719
0.000295892
0.000462167
0.000377173
0.000737057
0.000175122
0.000576579
0.000273487
0.0140957
0.000310914
0.000756638
0.000285561
0.000470906
0.000312862
0.000310859
0.000572572
0.000369186
0.000462876
0.000545996
0.000439163
0.000157556
8.41204e-05
0.000267853
0.000811219
0.000476596
0.00041892
0.000749198
0.000304483
0.000369742
0
0.000204686
0.000219668
0.00876496
0.000110724
0.000430035
0.00028398
0.000405466
0.000330689
0.000336939
0.000243868
0.00012515
0.000480276
0.000419284
0.000159278
0.000193077
0.000441797
0.000202681
0.000344064
0.000100338
0.000455139
0.000369871
0.00025847
0.000395243
7.71239e-05
0.000200988
0.000208781
0.000150161
0.000144425
0.000858686
0.000429636
0.000662837
0.000246253
0.00022674
0.000221667
0.00237322
0.000241589
0.000346007
9.14517e-05
0.000204554
0.00036216
0.00149923
0.000368272
0.000700188
0.000946803
0.000249092
0.00163048
0.000385877
0.000285833
0.000194814
9.49737e-05
0.000272775
0.000347114
0.000566569
0.000351052
0.000365071
0.000378172
0.000529178
0.000321126
0.000188983
0.000625124
0.00461792
0.00100383
0.000315047
0.000350797
0.000378184
0.00125054
0.000399032
0.000828876
0.000744314
0.00354152
0.000775782
0.000532939
0.000419847
0.000542558
0.000387274
0.000714419
0.000707042
0.000106496
0.000181739
0.000559042
0.000277849
0.00017201
0.000278804
0.0002898
0.000415185
0.000393745
0.000298307
0.000798162
0.000201636
0.000180666
0.000188787
0.000552847
0.000150385
0.00015459
0.000212089
0.000126474
0.000310991
0.000200684
0.000119395
0.000288006
0.000426756
0.00045189
0.000821854
0.000724702
6.86725e-05
0.000456657
0.000207865
0.000301345
0.000576549
0.000270831
0.00100406
0.000427053
0.000408712
0.000189171
0.000226302
0.000278709
0.000671334
0.000346444
0.000340917
0.000276133
0.000303728
0.00051255
0.000507277
0.000200562
0.00140052
0.000187611
0.000983144
0.00024266
0.000320945
0.000117146
0.000279291
0.00017225
0.000660584
0.000849399
0.000467788
0.000386093
0.000241693
0.00022854
8.70085e-05
0.000432457
0.000501732
0.000905666
0.000536325
0.00109052
0.000221402
0.000272893
0.000310329
0.000139282
0.000428894
0.000266344
0.000297029
0.000315859
0.000711773
0.000687886
0.000391874
0.000325406
0.000537574
0.000265899
0.000440051
0.000182072
0.00109964
0.000542163
0.000169393
2.41197e-05
0.000651453
0.00031048
0.000753284
0.00050861
0.000377365
0.000889166
0.000579646
0.000317477
0.000170397
0.000165487
0.000123063
0.00151083
0.000133388
0.000117188
0.00024631
0.000331714
0.000983677
0.000426377
0.000456548
0.000450053
0.000435114
0.000501406
0.000425617
0.000180567
0.00355843
0.00167382
0.000301053
0.000774515
0.000471466
0.000245078
0.000338268
0.00547037
0.000124997
0.00012124
0.000617984
0.000191273
0.000322937
0.00034144
0.000124882
0.000395734
0.000250051
0.000388324
0.000854757
0.0116787
0.00017503
0.000641598
8.4175e-05
0.00010343
0.000220657
0.000408773
0.0146571
0.000164385
0.000368287
0.00053675
0.000242725
0.000440439
0.00151012
0.000351717
0.000524373
0.0032066
0.000219997
0.000310619
0.000498978
0.00118276
0.000362608
0.000440264
0.000390509
0.000433076
0.000214921
0.000141905
0.000199795
0.000254881
0.000119799
0.000377373
0.00020534
0.000178362
0.000130541
0.000229713
0.000282635
0.000181775
0.00101924
0.000176607
0.000344243
0.000177248
0.000866923
0.000969187
0.000245017
0.000154212
0.000619752
0.000460602
0.000171439
0.000232376
0.00055895
0.00092386
0.000200816
0.000420356
0.00216573
0.000392987
0.000218738
0.000278452
0.000561948
0.00130966
0.000113698
0.000472868
0.000178631
0.000201031
0.000631556
0.000447625
0.00166947
0.000299107
0.000216287
0.000334893
0.000373599
0.000168722
0.000159465
0.000813292
0.000181033
0.000260813
0.00078423
0.00124689
0.0202827
0.000474227
0.000309228
0.000380254
0.00106139
0.000192162
0.000357494
0.014864
0.000535248
0.000412966
0.000461006
0.0002766
0.000245181
0.000424895
0.000499981
0.000175819
0.000392351
0.000206868
0.000462366
0.000472872
0.000367913
0.000606348
0.000336582
0.000155211
0.000292078
8.92135e-05
0.000240518
0.000340791
0.000422521
6.42811e-05
0.000201439
0.000320324
0.000269023
0.000504048
0.000655534
0.000159705
0.000269893
0.000594435
0.00486329
0.000329542
0.000363135
0.000132329
0.000290674
0.000194602
0.000632923
0.00026239
0.000227491
0.000115438
0.000213471
9.51107e-05
0.00025987
0.000803191
0.000564494
0.000305796
0.000157887
0.00373496
0.000580326
0.000258603
0.000906337
0.000359789
8.37477e-05
0.000772871
0.000418238
0.000372399
0.000269668
0.000112071
0.000345041
0.000272888
0.000345348
0.000282849
0.000174415
9.63306e-05
0.000214724
0.000256354
0.000454146
0.000780517
0.000695459
4.73705e-05
0.000989895
0.000495382
0.000105958
0.000808063
0.000148226
0.00153982
0.000395783
0.00293619
0.000187787
0.000157477
0.000103568
0.000131108
0.000658163
0.00017918
0.000308213
0.000773389
0.0374417
0.000464725
0.000455186
0.00027408
0.00041835
0.00032713
0.000120871
0.00253685
0.000523576
0.000380604
0.000727911
0.00274065
0.00087719
0.000130086
0.000347685
0.000618615
0.000304228
0.000544638
0.000507192
0.000336182
0.000783677
0.000370253
0.000720615
0.000316786
0.000495368
0.000885373
0.00185688
0.000152051
0.000462357
0.00033247
5.048e-05
0.000253424
0.000320673
0.00034788
0.000343699
0.00115391
0.000167796
0.000457886
0.00033353
0.000418872
0.00103127
0.000529962
0.000836354
0.00113823
0.000350967
0.000357911
0.000644438
0.000794471
0.000346958
0.000350994
0.000265609
0.000257689
0.00184005
0.00086287
0.000339882
0.000351992
0.000253977
0.000424525
0.00171166
0.000628135
0.00171857
0.000208352
0.000224988
0.000182102
0.000128109
0.000337857
0.000443666
0.000316154
0.000336601
0.000299925
0.000273601
0.000562195
0.00222654
0.000780111
0.000630899
0.000488226
0.00032413
0.000105906
0.000756427
0.000923865
0.000295068
0.000123047
0.000407598
0.000336582
0.000685784
0.000432672
0.000261172
0.000555589
7.62677e-05
0.00100374
0.000226698
0.000566069
0.000337322
0.00014141
0.000259056
0.000492041
0.0185097
0.000449373
0.00150898
0.000725077
0.00013059
0.000615063
0.00017471
0.00112558
0.000382455
0.000345394
0.00338805
0.000305032
0.000602464
0.000612469
0.000328547
0.000200234
0.000216015
0.000306557
0.000224315
0.000239653
0.00010658
0.00112418
0.000341303
0.000120116
0.000756413
0.000420466
0.00022065
0.0149968
7.36518e-05
0.000195193
0.000550657
0.000294498
0.0001062
0.00390313
0.000544055
0.000714524
0.000170483
0.000580465
0.00167371
0.00035936
0.000107477
0.000687063
0.000121683
0.000107761
0.000262302
0.000307272
0.000342914
0.000341409
0.000883129
0.000227448
0.000168238
0.000186703
0.000213445
0.000698637
0.000543174
0.000212911
0.000370882
0.000534674
0.000239179
0.000171097
0.000209138
0.000167446
0.0158197
0.000346835
0.000518382
0.000302209
0.00171286
0.000784889
0.000257805
0.000429147
0.000482697
0.000311429
0.000167857
0.0014106
0.000246853
0.00018176
0.000190996
0.000199221
0.000316651
0.000325574
0.00048747
0.000407534
0.000621388
0.000258336
0.000323115
0.000283679
0.000322241
0.00076835
0.000358716
0.000444065
0.000249941
0.000445878
0.000413823
0.000159245
0.000310283
0.00085699
8.75577e-05
0.000249059
0.000252951
0.000149907
0.000255239
0.0196187
0.000385527
0.000698448
0.00024426
0.000226124
0.000607792
0.0174745
0.000398438
0.000603451
0.000319101
0.000432816
0.000407803
0.00267973
0.00027744
0.000445986
0.000609114
0.000353251
0.000202457
0.000387975
0.000556859
0.0136736
0.000200823
0.000539466
0.000829673
0.000444538
0.00056151
0.000340334
0.000587359
0.000185577
0.000595792
0.000529854
0.000259179
5.21647e-05
0.000923864
0.00196951
0.000157974
0.000300657
0.00020119
0.000261808
0.000776067
0.000189291
0.000512654
0.0005504
0.000163454
0.000821917
0.00040562
0.000310436
0.000354281
0.00262134
0.00027914
0.000821225
0.000780024
0.000381024
0.000542297
0.000390747
0.000951787
0.000293598
0.000382444
0.000540215
0.000156789
0.000244964
0.000234421
0.0010014
0.000424401
0.000539396
0.000232091
0.000510758
0.000195172
0.000335103
0.000483204
0.000943748
0.000578033
0.000154662
0.000511847
0.000823815
0.000276662
0.000590274
0.000224164
0.000236754
0.000495998
0.000620812
0.000185013
0.000136773
0.000794513
6.52009e-05
0.000644723
0.00148528
0.000378469
0.000873823
0.00489346
0.000216494
8.67328e-05
0.000465616
0.000251132
0.000190184
0.000179101
0.000457124
0.00031959
0.000450798
0.000151433
0.000254412
0.000500932
0.000422714
0.000296231
0.000164234
0.00080217
0.000269615
0.000578606
0.0011756
0.000238323
0.000437318
0.000663587
0.000289934
0.000591491
0.000272021
0.000122932
0.000149466
0.000385501
0.000170715
0.000339979
0.000142942
0.000503308
0.0001891
0.00311442
0.000315884
0.000966822
0.000281705
0.00132289
0.000477238
0.000956912
0.000519781
0.000441418
0.000370227
0.0382152
0.000740232
0.000475347
0.000116386
0.000160323
0.000516946
0.000441892
0.000344362
0.000177486
0.000384982
0.000151482
0.000106945
0.000327481
0.000310983
0.000207997
0.000295955
0.000606582
0.000332659
0.000835459
0.000515497
1.56948e-05
0.000434751
0.000336085
0.000376499
0.000187484
0.000537766
0.000420104
0.00222806
0.000343159
0.000591969
0.000263681
0.000660782
0.000639669
0.000376179
0.000180516
0.000287859
0.000245851
0.000212781
0.000369574
0.000623696
0.000487676
0.000271218
0.000541615
0.00039405
0.000405458
0.000767462
0.000257682
0.000623932
0.00117837
0.000283764
0.000492744
0.000832746
0.000403024
0.000414971
0.000517164
0.000249724
0.000331431
0.000598628
0.00023107
0.000107889
0.00037932
0.000408845
0.000158155
0.00290088
0.00037831
0.000240819
0.000667997
0.000393724
0.000322493
0.00030666
0.000973609
0.000181336
0.00050982
0.000180273
0.00387588
0.000103425
0.000369853
0.000445511
0.00280941
0.000150517
0.000343299
0.0007307
0.000385209
0.000106613
0.000306843
0.000390332
0.000857833
0.000536308
0.00121195
0.000199636
0.000144273
6.49654e-05
0.00016389
0.000302285
0.000332264
0.000353285
0.000195657
0.00017556
0.000543581
0.000351202
8.48532e-05
0.00031868
0.000562084
0.000934237
0.000313285
0.00027459
0.000391433
0.000326354
0.000666446
0.00236278
0.00134052
0.000199621
0.000127981
0.000233368
0.00147385
0.000366602
1.32579e-05
0.000212852
0.000633928
0.0004862
0.000884791
0.000171561
0.000727565
0.000246433
0.000147642
0.000105406
0.000210372
0.000606165
0.000206978
0.000337313
0.000341691
0.00155527
0.00021762
0.00267652
0.000460841
0.000332407
0.000336507
0.000419612
3.34929e-05
0.00102036
0.000899104
0.000473385
0.00035833
8.3535e-05
0.000466322
0.000474238
7.71894e-05
0.000777515
0.000844463
7.25139e-05
0.000466923
0.000247965
0.000142479
0.000308852
0.000207184
0.000448453
0.000660298
0.000330919
0.000174216
0.000372769
0.000120045
0.000166249
0.000816225
0.000334087
0.000208382
0.000618292
0.000318662
0.000575332
0.000110396
0.000256813
0.000342145
0.000339482
0.00136789
0.000416865
0.00228763
0.000294202
0.000993917
0.00215701
0.000576423
0.000314104
0.000206776
0.00082308
0.000527815
0.000432671
0.00173567
0.000432131
0.000512744
0.000450463
0.000397921
0.00039988
0.000320249
0.000479312
0.000465592
0.000223494
0.000206368
0.000166638
0.000135244
0.000394276
0.0013893
0.00023536
0.000203917
5.02082e-05
0.000617076
0.000439202
0.000431947
0.000642251
0.000635079
6.28346e-05
0.000641837
0.000292029
0.00116238
0.000435027
0.000829425
0.000328141
0.000115664
0.000222875
0.000417413
0.00026181
0.00055603
0.000344441
0.0011555
0.000407685
0.000855956
0.000352724
0.000188519
0.000287621
0.00154069
0.000620674
0.000207915
0.000320312
0.000174583
0.000248182
0.000330866
0.000456363
0.00011136
0.000222707
0.00079013
0.000570477
0.000493172
0.000252571
0.000600834
0.000161046
0.000343017
0.000189435
8.33212e-05
0.000346891
0.000178981
0.00073632
0.000187654
0.000166798
0.000207144
0.000706561
0.000240099
0.000457841
0.000347791
0.000413331
0.000944434
0.000987234
0.000292615
0.000476152
0.000341007
0.00359522
0.00040725
0.000106947
0.000449808
0.000206576
0.000148553
4.92518e-05
0.000535813
3.08568e-05
0.00019214
0.000418147
0.00101449
0.00129381
0.000391264
0.00063193
0.000237233
0.00025992
0.00336479
0.000754573
0.0023339
0.0024979
0.000306515
0.000609866
0.000153531
0.000680573
0.000484736
0.000420866
0.000185925
0.00112456
0.000403407
0.000466353
0.000371065
0.00022713
0.000350528
0.000737227
0.000528701
0.000257537
0.000248776
0.000645764
0.000208434
0.000404145
0.000400196
0.000532529
0.000253595
0.00612876
0.000124491
0.000563425
0.000927021
0.000510467
0.00032574
0.000636423
0.000620205
0.000330636
0.000303778
0.000261407
0.000335744
0.000200451
0.000450345
0.00040695
0.000266564
0.00037926
0.000262516
0.000564048
0.000154714
8.67437e-05
0.000225508
0.000319144
0.000156242
0.000326885
0.000752951
0.000348519
0.000474576
0.000679943
0.000313422
0.000213865
0.000285489
0.000114511
0.00028509
0.000774299
0.000279905
0.000522275
0.000338693
0.000331293
0.000311177
0.0002966
0.000438163
0.000196926
0.00023349
0.000475509
0.000376036
0.000278585
0.000387367
0.00151524
0.000273323
0.000652497
0.000119509
0.000267763
0.000512001
0.000184541
0.00103336
0.000359975
0.000318699
0.0008308
0.000367321
0.000237303
0.000112898
0.000676214
0.000237771
0.000217334
0.000173035
0.000375504
0.000620782
0.000387072
0.000251625
0.000330479
0.000335707
0.000290871
0.000470567
0.000186953
9.97966e-05
0.000369668
0.000847186
0.0004624
0.000371297
0.000772422
0.000180872
0.00071754
0.000363742
0.000382161
0.000226778
7.19131e-05
0.00031312
0.0921966
0.000564406
0.000125888
0.00061576
0.000316951
0.000501503
0.00113966
0.000341798
0.000397879
0.00123544
0.000464038
0.000801503
0.000166813
0.000190308
0.000680542
0.000127154
0.000667649
0.000263048
0.00173034
0.000246419
0.000521039
0.000216745
0.000196319
0.000292451
0.000302378
0.000351445
0.000553443
0.000829809
0.00130784
0.000248771
0.000308667
0.000333139
0.000351448
0.000256811
0.00058138
0.000482802
0.000272446
0.000164997
0.000333707
0.00264925
9.16745e-05
0.000316198
0.000267133
0.000699391
7.88964e-05
0.000479926
0.000925288
8.29694e-05
0.00026357
0.0012201
0.000793418
0.000502422
0.000519686
0.000356334
0.00012111
0.000474184
0.000514954
0.000286393
0.000998234
0.000164964
0.000223189
0.000198991
0.000122574
0.000900878
0.000447472
0.000101264
0.000196814
0.000119156
0.00240011
0.000325277
0.000149123
0.000319718
0.0003851
0.000281287
7.26375e-05
0.000482752
0.00028115
0.000360798
0.0006535
0.000156746
0.000335544
0.000202044
0.000423652
5.63032e-05
0.000637509
0.00248301
0.000398653
0.000233789
8.13001e-05
0.000286517
0.000219659
0.0040882
0.000256988
0.00218611
4.87855e-05
0.000187109
0.000493668
0.000196619
0.000283393
0.00222133
0.000283905
0.000196517
0.00115938
9.62402e-05
0.000338794
0.000596398
0.000195905
0.000463972
0.000162612
0.00363926
0.000603612
0.00104476
0.000447871
0.000417409
0.000735659
0.000265963
0.000406759
0.000113167
0.000368547
0.000114697
0.000212014
0.000272811
0.000275265
0.000185196
0.000218389
0.000538382
0.00029752
0.00012442
0.00025775
0.000333827
0.000790819
0.000727846
0.00231619
0.000357835
0.00036211
0.000216585
0.000272222
0.000456023
0.00302687
0.000241423
0.00054506
0.000205141
0.000260694
0.000721246
0.000343596
0.000321557
0.000302575
0.000520571
0.000477636
0.000418815
0.000295015
0.000164553
0.000233713
0.000635138
0.000212101
0.000189758
0.000516141
0.000161273
0.00039351
0.000272041
0.000381692
0.000120879
0.000194913
0.000213354
0.000517101
0.000573563
0.000374923
0.000217911
0.000460133
0.000420087
0.000399599
0.000339249
0.000209557
0.000197262
0.000495135
0.000195339
0.000312608
0.000106359
0.000615281
0.000263601
0.000255044
0.000351263
3.00985e-05
0.000631002
0.00254781
1.03065e-05
0.000336702
0.000264056
0.000307427
0.000336798
0.000282087
0.000414262
0.000914143
0.000488883
0.000428648
9.2307e-05
7.35702e-05
0.000256008
0.00031953
0.000108734
0.00050579
0.000291573
0.000685712
0.000347969
0.000293517
0.000582164
0.0002425
0.00119536
0.000605809
0.00022531
0.000433829
0.000362899
0.000557984
0.000398626
0.000137719
0.000476615
0.000442535
0.000682511
0.000192728
0.000185452
0.00028985
0.000400687
0.00064463
0.00026103
8.55258e-05
0.000150005
0.000182298
0.000268175
0.00144264
0.00042303
0.000598137
0.000603117
0.000355555
0.000107335
8.42048e-05
0.000256143
0.000297253
0.000145122
0.00031942
0.000180362
0.000208163
0.000302518
0.000257314
0.000321988
0.000542008
0.000250103
0.000649371
0.000773628
0.000445304
0.000231915
0.00013014
0.000807395
0.00028558
0.000215556
0.000671017
0.000553337
0.000396919
0.000143931
0.000119457
0.000380154
0.000152506
0.000480821
0.00467385
0.000155081
0.000278455
0.000679711
4.94134e-05
0.000931245
0.000357019
0.000185295
0.00108689
0.00171611
0.00140375
0.00039028
0.000635662
0.000667634
0.00227916
0.000210681
0.000475184
0.000702697
0.000197553
0.000205398
0.000236957
0.000124206
0.000357524
0.000162021
0.000261248
0.000623601
0.000324507
0.000186922
0.000559721
0.000240961
0.000315552
0.000215141
0.000133434
0.000372718
0.000414467
0.000231136
0.000337485
0.00384553
0.000201197
0.000595722
0.000592253
0.0002552
0.000334202
0.000342314
0.000281854
0.000256312
0.000248217
0.000268555
0.000145125
0.0257259
0.000325007
0.000116644
0.000392651
0.00309733
0.000200544
0.00203817
0.000147395
0.000496575
0.019713
0.000466835
0.000291754
0.000231233
0.000375131
0.000454671
0.00180986
0.000626545
0.000315199
0.000364559
0.00140308
0.000583318
0.00155012
0.000500203
0.000478388
0.000519747
0.000587102
0.000416721
0.000398173
0.000384389
0.000238015
0.000813264
0.000718352
0.00037397
0.000238519
0.000491674
0.000939613
0.00178876
0.000243686
0.000345345
0.000537898
0.000206287
0.000311997
0.000619363
0.000459893
0.000758345
0.000497705
0.000833163
0.000439691
0.000342998
0.00132956
2.19952e-05
0.000212625
0.000444616
0.000160873
0.000158276
0.00046021
0.000220171
0.00223864
0.000113484
0.00026237
0.000284631
0.000445824
0.00117424
0.000331922
0.000119806
0.000265012
0.000648379
0.00110869
0.000153751
0.000333105
0.000449647
0.00030122
0.000823172
0.00256055
0.000261275
0.000288745
0.000412035
0.000352287
0.000158477
6.40455e-05
0.000361105
0.000294275
0.000315271
0.00174533
0.00085778
0.000237133
0.000493558
0.000261383
0.000452047
0.00155258
0.000419779
0.000385624
0.000680106
0.000237676
0.000456178
0.000248062
0.000806806
0.00020014
0.000191738
0.000300548
0.000452689
0.00455759
4.37633e-05
0.000266848
0.00112079
0.000108627
0.00137665
0.000133347
0.000400271
0.000310754
0.000318713
0.00134651
0.000327638
0.000198851
0.000249687
0.000252494
0.000631105
0.000371481
0.000431983
0.000376698
0.00116066
0.000311061
0.000197998
0.000767119
0.000785157
0.000289512
0.000603185
0.000250993
0.000227185
0.000230942
0.000416056
0.000469298
0.000564629
0.000616362
0.000299043
0.000215302
0.000274793
0.000186354
0.000359332
0.000634698
0.000540784
0.000236218
0.000340233
0.00117253
0.000123404
0.00117592
0.000275421
0.000435578
0.000158246
0.000381329
0.000288503
0.000468735
0.000517678
0.000737786
0.000857871
0.000378758
0.00061545
0.000705053
0.000224652
0.000374503
0.000408855
0.00046517
0.000215225
0.000957682
0.000346278
0.000154635
0.000480655
0.000287823
0.0017896
0.000192939
0.000427152
0.000633711
0.000252932
0.000283948
0.000390137
0.000950476
0.00027848
0.000326909
0.000154208
0.000481144
0.00196286
0.000169297
4.33618e-05
0.000209806
0.000268249
0.000644217
0.00113762
0.000295288
0.00028676
0.000416026
0.0002859
0.000395547
0.000312869
2.32784e-05
0.00298129
0.000404099
1.4515e-05
0.000336184
1.38701e-05
0.000168054
0.000494567
0.0002774
0.00023178
0.000245538
0.0004419
0.000319879
0.000350671
0.000194761
0.00028465
0.000240724
8.59389e-05
0.000388855
0.000167901
0.00060945
0.00046536
0.00024963
0.000742845
0.00526305
0.000158197
0.000542381
0.000325055
0.000333548
0.00101667
0.000214852
0.000376274
0.000260001
0.000227171
0.000400254
0.000306755
0.000117948
0.000237209
0.000212911
0.000744472
0.000896501
0.000560857
0.000202976
0.000427364
0.000243635
0.000186683
0.000823964
0.000346969
0.000431378
0.000352788
