0.000311962
0.000250664
0.000227181
0.000326681
0.00016808
0.000223564
0.000322337
0.000602069
0.000687854
0.000186542
0.000312763
0.00144771
0.000448366
0.00051962
0.00107437
0.0012899
0.000721744
0.000320879
0.000282599
0.000134019
0.000362465
0.000141584
0.000158408
0.000240571
0.000168433
0.0002864
0.000583191
0.000448641
0.000211252
0.000420484
0.000105937
0.000121904
0.000294547
0.000226829
0.000396059
0.000454563
0.000195308
0.000395456
0.000312825
0.000330418
0.000257188
0.00026978
0.000276677
0.00059137
0.000385198
0.000440474
0.000242267
0.000248969
0.000159032
0.000111054
0.000361367
0.000722709
0.000483656
0.000166784
0.000340644
6.59644e-05
0.000193338
0.00028632
0.000222364
0.00083602
0.000590756
0.00026777
0.00022784
0.000399883
0.000202002
0.000617794
0.000272504
0.000489528
0.000343396
0.000299842
0.0011223
0.000230213
0.000326129
0.000390453
0.00010609
0.000501524
0.001571
0.00166902
0.000109242
0.000377179
0.000288008
0.000148384
0.000206079
0.000180677
0.000367707
0.000228053
0.000282634
0.000385752
0.000784154
2.91183e-05
0.00287925
0.000521098
0.000272799
0.000391672
0.000861682
0.000876636
0.000257208
0.00018107
0.000228516
0.000129159
0.000363664
0.000322176
0.000437027
0.000250434
0.000334028
0.000618142
0.000405276
0.000279274
0.000428062
0.000149249
1.8132e-05
0.000480956
0.000859997
0.000324467
0.000351428
0.0001567
0.000270035
0.000248232
0.000291208
0.000283083
0.000741425
0.000677782
0.000246744
0.000319815
0.00115363
0.000565952
0.000574373
0.000605738
0.000185332
0.00068012
0.000632932
3.44864e-05
0.000357919
0.000143915
0.000275569
0.00756122
0.000352418
0.000224176
0.00078944
0.000218959
0.000350094
0.00101823
0.000530267
0.000227922
0.000139617
0.000511822
0.000328866
0.000225746
0.00035603
0.000422555
0.000866567
0.000229189
0.000342649
0.000589239
0.00946295
0.000342083
0.000368593
0.00428796
0.000639396
0.000208522
0.000253204
0.00198309
0.000401326
0.000564703
0.000151859
0.00217099
0.00260254
0.000864018
0.000130262
0.000378769
0.000350449
0.000343314
0.0013886
0.000178319
0.000473954
0.000849217
0.000519974
0.000304156
6.34743e-05
0.000404163
0.000533395
0.000599385
0.000212059
0.000341485
0.000389534
0.000341363
0.000220378
0.000106081
0.000141234
0.000586202
0.0268284
0.000298916
0.000257729
0.00028608
0.00033161
8.65083e-05
0.000668615
0.000175638
0.000833141
0.000240709
0.000282828
0.000442839
0.00054349
0.000198404
0.000458111
0.000269133
0.000400036
0.000210577
0.000410661
0.000439225
0.000322093
6.60817e-05
0.000573904
0.000455432
0.000376042
0.000247347
0.000446509
0.00104569
0.000158196
0.00025492
0.00025882
0.00310586
0.000100264
0.000443464
0.000300345
0.000328856
0.000169407
0.000243601
0.000350596
0.00019454
0.000633087
0.000177196
0.000157283
0.000797678
0.000259396
2.4919e-05
0.000349976
0.000384368
0.000214131
8.64247e-05
7.51533e-05
0.000267676
0.00029295
0.000322586
0.000168645
0.000184464
0.000184326
2.61751e-05
0.000941929
0.000265602
0.000238625
0.000251347
0.000247461
0.000362164
0.000187429
0.000375243
7.94593e-05
0.000231872
0.000329588
0.000353982
0.000762426
0.000449452
0.000186581
7.98757e-05
0.000172984
0.00018645
0.00110202
0.000269459
0.000505985
0.000567385
0.00058898
0.000302186
3.3667e-05
7.13783e-05
0.000529235
6.21673e-05
0.000346492
0.000203112
0.000367746
0.000597124
0.000352867
0.000221923
0.000313218
0.000112166
7.2709e-05
0.000840037
0.000247107
0.000918641
0.000383251
0.000274284
0.000218808
0.000584395
0.000455421
0.000113361
0.000113995
0.000285227
0.00284022
3.21162e-05
0.00056275
0.000304201
0.000210015
0.000531181
0.000589568
0.000261693
0.000307479
5.4214e-05
0.000574662
0.000306615
0.000275188
0.000971249
0.000107424
0.000146239
0.000319481
0.000301812
0.000262026
0.000271232
0.000435934
0.000352332
0.0020855
0.000311515
0.00018035
0.000180894
0.000690635
0.000347445
0.000267197
0.000142245
0.000218847
0.000559027
0.00040278
0.000955733
0.000394943
0.000415488
0.000794058
0.000882801
0.000515243
0.000268575
0.000233133
0.000700029
0.000538554
0.00151686
0.000261941
0.000155867
0.000250644
0.000386493
0.000706759
0.000334731
0.000651566
7.94852e-05
0.000371583
0.000786283
0.000256234
0.000435628
0.000264998
0.000235244
0.000139037
0.000592483
0.000441948
0.000173055
0.000846095
0.000238598
0.000282773
0.000247508
0.000491802
0.000951659
0.000393778
0.000382969
0.000206556
0.000637531
0.0005162
0.000210406
0.000179519
0.000388692
0.000392861
0.000711875
0.000204125
0.000244152
0.00107197
0.000320815
0.000323582
0.000573151
0.000314402
0.000768495
0.00133469
0.000658833
0.00232422
0.00173095
7.20153e-05
0.00023725
0.000166483
0.000255163
0.000316484
0.00031565
0.000188707
0.000472692
0.000225328
0.000191448
0.000594006
0.000266275
0.000195602
0.000566625
0.000216272
0.000563835
9.02417e-05
0.000303897
0.000394066
0.00012724
0.000196276
0.00039826
0.000478075
0.000276291
0.000265463
0.000202777
0.000621009
0.000417203
0.000420018
0.000182855
0.00164092
0.000410698
0.00036301
0.000711331
0.000289735
0.000156577
0.000542907
0.000261513
0.000804772
0.000784679
0.000231831
0.000252846
0.00101266
0.000408675
0.00151719
0.000244068
0.000345559
0.000373845
0.00217291
0.000386299
0.000280333
0.000367571
0.000313307
0.000221673
0.00259087
0.000497377
0.00016103
0.00023538
0.000261933
0.000296503
0.000365121
0.00121362
0.000372735
0.000367803
0.000744622
0.00024993
0.000416235
0.000420382
0.000170972
0.00083332
4.71694e-05
0.000312501
0.000475583
0.000237558
0.000406646
0.000180656
0.000359387
0.000394425
0.000427599
0.00072313
0.000209238
0.000148852
0.000272043
0.000274042
9.96487e-05
4.0341e-05
0.00030927
0.000216213
0.000454667
0.000674434
0.0018744
0.00105885
0.000162596
0.00039635
6.92021e-05
0.000275212
0.000197226
0.000389009
0.000108669
0.000290722
0.000468065
0.000137594
0.000396682
0.000453471
0.000253527
0.000541973
0.0013315
0.000489368
6.3552e-05
0.00563276
0.000237075
0.00033138
0.00026468
0.000406529
0.000357983
0.000218068
0.000462946
0.000352583
0.000740852
0.000210557
0.000346631
0.00066998
0.000246882
0.000422402
0.00030965
0.000226965
0.00041944
0.000399174
0.000243519
0.000190123
0.000450913
8.24316e-05
0.000326529
0.000331706
0.000599141
0.000379493
0.000345238
0.000320467
0.000189538
0.000307608
0.000689516
0.000225476
0.00010648
0.00119594
0.000386524
0.000375587
0.000402919
0.000566153
0.000231807
0.000313864
0.000324976
0.000704651
0.000146065
0.000259344
0.000297432
0.000189275
0.000395215
0.000265608
0.00092893
0.000321755
0.000403275
0.000864193
0.000483847
0.000276305
0.000329689
0.000281969
0.000600019
0.000276947
0.000101951
0.000112144
0.000297781
0.00217421
0.000431026
0.000413225
0.000266323
0.000458394
0.000444942
0.00017994
0.000228392
0.000313529
0.000133651
0.000489037
0.000673352
0.000319196
0.000659738
0.000139513
0.000334263
0.00013134
0.000192086
0.000421214
0.000241512
0.000192208
0.00050649
0.000204996
0.000497638
0.000729913
0.000456655
0.000266528
0.000458332
0.000325167
0.00730649
0.000289039
0.000157522
0.000244307
0.000460965
0.000134376
0.000133282
0.000479102
0.000117675
0.00023742
0.00163311
1.43384e-05
0.00047844
0.000191443
0.00027009
0.00026843
0.000169267
0.000307729
9.31792e-05
0.00178776
0.000357843
0.00147468
0.000367421
0.000354556
0.00046559
0.00118763
0.000181866
0.000527911
0.000264758
0.000519763
0.000364635
0.000434959
0.00119518
0.000354284
0.000283556
5.80128e-05
0.000275752
0.00325932
0.000323413
0.000226765
0.000616482
0.000255772
0.000228554
0.000403812
0.000376641
0.000326914
0.000616472
0.000279186
0.000196389
0.000290677
0.000171118
0.00040083
0.000256227
0.000188859
0.00047
0.000319315
0.000600301
0.000189919
0.000721722
0.000164977
0.000279394
0.000190315
0.000478691
0.000205088
0.000487296
0.00015963
0.00061996
0.000262093
0.000250511
0.000342887
0.000369302
0.000111068
0.000259114
0.000369388
0.000340601
0.00189513
0.000316775
0.000455271
0.000170236
0.000248403
0.000955534
0.000451135
3.79452e-05
0.000134547
0.00136215
0.000141229
0.000438498
0.000472694
0.000551503
0.000352142
0.000386412
0.000294484
0.000161067
0.000365983
0.000271847
0.000232978
0.00111564
0.000443653
0.000277635
0.000290431
0.000451814
0.000162475
0.000175944
0.000455854
0.000341517
0.000413887
0.000324127
0.000393286
0.000554374
0.000803175
0.000291113
0.000444161
0.000360964
0.000280829
9.9746e-05
0.0032074
0.000186386
0.00299168
0.000392826
0.000114086
0.000312148
8.73199e-05
0.000373055
0.00409331
0.000739324
0.000465752
0.000284001
0.000234691
0.000412816
0.000373826
0.000464258
0.000436422
8.93988e-05
7.97319e-05
0.000405223
0.000325613
0.000219151
0.000567663
0.000295729
0.00028297
0.000480825
0.000177495
0.0001537
0.00019455
0.000200638
0.000904531
0.000201287
0.000949663
0.0003853
0.000432145
0.000636421
0.000244096
0.00046472
0.000574299
0.000311429
0.000286015
0.000145828
0.000362264
0.00019241
0.000339191
8.19289e-05
0.000415377
0.000229197
0.000457717
0.000297464
3.13236e-05
0.000116535
0.000338664
0.000198478
0.000301038
0.000108186
0.000882659
0.000381047
0.000600416
0.000366068
0.00144367
0.000291939
0.000544212
0.000411923
0.000498867
0.00020194
0.000350651
0.000144035
0.000261029
0.000257621
0.000273073
7.18085e-05
0.000312087
0.000248321
0.000155599
0.000302641
0.000267616
0.000200158
0.000244696
0.000164446
0.000369868
0.000406396
0.000451421
0.00104405
0.000288381
0.000535113
0.000196434
0.000413665
6.11724e-05
0.000332041
0.000276595
0.000460425
0.000489733
0.000216486
0.0003597
0.000655839
0.000310681
0.000384183
0.000812545
0.000274181
0.000301775
0.000235331
0.000127399
0.00269228
0.000368418
0.00253319
0.000562442
0.000220187
0.000218346
0.000409912
0.000949685
0.000206609
0.000311552
0.000523621
0.000682204
0.0130901
0.00015385
0.000473153
0.000242801
0.000311853
0.000489258
0.000120362
6.35984e-05
0.000207317
0.000149462
0.000159796
0.000691745
7.19765e-05
0.000368219
0.000337022
0.000295782
0.000380407
0.00062738
0.000277131
0.000219005
0.00075355
0.000446403
0.000131703
0.000149587
0.00106648
0.00867539
0.000270375
0.000244485
0.000607975
0.000213616
0.00037547
0.000167199
0.000167328
0.000645664
0.000201028
0.000468245
0.000366605
0.000335783
0.00029177
0.000225669
0.000490532
0.000479671
0.000574952
0.000493529
0.000392247
0.000675565
0.000340844
0.000383978
0.000283969
0.000451275
0.00120397
0.00045448
0.000625958
0.000247067
0.0013075
0.00109775
0.000464798
0.000479751
0.0003245
0.000432921
0.000364624
0.000171132
0.000285666
0.00072663
0.000116716
0.000243377
0.00066201
0.000132823
0.000665998
0.000233957
0.000459878
0.000320791
0.00017224
0.000391725
0.000618594
0.000423402
0.000532006
0.000443813
0.000509484
0.000355255
0.000313331
0.000125347
0.00168504
0.00300371
0.000222342
0.00097354
0.00110396
0.000547563
0.000685196
0.000542886
0.000239474
0.000154849
0.00364838
0.000335299
0.000330037
3.6347e-05
0.000339763
0.000156877
0.000441271
0.000223101
9.36749e-05
0.000414246
0.000224778
7.24446e-05
0.000174764
0.000289727
0.000433605
0.000128312
0.000303302
0.000126646
0.000183121
0.000419489
0.000549023
0.000973061
0.000243304
0.00122613
0.000173975
0.000244043
8.6833e-05
0.00398632
0.000163014
0.000328362
0.000195507
0.000612807
0.000202885
0.000353363
0.000571096
0.000603376
0.000548671
0.000507702
0.000162037
0.000496751
0.000199586
0.000513729
0.000516156
0.000557816
5.79768e-05
0.00100057
0.000155101
0.000585339
0.000718126
0.000345925
0.000193617
0.000468626
0.000542612
0.000456105
0.000257211
0.000308154
0.000423556
0.000163559
0.000331071
0.000731481
0.000698032
0.000257269
0.000783177
0.000237631
0.000446071
0.00518482
0.000607382
0.000327388
0.000465555
0.00122211
0.000328394
0.000214269
0.000459801
6.76335e-05
0.000433752
0.000301289
0.000871594
0.00026005
9.84315e-05
0.000300818
0.00126124
0.000449057
0.000245568
0.000235405
0.000648597
0.000560228
0.000467117
0.000123956
0.000224494
0.000541628
0.000593141
0.000482043
0.000582051
0.00058381
0.00038788
0.000291394
0.000501074
0.000177841
0.00710791
0.00180807
0.000260732
0.00112432
0.000473549
0.000222595
0.000143219
0.000530698
0.00277086
0.000692598
0.000326626
0.000602474
0.00025619
0.00130682
0.000767427
2.0628e-05
0.000150045
0.000268664
0.000499549
9.31582e-05
0.00037916
0.000175246
0.000823202
0.000182789
0.000925763
0.000154035
0.00174332
0.000208782
0.000192657
0.000847367
0.000437174
0.000383838
0.00128034
0.000394698
0.000478787
0.000281357
0.00313332
0.000665535
8.6254e-05
0.000334477
0.000178317
0.000250929
0.000591872
0.000250828
0.000530774
0.000341771
0.000690759
0.000411014
0.00262662
0.00025236
0.00028057
0.000260018
0.000227976
0.000648245
0.000711315
0.0153385
0.000389686
0.000314715
0.000630187
0.000245179
0.00257509
0.000482944
0.000141382
0.000635961
0.000314822
0.000268392
0.000327028
0.000352369
0.000343423
0.000157615
0.00020526
0.000264287
0.000381156
0.000218638
0.00262405
0.000518778
0.00019459
0.000140289
0.000504347
0.000288995
0.000748621
0.000589206
0.000388812
0.000457437
0.000197027
0.00132705
0.000153862
0.000202593
8.92809e-05
0.000188943
0.00015278
0.000437378
0.000381767
0.000409257
0.000284819
0.000635026
0.00029691
0.00231546
0.000509301
0.000254188
0.000377348
0.000471668
0.000291044
0.000420929
0.000205319
0.000636247
0.000475627
0.000383616
0.000312075
0.000134997
0.000219091
0.00036494
0.000258235
0.000342247
0.000135807
0.0014296
0.000372847
0.00473986
0.000407137
0.000397558
0.000149177
0.000986624
0.000367719
0.000459073
0.000408566
0.000432399
0.000736335
0.000307089
0.000498678
0.000655418
0.000697692
0.000158889
0.000707489
0.000533854
0.000219508
0.000417501
0.000577887
0.000398256
0.000363341
0.000232656
0.000200366
0.00015628
0.000472322
0.000393848
0.000414307
0.000732386
0.000147639
0.000287414
0.000270852
0.00026362
0.000518127
0.000365026
0.000316864
0.000599576
0.000603581
0.000595705
0.000134258
0.000178052
0.000117169
0.00183651
8.84559e-05
0.000413435
0.000329147
0.000537629
0.000157908
0.000996392
0.00070511
0.00116674
0.000228922
0.000534638
0.000125683
0.000392213
0.000252538
0.00132507
0.000266024
0.000439506
0.00053783
4.5384e-05
0.000163494
0.000402129
0.000597741
0.000299232
0.000618008
0.000587853
0.000783013
0.000257978
0.000745011
0.00288835
0.000309915
0.000222766
0.000462087
0.00577027
0.00199776
0.000203465
0.000338605
0.000181787
0.000357137
0.00107544
0.000294536
0.000497063
0.00113239
0.000209423
0.0004489
0.000561617
0.000200666
0.000556154
0.000647698
0.000831096
0.000620136
0.000516785
0.00688098
0.000499835
0.000211336
0.00204198
0.000587123
0.000628475
0.000348398
0.000161277
0.000513907
0.000648344
0.000193059
0.000941677
0.000253798
0.000166083
0.000458037
0.000211598
0.000745345
0.000604323
0.000324248
0.000223533
0.000644804
0.000334081
0.000301204
5.50081e-05
0.000705528
0.000426332
0.000276052
0.000286705
0.00022564
0.000192926
0.000135123
0.000116414
0.000226029
0.000617749
0.000328981
0.000312316
0.0003856
0.000187117
0.000132855
0.000294531
0.000481301
0.000145189
0.000251868
0.000248831
0.000234916
0.000399
0.000219162
0.000636578
0.000357697
0.000536716
0.000151799
0.000252723
0.00707975
0.000113909
0.000325266
0.000255724
0.000739364
0.000197185
0.000415063
0.000883304
0.00123636
0.000301714
0.000172326
0.00050778
0.00366669
0.000238572
0.0034337
0.000768131
0.000476332
0.00028039
0.00547353
0.000409413
0.000457334
0.000161127
0.00237745
0.000188615
0.000295728
0.000470257
0.000405206
0.002171
5.9936e-05
0.000182329
0.000257855
0.000191246
0.000581737
0.00138487
0.000483726
0.000367394
0.000528354
0.00041538
0.000263211
0.000411254
0.000266783
0.000559139
0.000217111
0.000467993
0.000296215
0.000168503
0.000219978
0.000345756
0.000901783
0.000340437
0.000752869
0.000141991
0.000440295
0.000420196
0.00111216
0.000636296
0.000207344
0.000295287
8.81194e-05
0.000151945
0.00060721
0.000600051
0.000343473
0.00029148
0.000160462
0.000297325
0.0011255
0.000151098
0.000811519
0.000298138
0.00013015
0.000213516
0.000220854
0.000347024
0.000168283
0.000422045
0.00035558
0.00202503
0.000331624
0.000891674
0.000513557
0.00231587
0.00209308
0.000547719
0.000205458
0.000231553
0.000367776
0.000578212
0.000165731
0.000318374
0.000274918
0.000446946
0.000526147
0.00011706
0.000351488
0.000617481
0.000448533
0.000133781
0.000116731
0.000593153
0.000238271
0.000285255
0.000562101
0.000487054
0.000340437
0.00048867
0.000176473
0.000393797
0.000285563
0.000311194
0.000719563
0.000211152
5.10152e-05
0.000200964
0.000550712
0.000213957
0.000342576
0.000595308
0.000194857
0.000189596
0.000105329
0.000179848
0.000319961
0.000994874
0.000270067
0.000312027
0.00045978
0.00107617
0.000190437
0.000178113
0.000260387
0.000267875
0.000305611
0.000496708
0.000291103
0.000117275
0.000571316
0.00049433
0.000147531
0.000169427
0.00029742
0.000537868
0.000227095
0.00023732
0.000122978
0.000226181
9.43646e-05
0.000247382
0.000533948
0.00062257
0.000237961
0.000227223
0.000264893
0.000169
0.000436329
0.000317229
0.000321902
0.000372092
0.000214989
0.00124393
0.000233205
0.000467393
0.000295134
0.000375193
0.000903655
0.00045215
0.000164189
0.000643179
0.000613918
0.000373889
0.000135753
0.000493513
0.000559144
0.000974526
0.000266276
0.000281852
0.000173026
0.000252101
0.000599582
0.000612598
9.24224e-05
0.000416942
0.00166049
0.000787507
0.000435473
0.000199318
0.000253126
0.000210556
0.000296394
9.99214e-05
0.00021884
0.00017741
0.000315578
0.000708762
0.000286406
0.000355893
0.000276051
0.000159434
0.000294919
0.000151948
0.000702529
0.00109695
0.000371134
0.000690051
0.000903431
0.000543955
0.000262431
0.000268199
0.0025611
0.000230772
0.000124238
0.000169647
0.000143724
0.000735799
0.000268248
0.000192767
0.00066497
0.00015923
0.000426599
0.000396431
0.000282787
0.000290776
0.0004471
0.000322655
0.000145684
0.000524247
0.000425396
0.000282271
0.000565313
0.000231614
0.000215862
0.000140324
0.00023531
0.000469327
0.000142996
6.13194e-05
0.000416111
0.000327966
0.00161746
0.000358243
0.000999474
0.000903701
0.00033678
0.00539877
0.000668736
0.000845915
0.000357721
0.000526313
0.000618675
0.000277787
0.00107857
0.000239391
0.00124108
0.00045822
9.78507e-05
0.000355454
0.00194096
9.46225e-05
0.000406195
0.00010491
0.000243646
0.000564048
