0.00163548
0.00257392
0.00162718
0.00155821
0.000844777
0.000490293
0.00176914
0.00205127
0.00131359
0.000995141
0.00104496
0.00212247
0.00143748
0.00140877
0.00219466
0.0019806
0.00164376
0.00328838
0.0018214
0.0148967
0.00107043
0.0031884
0.00137359
0.00278366
0.0010839
0.00207515
0.00121257
0.00159232
0.00195262
0.00125704
0.00147055
0.00196067
0.00280306
0.00108873
0.00364568
0.00180731
0.00133922
0.00221873
0.000907484
0.00166162
0.00132009
0.00308104
0.00188422
0.00139708
0.00233525
0.00137009
0.00176181
0.00204774
0.00148274
0.00270495
0.0671101
0.00449761
0.00142689
0.00233656
0.00167342
0.000737376
0.00107367
0.00120403
0.00146346
0.00144988
0.00345461
0.00136795
0.00194842
0.00259529
0.00270759
0.00107877
0.00155796
0.00129093
0.000531582
0.00123058
0.00328539
0.00153641
0.000945352
0.00222621
0.00459453
0.00150243
0.00214346
0.000929325
0.000970413
0.00100892
0.00170171
0.00234379
0.0010652
0.00177142
0.00197772
0.00712394
0.00127146
0.000978991
0.00148367
0.000944376
0.00122636
0.00243132
0.00314394
0.000602001
0.00208231
0.00149648
0.00147925
0.00224407
0.00164744
0.00128077
0.00132193
0.0017466
0.00334188
0.00221974
0.00170832
0.00168206
0.000796565
0.0022478
0.00118204
0.00175957
0.00137422
0.00162676
0.00151205
0.00164807
0.00397285
0.000875671
0.00145189
0.00180651
0.00144874
0.00201071
0.00122495
0.0016025
0.00208334
0.00101511
0.00156836
0.00204892
0.00119601
0.00120881
0.00119628
0.00204349
0.00117154
0.00159857
0.00297467
0.000988152
0.00096091
0.00129111
0.0027732
0.00172947
0.00121247
0.00397987
0.0535671
0.00462262
0.00183768
0.00161473
0.00161691
0.000296113
0.00108948
0.00205751
0.000666004
0.00126229
0.00123332
0.0012609
0.00484463
0.00339866
0.000686561
0.00217988
0.00140667
0.00262612
0.00108444
0.00213233
0.000639061
0.000697427
0.00690166
0.00134953
0.00220009
0.00117969
0.00204055
0.00188858
0.00114616
0.00160233
0.00212894
0.00128459
0.0015492
0.00144592
0.0018805
0.00125075
0.00174573
0.00121379
0.00183458
0.00124935
0.00171179
0.00277321
0.0027817
0.00261787
0.00113517
0.00181212
0.00265329
0.00157791
0.00179938
0.00145545
0.000925927
0.000615703
0.00105704
0.00253609
0.009709
0.00164666
0.00251451
0.00133197
0.00264281
0.00203284
0.00275224
0.0017315
0.00188491
0.000785139
0.000638983
0.00113341
0.00101359
0.00208126
0.00206599
0.0179602
0.000337677
0.00117016
0.00198252
0.0010475
0.00164971
0.00159135
0.00615735
0.00130702
0.00136581
0.0019756
0.00175734
0.00109692
0.00248913
0.00195402
0.00421683
0.0020375
0.00150769
0.00174164
0.00235081
0.00259242
0.00190213
0.0032887
0.00122375
0.0011789
0.00167491
0.000692395
0.00271651
0.000606945
0.0025596
0.000741406
0.00120663
0.00218984
0.00134201
0.000848482
0.00106027
0.00248586
0.00135686
0.00130521
0.00179769
0.00873213
0.00128613
0.00149308
0.00173297
0.00117246
0.00258996
0.00319965
0.000830994
0.00209236
0.00642334
0.000886536
0.00575561
0.00335741
0.000778809
0.00228954
0.00153053
0.0020048
0.00173783
0.00453891
0.000884766
0.0025468
0.00117361
0.000727962
0.00349889
0.00136497
0.00108127
0.000503493
0.00132422
0.00192649
0.0022415
0.00123868
0.0164619
0.00121195
0.00139711
0.00109131
0.00163782
0.00203795
0.00137777
0.00179833
0.00215104
0.000744751
0.00234191
0.0053547
0.0009211
0.000867509
0.00124965
0.00298955
0.00193263
0.000962094
0.00144027
0.00263259
0.00124974
0.00715464
0.00136506
0.00138682
0.00189998
0.00164866
0.00287372
0.00139209
0.00408563
0.00111983
0.00167215
0.00118095
0.202426
0.0015354
0.00143319
0.00163736
0.00250917
0.00423673
0.00231869
0.00251916
0.0018713
0.000858168
0.00143022
0.00204123
0.00137999
0.00124993
0.00154973
0.00298014
0.00217004
0.00156799
0.000976922
0.00223045
0.00155508
0.00129461
0.0036843
0.00191983
0.00137894
0.00281553
0.0046873
0.000428312
0.00910755
0.00190287
0.00124645
0.00210861
0.00105486
0.00177946
0.00286001
0.00152608
0.00049811
0.000468994
0.00116424
0.00542536
0.00249195
0.00157824
0.00131639
0.00143688
0.00125535
0.00194161
0.00104884
0.00219812
0.00135366
0.000959364
0.00144283
0.00107847
0.000518201
0.00214471
0.00166758
0.00195016
0.0016777
0.00497348
0.00156554
0.00178185
0.00154829
0.00165166
0.00107649
0.00136494
0.00212946
0.00197442
0.00218988
0.00195274
0.0016311
0.00156413
0.00341705
0.000433173
0.0084481
0.00156989
0.00221119
0.00137452
0.00168984
0.00130975
0.0161739
0.00162943
0.00173291
0.00156137
0.00178264
0.0013632
0.00145477
0.00181262
0.00332882
0.00141608
0.00205989
0.00144728
0.00112415
0.00132527
0.00220129
0.000653139
0.00209914
0.00238167
0.000915656
0.00256805
0.00147241
0.00158813
0.00118799
0.000990741
0.00141915
0.002783
0.00212202
0.00154164
0.000743784
0.00156033
0.00100733
0.00247849
0.00119559
0.00213479
0.000849984
0.001142
0.0025393
0.00150281
0.00212472
0.00625148
0.00177056
0.00168463
0.00340285
0.000833716
0.00127097
0.00170449
0.00134952
0.000958856
0.00200028
0.00309214
0.00205269
0.00069845
0.00108602
0.00213124
0.00180693
0.00250318
0.00244554
0.00155599
0.00359438
0.000925848
0.00107061
0.00241608
0.00310261
0.00160362
0.0017374
0.00281035
0.00172145
0.00209611
0.00564869
0.000703376
0.0019081
0.00371006
0.00209605
0.0014607
0.00244901
0.00242903
0.00192606
0.00215557
0.0122922
0.00205017
0.000854941
0.00228956
0.00795188
0.00163102
0.00601856
0.00139285
0.00175507
0.0014119
0.00156199
0.00235384
0.0033565
0.00112132
0.000941204
0.00110239
0.00141726
0.00160656
0.000808877
0.00174283
0.00960716
0.00138244
0.00168987
0.00117626
0.00368372
0.00152618
0.000654885
0.000859429
0.00283375
0.00102569
0.00146298
0.00199919
0.00155634
0.001036
0.00154699
0.0011895
0.00140324
0.00159545
0.00197508
0.00642272
0.00113915
0.00129772
0.00175741
0.00205852
0.00195986
0.00150834
0.00625959
0.0041801
0.00108319
0.00162137
0.00135531
0.00170934
0.00146402
0.00112729
0.00220712
0.00140768
0.00226058
0.00126466
0.00404702
0.00235528
0.00314168
0.00162599
0.00239299
0.00173402
0.00132821
0.00146672
0.00168412
0.00153235
0.00274261
0.00125813
0.00152555
0.0023067
0.00111178
0.000970162
0.00152768
0.00185776
0.00135229
0.00135871
0.00151976
0.00241032
0.00268964
0.00224401
0.00166521
0.000931531
0.00234525
0.00166553
0.00128782
0.00198202
0.00658861
0.00955824
0.00169993
0.00473395
0.000979208
0.0026117
0.00256233
0.00142865
0.00218675
0.000975555
0.00225918
0.00166552
0.00134781
0.0014795
0.00220835
0.00205184
0.00104718
0.00250587
0.00142607
0.00194626
0.181858
0.00242543
0.00107112
0.000512446
0.00100386
0.00473249
0.00163078
0.00203603
0.00173992
0.00143217
0.00611367
0.00174059
0.00202361
0.00367178
0.000947383
0.00121118
0.00165998
0.00674932
0.00178327
0.0016519
0.00235532
0.000771988
0.00207387
0.00273113
0.00503691
0.00267514
0.0017453
0.00157062
0.00254504
0.00262744
0.00251595
0.00163894
0.00203313
0.0021494
0.00300704
0.00152922
0.00125788
0.00283924
0.0012199
0.00161433
0.00101244
0.00201339
0.00135512
0.00149684
0.00216691
0.00127968
0.00658891
0.00200698
0.00274416
0.00113106
0.0213983
0.0046815
0.00807072
0.00750456
0.000984509
0.00886898
0.00101031
0.00204118
0.00234237
0.00239937
0.00055867
0.00112995
0.0023481
0.00153005
0.0021643
0.00156553
0.00169698
0.00113926
0.00173377
0.00172296
0.00265275
0.00143754
0.00126033
0.00311226
0.0014523
0.00228516
0.00284377
0.00545062
0.0017896
0.00106962
0.00261588
0.00156264
0.00140147
0.00128856
0.00240798
0.00675084
0.00240163
0.00418662
0.00258798
0.00327634
0.00240136
0.00171164
0.00236298
0.00232631
0.00109165
0.00207476
0.00212655
0.0011096
0.000870985
0.0022697
0.00227659
0.000472043
0.00164254
0.00319994
0.00162836
0.000213079
0.0019489
0.00150462
0.0018397
0.00191937
0.00044488
0.000822492
0.00148139
0.00151577
0.000804811
0.00117045
0.0016693
0.00191014
0.00316469
0.00315124
0.00156208
0.00215648
0.00123904
0.0012416
0.00123704
0.00157125
0.00297675
0.00586497
0.000519731
0.00354185
0.00232231
0.00310179
0.0018853
0.00183154
0.00127476
0.00102657
0.268189
0.00263892
0.00210486
0.00305613
0.000690174
0.00235638
0.0043118
0.000734458
0.00108358
0.000924867
0.00238721
0.00179751
0.00589829
0.00178872
0.00245985
0.00109672
0.00105532
0.00215003
0.00465305
0.00261758
0.00192842
0.00127893
0.00073137
0.00108065
0.00240693
0.00272671
0.00144302
0.00203102
0.00117321
0.00334397
0.00410959
0.0014907
0.00182543
0.000821419
0.00273592
0.00107386
0.00109599
0.0014218
0.00100305
0.00100894
0.00115734
0.0207452
0.00184984
0.00176821
0.00160176
0.00554485
0.0011746
0.00169608
0.00162376
0.00341723
0.0175721
0.00161214
0.00248251
0.00110482
0.00127142
0.00210208
0.00267998
0.00230875
0.00250698
0.00142979
0.00176431
0.00464938
0.00103485
0.00178511
0.00556971
0.00208516
0.00153604
0.000816532
0.00139781
0.00140031
0.00158123
0.00344926
0.00204645
0.00242406
0.0011705
0.00215662
0.00196634
0.00872985
0.00130427
0.0159353
0.00138788
0.00166959
0.00211095
0.00172277
0.00112438
0.00227548
0.00240133
0.0174556
0.00268428
0.00197495
0.0017227
0.00327851
0.00633743
0.00149212
0.000785957
0.00691573
0.00237555
0.0015589
0.00120434
0.00201884
0.00102463
0.0015083
0.00157945
0.00130842
0.0021192
0.000912457
0.00212828
0.00181056
0.00406069
0.00193081
0.00159518
0.00635075
0.00157842
0.00156821
0.00138747
0.00213957
0.0011634
0.00212168
0.00355992
0.00106602
0.0011268
0.00135458
0.00190913
0.00251648
0.000975354
0.00488759
0.00287335
0.00145238
0.0022776
0.00184919
0.00131678
0.0041923
0.00389076
0.00142485
0.00124624
0.00514997
0.00335756
0.00715823
0.00259799
0.00204508
0.00233054
0.00241627
0.00208402
0.00141298
0.00104999
0.00141503
0.002252
0.00130986
0.00095474
0.254034
0.00209101
0.00172518
0.00155503
0.0015731
0.00132608
0.000819942
0.00149637
0.000974738
0.00286243
0.00163891
0.000624583
0.000829085
0.00061038
0.00264285
0.0013513
0.00124654
0.00145653
0.00146988
0.00149545
0.00162272
0.00182897
0.00226625
0.00220976
0.00129836
0.00207474
0.000808505
0.00113318
0.00209766
0.00513436
0.0273657
0.000976342
0.00181505
0.00111888
0.00156581
0.00118439
0.00113889
0.00152854
0.00456485
0.00202183
0.000897993
0.00120795
0.00227203
0.00177523
0.00212239
0.00223902
0.0013555
0.00183812
0.00125952
0.00159159
0.00218348
0.00160378
0.00148222
0.00442928
0.170786
0.00257102
0.00306576
0.00344861
0.0015474
0.00133093
0.00136823
0.00205706
0.00147285
0.00222298
0.00181088
0.00178108
0.00168363
0.0023984
0.000933569
0.00122215
0.0012903
0.00267012
0.00201789
0.00127778
0.00162042
0.00147744
0.0103288
0.002115
0.00203735
0.00211573
0.00120772
0.00139956
0.000801668
0.00128678
0.00113025
0.00441993
0.000569007
0.0011036
0.00375152
0.00233858
0.000999656
0.00223062
0.00217377
0.00089944
0.00145742
0.00103909
0.00192151
0.000935637
0.000795292
0.00163871
0.00176618
0.0141433
0.00161941
0.00189877
0.00179565
0.00120143
0.00665812
0.00130695
0.00180563
0.00473076
0.00131974
0.00229261
0.00313434
0.00158427
0.00069733
0.00749655
0.000554051
0.00217641
0.00164404
0.000699723
0.0027206
0.00103214
0.00110981
0.00124864
0.00129244
0.001352
0.00155
0.00310066
0.00111208
0.000982204
0.00729906
0.00097522
0.00151697
0.00160493
0.00189985
0.00229149
0.00223522
0.00294604
0.00174299
0.00204097
0.00113197
0.000772052
0.0020259
0.00098168
0.0107374
0.00138753
0.00309041
0.00179274
0.000446834
0.00100126
0.000953744
0.000820074
0.00116022
0.00133938
0.00145537
0.00202177
0.00444202
0.00193124
0.00270156
0.00165836
0.00147236
0.00214904
0.00155453
0.00161255
0.00153076
0.0017457
0.00437615
0.0106306
0.00202994
0.00109409
0.0011322
0.000962202
0.00238498
0.000798971
0.00124324
0.00148632
0.0185866
0.00210819
0.001975
0.00115708
0.00144814
0.00181536
0.000586988
0.00232052
0.00256094
0.00107926
0.00181071
0.00126719
0.00129907
0.0012405
0.00142583
0.0148133
0.00285648
0.001728
0.000610129
0.00147756
0.00280352
0.00132744
0.00142619
0.00160732
0.00165443
0.0021618
0.00158239
0.00188889
0.0016525
0.00179418
0.00179767
0.00160994
0.00189697
0.000992146
0.00177671
0.00206157
0.00198711
0.00141917
0.00223178
0.00116024
0.00132788
0.00241252
0.00224684
0.00203339
0.00194356
0.00245216
0.00264181
0.00149764
0.000985755
0.00810843
0.00141371
0.00174506
0.000821733
0.00131453
0.00126849
0.00205012
0.00218307
0.000954425
0.00285215
0.00182611
0.000587481
0.00198271
0.00319916
0.00153127
0.00156663
0.00155727
0.00408249
0.00173708
0.00281106
0.00165411
0.00132299
0.00140838
0.00567559
0.000833414
0.00229856
0.0013352
0.00328699
0.00126048
0.00215891
0.00117168
0.00162063
0.00139743
0.0015595
0.00115284
0.00174091
0.00121127
0.000998537
0.000991245
0.0128157
0.0139403
0.000855473
0.0028435
0.00215632
0.00144623
0.00203549
0.00158191
0.00136155
0.000998385
0.0115762
0.000894077
0.00189987
0.00166163
0.0162086
0.00145782
0.0011918
0.00337518
0.000996679
0.00205512
0.000874565
0.00155073
0.00110294
0.0013584
0.00117258
0.00134971
0.00202449
0.00136821
0.00165947
0.00270447
0.000513311
0.0047366
0.0022461
0.00108966
0.0018522
0.00082157
0.00214984
0.000727555
0.0015498
0.000781969
0.00211035
0.00194205
0.00154854
0.00219948
0.00243158
0.000995165
0.0017985
0.00249603
0.0012961
0.00110974
0.00283998
0.0103314
0.00126024
0.00204444
0.00211039
0.00147622
0.00182715
0.00281981
0.00128507
0.00172128
0.00137128
0.00118756
0.00240216
0.00181731
0.00215735
0.00127445
0.00164851
0.00272385
0.00253116
0.00439932
0.00188133
0.00232717
0.000709633
0.00162894
0.003169
0.00101327
0.00191903
0.00315584
0.0037191
0.0024633
0.00366289
0.000781494
0.0033051
0.000958787
0.00193452
0.00258332
0.0010697
0.00211403
0.00171633
0.00143733
0.000897174
0.00127008
0.00118359
0.00233298
0.0033639
0.000961042
0.00138666
0.00231927
0.00213599
0.000975547
0.000923925
0.0032123
0.00198691
0.00147871
0.000842649
0.00119774
0.00202046
0.000537952
0.00190931
0.00241606
0.00134043
0.000626364
0.00217561
0.00243066
0.00210984
0.00185761
0.0036928
0.00256546
0.00268826
0.00104395
0.0013275
0.00207182
0.00255721
0.00551245
0.00137824
0.00312742
0.000406583
0.00215403
0.00240797
0.00159719
0.0153518
0.00159121
0.00160287
0.0054222
0.00126598
0.00269654
0.00196954
0.00267532
0.0018893
0.000678362
0.000923911
0.00148193
0.00168593
0.00149945
0.00296925
0.00127536
0.0026982
0.00236865
0.00168961
0.00159374
0.00222705
0.00603351
0.00112403
0.00121202
0.00170627
0.00154008
0.0033939
0.00207367
0.000638199
0.00108358
0.00130254
0.00348676
0.000978071
0.00152427
0.00909883
0.00179441
0.00127403
0.00205032
0.000840366
0.000611932
0.0016747
0.00189098
0.00131657
0.00271906
0.0927636
0.00340561
0.00113599
0.00411987
0.00174492
0.0012334
0.00167291
0.000755852
0.00114908
0.00122162
0.00142957
0.00283871
0.000929871
0.00209451
0.00575447
0.00175588
0.00493083
0.00189841
0.00180552
0.00153295
0.00303834
0.00335298
0.000575947
0.00229248
0.00143665
0.00660971
0.00194135
0.00276837
0.00221959
0.00117762
0.000855054
0.00210779
0.00513977
0.000853528
0.00136323
0.00131208
0.00209082
0.0013391
0.00128446
0.0188089
0.00239727
0.00500535
0.0010466
0.00520541
0.00223233
0.00204913
0.00204379
0.00499905
0.00147421
0.000758537
0.00187316
0.000900215
0.000926445
0.00114728
0.00843213
0.00163999
0.00140555
0.000440671
0.00119493
0.00190173
0.00158171
0.000931172
0.00215236
0.00215704
0.00242847
0.0026784
0.00146243
0.00134076
0.00142549
0.00124314
0.00158176
0.0017282
0.00340474
0.00325543
0.0021671
0.000497799
0.00228477
0.00295926
0.00205644
0.00135607
0.0011142
0.000981208
0.00083874
0.000642786
0.00224445
0.00257064
0.000805617
0.0017957
0.00142392
0.00270927
0.00106269
0.00113021
0.00187242
0.00104057
0.00203807
0.0014585
0.00135625
0.00154092
0.00438268
0.0125461
0.00597552
0.00126241
0.00181109
0.00504168
0.00284457
0.00773015
0.00133469
0.00183862
0.000693365
0.00180079
0.000780198
0.00134875
0.00152871
0.00196337
0.00267835
0.00243164
0.0013098
0.00108435
0.00239686
0.00167219
0.00125283
0.0015485
0.00171813
0.00180215
0.00816191
0.00237546
0.00145244
0.00177441
0.00199222
0.00135684
0.00617714
0.00262958
0.00187103
0.000424296
0.00133978
0.00182869
0.000963169
0.0030624
0.0014916
0.00415939
0.00218264
0.00144521
0.00522432
0.00112347
0.0014289
0.0066311
0.00356225
0.00141684
0.0021176
0.00165188
0.0023319
0.00671147
0.00102828
0.00197421
0.00111768
0.0016328
0.000507439
0.00150793
0.00428694
0.00225888
0.00184698
0.00993794
0.00135993
0.000929308
0.00101785
0.00370436
0.00125087
0.00107656
0.00156196
0.00293929
0.000947505
0.00184222
0.00259088
0.00106553
0.00187961
0.000775339
0.00153881
0.000900249
0.0027583
0.00154727
0.0015801
0.002609
0.000395163
0.00185142
0.00127232
0.00974326
0.00208906
0.00135776
0.00263632
0.00212355
0.00133026
0.00152166
0.00214185
0.0022565
0.00135959
0.000861253
0.002424
0.000402665
0.00202916
0.000966927
0.00305761
0.00146871
0.00116107
0.00158848
0.00247989
0.0027348
0.000843027
0.00177836
0.00272153
0.00100359
0.000724967
0.00146204
0.00111843
0.00215683
0.00173519
0.00156894
0.000981739
0.00182945
0.00446098
0.000896734
0.00145966
0.00157942
0.0172888
0.00100683
0.00129286
0.00107453
0.0029482
0.00358564
0.0022476
0.00225993
0.0015647
0.00218139
0.000848753
0.00111766
0.00211306
0.00160227
0.00135005
0.00277182
0.00206216
0.00215114
0.0121093
0.00137249
0.00081111
0.00285436
0.00189031
0.00423373
0.00206001
0.0100866
0.000792856
0.00268742
0.00203228
0.00160141
0.000865292
0.00190007
0.00152577
0.0030175
0.000521212
0.00177852
0.00198404
0.00420402
0.0017245
0.00191174
0.000964213
0.00216611
0.00143329
0.00127039
0.00234778
0.00156889
0.00109162
0.00199927
0.00166968
0.00624716
0.00197483
0.000968164
0.00259046
0.00250655
0.0011673
0.00202554
0.00155665
0.00198981
0.0017063
0.00164461
0.00199903
0.00219138
0.0111284
0.00185436
0.00187595
0.0047389
0.00907921
0.0012812
0.000855347
0.00347802
0.00189013
0.0025145
0.00364371
0.00190842
0.00150917
0.000983884
0.00154852
0.00118613
0.0019496
0.00196587
0.00151448
0.00113593
0.00107014
0.00220683
0.0012254
0.00680883
0.00204243
0.00123126
0.00152713
0.000776538
0.00192832
0.000925774
0.00201848
0.00216456
0.00131782
0.00147047
0.00706289
0.0726911
0.00047526
0.00168871
0.00193244
0.000857572
0.00210689
0.000769761
0.00242988
0.00137844
0.00144495
0.00256864
0.0020761
0.00196206
0.00262337
0.00236898
0.00166691
0.00141033
0.00131202
0.00137379
0.00148362
0.00186543
0.00337779
0.00424101
0.00264399
0.000533138
0.00125376
0.00272325
0.00157241
0.00144499
0.0024936
0.00176538
0.00105638
0.00106925
0.000826318
0.000762153
0.00182654
0.000520352
0.00233875
0.00171156
0.00302497
0.00204722
0.00228998
0.00268146
0.0027432
0.0199217
0.00144821
0.0030662
0.00143246
0.00135091
0.00139209
0.00220404
0.00312113
0.0022958
0.00161984
0.0019638
0.00197701
0.00156704
0.00123451
0.00146175
0.000971392
0.00329886
0.00125059
0.00114203
0.00242168
0.00276915
0.00107781
0.00141563
0.0016597
0.00171682
0.00332154
0.00181898
0.00296588
0.0024426
0.00166083
0.00103842
0.00263787
0.00233867
0.00115071
0.00183076
0.0010886
0.00176645
0.00292202
0.00183989
0.00155472
0.00278531
0.00142511
0.00382377
0.00319363
0.00174924
0.00131049
0.00197706
0.00180138
0.00346479
0.00155984
0.000612611
0.00133553
0.0014979
0.00295182
0.00127924
0.00123377
0.0246475
0.00145431
0.00181768
0.00615653
0.00241345
0.00121617
0.00145038
0.00159771
0.00139645
0.00323105
0.00210532
0.00135892
0.00229835
0.00171436
0.00216302
0.00195569
0.0019706
0.00248446
0.00138062
0.00622162
0.00150673
0.00142461
0.00115502
0.00138987
0.00362809
0.00203303
0.00390043
0.00121729
0.00406794
0.00505809
0.00221101
0.00298723
0.00105093
0.000709022
0.00231986
0.0108008
0.00156865
0.00155402
0.00295971
0.00295012
0.0016966
0.00393182
0.00202619
0.0278226
0.00154331
0.00160094
0.0208185
0.00211497
0.00149119
0.00194804
0.00222387
0.00167681
0.000739874
0.00100178
0.00216088
0.00161996
0.00280767
0.00241679
0.00184069
0.000884707
0.000913231
0.00110939
0.00175475
0.00217063
0.00176974
0.00132639
0.00238191
0.00232576
0.00162939
0.00120643
0.00064992
0.00179635
0.00184924
0.00220381
0.00118354
0.00187817
0.00158227
0.00370199
0.00124796
0.0029973
0.00240768
0.000826641
0.00227144
0.00221109
0.00142945
0.00221821
0.000905834
0.00337681
0.00791017
0.00238824
0.00861023
0.00115746
0.00144274
0.0017078
0.00185503
0.00169397
0.00150235
0.0010157
0.000760468
0.00264033
0.00225393
0.00585811
0.000313699
0.00166117
0.00123357
0.00175945
0.0035381
0.00130155
0.00092819
0.00200693
0.00147985
0.00114033
0.011187
0.00101418
0.00217634
0.00153805
0.00137026
0.00246028
0.0127532
0.00243674
0.00223866
0.00208393
0.00158017
0.00161665
0.00152817
0.000561233
0.00120258
0.00119844
0.00836947
0.00168857
0.0014218
0.00132199
0.00291422
0.00863193
0.00100728
0.00197411
0.00134
0.00205425
0.00214449
0.00178818
0.00312782
0.0132451
0.00119643
0.00137733
0.00268606
0.00146175
0.00161353
0.00108108
0.000972018
0.00238245
0.00424722
0.00223147
0.00268898
0.00324268
0.00151559
0.00167088
0.00206843
0.00808456
0.00258625
0.00100375
0.00200597
0.00832361
0.000900523
0.00177003
0.00112102
0.0018645
0.000932253
0.00274652
0.00453473
0.000981289
0.00171154
0.0010255
0.000982049
0.000856926
0.00128947
0.00100622
0.00212519
0.00281873
0.00263122
0.0017679
0.0028157
0.00206135
0.00802554
0.00124634
0.00205216
0.0155297
0.00196235
0.00132528
0.00250109
0.00294054
0.00773474
0.00506698
0.00222557
0.00101608
0.00210853
0.00343659
0.00227165
0.0142048
0.00289326
0.00212718
0.00115361
0.00511395
0.00254789
0.00135106
0.00182967
0.00101695
0.00116652
0.0128559
0.00277433
0.00169111
0.00158649
0.000835745
0.00288107
0.00110325
0.00144079
0.00123309
0.00151942
0.00148131
0.00370125
0.00117516
0.00104593
0.00165076
0.00140998
0.00154589
0.00297523
0.00473037
0.00127248
0.000622736
0.00222475
0.000966453
0.00200946
0.00316698
0.00111749
0.00598778
0.00249476
0.00209287
0.00228147
0.00260382
0.00127788
0.00277427
0.000995418
0.0122917
0.00122879
0.00568659
0.00140826
0.00118323
0.000668101
0.00218507
0.000963744
0.0029553
0.00179154
0.00327797
0.00292356
0.000585343
0.00121258
0.00253148
0.0010374
0.00143039
0.000977597
0.0015267
0.000636767
0.000516475
0.00253458
0.00152976
0.00138853
0.00211953
0.0020786
0.000957692
0.00199865
0.00172184
0.00219295
0.00180537
0.0018089
0.00125118
0.00067629
0.00277997
0.00167312
0.00136839
0.00191932
0.00102315
0.00270868
0.00109596
0.00150311
0.0018769
0.00157051
0.00181742
0.00191688
0.00225216
0.00151886
0.0205348
0.0027452
0.00255657
0.00199758
0.00185914
0.0167295
0.00235382
0.00172916
0.00301546
0.0021231
0.00135072
0.000437523
0.00117698
0.00490842
0.0021012
0.00415194
0.00346407
0.00129118
0.00172794
0.00192759
0.00107333
0.00154167
0.00143885
0.0038133
0.00136533
0.001661
0.00132334
0.00218682
0.00331518
0.00211718
0.00715325
0.0024697
0.00137799
0.00170297
0.00257712
0.00103567
0.000701418
0.00163094
0.00306298
0.00230098
0.00150862
0.00180227
0.000893754
0.00112499
0.000894488
0.00113299
0.00225336
0.00170565
0.00364239
0.00097211
0.00313504
0.00143898
0.00360677
0.00290793
0.0049805
0.0020326
0.00137477
0.00108282
0.0020026
0.00196209
0.00193486
0.00176647
0.00163898
0.00208324
0.000963818
0.0018129
0.00141404
0.0018267
0.00329784
0.00249136
0.00156342
0.00116297
0.00144833
0.00155084
0.00107152
0.00111492
0.000889783
0.0026779
0.0198725
0.00156355
0.00381081
0.00125808
0.0051016
0.00782129
0.00102266
0.00258897
0.00108625
0.00216054
0.00330472
0.00165823
0.00660443
0.00325148
0.001172
0.00129701
0.00257526
0.321651
0.00173737
0.00116013
0.00121821
0.00115027
0.00158766
0.00147994
0.00181837
0.000681603
0.00184253
0.00057133
0.00161048
0.000851927
0.000969357
0.00141923
0.0020864
0.00426827
0.00287807
0.057752
0.00171309
0.00279265
0.00225989
0.00122149
0.00145098
0.00186025
0.00177947
0.00147138
0.00142217
0.0120432
0.00138807
0.00107783
0.00107765
0.00143256
0.00149026
0.000971011
0.00111213
0.00225155
0.000939787
0.0010917
0.0045005
0.00135341
0.0015743
0.00100512
0.00219523
0.00161642
0.00176071
0.0013878
0.00127086
0.0180592
0.00188191
0.000707574
0.00127048
0.00306568
0.0017758
0.00259058
0.00146028
0.00167622
0.00252575
0.000922294
0.00151746
0.00578445
0.00196395
0.00218462
0.00266439
0.00366567
0.0024047
0.00820365
0.00100043
0.00124588
0.00111277
0.00216215
0.00327795
0.00193459
0.00178507
0.00233845
0.00305645
0.00151686
0.000521954
0.00218433
0.00162415
0.0031333
0.00149633
0.0130096
0.00211666
0.00482562
0.00132313
0.0014635
0.00183607
0.00139782
0.00251338
0.00667336
0.00181032
0.00117035
0.00150572
0.00210463
0.000946394
0.00324064
0.000892376
0.00111366
0.0020328
0.00107904
0.00184591
0.00178708
0.0022993
0.00282948
0.00149219
0.00150276
0.00149874
0.00211691
0.00134351
0.00181226
0.00189973
0.000819746
0.00123973
0.00139324
0.00139101
0.00199545
0.000928293
0.00179687
0.0022053
0.00298661
0.000854055
0.00205833
0.00110364
0.000727226
0.00214545
0.156695
0.00204492
0.00197789
0.00173326
0.00279076
0.00147983
0.00157227
0.000920729
0.00153705
0.00275572
0.00189522
0.00176321
0.00171828
0.0146907
0.000715164
0.00168083
0.00179356
0.00322209
0.00172542
0.00150469
0.00337926
0.00231971
0.0017119
0.00125009
0.00193858
0.00141702
0.00169392
0.00257805
0.00117076
0.00109182
0.00178351
0.00266757
0.00108416
0.00262734
0.0237467
0.00224977
0.00207692
0.00121963
0.00718941
0.00451145
0.00212162
0.00219796
0.00220542
0.00246503
0.00215676
0.00171862
0.00121687
0.00161631
0.00172687
0.00114529
0.00598708
0.0163924
0.00131344
0.00231578
0.00169039
0.00105707
0.000737765
0.00175939
0.00159721
0.00130591
0.00278915
0.00258157
0.00201469
0.00100012
0.00131066
0.00302763
0.00218685
0.00472814
0.00104669
0.00551737
0.00178738
0.0065411
0.00369439
0.00184141
0.00136167
0.00169281
0.00268415
0.0022505
0.000622043
0.00207994
0.000814755
0.00111482
0.00197525
0.00408468
0.00323814
0.00140511
0.00115602
0.00154191
0.00260767
0.00172974
0.00216191
0.000483646
0.00121047
0.0007907
0.00392075
0.0015399
0.000905692
0.00341139
0.00190456
0.00108706
0.00165435
0.00075895
0.00235247
0.00178588
0.00509797
0.000613958
0.00118926
0.00165906
0.00174178
0.00120944
0.0019074
0.00318512
0.00172472
0.0023025
0.00612554
0.00258393
0.0016835
0.00198975
0.00238145
0.00183319
0.00224404
0.00154783
0.00157238
0.000824674
0.000645957
0.00252911
0.00121604
0.00121841
0.00195555
0.00211071
0.00437306
0.00315321
0.0010114
0.00188863
0.00253694
0.00173602
0.029355
0.0014911
0.00256167
0.00174999
0.00250799
0.00227208
0.00647493
0.000620984
0.0224147
0.00100373
0.000568435
0.00386288
0.00220509
0.00143934
0.00159688
0.00184778
0.000991962
0.00155471
0.00103227
0.001941
0.000874229
0.00483661
0.00182607
0.00178133
0.00409427
0.00171172
0.00139152
0.0015539
0.000964344
0.000992765
0.00194025
0.00407839
0.00223133
0.00292301
0.00158232
0.00120292
0.00129584
0.00160909
0.000957336
0.00159497
0.00160754
0.00189602
0.00154064
0.0017598
0.00166547
0.00178694
0.0106682
0.017171
0.0032347
0.00247556
0.00385778
0.0011555
0.00255743
0.00140679
0.00233226
0.00281316
0.00189035
0.00171903
0.000814133
0.00318044
0.00590563
0.00203573
0.00207249
0.00169427
0.00171122
0.00117016
0.00137912
0.00122676
0.00261147
0.00146782
0.00180533
0.00764325
0.00151205
0.00191839
0.00942252
0.00136082
0.00151424
0.00328918
0.00579897
0.00184861
0.00169463
0.000755107
0.00080991
0.00161846
0.000918649
0.00115982
0.000972499
0.00144224
0.00158185
0.00229377
0.00228497
0.000943865
0.00213813
0.00185618
0.00260509
0.00254792
0.0206221
0.00139508
0.00592416
0.00145677
0.0010023
0.00113942
0.00278217
0.00124133
0.00138094
0.00110239
0.00170397
0.00107854
0.00290307
0.00150734
0.00314167
0.00192995
0.00287345
0.00251863
0.00174437
0.00259251
0.00213542
0.00199442
0.000708591
0.00336894
0.00224242
0.00180832
0.00127052
0.00101877
0.00194854
0.00287415
0.00243085
0.00244092
0.00183741
0.00244181
0.0025533
0.00166296
0.000956892
0.00391492
0.00110351
0.00215663
0.00097658
0.0019032
0.00259123
0.00193696
0.00157076
0.00187376
0.00426644
0.00122659
0.00145587
0.0044276
0.00202925
0.00117241
0.00140312
0.00246416
0.00469586
0.00139517
0.00157493
0.0031884
0.000594801
0.00157453
0.00360443
0.00355334
0.0018865
0.00102492
0.00167158
0.00150884
0.00150344
0.00171172
0.00139236
0.00242819
0.00173024
0.00143889
0.00143889
0.00209251
0.00247144
0.000963394
0.00206668
0.00159754
0.0362564
0.00508491
0.00178891
0.00138398
0.00123369
0.00137241
0.000959941
0.00191447
0.000968753
0.00151518
0.00137895
0.00578116
0.00182308
0.0271907
0.000682867
0.00447238
0.00136606
0.00193379
0.000975287
0.00150485
0.00502487
0.00215726
0.00125031
0.00112157
0.00140319
0.000819313
0.00198202
0.00247154
0.00234184
0.00966674
0.00365868
0.00152296
0.00180582
0.00140455
0.00134789
0.00175068
0.00120427
0.00134607
0.000422711
0.00144687
0.00126529
0.00372372
0.000668466
0.000855316
0.00161351
0.00176636
0.00124616
0.00339066
0.00181002
0.00359771
0.00200048
0.00244779
0.00169016
0.002869
0.00241554
0.000666369
0.00280248
0.00175222
0.00176759
0.00714827
0.00237581
0.000928188
0.00210732
0.00115232
0.00168755
0.0044043
0.00184542
0.00229376
0.0019582
0.00116182
0.00120966
0.00107977
0.000962871
0.00166471
0.000925732
0.00194148
0.00140772
0.00207861
0.00112495
0.00249587
0.055204
0.00951186
0.00213477
0.00127949
0.00133157
0.00186277
0.00791019
0.00133119
0.00145754
0.00452596
0.0022368
0.00134973
0.00114446
0.000785574
0.00144669
0.00113191
0.00231031
0.000779876
0.00243352
0.00148161
0.0020546
0.00130689
0.000764638
0.00161552
0.000716327
0.00105131
0.00118806
0.000774498
0.00196161
0.00100336
0.00164981
0.00280082
0.00100531
0.000772573
0.00243175
0.00138067
0.000758166
0.000711103
0.00243592
0.00251684
0.00176551
0.001337
0.00249061
0.0013045
0.00285177
0.00159428
0.00287581
0.001905
0.00130884
0.00121781
0.00140033
0.00244697
0.00218966
0.00356747
0.00245484
0.00176265
0.010061
0.00103349
0.00129717
0.00110396
0.00487644
0.00264663
0.00944345
0.00114064
0.00138836
0.0024745
0.00133336
0.00185354
0.000961329
0.00108355
0.00130961
0.00494934
0.000992691
0.00120717
0.00153682
0.00831314
0.00249685
0.0201998
0.00125918
0.00142172
0.005054
0.00271658
0.000957439
0.0010827
0.00123821
0.000911191
0.00158325
0.00130499
0.00189919
0.0013786
0.00215575
0.000606466
0.00169621
0.00141229
0.00127224
0.0019898
0.00146952
0.00125216
0.000702655
0.00131235
0.000829742
0.00158951
0.00076745
0.00093965
0.00402093
0.000971296
0.00150452
0.00222911
0.00413994
0.000594297
0.00144704
0.00225797
0.00479985
0.00519628
0.00128016
0.00168123
0.00106133
0.00299967
0.00154722
0.00173043
0.00111589
0.00146053
0.000600177
0.000545846
0.000775906
0.00209141
0.00151264
0.0105443
0.00262991
0.00129022
0.00269943
0.000826417
0.00154432
0.00119121
0.00547502
0.00241536
0.00195363
0.000424268
0.00126437
0.00196274
0.00199768
0.00253858
0.00137624
0.00229173
0.00102003
0.0015509
0.00170792
0.00203714
0.00165908
0.00183214
0.0053585
0.00186221
0.00409859
0.00146268
0.00303411
0.00120329
0.0013014
0.00239152
0.00144258
0.000859536
0.00144998
0.00153338
0.00161881
0.00162554
0.00218543
0.0016294
0.00128269
0.00205524
0.00146541
0.00128803
0.00251671
0.00212605
0.00145198
0.00179478
0.00167849
0.000449542
0.00105425
0.00246664
0.0074365
0.0010241
0.000958379
0.000501107
0.00118378
0.00246678
0.000988104
0.00159675
0.00336931
0.00159543
0.0107256
0.00151784
0.00108117
0.000530722
0.00138213
0.00156977
0.00178475
0.0011307
0.00111239
0.00194337
0.00248581
0.00254708
0.00154093
0.00144964
0.000962987
0.000965511
0.00165129
0.00118222
0.00152647
0.00112045
0.00168399
0.0020348
0.00571427
0.00180989
0.00120771
0.00203558
0.0022037
0.00158085
0.00249103
0.00234132
0.00142256
0.000831747
0.00306182
0.00126522
0.00121254
0.00212696
0.00147768
0.00300388
0.00210276
0.00354901
0.00222733
0.000899018
0.0014943
0.00370356
0.000929038
0.0014579
0.00130594
0.00152089
0.0027633
0.00128625
0.00119141
0.00172247
0.00173181
0.00149971
0.00139775
0.0140359
0.0018959
0.00118055
0.0047294
0.00208645
0.00298858
0.00128257
0.00330337
0.000733017
0.00137008
0.00055452
0.00141009
0.00158443
0.0126374
0.00716398
0.00142639
0.00245322
0.00124482
0.00188504
0.00174526
0.00123837
0.00205337
0.00247652
0.0016226
0.00128019
0.00134834
0.00169749
0.00363005
0.000993254
0.00187395
0.00294088
0.00138993
0.000898842
0.00220907
0.00104113
0.00520217
0.00286877
0.00161043
0.00371772
0.00247029
0.00172967
0.00119855
0.00123481
0.00189826
0.00331319
0.0100148
0.00261998
0.00139767
0.00203604
0.00224875
0.00118389
0.00112618
0.00277897
0.0016695
0.00153942
0.00436255
0.00173088
0.00248735
0.00100492
0.00255326
0.00241705
0.00138337
0.000837459
0.000862113
0.00113572
0.00207764
0.000957265
0.00102805
0.00893657
0.00153469
0.00117188
0.00153759
0.00102044
0.014669
0.00137292
0.00197159
0.00150186
0.0012913
0.00207046
0.00236286
0.0010841
0.000790438
0.00192197
0.000837026
0.0019601
0.00216906
0.00196235
0.0021897
0.000747664
0.00436257
0.00234317
0.00185634
0.00117016
0.00202797
0.00478499
0.00226129
0.00182073
0.00207307
0.00165546
0.000672064
0.00863088
0.00302325
0.00182301
0.00290321
0.00351571
0.00207025
0.00155282
0.0277979
0.000935668
0.00110557
0.0014818
0.000995702
0.00191326
0.0210107
0.00175991
0.00121798
0.00235014
0.00145219
0.000946108
0.00185282
0.00288009
0.00384091
0.00333558
0.00181416
0.00309167
0.00246334
0.00268637
0.00117004
0.00400597
0.00129138
0.00135001
0.000477694
0.00082672
0.00246154
0.000984985
0.00127844
0.000982014
0.000812449
0.00705316
0.007437
0.00110682
0.001884
0.00179444
0.0032633
0.00146511
0.00170297
0.00185165
0.00190615
0.00209421
0.000899851
0.00194607
0.00241653
0.00132153
0.00661263
0.00230995
0.000769186
0.00155563
0.00178516
0.00262718
0.00210935
0.00320787
0.00144347
0.00272656
0.00146397
0.00172349
0.00142965
0.0129399
0.00101597
0.00231165
0.00224934
0.00192899
0.00175995
0.000942771
0.00543079
0.00121425
0.0018413
0.00158277
0.00122789
0.00124962
0.00117455
0.00932218
0.00316481
0.00303306
0.000810563
0.00180914
0.00106824
0.00222093
0.00095744
0.0017678
0.00188018
0.00178816
0.00196559
0.00272104
0.00169683
0.00119474
0.00173973
0.0031424
0.0010647
0.000921523
0.0234686
0.00142671
0.00114348
0.000715152
0.00219673
0.00381901
0.00160633
0.00202087
0.00196327
0.001683
0.00131517
0.00145934
0.00296919
0.00134596
0.00411377
0.00186557
0.00371702
0.00105355
0.00522854
0.00140259
0.00220412
0.00151112
0.00156731
0.00195392
0.000791491
0.00135581
0.00224934
0.00416788
0.00329646
0.00497352
0.00165848
0.00637263
0.000994415
0.00330381
0.00183269
0.00110117
0.00131878
0.0012051
0.0011147
0.000916563
0.00148523
0.00151539
0.00112145
0.00142909
0.00187194
0.000950753
0.00233051
0.00138739
0.0093015
0.00438647
0.00112936
0.00126566
0.00142394
0.00196449
0.0022767
0.0017553
0.000756139
0.00292735
0.000541135
0.00183135
0.00129751
0.00252584
0.00150616
0.00434977
0.00177856
0.00189252
0.00759404
0.00422565
0.00101773
0.00156437
0.00121421
0.00117555
0.00215066
0.000877452
0.000869021
0.00614939
0.000827183
0.00115003
0.0030776
0.00408431
0.000938026
0.00189847
0.000658185
0.00531364
0.00297378
0.00647098
0.00409008
0.116197
0.00195897
0.00185716
0.00117222
0.00182212
0.000941498
0.00261353
0.00146217
0.00117057
0.00168739
0.00252354
0.000802524
0.00230013
0.00153414
0.00129277
0.00182948
0.00610895
0.00135398
0.00380583
0.001744
0.00152916
0.00135224
0.00196654
0.00151099
0.000710164
0.00152425
0.000477825
0.00708491
0.00142774
0.00106519
0.00165012
0.00399892
0.00192111
0.00192433
0.00215654
0.00231402
0.00154232
0.00362904
0.00105697
0.00116392
0.00350422
0.00205305
0.00111423
0.00138681
0.00103132
0.00103804
0.00320411
0.00152993
0.000659088
0.00134932
0.00124762
0.00138849
0.000752477
0.00153734
0.00118517
0.00109598
0.00214164
0.00217257
0.00276961
0.00459524
0.00215352
0.000449245
0.00134265
0.00232216
0.00367716
0.00230796
0.000800526
0.00174439
0.00210912
0.00108041
0.00136251
0.0131496
0.000893359
0.00101845
0.00113955
0.00124305
0.00253186
0.00146649
0.00158544
0.0016936
0.00358594
0.000782357
0.00318097
0.00138418
0.00145099
0.00161053
0.0012522
0.00189042
0.00417861
0.00144177
0.00203648
0.0017237
0.00361602
0.00498618
0.00108962
0.00199203
0.00146997
0.00197664
0.000991423
0.00366519
0.00207859
0.00135381
0.00294647
0.00208527
0.00194801
0.00143035
0.000616272
0.00720867
0.00147705
0.00106736
0.00226317
0.00156752
0.00192977
0.00275853
0.00247334
0.00221043
0.00125628
0.00129716
0.00101166
0.00591505
0.00225458
0.000995867
0.00120582
0.00156304
0.00161059
0.00214062
0.000826486
0.00224518
0.00155601
0.00106863
0.000883066
0.000865202
0.00189006
0.00122498
0.00199394
0.00247651
0.00545844
0.00452934
0.00158948
0.00146623
0.00245823
0.00216757
0.00305893
0.00223126
0.00197842
0.00154911
0.0014494
0.00130094
0.00448065
0.00222666
0.00213795
0.0011228
0.00208411
0.00488259
0.0024406
0.00199867
0.00154777
0.00154391
0.00153107
0.00238419
0.00333405
0.00203023
0.00182557
0.00114579
0.00741048
0.0018066
0.00202542
0.0015299
0.00224261
0.00186159
0.00174956
0.00170688
0.001202
0.00179107
0.00103717
0.00298731
0.00186053
0.00605251
0.00150539
0.00131314
0.00320839
0.00217482
0.000762523
0.00220447
0.00207908
0.00222297
0.00171105
0.00238569
0.00397153
0.00370155
0.00265743
0.00274905
0.00154562
0.000788214
0.002197
0.00139152
0.00209504
0.00262225
0.00141486
0.000656235
0.000812878
0.0019664
0.00236281
0.00189616
0.00215897
0.00065502
0.00359954
0.0017198
0.00254042
0.00165303
0.00622216
0.00160602
0.000865916
0.00149048
0.00276264
0.00170834
0.000990186
0.000838517
0.000936725
0.00159711
0.00144998
0.00193944
0.00298307
0.000984441
0.00187918
0.00553608
0.00118658
0.00146789
0.00137698
0.00227784
0.0016498
0.00100929
0.00156509
0.00109697
0.00101326
0.00180565
0.00446642
0.00141967
0.000900285
0.0025464
0.00240165
0.00171369
0.00143012
0.00272108
0.00356557
0.00190235
0.00101198
0.00082038
0.00169981
0.00110435
0.00109082
0.00158144
0.00160787
0.00277639
0.00148594
0.00407015
0.00152622
0.00178255
0.00154736
0.00200699
0.0021794
0.00198298
0.00217865
0.00112155
0.000960281
0.00108573
0.00142608
0.0031462
0.00404753
0.00623819
0.000930232
0.00152362
0.00174122
0.00120616
0.00777284
0.00658908
0.00223913
0.00525714
0.0013402
0.00180898
0.00130643
0.000904332
0.00176845
0.0010659
0.00189251
0.00192583
0.00217459
0.00258027
0.00236784
0.00227856
0.00266009
0.00161453
0.00530667
0.00199652
0.00121208
0.00161872
0.00113024
0.00143998
0.00407433
0.00132753
0.00188139
0.00232619
