0.000172817
1.30187e-05
0.000132801
0.000247682
0.000400575
5.30265e-05
5.43654e-05
0.000309725
6.27277e-05
0.000137626
0.000122165
0.000106774
0.000550503
0.000114943
0.000245185
3.98992e-05
0.000183836
0.000653071
0.00481768
4.94828e-05
0.00150143
0.000276702
0.000127487
0.00173952
6.61288e-05
0.000288615
0.000347168
0.000144804
0.000436456
9.06439e-05
3.95268e-05
0.000226793
0.000117049
0.000108013
4.40934e-05
0.000149272
0.000110048
0.000156007
9.50256e-05
0.000413853
5.05013e-05
0.000136579
0.000542321
0.000110425
0.000115965
7.25216e-05
0.000214046
0.000199066
0.000211726
9.50455e-05
0.000261828
0.000338511
0.00010363
0.000235103
0.000242064
0.00021178
3.66596e-05
0.000134166
0.000166397
8.46848e-05
0.000434821
0.000261748
0.000196123
0.000218995
8.45851e-05
2.99571e-05
2.21576e-05
0.000304272
0.000113326
0.000170472
0.000125941
4.32328e-05
0.000157144
0.000336752
0.000153626
0.000111159
0.000128887
0.000423059
4.31765e-05
6.18018e-05
0.000130219
4.96134e-05
0.000158792
7.39732e-05
3.23338e-05
0.000156016
0.000155837
0.000130996
0.000194181
0.00107997
8.20704e-05
2.83478e-06
8.34269e-05
0
0.000152068
1.79166e-05
0.000136633
0.000150161
0.000137601
0.00014512
4.81447e-05
0.000100919
0.000271604
0.000151999
0.000184158
0
9.8551e-05
6.82885e-05
0.000153058
0.000133339
0.00021639
0.000131123
0.000206035
1.07263e-05
6.91085e-05
0.000138897
6.9271e-05
0.000113918
0.000245018
9.66095e-05
0.000137307
0.000247349
0.000149019
6.37008e-05
0.000376203
0.000114359
6.62225e-05
0.000215406
0.00015467
0.000185251
8.19902e-05
5.96466e-05
3.91865e-05
6.8783e-05
0.00013143
0.000549272
0.000131422
4.92999e-05
0.00529592
0.000159579
0.00037712
0.000189699
0.000215199
0.000209254
0.00010503
0.000173765
4.07907e-05
0.000162961
6.81371e-05
0.000114278
0.000225114
0.000148289
3.27995e-05
0.0006242
0.000369588
0.000479015
0.000215997
0.000168504
0.00146818
0.000333137
4.63252e-05
0.000141054
0.000258763
0.000167713
0.000130285
3.00066e-05
9.55576e-05
0.000144652
0.000184251
0.000391504
0.000137789
0.000105605
0.000230669
2.31742e-05
7.4718e-05
0.000141263
0.00011186
0.000452802
0.000248242
9.04578e-05
0.000115485
4.16735e-05
0.000220663
7.47594e-06
4.49036e-05
5.83771e-05
1.66614e-05
6.70612e-05
0.000146686
0.000233182
0.000684318
0.000237725
0.000233531
0.00102222
5.37242e-05
8.15325e-05
0.000221747
0.000186657
0.000144574
0.000101465
0
0.000256996
7.73063e-05
4.31568e-05
8.9774e-05
0.000228122
0
0.000156121
0.000209336
0.000196439
0.000226536
7.82896e-05
5.60141e-05
4.54369e-05
4.25304e-05
0.000213338
0.00023717
0.000136762
6.93608e-05
0.000233773
0.000242879
0.000154398
0.000119025
0.000778657
0.000196214
0.000146736
0.000168569
0.000130191
0.000800293
0.00119992
6.28551e-05
0.000195847
9.01033e-05
0.000203961
0.000196162
3.21907e-05
0.000485622
9.09462e-05
0.000171372
0.000236823
6.24213e-05
0.000264917
0.000140988
0.000178056
9.91275e-05
0
9.98428e-05
0.000146441
0.000186115
4.10418e-05
0.000933551
0.00103883
9.10766e-05
0.000161332
0.000134993
0.000235685
8.25451e-05
6.49883e-05
0.000114232
9.57389e-05
0.000566186
6.88867e-05
7.04192e-05
0.000241117
0.000196457
5.33906e-05
2.79355e-05
0.000157827
0.000248637
2.20644e-05
8.08798e-05
0.000178262
0.000277757
8.19922e-05
0.000563694
0.000134852
0.000138762
0.000338011
0.000740644
0.000112745
0.00018938
0.0070948
6.77726e-05
1.29209e-05
0.00030575
7.69838e-06
0.000245344
0.000558627
6.47324e-05
1.28709e-05
2.93013e-05
9.53471e-05
0.000259033
6.41348e-05
0.000105527
0.000196238
6.63312e-05
4.10853e-05
0.000160211
4.45968e-05
3.92251e-05
1.7243e-05
0
0.000105052
0.000389968
5.506e-05
0
0.000175683
0.000172397
0.000254807
0.000488006
0.000142995
0.000165812
0.000113831
0.000235236
0.000108019
4.41115e-05
0.000171956
0.000164039
0.000360057
0.000187466
0.000189722
7.07126e-05
0.000114508
9.57626e-05
7.47033e-05
0.00016879
0.000291243
0.000107579
7.93677e-05
6.75322e-05
0.000205584
4.67767e-05
0.000129617
4.2813e-05
3.53691e-05
0.000187116
0.000512758
0.000102266
0.000135973
0.000131771
0.00017397
0.000210977
5.94697e-05
0.00160728
0.000158614
0.000216035
3.06888e-05
0.000281553
5.54776e-05
0.00011674
9.25621e-05
7.48832e-05
9.99651e-05
0.000260401
0.000117372
0
8.78069e-05
7.69548e-05
5.70589e-05
6.386e-05
0.0250024
0.000127791
0.000149177
7.60044e-05
0.000432032
9.87865e-05
7.21348e-05
5.01131e-05
2.54795e-05
7.82894e-05
0.000153172
1.22983e-05
6.7744e-05
0.000210031
0.000128197
0.000110887
0.000214247
0.000170221
0.000111249
6.51805e-05
0.000191729
0.00138841
0.00012245
2.30774e-05
3.90134e-05
0.000141135
7.78945e-05
0.000259436
5.88603e-05
2.91594e-05
0.000165496
0.000151601
0.000599148
0.000108424
8.12769e-05
0.000191803
5.91469e-05
0.0191598
0.000221494
9.89033e-05
0.00119765
0.000141424
0
1.06171e-05
3.70859e-05
0.000212487
6.25852e-05
0.000168213
0.000148007
0.000206925
8.27565e-05
0.000101267
0.000149436
7.52445e-05
0.000189725
5.89681e-05
0.00102588
0.000148757
2.31446e-05
0.000132553
0.000514004
2.3198e-05
0.000151592
0.0002271
6.69365e-05
0.000192942
8.21397e-05
0.000139049
0.000164266
0.000147043
0.000869745
0.000132357
0.000165141
7.39868e-05
0.00023854
0.000120047
0.000133763
0.00010469
0.000263056
0.000328088
0.000141468
0.000240909
0.000213099
0.000110567
0.000316774
2.36566e-05
0.000128141
0.000114964
0.000157472
0.000153579
0.00017247
0.00012671
0.000178046
0.000116893
0.000188243
0.000191018
0.000231515
3.7583e-05
5.22195e-05
1.99319e-05
0.000738432
0.000101004
9.34032e-05
0.000125744
5.94084e-05
0.00020406
0.000258018
7.69186e-05
0.000178765
6.13895e-05
4.89607e-05
0.000171201
0.00035314
0.000158012
5.24348e-05
2.30942e-05
7.87928e-05
0.00025659
0.000247036
0.00200807
0.000102752
0.000401466
0.000117857
0.000138393
0.000240153
8.52962e-05
0.000306834
9.11814e-05
0.000102416
0.000217858
0
2.80767e-05
0.000307128
2.06233e-05
7.31071e-05
1.27604e-05
0.000278593
9.32822e-05
0.000147315
3.19207e-05
6.97474e-05
0.000825272
0.000134512
0.000324233
0.000163233
0.000371202
3.36128e-05
0.00018583
0.000135683
0.000310723
0.000136904
0.000237812
8.11797e-05
0.000612158
0.000274677
8.39524e-05
6.65074e-05
0.000231832
0.000301612
9.63974e-05
0.000313949
0.000331885
4.87858e-05
0.000121427
7.11397e-05
0.000290503
8.63264e-05
8.10726e-05
0.000118077
0.00015089
0.000176825
0.000302204
0.000107113
0.000229005
3.3719e-05
0.000432619
5.0579e-05
0.000167001
0.000201626
0.000105188
0.000437672
0.000193034
0.000555177
9.72295e-05
0.000271438
9.97721e-05
0.000143055
0.000317313
0.000154989
9.34365e-05
0.000191453
0.000115146
5.01128e-05
0.000109262
0.000272564
3.18813e-05
0.000265264
8.25772e-05
5.66293e-05
4.38951e-05
1.6055e-05
5.71802e-05
0.000243716
5.9506e-05
0.000128267
3.37402e-05
0.000199047
0.000203679
0.00150489
7.01122e-05
0.000107828
0.000130604
0.000247588
0.000158104
9.70849e-05
0.000472531
6.7228e-05
0.00040508
0.000112445
0.000367417
0.000213787
7.21706e-05
0.000167444
0.00025552
0.000267765
6.18828e-05
0.00018638
4.30897e-05
4.00464e-05
0.000129485
0.000139633
2.0561e-05
0.00016671
0.000472631
0.000139424
0.000366075
0.000168674
7.2074e-05
0.000229009
7.25611e-05
4.75829e-05
0.000127984
0.000145704
0.000327643
0.000187477
0.000126982
0.000207377
2.98232e-05
0.000313777
0.000130891
0.000137518
0.000425315
5.02347e-05
0.000213721
0.000190983
0.000313616
0.000149298
0.000171452
0.000176066
0.000189292
0.000338954
6.71204e-05
0.00041875
0.000152866
5.40207e-05
2.14665e-05
0.000308904
0.000146757
0.000274792
0.000123098
0.000322788
0.000478931
9.9999e-05
5.65752e-05
0.000108703
0.000261257
8.20306e-05
5.7239e-05
9.5689e-05
0.000197955
0.000190151
0.000377349
9.68036e-05
0.000167246
0.000155898
0.000179512
5.08563e-05
0.000119892
9.79431e-05
0.000161606
0.000410736
0.000244426
0.000138266
6.03519e-05
0.000217644
0.000326141
2.24539e-05
0.000136008
0.000124325
0
0.000165809
0.000163579
0.000431738
0.00013514
0.000106951
0.000152588
0.00019714
0.000223235
0.000259978
0.000140306
0.00105417
0.000240793
0.000131827
7.30577e-05
0.000121657
0.00011829
7.733e-05
0.000210046
0.00179175
0.000171121
0.000120734
0.000149947
8.39211e-05
0.000138454
0.00165841
4.66141e-05
0.000118022
9.88352e-05
1.23358e-05
0.000163689
0.000192323
0.00014196
6.04815e-05
6.40721e-05
0.00016733
0.000241205
0.000477924
0.000100739
9.19749e-05
0.000178281
0.000190367
0.000363358
7.49224e-05
0.000113112
0.000178969
3.20054e-05
0.000206515
6.39204e-05
0.000154926
0.000122537
1.87406e-05
0.000115131
0.000114127
0.00013449
0.000128899
6.05809e-05
0.00112069
0.000203981
1.35293e-05
0.000204865
0.000122306
0.000134824
5.34169e-05
0.000177144
0.00010727
0.000101944
0.000141774
0.000104092
4.00326e-05
1.02228e-05
8.82432e-05
0.000500411
5.0757e-05
0.000109672
0.000199434
2.47954e-05
0.000116119
0.00079404
8.69037e-05
0.000122528
0.000333271
0.00015992
7.70844e-05
0.000112797
7.87986e-05
0.000332735
4.98305e-05
8.30192e-05
0.000182023
0.000147611
0.000212708
0.000307366
0.000166754
1.19792e-05
6.26577e-05
0.00026909
0.000284744
0.000147083
3.8086e-05
0.000202163
0.000146694
0.000116701
9.42407e-05
9.20907e-05
3.15374e-05
0.000251699
5.98239e-05
0.000177016
1.62093e-05
0.000180686
0.000115743
3.81244e-05
1.66204e-05
0.000387196
0.000167544
0.000197878
0.000514304
5.54609e-05
0.000181149
0.031934
0.000460421
4.59353e-05
0.000160956
8.51322e-05
0.000117223
0.000127333
0.000138541
0.000103263
0.000198644
9.09346e-05
1.19547e-05
0.00026566
3.02336e-05
0.000166658
2.35229e-05
0.000947545
0.000222837
0.000130899
0.000107113
0.000118575
0.000162866
0.00010749
0.00014567
2.24166e-05
7.0581e-06
0.00033567
0.000164862
0.000111097
5.30509e-05
7.72037e-05
0.00319726
0.000139841
9.44304e-05
0.000598807
7.78451e-05
0.000153691
7.22462e-05
0.000238177
0.000395111
0.000301238
2.66039e-05
3.11177e-05
0.000445675
0.00031592
4.87855e-05
0.000533467
6.07196e-05
