0.00396281
0.00055558
0.000189908
0.000443104
0.000285156
0.00112853
0.000236317
0.00046223
0.000752798
0.000232621
0.00050043
0.000196085
0.000292794
9.10168e-05
0.000477788
0.000260098
0.000266753
0.000166645
0.000215787
0.000322295
0.000237253
0.000191831
0.000249122
0.000293673
0.000330478
0.000215757
0.000378312
0.000374345
0.000349027
0.000155654
0.000495933
0.000114519
0.000528148
0.000737608
0.000460047
0.000193436
0.000337036
0.000271748
0.000188557
0.00015475
0.000570239
0.00186824
0.00398149
0.000397729
0.0005159
8.70724e-05
0.000182266
0.0003256
0.000254895
0.000342331
0.000172323
0.000839845
0.000638358
0.000350209
0.00476845
0.000223868
7.56577e-05
5.44545e-05
8.15353e-05
0.000324101
0.000306911
0.00214691
0.000156704
0.000122069
9.79754e-05
0.00035804
0.000195858
0.000392417
0.000245038
0.00077367
0.000633733
0.000138082
0.00380378
0.000149382
0.000316599
0.00891782
0.000504343
0.000276239
0.000233307
0.000873487
0.000572985
0.000993883
8.66084e-05
0.00018836
0.00050484
0.000202258
0.000461489
0.000486114
9.10071e-05
0.000380254
0.000332681
0.00032447
0.00027181
0.000169258
0.000317443
0.000216094
0.000246991
0.000120251
0.000215768
0.000119195
0.000334505
0.000263817
0.000306003
0.000319209
0.00163026
0.000488478
0.000448025
0.000189841
0.000187015
0.000369078
0.000120984
0.000213646
0.000194681
0.000395487
0.00208726
0.000469835
0.000138459
0.000112391
0.000659595
0.000698524
0.000204593
0.00012277
0.000373225
0.000709928
0.000262623
7.11661e-05
0.000845143
9.47398e-05
0.000191239
0.00356915
0.000308528
0.00036113
0.000220698
0.000266357
0.000580733
0.000258617
0.000285815
0.00027297
0.000616652
0.000174157
0.000800885
0.000424474
0.000491461
0.000857447
0.000741064
0.000320281
0.000132699
0.00015059
0.000363166
0.000605149
0.000415329
0.000353318
0.000241207
0.000505544
0.000288567
9.25889e-05
0.000628219
0.000177027
0.000622136
0.000688912
0.000776452
0.000584015
0.000384722
0.000395102
9.21979e-05
0.000204503
0.000324225
0.000146472
0.000372868
0.000215675
0.000298572
0.000235704
0.000125455
0.000716499
0.000329872
0.000304491
0.000399562
0.000320758
0.000114022
0.000521432
0.000167161
0.00032163
0.000204321
0.000463739
0.000185785
0.000888769
0.000438946
0.000775727
0.00018866
0.000474619
0.000270223
0.000851707
0.000667271
9.56784e-05
0.000280057
0.000433107
0.00021861
0.000274716
0.000686515
0.000294309
9.91717e-05
0.000252928
0.000259707
0.000382375
0.000269156
0.00041941
0.000163926
0.000174634
0.00028595
0.000105503
0.000486039
0.000151915
0.000390335
0.000864071
0.000711861
0.000394973
0.000358563
0.000249664
0.000308873
9.8193e-05
0.000155431
0.000459189
0.00013305
0.00163909
0.000202088
0.000299028
6.50883e-05
0.000224589
0.000206422
0.00016703
0.000192829
0.000438452
0.000172161
0.000721075
0.000358597
0.000211806
0.000315046
0.000353242
0.000121942
0.00040448
0.000346336
9.75991e-05
0.000288673
0.000350063
0.000661249
0.000228892
0.000476932
0.00020046
6.78186e-05
0.000329156
0.000149271
0.000281911
0.000319146
0.000704316
0.00038783
0.000537785
0.000167174
0.000357746
4.47062e-05
0.000565993
0.000101984
0.000340705
0.000492944
0.000859934
0.000233762
0.000143998
0.00199245
0.000293557
0.000254992
0.000561109
0.00357713
0.000943696
9.23164e-05
0.000430141
0.000728454
0.00074079
0.00033635
0.000335927
0.000276565
0.000289617
0.000203243
0.000244351
9.43641e-05
3.33828e-05
0.000115712
0.000314281
0.000323116
0.000629475
0.000101061
0.000795309
0.000520121
0.000517779
0.0025649
0.0002041
0.000338986
0.0214641
0.000307229
0.000174058
0.000154037
0.00016818
0.000283827
0.000545208
0.000129025
0.000408419
0.0010047
0.000201675
0.000639567
0.000181687
0.000693618
0.00162228
0.00247648
0.000295792
0.000338994
0.000531544
0.000408614
0.000391643
0.000251836
0.000307296
0.000196868
0.000128868
0.000443153
0.000252227
0.000532279
0.000348521
0.000337742
0.000994833
0.000312595
0.000294597
0.000418783
0.00173883
0.000276498
0.000411338
0.000170505
0.000559617
0.00065229
0.000606479
0.000214265
0.000151716
0.000247479
0.000373462
0.00586053
0.000334805
0.000540358
0.000507042
0.00111642
0.000349786
0.000253173
0.000287653
8.3736e-05
0.00107965
0.000344776
0.000300498
0.000175699
0.000373011
0.000370917
0.000220421
0.00141307
0.000306384
0.000448516
0.000213685
0.000276997
0.000252894
0.000167884
0.000456017
0.00155157
0.000575208
0.000343686
0.000346019
0.000328441
0.000578448
0.000573136
0.00049696
0.000285408
0.000432975
0.000711941
0.000393393
0.000454718
0.000363022
0.000355216
0.000287297
8.83324e-05
0.000126608
0.000501104
0.000409786
8.95295e-05
0.000424829
0.000312462
0.000737046
0.000341994
0.000816679
0.000267617
0.000341579
0.000292615
0.000406573
0.000347013
0.000285156
0.000377806
0.000175669
0.000353592
9.16623e-05
0.000219606
0.000363958
0.000300709
0.000849948
0.000193545
0.000170114
0.000424399
0.000595517
0.00032222
0.000133591
0.00128316
3.35012e-05
0.00023995
0.00184417
0.00045337
0.000340842
0.000150398
0.000499625
0.000943737
0.000330398
0.000270662
0.000998163
0.000328052
0.000114833
0.000290421
0.000220677
0.00049638
0.000145476
0.000451181
0.000322021
0.000189217
0.000519865
7.89447e-05
0.000537998
0.000727242
0.000220815
5.23478e-05
0.00066321
0.000157536
0.00484108
0.000491364
0.000206741
7.48712e-05
0.000396232
0.000286674
1.21527e-05
0.000481312
7.27234e-05
0.000158703
0.000231878
0.000188541
0.000363891
0.000381029
0.000399364
0.000522119
0.000492619
0.000204359
0.000275602
0.00122111
0.000272754
0.000190074
0.000249385
0.00150946
0.00025177
0.000479796
0.000523608
0.000185322
4.36317e-05
0.000443602
0.000162852
0.000301898
0.000161927
0.00110702
0.000183314
0.00041562
0.000178662
0.000265821
0.00083545
0.000148223
0.000349093
0.000199806
0.00110043
0.00525823
0.000122186
0.000122186
0.000134694
0.000217042
2.6435e-05
0.000485718
0.000362708
0.000394364
0.000373167
0.000347449
0.00116891
0.00030841
0.0015029
0.000287487
0.000116846
7.57017e-05
0.00039961
0.000259421
0.000270226
0.000388724
0.000251402
0.000241645
0.000453076
0.00044534
0.00132999
0.000713345
0.000260762
0.000414683
0.000154942
0.000321989
0.00021794
0.000423677
0.000461003
0.000127063
0.00185778
0.000448322
0.000446913
0.000498913
0.000508871
0.000353558
0.000203184
0.000296918
0.00076168
0.00017225
0.000372723
0.000657217
0.000479909
0.000155577
0.000260731
0.000410445
0.000185677
0.000263932
0.0026537
0.000311779
0.00052029
0.000249907
0.00071651
0.000518757
0.000896532
0.000513534
0.000139312
0.000327527
0.000624438
0.000186795
0.000197115
0.000439263
0.000307669
0.000261028
0.000211333
7.88177e-05
0.000423481
7.85997e-05
0.000154318
9.89019e-05
7.03557e-05
0.00172795
0.00031314
0.00034326
0.000484609
0.000428155
0.000386875
0.000260469
0.000201271
0.000106456
0.000686717
0.000441527
0.000277243
0.000171636
0.00051699
0.000298853
0.000203302
0.000544169
0.000293807
0.000405726
0.000524349
0.000196487
0.000300172
0.000149921
0.000744064
0.000184333
0.000570117
0.000345979
0.000506236
0.0004991
0.000244859
8.07273e-05
0.000385448
0.00129212
0.000473945
6.03347e-05
0.000408509
0.000148397
0.000484176
0.000577317
0.000229988
0.000238158
7.88389e-05
0.000720024
0.000470957
0.0001451
0.00149446
0.00042805
0.000382159
0.000462223
0.000245079
0.000123611
0.000487091
0.000245064
0.000139021
0.000896072
0.000562305
0.000108287
0.000195546
0.000403363
0.000244587
0.000156215
0.000535222
0.000289367
0.000492893
0.000141946
0.000488007
0.000283671
0.000378993
0.000283787
0.000218944
0.000184773
0.000259694
0.000938213
0.000373268
0.000292711
0.000890753
0.000412927
0.000396719
0.000473783
0.000375247
0.000656603
0.00051879
0.000156227
0.000199893
0.000292666
0.000215095
0.000294989
0.00027681
0.00035408
0.00436991
0.000161932
0.000508927
0.000182773
0.00149362
0.000273791
0.000211643
0.000238485
0.000763832
0.00476088
0.000358186
0.000335096
0.000887355
0.000186024
0.000872664
0.000393397
0.000471695
6.40687e-05
0.000579776
0.000345454
0.000815657
0.000313696
0.000117126
0.000103354
0.000134597
0.000131574
0.000334505
0.0017079
0.000167337
0.000176082
0.000140572
0.00032625
0.000258032
0.000609924
0.000278093
0.000350921
0.000297313
0.000300041
0.000193149
0.000268041
0.00019493
0.000420398
0.000369087
0.000328545
0.000548773
0.000331789
0.000248348
0.000295277
0.000257562
0.000635148
0.00057111
0.00020867
0.00032482
0.000689491
0.000347036
0.000602119
0.000811424
0.000433796
0.000554493
0.00108769
0.000253438
0.000516273
0.000348415
0.0003469
0.000280927
0.000323868
4.43213e-05
0.00154809
0.000230771
0.000198662
0.00025633
0.000146242
0.00106767
0.000395053
0.000291461
0.00043656
0.000609428
0.000164417
0.000707879
0.000177994
6.89778e-05
0.000328544
6.03519e-05
0.000132165
6.85823e-05
0.000791211
0.000690132
0.000264103
0.0006331
0.000317215
0.000139341
0.000388921
0.000514017
0.00023274
0.000406531
0.000196028
0.000290127
0.000527506
0.000144366
0.000772382
0.00049696
0.000249531
0.000279259
0.000184705
0.000361021
0.000576355
0.000591088
0.000443778
0.000171859
0.00071548
0.000842261
0.000370502
0.000247138
0.000195915
0.000221148
0.000434876
0.000354643
0.000315789
0.000171388
0.000385026
0.00021966
0.000367707
0.00276627
3.57491e-05
0.000323239
1.50644e-05
0.000130528
8.71969e-05
0.000440096
0.000357857
0.000281907
0.000336169
0.00066042
0.000289084
0.000343991
0.000196733
0.000242783
0.000376311
0.0003572
0.000382244
0.000334181
0.000402885
0.00049829
0.000259961
0.0064784
0.000487198
7.37692e-05
0.000199036
0.00012266
0.000393863
0.000382052
0.000317481
0.000278545
0.000212791
0.00014753
0.00132288
0.00023763
0.000312136
0.00028457
0.000554708
0.000465676
0.000244366
0.000109612
0.000772232
0.000336987
0.000154592
0.000206772
0.000304545
0.000212429
0.000584572
1.99963e-05
0.000311157
0.000270148
0.000184763
0.000346688
9.95329e-05
0.00257045
0.000244784
0.000464668
0.000311031
9.57014e-05
0.000352457
0.000242962
0.000635274
0.000197102
0.000420709
0.000442846
0.000107872
0.000437204
0.000449045
0.000439377
0.000123822
0.000511612
7.98385e-05
0.000217078
0.00033211
0.00101505
0.000528921
0.00169722
0.000133765
0.000403429
0.000324556
0.00021305
0.000485062
0.00125909
0.000677198
0.0001806
0.00032964
0.000351843
0.00103671
0.000387286
5.52723e-05
0.000242933
0.000386805
0.000484319
0.000422773
0.000243484
0.00158012
0.000135123
0.000115604
0.000123276
0.000332519
0.000802177
0.000389202
0.000190091
0.000270361
0.000206035
0.000143653
9.99201e-05
0.000104949
0.000114563
0.000264433
0.000369857
0.000186281
0.000257322
0.00040875
0.000322857
0.000245372
0.000221415
0.000249336
0.000335316
0.000413333
0.00035356
0.00025106
0.000420967
6.61212e-05
0.000103061
0.000481605
0.00036306
0.00018165
0.000337103
0.000463117
0.00030699
0.000597515
0.000169872
0.000738504
0.000371334
0.000639152
0.000316644
0.000162026
0.000503819
0.000567415
0.000277959
0.000117653
8.17659e-05
0.000150665
0.000529436
0.000347035
0.000141029
0.000425962
1.32448e-05
0.000158943
0.000527408
0.000207283
0.000298385
0.00500044
0.00068429
0.00195027
9.22161e-05
0.000317434
0.000367469
0.000161698
0.00336465
0.000462555
0.000479214
0.000190138
0.000185509
0.000227709
0.000278264
0.000364658
0.000115658
0.000276788
0.000487355
6.36807e-05
0.000344373
0.000601301
0.000171943
9.56127e-05
0.000147291
0.000171048
0.000265489
0.000467129
0.000176085
0.000378311
0.000342073
0.000779068
0.000544602
0.000363409
0.000222407
0.00031957
0.000434023
0.00023331
0.000141773
0.000206001
0.000348468
0.000323576
0.0157209
0.000217069
0.00045028
0.000168533
0.00101149
0.000133687
0.000441999
0.000451599
0.000773795
0.000170143
0.000689455
0.000297449
0.000266109
0.000139527
0.000239564
0.000457826
0.00028781
0.00044432
0.000556103
0.000370942
0.000305305
9.7307e-05
0.000429428
0.000234802
0.00010603
0.000566605
0.000288972
0.000194884
0.00016356
0.000392707
0.000117062
0.000255363
0.000203407
0.00026461
0.000542985
0.00033099
0.000231544
0.000446975
0.000298481
0.000285888
0.000324369
0.000198292
0.000406542
0.000341747
0.000334914
0.000118922
0.000202406
0.000351354
0.000656402
0.000382528
0.000482733
0.000163901
0.000662592
0.000324909
0.000362937
0.000964401
0.000239254
0.00041754
0.000305046
0.000179248
0.000513914
0.000167966
0.000286148
0.000436547
0.000360991
0.00119846
0.000153508
0.000492002
0.000301301
0.000455112
0.000192325
0.000347131
0.000767985
0.000116324
8.87082e-05
0.000368704
0.00218974
0.000345233
0.000733084
0.000459804
0.000376421
0.00013916
0.000270188
0.000435075
0.000803952
0.000311252
0.000263157
8.32225e-05
0.00048857
0.000282639
0.00013401
0.00081963
0.000153417
0.000612346
9.02756e-05
0.00106126
0.000270488
0.000134876
0.000172788
0.000169914
0.000496255
0.000121479
0.000248047
0.00018671
0.00037191
0.000442245
0.000327827
5.53917e-05
0.00040181
0.000320329
0.000222212
0.000276134
0.000300219
0.000663451
0.000232034
0.000227518
0.000324762
0.000301108
0.000110272
0.000936399
0.000166977
0.000535837
2.26868e-05
0.000283803
0.000177747
0.000588662
0.000219139
0.00027634
0.000416036
0.000271038
0.0010777
0.000445021
0.000283319
0.000410968
0.000273166
0.00341388
0.000562358
0.000237774
0.000151489
0.000317707
0.000131235
0.000384834
0.000401968
0.000248473
0.000326279
0.000315353
0.000742895
0.00053301
0.00031083
0.000843134
0.000402231
0.000525524
0.000590029
0.000186616
0.00110115
0.000493966
0.000548418
0.000187819
0.000264843
0.000139863
0.000485756
0.000437233
0.000187873
0.000267168
0.000303791
0.000147103
0.00168259
0.0014602
0.000125048
0.000268673
0.000307284
0.000318683
0.000310996
0.000312527
0.000686496
0.000596417
0.000457877
0.000380066
0.000237211
0.000904591
7.59365e-05
0.000215904
0.000589471
0.00021121
0.000135263
0.000482392
0.000465014
0.000185464
0.000244501
7.86934e-05
0.000567342
0.000369097
0.000515615
0.000208811
0.000300631
9.28178e-05
0.000306637
0.000244974
0.000431205
0.000254281
0.000360188
0.000413692
0.000203303
0.000239016
0.00129684
0.000221988
0.000360193
0.000319051
0.0018142
0.000360745
0.000218306
0.000297894
0.000181503
0.000178345
0.000189615
0.000179962
0.000338822
0.000271389
0.000183283
0.000404884
0.000462351
0.000419648
0.000467806
0.000171959
0.000309902
0.000124085
0.000755577
8.06431e-05
5.59486e-05
0.000326894
0.000159374
0.000208914
0.000684013
0.000249064
0.000414175
0.000325637
0.000194645
0.000239714
0.000236854
0.000193062
0.000344956
0.000307879
0.000377963
0.000179558
0.000240332
0.000312941
0.000437913
0.000240065
0.000424353
0.000296991
0.000201413
0.000298568
0.000342915
0.000137343
0.000188779
0.000590527
0.00185346
0.000244089
0.000270494
0.000418485
0.000205387
0.000233541
0.000240474
0.000159663
0.000606349
0.000345378
0.000112637
0.000664142
0.000699669
0.000354546
0.000433369
0.000501533
0.000236485
0.000841155
0.000152114
0.000300418
9.64624e-05
0.000148268
9.6363e-05
0.000258901
0.000401609
0.000139858
0.000111576
0.000302315
0.000425278
0.000135741
0.0012695
0.000314412
0.0027222
0.000250614
0.00120855
0.000166927
0.000674794
0.00025988
0.000278536
0.000483557
0.00047454
0.00204795
0.000225342
0.000121813
0.000835211
0.000636658
0.000533476
0.000248615
0.000433352
0.000201381
0.000287876
0.000699692
0.000988207
0.00014152
0.00024287
0.00015244
0.00072103
0.000258928
7.41106e-05
0.00117637
0.000162736
0.000307574
0.000213488
0.000138859
0.000646455
0.000180844
0.000682371
0.000744171
0.000106516
0.000322232
0.000190464
0.00038084
0.000190907
0.00042296
0.000281256
0.00023042
0.00075095
0.000319365
0.000239526
0.000210231
0.000173071
0.000371122
0.000301461
0.000207416
0.000359246
0.000170308
0.000117626
0.000276162
0.000615474
0.000406775
0.00165561
0.000318533
7.45849e-05
0.000282155
0.000625798
0.00258048
0.00051738
0.000149459
0.000340306
0.000368131
0.000165887
0.000305114
0.000205583
0.000253978
0.000159861
0.000463837
0.000435678
0.000414459
5.17439e-05
0.000125873
8.45045e-05
0.000583265
0.000452927
0.000219575
0.000802741
0.000226168
0.000246881
0.000286485
0.000314046
0.000314326
0.000312752
0.00129731
0.000235924
0.000218547
0.00109342
0.000426238
0.000546946
8.30298e-05
0.00026434
0.000195384
0.00104396
0.000416372
0.000298905
0.00050746
0.000424539
0.000694652
0.000592042
0.000652537
5.22783e-05
0.000363388
0.000233876
0.000384245
0.000117591
0.000134537
0.000264982
8.9751e-05
0.000267617
0.000306792
0.000448969
0.000227005
0.000311483
0.000361371
0.000198449
0.000299053
0.000264649
0.000838529
0.000305664
0.000229975
0.000462097
0.000300623
0.000114572
0.000788846
0.00021522
0.00040842
0.000655172
0.000842527
0.000236147
0.000148076
0.000371596
0.000207049
0.000396607
0.000181461
0.000177632
0.000427806
0.000782525
0.00131673
0.000173852
0.000324963
0.000890841
0.000187943
0.000601979
0.000390466
0.000268818
0.000271168
0.000785962
0.000196659
0.000199319
0.000428571
0.000263997
0.000929212
0.000289111
0.000170698
0.000330147
0.000804958
0.000249049
0.000514594
0.000481974
0.000122054
0.000400858
0.00151752
0.00548141
0.00025536
0.00115427
0.000219458
0.000340128
0.000634173
0.000137402
0.000174553
0.000689939
0.000159539
0.000208764
0.000317238
0.000281467
0.000390526
0.00121401
0.000168438
0.000180657
0.000284176
0.000381554
0.000524398
0.000374443
0.000583426
0.000620523
0.000470194
0.000502514
0.00069367
0.000386858
0.000430382
0.000480141
0.000350982
0.000127205
0.000208521
0.00292421
0.000922637
0.00042194
0.000153309
0.000275848
0.000333642
0.000230014
0.000291072
0.000278709
0.000340599
4.68712e-05
0.000282128
0.000341332
0.000160612
0.000615239
0.000469469
0.000254659
0.000159793
0.000204881
0.000966387
0.000236482
0.000720672
0.000182046
0.000405465
0.00014853
0.000305294
0.000471805
0.000204056
0.000284814
0.00140495
0.000547304
0.000257653
0.000197408
0.000636758
0.000387994
0.000294552
0.000431202
8.19651e-05
0.000511081
0.000172016
0.00030588
0.000152234
0.000523377
0.00106422
0.00100593
0.000689447
0.000525525
0.000483339
0.000125315
0.000401532
0.00333728
0.000111939
0.00064983
0.000431074
0.000383746
0.000167701
0.000310601
0.000468507
0.000237681
0.000419704
9.53719e-05
0.000620005
0.000373636
0.000197959
0.000396844
0.000407171
0.000736647
0.000182432
0.000317875
0.00121258
0.000136199
0.000124992
0.000740907
0.000716787
0.000404224
0.000310406
2.84934e-05
0.000425433
0.000676211
0.0002665
0.000410472
0.000130845
0.000788655
0.000308296
0.000362668
0.000226027
0.000440965
0.000168493
0.00027022
0.00012072
0.000167999
0.000614531
0.000556172
0.000194355
0.000272311
0.000318601
8.19293e-05
0.000175304
0.000165313
0.000171561
0.000330811
0.000309865
0.000400017
0.000183587
0.000238272
0.00132043
0.0112499
0.000248825
0.000611835
0.000225411
0.000144308
0.000161426
0.000266232
0.000167267
0.000515376
0.00202468
0.000674301
0.000126816
0.000303536
0.000813354
4.21423e-05
9.46228e-05
0.000111657
0.000220642
0.00133512
0.000669886
0.000718866
0.000332014
0.000180562
0.000267591
0.000508922
0.00214338
0.000717396
0.000536099
0.00583763
0.000444451
0.000258727
0.000612209
0.00024051
0.000256566
0.000772322
0.000347984
0.000152684
0.000199132
0.000557822
7.58979e-05
0.000169103
0.0031655
0.000533806
0.000613982
0.000553387
0.000382794
0.000304678
3.41678e-05
0.000374487
0.000405913
0.000547975
0.000470935
0.000250073
0.000284086
0.000306967
0.000370672
0.000444583
0.000218639
0.000304684
0.000216027
0.000189233
0.000355736
0.00172157
0.000317144
0.00032333
0.000238603
0.000173881
0.000220544
0.000524773
0.000537084
0.000165975
0.000208615
0.000240116
3.88982e-05
0.0020795
0.000355005
0.000297928
0.000111022
0.000790479
0.000502491
0.0166084
0.000437142
0.000351892
0.000333804
0.000148446
0.000235639
0.000242
0.000498017
0.000829556
0.000408959
0.00029358
0.000101087
0.000310623
7.50578e-05
0.000165549
0.000575419
0.000227689
0.000189475
0.000379521
0.000277522
0.000204734
0.000359593
0.000198474
0.000695397
0.000221414
0.000204252
0.000144058
0.000440573
0.000351551
6.11083e-05
0.000371595
0.000395274
0.000582383
0.00017792
0.000160464
0.000445549
0.00027378
0.00053883
0.000274084
0.00571553
0.000914349
0.000266266
0.000230703
0.000252002
0.000615637
0.00104873
0.000327926
0.000205724
0.00265715
0.000309323
0.000471729
0.000285173
0.000656783
0.000453539
0.000132541
0.000321723
0.000303703
0.000179819
0.000132905
0.000102158
0.000495651
0.000422261
0.000878156
0.000271199
0.000315672
0.00030331
0.00399527
0.000163981
0.000327483
0.000262498
0.000915514
0.000447011
0.000232385
0.00714125
0.000157189
7.94443e-05
0.000269072
0.000328455
0.000662795
0.000169385
0.000380974
0.000115957
0.000429329
0.000844482
0.000382894
0.000249839
0.000500114
0.000273139
0.000361181
0.000198432
0.00018298
0.00261631
0.000224838
0.000381569
0.000259743
0.000691853
0.00021819
0.000622141
0.00033031
0.000236879
0.000265814
0.000329903
0.000334519
0.000164193
0.000378109
0.000649221
0.000317401
0.000121293
0.000176603
0.000253051
0.000218121
0.000444895
0.000823539
0.000218424
5.61378e-05
0.000420983
0.000303068
0.000304325
0.00043367
0.000169875
0.000231267
0.000278194
0.000292187
0.000484534
0.000293528
0.00369587
0.000130901
0.000211619
5.67968e-05
0.000365653
0.000666466
0.000445447
0.000345262
0.000412311
0.000219603
0.000309733
0.000186378
0.00206347
0.000216178
0.00020388
0.000775401
0.000374452
3.19976e-05
0.00156882
0.000165592
0.000313438
0.00031178
0.000797997
7.93314e-05
9.53694e-05
0.000395116
0.000120027
0.000290441
0.000372143
0.000271726
7.57984e-05
0.00069018
0.000656239
0.00203871
0.000164788
0.000288142
0.000378129
0.000487872
0.00047693
0.000658692
0.000347238
0.000549396
0.000433975
0.000439131
0.00173547
0.00669773
0.000568958
0.000486387
0.0001158
0.000309033
0.000265074
0.000369831
0.000297702
0.000720464
0.000388066
0.000525627
0.000177629
0.000780002
0.000518444
0.000145124
0.000127649
0.00030276
0.000284351
0.000146388
0.00032835
0.000416778
0.000242959
0.000188084
0.000866904
0.000290238
0.000208042
0.000318974
0.000110028
0.00035863
0.000587504
0.000352527
0.000211996
0.000438245
0.000774481
0.000333021
9.82613e-05
0.000358974
0.000364621
0.000258605
0.00036556
0.000135519
0.000472128
0.000153496
0.00025346
0.000162348
0.000427653
0.000240966
0.000127039
0.000416994
0.000450653
0.000254183
0.000485309
0.00111772
0.00195028
0.000331761
0.000279789
0.000156936
0.000510233
0.000210282
0.000173144
0.000378069
4.54793e-05
0.000506869
0.000103241
0.000302191
0.00245081
0.000363563
0.000106339
0.000297162
0.00105187
0.000139528
0.00029969
3.70108e-05
0.000249313
0.000393423
0.000130572
0.000418177
0.000146994
0.00031519
0.000425125
0.000362075
0.00017338
0.000631808
0.000365011
0.000750774
0.000364951
0.000468256
0.000280137
0.000281794
7.36976e-05
7.92232e-05
0.000257431
0.00016797
0.000335119
0.000112924
7.05533e-05
0.000507545
0.000341321
0.00014039
0.000160994
0.000221635
0.0232669
0.000401879
0.000191175
0.000166095
0.000285555
0.000441379
0.000231979
8.8769e-05
0.000103032
0.000167447
0.00559627
0.000704245
0.000301598
0.000586752
0.00125568
0.000131631
0.00013134
0.000172789
0.00026645
0.000480793
0.00046025
0.000624371
0.000277296
0.000166002
0.000200659
0.000750645
0.000456404
0.000760163
7.62955e-05
0.000268656
0.00180079
0.000526167
0.00022112
0.000399462
0.000226688
0.000375863
0.000311659
0.00109644
0.000117702
0.000364365
0.000355968
0.000287467
0.000750944
0.000388181
0.000312413
7.60513e-05
0.000274905
0.000331634
0.000133275
0.000137153
0.000564192
0.000202186
0.000563298
0.000193366
0.00269098
0.00361435
0.000259904
0.000407675
0.000355793
0.000510244
0.000396136
0.00035269
0.000847654
0.000682345
0.000372855
0.000178969
0.000211175
0.000309678
7.64044e-05
0.000494553
0.000208192
0.000251444
0.000387255
0.000377568
0.000167144
0.000108239
0.000321662
0.000462289
0.000359765
0.000217356
0.00123829
0.000409029
0.0027814
0.000521174
0.000231877
0.000203187
0.00062197
0.000489991
0.000548183
0.000442744
0.00107785
0.000126706
0.000160473
0.000758949
0.00035835
0.000441846
0.000246614
0.000153115
0.000481163
0.000118543
0.000426037
0.000641161
0.00045606
0.000683044
0.000429618
0.00143328
0.000294496
0.000338893
0.0007097
0.000165988
0.000221002
0.000428222
0.000112368
0.000760428
0.000176085
0.000337512
7.93484e-05
0.00108912
0.000435365
0.000144103
0.000233402
0.000422613
0.00053907
0.000323868
0.000440386
4.9062e-05
0.000412735
0.000362184
0.000657365
0.00041128
0.0020232
0.000307736
8.84752e-05
0.000128738
0.00396863
0.000910111
6.95068e-05
0.000844386
0.000359201
0.000271976
0.00101861
0.000200059
0.000163114
0.000262227
0.000219821
0.000316801
0.000134883
0.000100432
0.000107882
0.000325738
0.000167514
0.000585682
0.000949743
0.000359125
0.000539889
0.000340114
0.000213151
2.46739e-05
0.000312374
0.000311355
0.00057677
0.00108723
3.4172e-05
0.000239918
0.000610992
0.000643691
0.000218806
0.000245699
0.000274523
0.000450485
0.000288609
0.000164768
0.000337889
0.000100638
0.000891843
0.000371678
0.000274349
0.000372376
0.00039439
0.000275835
0.000431335
0.000212486
0.000239577
0.000233162
7.72434e-05
0.000728583
0.000257422
0.0010879
0.000675408
0.00036075
0.000262721
0.000288003
0.000293667
2.33775e-05
0.000490912
6.80454e-05
0.000150418
0.000162382
0.00041895
0.000458051
0.00110073
0.000452192
0.000194558
0.000293847
0.000224919
0.000252035
0.000402297
0.000241273
0.000227098
0.000572702
0.000605158
0.000435053
0.000266556
0.000229
0.000686558
0.000245151
0.000521001
0.000384581
0.000884148
0.000256113
0.000517276
0.0014026
0.000294042
0.000455819
0.000543942
0.000415358
0.000700356
0.000221421
0.000215914
0.00160972
0.000130449
0.000332543
0.000365108
0.000354232
0.00054086
0.0004626
0.000300798
0.000234176
0.000258199
0.000110958
0.000437606
0.00013425
4.69288e-05
0.000131567
0.000331885
0.000547741
0.000361362
0.00042557
0.000277985
0.000449307
0.000223184
0.000244677
0.000294356
0.000263349
0.000771092
0.000233187
0.000147223
0.000186419
7.6113e-05
0.000529004
5.9365e-05
0.00036809
0.000337344
9.40953e-05
0.000373021
0.000259302
0.000255366
0.000328927
0.000392041
0.000290612
0.00152689
0.000575578
0.000375407
0.000210168
0.000395556
0.000241925
0.000404945
0.000865809
0.000240518
9.26955e-05
0.000140285
6.58903e-05
0.000228043
0.00421483
0.000714922
0.000276818
0.000848791
0.000891633
0.000438339
0.000149619
0.000397221
0.000235132
0.000416386
0.000569493
0.000269272
0.000314682
0.000265852
0.000156111
0.000434047
0.000373029
0.000197521
0.000504875
0.000429582
0.000653737
0.000710507
0.000380914
0.000235591
0.000287086
0.000158474
0.000271055
0.000194019
0.000518939
0.000126235
0.000204123
0.000501075
0.000242259
0.000621002
0.000122019
0.000430218
4.62465e-05
9.79487e-05
0.000191743
0.000469513
0.000277553
0.000250512
0.000276269
0.00018422
0.000437828
0.000731025
0.000281226
0.00043568
0.0009021
0.000228159
0.00171366
0.00032178
6.36966e-05
0.00024188
0.000457949
0.000442829
0.000952178
5.61578e-05
3.43674e-05
0.000761431
0.000171442
0.000209625
0.000412293
0.000321781
0.0017647
0.000667205
0.000141158
0.000126014
0.000287922
8.01829e-05
0.00058126
0.000959272
0.00054172
0.00050778
0.000199458
0.000385433
0.000116088
0.000171125
0.000155157
0.000237024
0.000133952
0.000446162
0.000338463
0.000343297
0.002076
0.000164765
0.000223804
0.000177424
0.000745553
0.000114806
0.00133697
0.000213784
0.000212698
0.000369943
0.000372217
8.7629e-05
0.00130674
0.000826713
0.000562021
0.000408905
0.000472709
0.000453934
0.000139026
0.000566513
0.000651001
0.000590225
0.00020941
0.000644923
0.000481291
0.000295307
0.000279184
0.000444812
0.000556946
0.000311174
0.000913148
0.00012191
0.000147905
0.000297494
8.41652e-05
0.000547477
0.000314325
0.000444528
0.00032997
0.000444682
0.000690625
0.000280924
0.000191027
0.000275572
0.000946156
0.00040722
0.000330219
0.000148578
0.000484293
0.000403184
0.000298372
0.000224234
0.000316487
0.000106254
0.000627833
0.000450564
0.000546337
0.000272472
0.000211817
0.000582282
0.000306739
0.000247469
7.97881e-05
0.000364687
0.000118504
0.00017735
0.00227277
0.000406149
0.000672532
0.000562069
0.000228786
0.000448756
6.85722e-05
0.00297281
7.57755e-05
0.000180329
0.000100146
4.18582e-05
6.12686e-05
3.30715e-05
0.000402414
7.653e-05
0.000171558
0.00580394
0.000195824
0.000113437
0.000295262
4.98969e-05
0.00043923
0.00452031
0.000431052
0.000551901
0.000260969
0.000265961
0.000505028
0.000229528
0.000373637
0.000438502
6.24117e-05
0.00041514
0.000139753
0.000241338
0.00364862
0.000579425
0.000164013
0.000368087
0.000163031
8.40569e-05
0.000324328
0.000829745
0.000185833
7.01185e-05
0.000330428
0.000134438
0.00103011
0.000452126
9.49122e-05
0.000395024
0.000387599
0.000986125
0.000290136
0.000127004
0.000500432
0.000704925
0.000312219
0.000229522
0.000696887
0.000119709
0.00106779
0.000283672
0.000400168
9.69103e-05
0.000363549
0.00217236
0.000486727
0.00034318
0.000335436
0.00015314
0.000386786
0.00299839
0.000156777
0.000318979
0.000231257
0.00045826
0.00074811
0.000263555
0.000329759
0.00053369
0.000463688
0.000234454
0.000418897
0.000249811
0.000570277
0.000501828
0.000437798
0.000208456
0.000359433
0.00027467
0.000881365
0.000210054
8.19481e-05
0.000405025
0.000360522
0.000210988
0.000447771
7.20429e-05
0.000266763
0.000284272
0.000334833
0.000874353
0.000196024
0.000228112
0.000125873
0.000163581
0.000322883
0.000300626
8.4419e-05
0.000489668
0.000203586
0.000188164
0.000323436
0.000141362
0.000234213
0.000413988
0.00038224
0.000444056
0.000315386
0.000145834
0.000439983
0.000201142
0.000549005
0.000247619
0.00130364
0.000956332
0.000261169
0.000994679
0.000169175
0.000734512
0.000247833
0.000194423
0.000384076
0.000206752
0.000304833
0.000630439
0.000346194
0.000376617
0.000325794
0.00143699
0.000220681
0.000809258
9.30732e-05
0.000657002
0.000342984
0.00023542
0.0002268
0.000115371
0.000719715
0.000157229
0.000180179
0.000375408
0.000362994
0.000331971
0.000147402
0.000255557
0.0003987
0.000206399
0.000446181
0.000560583
0.000641955
9.10811e-05
0.000971138
0.000158689
0.000162253
0.00025521
0.000237513
0.000382739
0.00045546
0.00019745
0.000891182
0.000552337
1.51255e-05
0.000300283
0.000203737
0.00140233
0.00162361
0.000241145
0.000160551
0.000587187
0.000291796
0.000448512
0.000951862
0.000285168
0.000312099
0.000848813
0.000390129
0.000147413
0.000405036
0.000237857
0.000581359
0.000331277
0.000153505
0.000396658
0.000336373
0.000187745
0.000104027
0.000442823
0.000169666
0.000332212
0.000326949
0.000557685
4.19293e-05
0.00039231
0.000181512
0.000105292
0.000841308
0.000452686
0.000377763
0.000343124
0.000475517
0.000311296
0.000449048
0.000472209
0.000559377
0.000241397
0.000364507
0.000233975
0.000208944
0.000579052
0.000253198
0.000164823
0.000150235
0.00013313
0.00044305
0.000103824
7.25245e-05
0.000210506
0.000206261
0.00119162
0.000214951
0.000513967
0.000193963
0.000206234
0.000441715
0.000244723
0.000211873
0.00313096
0.00101172
0.000207483
0.000144082
0.000298553
0.000440315
0.000148325
0.000221282
0.000378932
0.00011661
0.000415778
0.000143175
0.000285293
0.000453407
0.000289334
0.000243434
0.000619888
0.000745412
0.000312771
0.000247867
4.02814e-05
0.000163674
5.38676e-05
0.000731571
5.90279e-05
0.00123589
0.00036825
0.000164055
0.000189727
0.000932859
0.000528804
0.000488139
0.00017917
0.000247433
0.000300623
6.42184e-05
0.000283029
0.000358433
0.000486031
0.000993949
0.000387669
1.23647e-05
0.000284572
9.09097e-05
0.000220454
0.000453674
0.000262329
0.000110742
0.000361629
0.000702884
0.000500186
0.000310318
0.000831382
0.000302764
0.000618331
0.000320033
0.000540102
0.000261738
0.000243067
0.00201275
0.000381624
0.000280867
0.000489134
0.000847926
0.000186192
0.000308215
0.000220392
0.000261161
0.000229598
0.0029201
0.000350683
0.000210476
0.000196839
0.000184249
0.000384138
0.000192514
0.000403562
0.000202296
6.02864e-05
0.000358265
0.00035493
0.000663077
0.000470211
0
0.000257265
0.000253355
0.000341965
0.000118921
0.00011221
8.00488e-05
0.00121721
0.00035851
0.000255779
4.42267e-05
0.00191192
0.000831366
0.000225078
0.000271014
0.000190334
0.000265966
0.000177638
0.03999
0.00032566
0.0001717
0.000515463
0.00066788
0.00120218
0.000240137
0.000212733
0.000933137
0.000267656
0.000326587
0.00052168
0.000447421
0.000823209
0.000197895
0.000288349
0.000620022
0.00509614
0.000421408
0.000163826
0.000566453
0.000625557
0.000460784
0.000111091
0.000146781
0.000268975
0.000313792
0.000387057
0.000142723
0.000168387
0.000448502
0.000256373
0.000109704
0.000238054
0.000666076
0.000534043
0.000203655
0.000240993
0.000394965
0.000383572
0.000343715
0.00062688
0.000551659
0.000416332
0.000900242
0.000304251
3.21613e-05
0.000179194
0.000942476
0.000188534
0.000274851
0.000210691
0.000365529
0.000164085
0.000464124
0.000112758
0.000276402
0.000308381
0.000398333
0.000312089
0.00034402
0.000317842
0.000130474
0.000446192
0.000137134
0.000272562
0.000878584
0.000311103
8.48658e-05
0.000318951
0.000378614
0.000460337
0.00194192
0.000268284
0.000198353
0.000254312
0.000225492
7.63218e-05
0.000543804
0.000239898
0.000269734
0.00463127
0.00022485
0.000210987
6.08442e-05
0.000133126
0.0001739
0.000393485
7.46425e-05
0.000346869
0.000237632
0.00122166
0.000137779
0.000138811
0.000231389
0.000107314
0.000237101
0.000712862
0.00058707
0.00012823
0.000227188
0.000279287
0.000522519
0.00145898
0.000157061
0.000348224
0.000557682
0.000416767
0.000778962
0.000371382
0.000619592
0.000194681
5.71897e-05
0.000190925
0.000653003
9.30827e-05
0.000477373
0.000242691
0.000361583
0.0002386
0.000639048
0.000421125
6.62652e-05
0.000588362
0.00020636
0.000208412
0.000781296
0.000316931
0.000183827
0.000407784
0.00162209
0.000757943
0.000138427
0.000460937
0.000491433
0.000330433
0.000202259
0.000225294
0.000211527
0.00445379
0.000201171
0.00024577
0.000403352
0.000440242
0.000195656
0.000776949
0.000479279
7.79056e-05
0.000301085
0.000974704
0.000191226
0.000341932
0.000480625
0.00022152
0.000707939
0.000499455
0.000255252
0.000685888
0.000652459
0.000487854
0.000470664
0.000438796
0.000169587
0.000299739
0.000101586
0.000333234
0.000248692
0.000435657
0.000469589
0.000120706
0.000369137
0.000352444
0.000116551
0.000481646
0.00081147
0.000207131
6.50151e-05
0.00149828
0.000558815
0.000951878
0.000394694
0.000192559
0.000510531
0.000251688
0.000924948
0.000266483
0.000182926
0.000514829
0.00035353
0.000131014
0.000150174
0.000228791
0.00311706
0.000262091
0.0003334
0.000145752
0.000154315
9.39856e-05
0.00154159
0.000152215
0.000762813
0.000358667
0.000197906
0.000236111
0.000555704
0.000910508
0.00153594
0.000570112
0.000337487
0.00287071
0.000451901
0.000112587
5.47845e-05
0.000667782
0.000217264
0.0010494
0.000168303
0.000272898
0.000351228
0.000525303
0.000872771
0.000541156
0.000357834
0.00132361
0.000243448
0.000528164
0.00031273
0.000128867
0.000355077
0.000239601
0.00029476
0.000699842
0.000858366
0.00100003
0.000224898
0.000192693
0.000135308
0.000249635
0.000264779
0.000749087
0.00037657
0.000481685
0.000486917
0.000200871
0.000545188
0.000396383
0.00144135
0.000229028
0.000280129
0.00151108
0.000643957
0.000346897
0.000240791
0.000203349
0.000380469
0.000285023
0.000237754
0.00013812
0.000251899
0.000408277
0.000296439
0.000161662
0.000469209
0.000507532
0.000580128
0.000281974
7.336e-05
0.000211291
0.000438954
0.000283052
0.00046786
0.000215825
0.000353605
0.000380426
0.000124864
0.000238958
0.000672931
0.000939595
4.59221e-05
0.00102218
0.000301546
0.000402389
0.000613015
0.000275387
0.000524557
0.000155226
0.000577626
0.000289101
9.88687e-05
0.000463442
7.01872e-05
9.16975e-05
0.000555025
1.31761e-05
0.000403596
0.000615254
0.000314753
0.000395985
3.26692e-05
0.000394311
0.000627883
0.000376938
0.000266512
0.000354719
0.00101356
0.00057217
0.000565677
0.000286142
0.000229308
0.00054146
0.000186544
0.00013422
0.000317582
0.00169524
0.000987319
0.000559709
0.000550651
0.0005754
0.000188005
0.00150022
0.000307463
0.000374578
0.000259444
0.000107513
8.01833e-05
0.000713573
0.000551041
0.000309383
0.000375888
0.000301917
5.12208e-05
8.36456e-05
0.000147553
0.00041816
0.00111883
0.000364679
0.00028936
0.000313113
0.000298257
0.000216098
0.00042825
0.000311408
0.000142477
0.000174052
0.000518864
0.000138277
0.000121522
0.000639811
0.000369962
0.000105968
0.000924315
0.000165116
0.000355679
0.000119005
0.00015641
0.000142403
0.000531164
0.000339991
0.00043758
0.000227242
9.21089e-05
9.22178e-05
6.01288e-05
0.000421814
0.000552227
0.000290608
0.000170308
0.00048772
0.000248229
0.000483954
0.000138804
0.000340632
0.000287906
0.000377668
0.000588752
0.00034405
0.000426328
0.000604131
0.000163644
0.000557391
0.000300817
0.00032787
0.00043063
0.000189126
0.000255374
0.000794009
0.000244557
0.000530292
0.000154605
0.000141
0.000210279
0.000295376
0.000966563
0.000488324
0.000373763
0.000679397
0.00020147
9.74254e-05
0.00188579
0.000851657
0.00033237
0.000144421
0.000387449
0.00033623
0.000321856
0.000840451
0.000429817
8.65253e-05
0.000389791
0.000351516
0.00020167
0.000540892
0.000345918
0.00027581
0.000337192
0.000373482
0.000345917
0.00132025
0.000351274
2.73613e-05
0.000172969
0.000604149
0.00303317
0.000149214
0.000634411
0.000119619
0.000966646
0.000862929
0.000256041
0.000182529
0.000185406
0.000155251
0.000596699
0.000169471
0.000468922
0.000269175
0.000501756
0.000122437
0.000314589
0.00022983
0.00024617
0.000314811
0.000252419
9.00355e-05
0.000471987
0.000380982
0.000156271
0.000535321
0.000438628
0.00030519
0.000187275
0.000609881
0.000207207
0.00535506
0.000439424
0.000411318
0.000201675
0.000338156
0.000591338
0.000212524
0.000466259
0.000161063
0.000243303
0.00021726
0.000367262
0.00033736
0.000191764
0.00041958
0.000246878
0.000143669
0.000679065
0.000238564
0.000339575
0.000269342
0.000224239
0.000696393
0.000343881
0.0157888
0.000693022
0.000353636
0.000294216
0.000157982
0.000383455
0.000133863
0.000298442
0.00020507
0.00141374
0.000303224
0.000655721
0.000163277
0.000201358
0.00020895
0.000344992
0.000458601
0.000313606
0.000324517
0.000224415
0.000352809
0.00010337
0.000255518
0.000157984
9.6189e-05
0.000309893
0.000191115
0.00042691
0.000239547
0.000326399
0.000983145
0.000329992
4.95833e-05
0.000459577
0.000296227
0.000173478
0.00070358
0.000509795
0.00049681
0.00029697
0.000810336
0.00108965
0.0015282
0.000632092
0.000254988
0.000662193
0.000343943
0.000387537
0.000596178
0.000135742
0.000450203
9.47144e-05
0.000318453
0.000537754
0.000157049
0.000445305
0.00050915
6.94433e-05
0.0127611
0.000283313
0.000362758
0.000215243
0.000237779
0.000621659
0.000370616
0.000458777
0.000183875
0.000549459
0.000517162
0.00072482
0.000830632
0.000414602
8.82539e-05
0.000257026
9.01732e-05
0.000532254
0.000129841
0.000232761
0.0002827
0.000192354
0.000518557
0.000825726
0.000435074
0.000627444
0.0002315
0.000496612
0.000388482
0.000192065
0.000184929
0.000282457
0.000465093
0.000348261
0.000560809
0.000241421
0.00023734
0.000213313
0.000281943
0.000216124
0.000425855
0.000383079
0.000501774
0.000302256
0.000365401
0.000276538
0.000408241
0.00016945
0.000187052
0.000516922
1.01378e-05
0.000419599
1.50352e-05
0.000331678
0.000842519
0.000203443
0.00115973
5.71308e-05
0.000394734
0.000294606
0.000486141
0.000244365
0.000314899
0.000709139
0.000307288
0.000229852
0.00042109
0.00064582
0.000423183
0.000506745
0.000145614
0.00024487
0.000140437
0.00104309
0.000109383
0.000971785
0.00018382
0.000125174
0.000348956
5.40473e-05
0.000761574
0.000327558
0.000443602
0.000251778
0.000468555
0.000160837
0.000173733
0.000329448
0.000552412
0.000702725
0.00031975
0.000236808
0.000101966
0.000295149
0.000289573
0.000122876
0.000130252
0.000164672
0.00631236
0.000283045
0.000285149
4.53972e-05
0.000333545
0.000141359
0.000256611
0.000267339
0.000413191
0.000415
0.000557292
0.000268664
0.000531032
0.000151486
7.22142e-05
0.000672615
0.000148665
0.000541062
0.0014024
0.000476459
0.000223315
0.000557713
0.000793858
0.000627759
0.000163648
3.93479e-05
0.000147861
0.000358773
0.0130981
0.000174451
0.000545814
0.00187241
0.00152155
0.000369208
0.000324637
0.000364476
0.000199111
0.000304397
0.000153073
9.8362e-05
9.74003e-05
0.000294187
0.000192537
0.00133421
0.000181989
0.000332185
0.000375559
0.000221717
0.000107828
0.000184076
0.000692884
0.000320521
0.000167437
0.000808009
0.000161841
0.000152025
0.00022647
0.000287568
0.000191582
7.51353e-05
0.000433999
0.00037856
7.50113e-05
0.000232281
0.000375529
0.00586493
0.000147255
0.000254876
0.00032686
0.000120456
0.000194177
0.000184104
0.000245414
0.000318511
0.000640525
0.000278417
0.000961525
0.000319859
0.000182786
0.000398429
0.000116633
0.000693919
0.000510642
0.000426122
0.00024158
0.000448402
0.000460229
0.000286518
0.00415359
0.000504642
0.00060409
0.00017738
0.000352276
0.000659402
0.00580711
0.000309496
0.00244178
0.000341551
0.000383172
0.00075296
0.00060721
0.00016921
0.000583319
0.000367362
0.000158652
9.69758e-05
7.29009e-05
6.4151e-05
0.000230066
0.000404924
0.000512593
0.00045427
0.000618671
0.000844352
0.000251932
0.000581222
0.000135347
0.00027241
0.000212409
0.000117801
0.000741209
0.000424025
0.0015062
0.000110071
0.00195598
0.000161315
0.00021696
0.000137368
0.000443273
0.000228382
0.00095595
0.000197267
0.00022202
0.00046139
0.000193013
0.000562612
0.000299662
0.00012441
0.000256555
0.000226954
0.00018951
0.000265663
0.000656363
0.000121024
0.00139963
0.000175761
0.000273963
0.000365262
0.000792736
0.000193704
5.72673e-05
0.000187519
0.000283344
0.000201112
8.11536e-05
0.000144987
0.000267173
0.000965519
0.000395877
0.000456438
0.00022408
0.00491299
0.000531058
0.000177186
0.000187329
0.00010599
0.00104778
0.00024606
0.00044728
0.000514758
0.000164831
0.000745919
0.000307831
0.000567968
0.00136605
0.000306332
2.24521e-05
0.000348011
0.000619984
0.000168816
0.000393374
0.000469149
0.000463975
0.000627351
0.000263669
0.000914378
0.000173781
0.000632841
2.80246e-05
0.000356994
0.000322728
0.000540634
0.000310656
0.000512237
0.000159541
0.000528135
0.000324704
0.000245959
0.000277398
0.000398795
0.000544398
0.00100779
0.000188924
0.000575341
0.00557921
0.000952648
5.19534e-05
0.00100963
0.00102397
0.000416348
0.000455493
0.000515204
0.000459808
0.00187064
0.00015593
0.000269527
0.00047977
0.000263837
