0.00097208
0.00195779
0.000675211
0.00122322
0.000988799
0.00102062
0.000977334
0.00124394
0.0013771
0.000572679
0.0146945
0.000414041
0.0010005
0.00136566
0.000972405
0.00167232
0.00181955
0.0100667
0.00320397
0.00104133
0.000889269
0.00408859
0.00161714
0.00259792
0.00290698
0.00379995
0.0194792
0.00103738
0.00114844
0.000766334
0.000945081
0.00320173
0.000778921
0.0013684
0.000720105
0.00150211
0.000909784
0.00152849
0.000534692
0.00143823
0.000762728
0.000715036
0.000968544
0.00108397
0.000744609
0.00145754
0.00234663
0.00195307
0.00127181
0.000896563
0.00274026
0.000884192
0.00305415
0.00131015
0.00133342
0.00210631
0.0011478
0.000968869
0.00222164
0.00110962
0.00394931
0.00178596
0.00154986
0.0014704
0.00106278
0.00132984
0.00136784
0.000309049
0.00117648
0.00216809
0.000620134
0.000745991
0.00160053
0.00280576
0.00117885
0.00146567
0.0033192
0.00167676
0.000814012
0.00139535
0.00121484
0.00111113
0.00171869
0.00173619
0.00299399
0.00995708
0.00133307
0.00237117
0.0161063
0.000990914
0.00259257
0.00117487
0.00153695
0.00127642
0.00132931
0.00211958
0.000899566
0.00144683
0.00111638
0.00112918
0.0011957
0.00208836
0.000617062
0.00148624
0.00140259
0.00153542
0.000833304
0.000824745
0.00155266
0.00107017
0.00136299
0.000703658
0.00422406
0.000597813
0.00115967
0.0172526
0.00339977
0.000949219
0.00182157
0.000986068
0.00145066
0.000940421
0.000971641
0.00326636
0.00116809
0.00185234
0.00125496
0.00162941
0.00103794
0.00161491
0.00115765
0.000928667
0.00102019
0.00119847
0.00685853
0.00170546
0.00194433
0.00323669
0.00154264
0.00269433
0.00106463
0.000912766
0.00173311
0.000425648
0.00163844
0.00150397
0.0043998
0.00287526
0.000974493
0.00109432
0.0016882
0.000983248
0.00164315
0.00111153
0.000799319
0.00127972
0.0012776
0.00230143
0.0017115
0.000786239
0.00206903
0.000776994
0.00118779
0.00105653
0.00115169
0.00183949
0.00191333
0.00106135
0.00153191
0.000807388
0.00351676
0.00193644
0.00168114
0.00265806
0.00115728
0.000336598
0.00163126
0.00191196
0.00178062
0.00151195
0.0011624
0.00140826
0.00172658
0.000802872
0.00118342
0.0012238
0.00144616
0.000718269
0.00102848
0.00100898
0.00171509
0.00152239
0.00153868
0.000853676
0.0031532
0.000908655
0.00281313
0.000775594
0.00174517
0.00114715
0.00132082
0.00182054
0.00118137
0.0002908
0.0263787
0.00127676
0.0046574
0.000736531
0.000706696
0.00159434
0.0014756
0.00071181
0.0022398
0.00125651
0.00136752
0.000779884
0.000443538
0.000720912
0.00242999
0.00127825
0.00177527
0.00146987
0.00078336
0.00125335
0.00184612
0.0298368
0.00335768
0.00134006
0.00162356
0.00105947
0.00306602
0.00164458
0.00228831
0.000681237
0.0015181
0.00138396
0.00144936
0.00240462
0.00241437
0.00302161
0.00116181
0.00196918
0.00087373
0.0015304
0.00110228
0.00188465
0.000589346
0.000846611
0.00156124
0.0032324
0.000364913
0.00592549
0.000436629
0.000682469
0.00131598
0.00147063
0.00158828
0.000694226
0.000859665
0.000712306
0.00258021
0.00414321
0.00100559
0.000728921
0.00162716
0.00145204
0.00108019
0.00124027
0.0011015
0.001739
0.000729095
0.00109105
0.00149762
0.00114412
0.00945682
0.00228133
0.00102503
0.00195339
0.00338407
0.00124956
0.00288685
0.00440408
0.00486099
0.000729904
0.00141873
0.00092862
0.000416796
0.00132695
0.00080028
0.00453037
0.00263647
0.00230217
0.00136395
0.00133063
0.00103248
0.00322573
0.00304959
0.000498751
0.00121057
0.00102133
0.00104797
0.000752532
0.00197809
0.000890123
0.00123668
0.00126373
0.00179751
0.0167726
0.00167303
0.00199727
0.000819392
0.00327037
0.00141429
0.00206422
0.00122587
0.00315875
0.000767813
0.000937765
0.000714199
0.000654935
0.00126557
0.000232288
0.000586563
0.00155335
0.000886778
0.00155975
0.00145035
0.00227949
0.0016666
0.00159573
0.000776542
0.00296572
0.00127945
0.00159834
0.00162709
0.0072006
0.00118611
0.00111521
0.00144827
0.0010083
0.00374984
0.000909884
0.00300669
0.000831258
0.000932794
0.0044831
0.00123701
0.000937083
0.00129135
0.0045201
0.00105319
0.000974594
0.0011775
0.00361063
0.00197097
0.00113193
0.00109439
0.000881987
0.00195678
0.0128431
0.00101155
0.00415636
0.00140231
0.0017335
0.00100333
0.00113321
0.00159398
0.00135217
0.00148982
0.00112624
0.000803472
0.000793246
0.00161483
0.00228384
0.000948039
0.00205883
0.0013233
0.000995463
0.000831801
0.00198671
0.001513
0.00089753
0.00297585
0.000849914
0.00219162
0.00102038
0.00162001
0.00207111
0.00199652
0.00136365
0.00115207
0.000569156
0.00146331
0.00157114
0.0034153
0.000938279
0.00373884
0.000899024
0.00277988
0.000724128
0.000953408
0.00177563
0.00453737
0.00142344
0.00107585
0.00222119
0.000921154
0.00195712
0.00163963
0.00152369
0.00161679
0.0023379
0.00264263
0.00100938
0.00577591
0.00147764
0.00120486
0.00084
0.000879253
0.002487
0.00634902
0.00124929
0.00281331
0.000907921
0.0014037
0.000925216
0.00112082
0.00298308
0.00269408
0.00089919
0.00114116
0.00144525
0.00343837
0.00169651
0.00155166
0.00173891
0.00127891
0.00113109
0.00155642
0.00135155
0.00113766
0.000736776
0.00157619
0.00193205
0.00227837
0.00205297
0.00404786
0.0017021
0.00223187
0.000882228
0.00105129
0.00215024
0.00238033
0.00119942
0.00118963
0.00270175
0.00124412
0.00115015
0.00141626
0.00619728
0.0017668
0.0105079
0.000744467
0.00122958
0.00108956
0.00122914
0.00164866
0.00248436
0.00337085
0.000801001
0.00113807
0.00118946
0.00122485
0.000695765
0.00134829
0.00224727
0.00121083
0.00708238
0.00120952
0.00115306
0.000966543
0.000760538
0.00609732
0.00217611
0.00147589
0.00152363
0.0018988
0.0017012
0.00125877
0.00166984
0.00209067
0.000871838
0.000946698
0.000984519
0.00140542
0.0021613
0.00122679
0.00128417
0.000506605
0.00145808
0.00168273
0.000500532
0.00166006
0.00087131
0.000868092
0.000941199
0.00451124
0.00235528
0.0125456
0.00273411
0.00151466
0.000981884
0.0183145
0.000541643
0.00214489
0.00120079
0.00146763
0.00069344
0.00607262
0.00125633
0.0017677
0.00102121
0.00104859
0.00364784
0.00201175
0.000513016
0.00105283
0.00559299
0.00174551
0.000895519
0.00182689
0.00221015
0.000795233
0.00228447
0.00214623
0.00181977
0.00198222
0.00127302
0.00120765
0.00186
0.000708129
0.000793585
0.00170257
0.00122544
0.00136238
0.00177775
0.00297804
0.00238053
0.00153118
0.00138881
0.00125534
0.000934014
0.00367042
0.00257501
0.00102436
0.00102972
0.000301769
0.000857201
0.00198602
0.00165748
0.00129933
0.0030337
0.00124567
0.000831885
0.00201072
0.00172345
0.00227265
0.00180013
0.00182197
0.00142848
0.00184236
0.0018435
0.0010474
0.00144237
0.00100938
0.00122913
0.00248489
0.00107023
0.00127303
0.00206198
0.000913447
0.00073567
0.00156116
0.00090973
0.00292308
0.00159762
0.00108156
0.00205491
0.00128342
0.00107864
0.000795425
0.00213363
0.0015426
0.000540077
0.000549281
0.00105716
0.000921311
0.00104165
0.000851146
0.000509443
0.00158439
0.0017703
0.00065808
0.00642305
0.00112654
0.00178632
0.00161332
0.000436104
0.00153617
0.00271691
0.000801048
0.000946355
0.00165991
0.000309531
0.00727153
0.000883703
0.00280159
0.000639968
0.0120676
0.000650716
0.000607307
0.00092125
0.00101216
0.000946297
0.00122566
0.000760385
0.000812812
0.00138281
0.000660681
0.00225783
0.00154775
0.00176494
0.000479428
0.00182095
0.00333657
0.00124626
0.00135463
0.00156037
0.00414844
0.00110163
0.0025526
0.00131142
0.0016278
0.000798684
0.00115546
0.00137653
0.000945178
0.00107149
0.00363373
0.0247357
0.00199151
0.000881955
0.00203886
0.00106832
0.0032701
0.00128129
0.000981051
0.00163964
0.00111462
0.00253587
0.0010104
0.00167808
0.00123779
0.00116566
0.00117552
0.00135012
0.00301077
0.00112492
0.00142869
0.00137321
0.000840275
0.000846593
0.00154063
0.000706174
0.00118959
0.00270842
0.00229396
0.00354336
0.00132967
0.0019065
0.000655443
0.000911585
0.00142495
0.00513247
0.00133229
0.000988947
0.00118437
0.012917
0.000964642
0.00131847
0.00074216
0.00151624
0.000756802
0.00734737
0.000641899
0.000956279
0.00109462
0.000532123
0.00121293
0.00285823
0.00117185
0.000995396
0.00114301
0.00201047
0.00180014
0.000700518
0.00149531
0.00434183
0.000867258
0.00138492
0.00121766
0.00227414
0.00125205
0.00166938
0.000656804
0.000595501
0.000771737
0.00695796
0.00104526
0.00184151
0.00767551
0.000680875
0.00146001
0.00129912
0.00148765
0.000743979
0.00131191
0.000809617
0.00107451
0.00402389
0.00204429
0.00208606
0.0016457
0.00123431
0.000529819
0.00106903
0.00130908
0.0010212
0.00961269
0.00369833
0.00197045
0.00236068
0.002192
0.00165715
0.00261424
0.00117992
0.00655336
0.00335995
0.0015005
0.000763235
0.00247402
0.00150384
0.00174554
0.000659669
0.00134276
0.00147436
0.00213588
0.000329316
0.00115977
0.003011
0.00158318
0.00101752
0.00176295
0.00101222
0.0012007
0.000772326
0.00230896
0.000868206
0.00110174
0.002713
0.00148503
0.0015446
0.00210255
0.00130972
0.00182137
0.00186519
0.00136675
0.00177267
0.00100776
0.000528131
0.00136584
0.000943703
0.00119475
0.00955445
0.0223443
0.00100743
0.00194858
0.00120411
0.00279214
0.0019034
0.000983313
0.000884233
0.00115706
0.000552505
0.00161572
0.00150753
0.000723924
0.00100315
0.000972608
0.00179075
0.00136735
0.00152909
0.00162889
0.000833664
0.000644003
0.00127343
0.00205977
0.001798
0.000970129
0.000689146
0.00100361
0.00279905
0.00293846
0.00179662
0.00161608
0.00113444
0.002117
0.00116048
0.000998099
0.00312461
0.00116256
0.000200671
0.00420357
0.00116348
0.000633442
0.00152497
0.00210479
0.00198047
0.00181298
0.00094514
0.00114293
0.00107673
0.00131687
0.00109591
0.00163709
0.0052692
0.000786035
0.00111587
0.000847754
0.00132579
0.00162677
0.00196445
0.000840604
0.00131944
0.00460838
0.00087071
0.00123729
0.0010703
0.00055073
0.000845945
0.000844516
0.00120171
0.00508858
0.00580539
0.00137561
0.0010615
0.0013619
0.00110453
0.0006765
0.000872824
0.000928144
0.00287777
0.00217792
0.001351
0.000652965
0.000569656
0.00182724
0.00165079
0.00288373
0.00119762
0.000961431
0.00133931
