0.000350914
0.00146492
0.000944119
0.000621592
0.00418535
0.000365391
0.00224152
0.000791023
0.000384975
0.00105625
0.000534971
0.00100494
0.000114202
0.000316201
0.000583168
0.00100931
0.000104907
0.000614867
0.00105974
0.000425387
0.000791424
0.000760112
0.000584051
0.00115236
0.000623111
0.000588263
0.000696987
0.000408187
0.000807161
0.00135697
0.00126721
0.000479
0.000344556
0.000435118
0.00055895
0.000541737
0.000151752
9.76584e-05
0.0072824
0.000824742
0.000720673
0.00025534
0.000501427
0.0020881
0.00265228
0.000499395
0.000406408
0.0004759
0.00181518
0.000856998
0.000706843
0.000421976
0.0256529
0.000647121
0.00100251
0.000388375
0.000336876
0.00540859
0.000667002
0.00184386
0.00220388
0.000563202
0.000695354
0.000464598
0.00252617
0.000573164
0.000968073
0.000309457
0.00072042
0.000654928
0.00174902
0.000765017
0.000306274
0.000247421
0.000572032
0.000792774
0.000408273
0.000670133
0.000297576
0.0048968
0.000274047
0.000527826
0.000249178
0.00117371
0.000195651
0.000484657
0.000410345
0.000721309
0.000343728
0.00133471
0.000395952
0.000515043
0.000485191
0.000838092
0.00024184
0.000731717
0.000398532
0.000507062
0.000796042
0.000446675
0.00144121
0.000492474
0.000609592
0.000776555
0.000467463
0.000496745
0.00289348
0.000555491
0.00130077
0.00059727
0.000595929
0.000283724
0.00072059
0.000868709
0.000707956
0.000811838
0.0029272
0.000613984
0.000697772
0.00190344
0.00293707
0.000818268
0.000765294
0.000241679
0.000490293
0.000645729
0.000731778
0.000341301
0.000496813
0.000837656
0.000690468
0.00118702
0.000382808
0.000465545
0.000275971
0.000924861
0.000290764
0.00128349
0.000575616
0.000955475
0.00049993
0.000421238
0.000863392
0.000691559
0.000182758
0.000988832
0.000723283
0.000614283
0.000524483
0.00410832
0.000243757
0.000273258
0.000836487
0.000373437
6.49597e-05
0.00073288
5.53628e-05
0.000606632
0.00103665
0.000126972
0.000286475
0.000623
0.000389512
4.19084e-05
0.000368919
0.000812592
0.000587904
0.00800159
0.00081577
0.000852046
0.000530985
0.000520312
0.000808595
0.000198146
0.000430711
0.000510875
0.000609603
0.000409046
0.000298461
0.000475483
0.000792482
0.00115334
0.000523138
0.000574165
0.000344591
0.000641701
0.0017723
0.000700187
0.00117727
0.000744027
0.00173007
0.00131326
0.000703762
0.000567136
0.000796321
0.00167654
0.000851202
0.00541751
0.000936392
0.000599715
0.00394877
0.00126587
0.000433619
0.00136187
0.000459738
0.000641793
0.000733483
0.000439771
0.000411942
0.000812546
0.00112924
0.000575508
0.000145702
0.000439402
0.000240486
0.00111857
0.0010944
0.000475961
0.000683844
0.000478479
0.00358982
0.0010913
0.000562455
0.000731778
0.000448792
0.00153465
0.000342815
0.0062542
0.000943341
0.000908843
0.00125905
0.000538338
0.00037481
0.000531998
7.87682e-05
0.00072633
0.000666296
0.000261915
0.000334958
0.0010292
0.000995703
0.00048381
0.000739433
0.000463924
0.00113185
0.0038597
0.000386919
0.000771064
0.000757191
0.000527547
0.000845156
0.000490648
0.000765248
0.0017752
0.000843591
0.000381633
0.00034607
0.000647394
0.000762573
0.000518817
0.000588707
0.00264105
0.000374736
0.00186704
0.000734899
0.000955893
0.0008409
0.000590269
0.000863911
0.000280549
0.000541667
0.000941796
0.000540268
0.000894747
0.000570069
0.000603385
0.00178542
0.000307216
0.00360118
0.000759837
0.000599333
0.00103725
0.000766253
0.000391167
0.000774299
0.00059919
0.0040267
0.000913612
0.000138316
0.00109265
0.000518487
0.00113472
0.000437867
0.000633532
0.000573465
0.000604878
0.000234226
0.000559458
0.0014042
0.00113079
0.000944261
0.000605859
0.00076398
0.00127466
0.000500502
0.000534242
0.00300738
0.000796206
0.00140103
0.000695303
0.00056495
0.0002494
0.000530134
0.000607746
0.00061368
0.00118295
0.00157475
0.000890803
0.000422344
0.000977541
0.000290574
0.000617899
0.00030473
0.000916054
0.00574706
0.000298712
0.000393535
0.000650807
0.000324164
0.000461007
0.00136628
0.0023073
0.00134833
0.000301628
0.000338208
0.000803531
0.00109693
0.00142792
0.000589903
0.000513065
0.000515868
0.000890455
0.000587672
0.000431845
0.000440295
0.00115136
0.000382767
0.000356432
0.00119893
0.000203052
0.000905839
0.000320875
0.00159235
0.00106474
0.00080175
0.000477999
0.000104712
0.00105522
0.000846532
0.000883516
0.000249308
0.00378495
0.000590415
0.000791287
0.000342015
0.00197522
0.000461065
0.000990903
0.00141318
0.000914171
0.000875487
0.00102967
0.000240776
0.00379626
0.00043995
0.000678309
0.000473126
0.000628795
0.00057009
0.000725444
8.98286e-05
0.00119214
0.00040648
0.00163755
0.000872096
0.0014696
0.000384472
0.000551331
0.000674892
0.000506735
0.000668063
0.000834636
0.000717835
0.000441224
0.00361865
0.0012001
0.000444965
0.00103122
0.000341122
0.000245171
0.000535415
0.000845705
0.000751142
0.000560318
0.000603003
0.000300945
0.00106922
0.000806765
0.00079024
0.000802268
0.000269867
0.00294705
0.0039864
0.000633131
0.00260541
0.00052299
0.00122034
0.000480276
0.000747216
0.000319471
0.000849386
0.00576271
0.000980612
0.00135417
0.000946148
0.000964583
0.00160058
0.00126713
0.000437952
0.0010543
0.000686976
0.00271932
0.00152521
0.00136566
0.00027027
0.00393627
0.00341818
0.000659568
0.000533798
0.0012886
0.000661732
0.000878652
0.000701908
0.000446455
0.00270997
0.000361461
0.000435325
0.000296381
0.000441405
0.000425548
0.000849272
0.000496289
0.00112052
0.0135761
0.000270045
0.00139098
0.00149932
0.000561434
0.000622773
0.00064917
0.000455767
0.000601645
0.000255309
0.000478015
0.000855335
0.000888953
0.000670928
0.000692165
0.000545891
0.000922701
0.00028503
0.000346082
0.000202886
0.000409708
0.00438093
0.000681864
0.000732807
0.000987649
0.000537282
0.0016025
0.000394647
0.000690978
0.000819695
0.000647758
0.000584894
0.000523626
0.00077906
0.00036119
0.00078303
0.000832998
0.00171572
0.000635767
0.000876467
0.000846061
0.000503968
0.000992364
0.000646589
0.000681073
0.000685593
0.00110293
0.00570636
0.00055722
0.00078959
0.000954405
0.000529748
0.000287649
0.00114982
0.000769439
0.000504289
0.0115525
0.000539268
0.000617616
0.000569216
0.00085529
0.000704185
0.000929929
0.000885307
0.000481697
0.000659842
0.00103233
0.000707881
0.000984762
0.00178955
0.000335152
0.000955867
0.000408659
0.00108182
0.00207639
0.0012301
0.000489952
0.000686567
7.50859e-05
0.000389967
0.000583685
0.00076546
0.000535704
0.000635015
0.00034329
0.000732611
9.59364e-05
0.000778438
0.00111236
0.000607952
0.00224341
0.000653059
0.00056037
0.000422417
0.000111586
0.00150085
0.000545274
0.000784842
0.000270593
0.000561599
0.000337375
0.00125096
0.0007702
0.00118417
0.000547589
0.000859148
0.000719312
0.000199134
0.00131849
0.000656865
0.000614598
0.000716304
0.000433527
0.000657273
0.000841684
0.00138968
0.000956623
0.000710589
0.0120519
0.000393247
0.000435614
0.000526678
0.000989822
0.00102159
0.000575942
0.00103755
0.000455711
0.000502057
0.000588607
0.000777845
0.000868026
0.000564374
0.000644107
0.00117359
0.000748524
0.000338368
0.000464153
0.000865686
0.0068655
0.00161896
0.00017087
0.000719788
0.000625242
0.00145768
0.000446845
0.000240179
0.00459534
0.00131242
0.000594956
0.00107592
0.000793905
0.000811708
0.00121811
0.000845864
0.000676938
0.00140505
0.000914481
0.000740399
0.000150301
0.000938686
0.00186486
0.000562105
0.00022977
0.000940288
0.000506085
0.000675701
0.000863029
0.00180792
0.00014806
0.000284601
0.000545259
0.000908299
0.00111504
0.00053527
0.000365792
0.000397874
0.000902588
0.000574856
0.000845842
0.000295668
0.0074115
0.000814826
0.000987202
0.00152356
0.00161382
0.00105705
0.000733234
0.000261568
0.000824236
0.000510022
0.00143294
0.000379048
0.000727755
0.00234892
0.000539134
0.000719968
0.000453876
0.000345563
0.00127681
0.000461148
0.00146404
0.00027385
0.000898462
0.000588367
0.00114054
0.00300943
7.06414e-05
0.000769198
0.000389171
0.000704008
0.00144666
0.00387369
0.000639324
0.00176982
0.000578426
0.00113233
0.000518198
0.000417172
0.00192771
0.000376094
0.000565586
0.000864041
0.000943619
0.000959894
0.00242114
0.0016442
0.000642184
0.000694683
0.000326559
0.000668323
0.00131188
0.000642177
0.000942448
0.000863458
0.00133062
0.00168871
0.000721603
0.000654103
0.00760762
0.000206195
0.000461608
0.000547617
0.000612342
0.00034053
0.000294307
0.000469826
0.00100776
0.000213443
0.000408754
0.00091147
0.000353996
0.000159918
0.000251621
0.00108302
0.000704738
0.000894445
0.00064221
0.000457353
0.000594569
0.00104963
0.00107369
0.000801656
0.000289818
0.000557548
0.000846627
0.00108102
0.000534815
0.000394291
0.00813967
0.00387344
0.00182077
0.000738165
0.000655005
0.00084165
0.00036181
0.00063687
0.000702381
0.000365765
0.000516037
0.000347688
0.000932683
0.000344636
0.000794902
0.000977385
0.00536481
0.000695036
0.000678514
0.000336876
0.000327991
0.00039118
0.000411719
0.00097412
0.00149546
0.000725346
0.000696792
0.000798982
0.00113768
0.00129178
0.00107096
0.000494111
0.000295027
0.000971713
0.00045732
0.000542336
0.000461666
0.00752657
0.00012828
0.000409655
0.00141475
0.000597464
0.000638194
0.000729568
0.00090139
0.0014018
0.0015813
0.00109383
0.000496691
0.00108183
0.000689484
0.000466963
0.000611863
0.00069768
0.000443368
0.000720814
0.000606142
0.000896118
0.000743268
0.0039528
0.00109573
0.000395491
0.000567972
0.00289356
0.00110882
0.000558677
0.00193238
0.00168216
0.000811297
0.00062347
0.00230891
0.000621366
0.000858137
0.00077052
0.00106973
0.000753422
0.000754279
0.000756373
0.000534964
0.000722328
0.00081447
0.00126414
0.000445218
0.0017654
0.000971212
0.000516537
0.000603062
0.00121707
0.00176099
0.00229565
0.000710438
0.000433949
0.000959375
0.000573011
0.00114735
0.00015011
0.000635126
0.0001266
0.000511994
0.000147239
0.0033396
0.00100339
0.000426618
0.000904718
0.000556821
0.000855148
0.000976145
0.00530206
0.00497277
0.000511833
0.000619226
0.000695384
0.000343321
0.000947493
0.000485576
0.000886162
0.0203943
0.00147161
0.000656197
0.00232325
0.000932535
0.000890623
0.000734419
0.000798514
0.00169003
0.000813184
0.000625546
0.000939075
0.000264105
0.000436808
0.00989068
0.000493508
0.000760203
0.000520161
0.000780969
0.000804509
0.000417336
0.00713269
0.00095926
0.00036836
0.000795843
0.000401438
0.000234002
0.00159727
0.000628133
0.000319213
0.000517133
0.000948584
0.000181944
0.000731809
0.000815999
0.000441488
0.00105936
0.000290617
0.00044901
0.00145032
0.000576626
0.00276694
0.000191452
0.0007438
0.00102862
0.000632586
0.000748431
0.00106943
0.000838421
0.000326024
0.000932072
0.0011339
0.00131261
0.00049609
0.000589356
0.000412997
0.000493498
0.000916114
0.000776471
0.00104134
0.000887301
0.000477233
0.00103045
0.000542916
0.00100911
0.00100174
0.00033524
0.000209354
0.000844433
0.00356331
0.00100667
0.000556169
0.000596036
0.00918934
0.0003019
0.000572893
0.00162782
0.000374363
0.000707572
0.000879505
0.00124987
0.000877301
0.0022713
0.000524377
0.00106919
0.000642883
0.000675491
0.000520284
0.000725689
0.00018767
0.00100303
0.00028193
0.000628828
0.000663358
0.00184372
0.000633528
0.000892291
0.00106643
0.00062643
0.000326813
0.000704463
0.00134487
0.00069338
0.000703799
0.00128396
0.000679232
0.000920288
0.000458863
0.000603397
0.00201871
0.00419637
0.000441659
0.00103098
0.0014045
0.000376599
0.00415327
0.000613514
0.00144996
0.000670022
0.000176708
0.000720359
0.000498311
0.00362339
0.00084156
0.000301907
0.000507774
0.000213659
0.000260162
0.000398399
0.000776155
0.000347766
0.000560147
0.000696682
0.000648975
0.00165902
0.000787503
0.000359204
0.00093206
0.0208296
0.000173657
0.000963838
0.000551475
0.00146101
2.6484e-05
0.000595724
0.000826908
0.000591984
0.000547342
0.00105709
0.00052949
0.000838309
0.00117696
0.000887903
0.000514803
0.000757848
0.0015377
0.000436838
0.00104019
0.000382123
0.000683411
0.00332572
0.00101016
0.00172901
0.000677339
0.000378057
0.000648022
0.000281661
0.000394004
0.000368893
0.000655683
0.000705255
0.000744112
0.000633342
0.000702716
0.00138553
0.0016346
0.00151437
0.000714235
0.000982105
0.000448048
0.00178707
0.00197784
0.000302598
0.000938384
0.000308516
0.000500675
0.00560925
0.000194267
0.000485327
0.000511278
0.000523198
0.000424915
0.0010147
0.00128493
0.000805554
0.00133322
0.000393066
0.000845762
0.00211789
0.000739433
0.000756033
0.000613037
0.000562983
0.00258464
0.000458785
0.00088845
0.000591328
0.00222034
0.000291616
0.000919718
0.0011777
0.000359567
0.000734747
0.000850146
0.00058795
0.000818931
0.000599304
0.000328194
0.000848662
0.00140831
0.000878885
0.000930135
0.000563384
0.00071152
0.0148428
0.00080746
0.00159537
0.000429236
0.000719282
0.000215438
0.00051919
0.000487558
0.000777773
0.000325371
0.000753825
0.000636055
0.0136696
0.00135777
0.000359429
0.000578363
0.00047715
0.000298072
0.000179078
0.000531703
0.000292176
0.000647913
0.0010152
0.000802142
0.00120453
0.00141541
0.000848122
0.0157234
0.00214159
0.00121675
0.00138718
0.0010483
0.00579815
0.000702667
0.00150626
0.00152015
0.000461493
0.000333213
0.000713278
0.00116706
0.000520808
0.000621295
0.00031719
0.00057593
0.000865252
0.000937814
0.000993964
0.000412027
0.00202596
0.000526071
0.00538823
0.00119683
0.000253643
0.000914714
0.000421175
0.000590515
0.000455247
0.00151441
0.000851874
0.00107442
0.000537922
0.000441721
0.000524399
0.000876451
0.0029496
0.000544096
0.000806255
0.000695045
0.000618835
0.00137919
0.00156586
0.00114151
0.000429779
0.000751011
0.000457771
0.000830981
0.00112035
0.000732772
0.000827835
0.000851055
0.000626747
0.000642538
0.00115783
0.00135888
0.000259407
0.000945792
0.000475888
8.08605e-05
0.000456906
0.000586741
0.0007381
0.000547486
0.000523174
0.000786335
0.00112505
0.000912951
0.000786972
0.000986801
0.000818616
0.00123513
0.000777214
0.000976226
0.000963781
0.00096479
0.00159952
0.00673143
0.000581115
0.00048791
0.00041312
0.00067178
0.000564957
0.000845252
0.0012419
0.000887616
0.00212634
0.000674362
0.000571759
0.000781401
0.000753721
0.000584123
0.000206645
0.000525905
0.000676095
0.00533653
0.000131072
0.000284931
0.000574872
0.000492793
0.000571473
0.000623275
0.00102118
0.00039852
0.000159949
0.000487432
0.000914924
0.000392347
0.00188449
0.000452514
0.0018921
0.000507884
0.000539553
0.00045037
0.000677355
0.000951771
0.000750371
0.000256959
0.000739798
0.00129057
0.00123667
0.000464829
0.000799038
0.00181242
0.00167538
0.000613101
0.000854776
0.000222502
0.00062807
0.000639735
0.000532865
0.00106301
0.000991999
0.00104108
0.000964608
0.000916547
0.000527823
0.000657448
0.00029311
0.000472506
0.00148937
0.000352666
0.00117977
0.000572866
0.000928611
0.000674256
0.000366773
0.000437678
0.00060611
0.000416872
0.000620128
0.000104315
0.000737999
0.000343229
0.000528585
0.00176625
0.00152211
0.000757363
0.00131259
0.000776824
0.000413114
0.000301662
0.000677463
0.00142282
0.000702274
0.00156116
0.0011265
0.000752518
0.000586771
0.00103743
0.00106166
0.000450605
0.000463671
0.00111039
0.000674176
0.000747487
0.000537801
0.000189904
0.00119769
0.000759331
0.000408974
0.000511242
0.00117108
0.000889625
0.000849218
0.000833908
0.000556638
0.00066591
0.000464544
0.000541135
0.000732648
0.000329214
0.000616276
0.00043812
0.000784427
0.000504631
0.00112037
0.00170327
0.000488827
0.00106242
0.000441524
0.003012
0.00104428
0.00105753
0.00042148
0.00927852
0.000503944
0.000520367
0.000592257
0.000550425
0.00113615
0.000380457
0.000283486
0.000818707
0.00073072
0.00281585
0.000407807
0.00052396
0.000461468
0.0019786
0.000709976
0.0014088
0.000687582
0.000630573
0.000648465
0.000904002
0.00163108
0.000420492
0.000535313
0.000755906
0.000924088
0.002068
0.000822626
0.000740609
0.000782405
0.000807667
0.00179586
0.000597756
0.000368944
0.0005226
0.000654895
0.000634908
0.000766723
0.00107259
0.000485438
0.000630219
0.000577613
0.000559108
0.00109136
0.000790213
0.00119353
0.00103597
0.000609559
0.00085598
0.000919379
0.000836376
0.00249806
0.000499919
0.000383877
0.000345645
0.00120787
0.000812607
0.00101428
0.00435536
0.000776511
0.000751137
0.000135094
0.000939894
0.000439477
0.00345232
0.00050421
0.000398969
0.00134163
0.000793915
0.00118038
0.000714382
0.00124403
0.00153468
0.000616357
0.00155531
0.000682027
0.000349449
0.000661583
0.000386658
0.000806492
0.000949993
0.00167939
0.000716637
0.000475265
0.00184381
0.00100766
0.000688576
0.00562472
0.000895152
0.000327169
0.00127395
0.000450712
0.000838313
0.000825745
0.000351825
0.000274334
0.00362741
0.000713516
0.000629382
0.000676284
0.00121192
0.00286444
0.000720437
0.000493121
0.000506383
0.000189413
0.0008029
0.000597451
0.00415331
0.000592919
0.000741931
0.00165508
0.0014955
0.000459081
0.00120396
0.00043952
0.00124861
0.00166185
0.000612659
0.00107854
0.000254797
0.000190231
0.00143017
0.000825337
0.000166739
0.000197902
0.000656776
0.000721982
0.000934902
0.000561997
0.000769622
0.000708777
0.000699846
0.000717117
0.00165678
0.000396715
0.000287676
0.00130157
0.00196314
0.00248537
0.000718696
0.00115365
0.000408609
0.000534184
0.000428051
0.000477583
0.000635622
0.00116779
0.000463822
0.000482224
0.000366164
0.00054576
0.000781364
0.000558993
0.00113039
0.000800663
0.000646471
0.000199269
0.00117121
0.000918656
0.000912426
0.000959181
0.000494095
0.000907831
0.000639419
0.000812119
0.00303187
0.00108405
0.000599489
0.000588458
0.000180663
0.000615726
0.00401867
0.000557305
0.000335402
0.00304422
0.00160294
0.000470529
0.00072972
0.000339676
0.00104815
0.0013415
0.000687858
0.000999161
0.000855779
0.000883236
0.000725246
0.000722041
0.0014203
0.000607824
0.00111312
0.00090867
0.000292369
0.00195933
0.000409572
0.000284396
0.00114987
0.000570704
0.00249718
0.000470048
0.000184551
0.00129299
0.0013546
0.000394086
0.000870329
0.000424921
0.00113233
0.000995261
0.000538861
0.000894537
0.00192235
0.00163635
0.000938093
0.000639729
0.000518853
0.00078594
0.00121812
0.000886651
0.000597929
0.00156337
0.000711807
0.000870163
0.000802647
0.00105315
0.00733449
0.000742438
0.000797966
0.00120346
0.000522171
0.000792864
0.000229517
0.000573033
0.000693069
0.000670031
0.000928075
0.000736399
0.000446161
0.000413969
0.000758748
0.000752845
0.000605441
0.000489781
0.000297391
0.00168869
0.000327314
0.000688254
0.000712652
0.000881417
0.000800941
0.000831423
0.00104745
0.00068822
0.000538446
0.000569828
0.00159759
0.003566
0.000551432
0.000367473
0.000749208
0.00059937
0.00121383
0.000536927
0.000567989
0.000572475
0.00123408
0.000563188
0.00100714
0.00221547
0.000504453
0.000761476
0.00011211
0.00109243
0.000472857
0.000857355
0.000857572
0.00137983
0.00127627
0.000932814
0.00123496
0.00115825
0.000967173
0.00136928
0.000694943
0.00130161
0.000764827
0.00105151
0.00102533
0.00113571
0.000733667
0.000282087
0.000687665
0.00027649
0.00195759
0.000727228
0.000791368
0.000681166
0.000766998
0.000641267
0.000401124
0.000365609
0.000693539
0.00105279
0.000711469
0.000482947
0.0577488
0.00202793
0.000546527
0.000415652
0.0054162
0.000501043
0.000567954
0.000804312
0.000862987
0.000872539
0.000726134
0.000485434
0.00171563
0.000725453
0.000547226
0.00137954
0.00039325
0.000357966
0.000616669
0.000555124
0.00086682
0.000556074
0.00054796
0.00163884
0.000488956
0.000893794
0.000276613
0.000513932
0.00151906
0.000547696
0.000348161
0.000547076
0.000851169
0.000439805
0.00116705
0.000517649
0.000264561
0.00121238
0.000790346
0.00166587
0.000606763
0.000311498
0.000290292
0.000518857
0.000639054
0.000870844
0.000445417
0.000639818
0.000543416
0.00019654
0.000827241
0.000300596
0.000651369
0.000519347
0.000361655
0.000349846
0.000508417
0.000478921
0.00252955
0.000237045
0.000713953
0.00083818
0.000997898
0.00060722
5.07723e-05
0.00678408
0.00101513
0.00156931
0.000785446
0.000629055
0.00112156
0.0101691
0.000675735
0.000919046
0.000389088
0.000532305
0.00147372
0.000550649
0.000860055
0.000423279
0.000447257
0.00135545
0.000959138
0.00105874
0.00119144
0.000247179
0.000411803
0.000638791
0.000929226
0.000197441
0.00404596
0.000734065
0.000765695
0.000569851
0.000344537
0.000369429
0.000514988
0.000431832
0.000308152
0.00277369
0.00127092
0.000892406
0.000206096
0.00537681
0.000442905
0.000516392
0.000833343
0.000703246
0.000688877
0.00057332
0.0059865
0.000845777
0.000347122
0.000347761
0.000462683
0.000438286
0.00059502
0.000579355
0.0010045
0.000426027
0.000309708
0.000395204
0.000839198
0.000429519
0.000865907
0.000611166
0.000493066
0.000753272
0.000310962
0.00781976
0.000893291
0.00487244
0.000865254
0.00145453
0.00326838
0.00124198
0.000363571
0.000550398
0.000940215
0.00344166
0.000132456
0.000711718
0.0263712
0.000173978
0.000353102
0.000666134
0.00115355
0.000453236
0.00179054
0.00041685
0.000262607
0.00039617
0.00138163
0.000469266
0.00076335
0.00241571
0.000588797
0.000601064
0.00161232
0.000292188
0.000594609
0.000490057
0.000793247
0.00181851
0.000427064
0.0008476
0.000299364
0.000623699
0.000932449
0.000337022
0.000553202
0.000562269
0.000489216
0.00094368
0.000358621
0.00030236
0.00263537
0.000921725
0.00108923
0.000711093
0.000815431
0.000970309
0.000711466
0.000233618
0.00112261
0.000650495
0.000445755
0.00111541
0.000135784
0.000338668
0.00157336
0.00252771
0.000482868
0.0010421
0.000979505
0.000855521
0.00133149
0.00065863
0.000225121
0.00061693
0.000247521
0.000697934
0.000495005
0.000297311
0.000693781
0.000770117
0.000900808
0.000899712
0.000614298
0.000589232
0.000437305
0.000675243
0.000259305
0.000693764
0.000621611
0.00070023
0.00380707
0.000369817
0.00050619
0.00215501
0.000914921
0.00140714
0.000337881
0.000695493
0.0047222
0.00120472
0.00178007
0.000538377
0.00957315
0.000715107
0.000738796
0.00110554
0.000646451
0.000320133
0.00100673
0.000446692
0.000381504
0.000835231
0.000646535
0.00047768
0.000766076
0.00163785
0.000975911
0.00109442
0.000363223
0.0018304
0.000689999
0.00080333
0.000701094
0.000633866
0.000686163
0.000299858
0.000541734
0.00090805
0.00162395
0.000763464
0.00118886
0.000626518
0.000494341
0.000419601
0.000467091
0.000981603
0.000589468
0.000828914
0.000555141
0.0012145
0.000448143
0.00774632
0.0011987
0.000437156
0.000619096
0.00115208
0.00109594
0.00045828
0.000941013
0.000513401
0.000414507
0.00613329
0.00133158
0.000666379
0.000793342
0.00264771
0.00119961
0.0015261
0.000319479
0.000483409
0.000766442
0.000604423
0.000830145
0.000729478
0.00195818
0.00196569
0.000466928
0.00087347
0.000961359
0.000661233
0.00052986
0.000794972
0.000518098
0.00127514
0.00274995
0.000737236
0.000610644
0.000470215
0.000875561
0.000647439
0.000433667
0.00179188
0.000750487
0.00103076
0.000825016
0.000914062
0.00019086
0.000602711
0.000475829
0.000308249
0.000819804
0.00108434
0.000825594
0.00130191
0.000499416
0.000938687
0.0005692
0.000865123
0.000422194
0.000707258
0.00115499
0.000565519
0.000904802
0.000372565
0.000592985
0.000410544
0.00310683
0.000819896
0.000495606
0.00122328
0.000804341
0.000158818
0.000548088
0.00517125
0.000860206
0.000506612
0.00431586
0.000950345
0.000898228
0.00108514
0.000666333
0.00278921
0.0011325
0.000510939
0.0039837
0.00177557
0.000561693
0.000823844
0.000901984
0.000461769
0.000552211
0.000290596
0.000917242
0.000895968
0.00119926
0.00119815
0.00600364
0.000886298
0.00122204
0.000721546
0.000315861
0.000325166
0.00296015
7.00963e-05
0.000382751
0.00163896
0.000742759
0.000985502
0.00179098
0.00121548
0.00100697
0.000749816
0.00067909
0.000533056
0.000370222
0.000814691
0.000368361
0.00107234
0.00113135
0.000502922
0.000334716
0.000435796
0.000850375
0.000444235
0.000817877
0.00180085
0.000924004
0.000595274
0.00100094
0.000551661
0.00869222
0.000723866
0.00263763
0.000267281
0.00268841
0.00133637
0.000482871
0.0016497
0.000706432
0.00145119
0.000468242
0.0016391
0.000464425
0.000684513
0.000355118
0.00120632
0.000355981
0.000486329
0.000514452
0.000616523
0.00204666
0.000893057
0.00117786
0.00111898
0.000510471
0.00474297
0.00616067
0.00069021
0.0011667
0.00104645
0.000644088
0.000416709
0.00326819
0.00101669
0.000807656
0.000443564
0.00178967
0.00026177
0.000373741
0.000340384
0.00101058
0.00143807
0.000491496
0.000231182
0.000574466
0.000719774
0.00379773
0.00120046
0.00056434
0.000936988
0.000629491
0.000602502
0.000527898
0.000655807
0.0646833
0.00200117
0.000987135
0.000803963
0.00184158
0.000451476
0.000402327
0.000626809
0.00128685
0.000853343
0.000821456
0.000753748
0.000331414
0.000455795
0.000621357
0.000484297
0.00121418
0.000635223
0.000992731
0.000794386
0.00138583
0.000637805
0.00071336
0.000612622
0.00106013
0.000425456
0.000390043
0.000459715
0.00131088
0.00100451
0.000298004
0.00126602
0.00101573
0.000585887
0.000444501
0.000407131
0.000855863
0.0012465
0.000516666
0.0003644
0.00101735
0.000641434
0.000277378
0.000780554
0.00124118
0.000925213
0.000717967
0.00105367
0.000627215
0.000968794
0.000540809
0.000288034
0.000505317
0.00122647
0.000363796
0.000370469
0.00280395
0.000818823
0.000484066
0.000885094
0.000988055
0.00155083
0.000903026
0.000408089
0.000482713
0.000870492
0.00130009
0.0013849
0.000604466
0.000820418
0.000594062
3.66372e-05
0.000522158
0.00108173
0.000581991
0.000479087
0.00105873
0.000437092
0.00099273
0.000827223
0.00117664
0.000595607
0.00114422
0.00135225
0.00056794
0.000161224
0.000426498
0.000692288
0.000594798
0.000647032
0.000615307
0.00103962
0.000427564
0.00113417
0.00068139
0.000446647
0.000316581
0.000986523
0.00105056
0.000430849
0.000496392
0.00112886
0.00095661
0.000945196
0.00092099
0.00229352
0.000341914
0.000724371
0.000479871
0.000790232
0.00112322
0.0166765
0.00125021
0.00157775
0.000457216
0.000484628
0.000534633
0.000127021
0.00100409
0.00359092
0.000707079
0.000730392
0.000584446
0.00047641
0.000451168
0.000496675
0.000719424
0.000815175
0.000512137
0.00145145
0.000397432
0.000301826
0.000326511
0.000167325
0.000280478
0.00060887
0.000626284
0.00107672
0.00124692
0.000880224
0.000363164
0.00077866
0.00111872
0.0340441
0.000177263
0.000712515
0.000331341
0.00457114
0.000521791
0.000564005
0.000241687
0.000493547
0.000737995
0.000699674
0.000671513
0.000814349
0.000555112
0.000671893
0.000350704
0.00122051
0.000654693
0.00101063
0.000735955
0.000661088
0.000503346
0.000649888
0.000936572
0.00217423
0.00078416
0.00476586
0.000679648
0.00102819
0.000619574
0.00402238
0.000616596
0.00393647
0.000938158
0.000821611
0.000652972
0.000902218
0.000187129
0.000464191
0.00131923
0.00705097
0.000907636
0.000744539
0.0031751
0.000597535
0.000514469
0.000335777
0.00148996
0.00180654
0.000410946
0.000356692
0.000519272
0.000862069
0.000552992
0.000732943
0.00026461
0.000609629
0.00079279
0.000503671
0.000747509
0.000920838
0.00106259
0.000470982
0.000522421
0.000172275
0.00105737
0.000967629
0.00122038
0.00025938
0.000740048
0.000468134
0.000653704
0.00084137
0.000489628
0.000809516
0.000632679
0.000744383
0.000316739
0.000232206
0.000255244
0.000362371
0.000578523
0.000428849
0.000393616
0.000673388
0.000522295
0.000994983
0.000406759
0.00333013
0.000521674
0.000601634
0.000398331
0.000687694
0.000277668
0.000985524
0.0017347
0.00123524
0.00100006
0.000844642
0.000514681
0.000329958
0.001007
0.000370162
0.000727725
0.000820862
0.000255713
0.00137911
0.00145212
0.000805454
0.000266813
0.00186385
0.000469031
0.000821181
0.00148072
0.000705422
0.00148189
0.000601823
0.000423213
0.00203658
0.000345326
0.000695502
0.00111541
0.00110037
0.000360811
0.000856738
0.00254725
0.000301353
0.000713214
0.00130313
0.000418314
0.000827385
0.000678072
0.000768311
0.00038712
0.000385971
0.000646729
0.000268911
0.000726785
0.000468849
0.0008217
0.000699987
0.000735426
0.000387465
0.000990468
0.00138388
0.000371014
0.000703733
0.000183801
0.00254739
0.000989878
0.00189165
0.00127487
0.0084669
0.000954257
0.000355253
0.000601462
0.00103433
0.000487023
0.000820709
0.00104913
0.000592148
0.000461436
0.000390893
0.000339119
0.000952666
0.000801914
0.00041668
0.000737587
0.00136987
0.000204243
0.00191843
0.00050835
0.000692175
0.000422639
0.000316942
0.000484983
0.000815025
0.000451596
0.000991921
0.000384022
0.00123907
0.000594745
0.000354941
0.000463943
0.000480139
0.000801432
0.000282995
0.000675795
0.00405309
0.00684598
0.000673785
0.000508323
0.000799697
0.000437317
0.000565124
0.000468328
0.000380299
0.000291466
0.000782501
0.000393983
0.000673532
0.000681855
0.00086037
0.00128334
0.001181
0.000353979
0.000698621
0.000955925
0.000719346
0.000474868
0.00113125
0.000218961
0.00285439
0.000576826
0.000491388
0.000588226
0.000434844
0.000907321
0.0006795
0.000236415
0.000335032
0.000404126
0.000164081
0.000542894
0.0104294
0.00197565
0.00137882
0.00143661
0.000509754
0.000652349
0.00134739
0.000329316
0.000751978
0.000711302
0.00104115
0.000602671
0.000206492
0.000833044
0.000670124
0.000298735
0.000811003
0.000705809
0.0006846
0.00138854
0.000774939
0.000447735
0.00114135
0.000652783
0.00134086
0.000906147
0.000291814
0.000677788
0.00057808
0.000503588
0.000741224
0.000973562
0.0039111
0.000259183
0.000779052
0.00032007
0.000326283
0.001405
0.000389561
0.0019891
0.00110163
0.00105833
0.000519309
0.000641115
0.00100906
0.00110049
0.00634542
0.00739357
0.00215603
0.000769039
0.000533653
0.00116639
0.000709766
0.000651449
0.000216293
0.000758715
0.000581568
0.000515798
0.0115239
0.000807324
0.000440561
0.000692686
0.000506247
0.00481446
0.0012934
0.00167611
0.000616519
0.000510288
0.000500815
0.0020332
0.000816042
0.000732047
0.00200091
0.000406428
0.000497697
0.000621961
0.000526257
0.000829872
0.000635192
0.000478685
0.000189004
0.000932705
0.00150336
0.000560351
0.000413713
0.000293145
0.00061816
0.000420088
0.00199921
0.000525555
0.000777837
0.00281391
0.000737744
0.000639016
0.000512818
0.00426101
0.000821327
0.00110193
0.00043248
0.000455226
0.000333782
0.000563835
0.000593187
0.00100596
0.000500309
0.00119226
0.000586079
0.0019568
0.00305888
0.000585508
0.000844607
0.00112312
0.000338898
0.000491847
0.00072751
0.000485447
0.00100768
0.000710885
0.000603672
0.000543992
0.000628087
0.000723977
0.000811101
0.000229572
0.000525887
0.000500544
0.000798922
0.000512132
0.000422153
0.000661901
0.0010524
0.000635613
0.000791865
0.000553987
0.000550081
0.00111957
0.000434419
0.000295464
0.000744441
0.00124091
0.00131298
0.000585246
0.000492387
0.000964089
0.000485265
0.00057589
0.00146096
0.00131717
0.00675944
0.000416481
0.00101587
0.000306038
0.001016
0.000419117
9.78226e-05
0.00458762
0.0081496
0.000891492
0.00116802
0.000801998
0.000635906
0.000755672
0.00110774
0.000986469
0.00310274
0.000799969
0.000330675
0.000962724
0.000593392
0.00296282
0.00032491
0.00246612
0.000661706
0.000811644
0.000560203
0.00287736
0.00214643
0.000426913
0.000855597
0.000482982
0.00116074
0.000459667
0.000402111
0.00127358
0.000200926
0.000657457
0.000871845
0.000878618
0.000800533
0.000646828
0.000453017
0.00101364
0.000747486
0.000704023
0.000604254
0.000685004
0.00035959
0.000231019
0.00183748
0.000627281
0.000573019
0.000375499
0.000547043
0.00105833
0.00122317
0.00052796
0.00068104
0.000232404
0.000653304
0.000405859
0.000720395
0.000545561
0.00275969
0.000776714
0.000479921
0.000406147
0.000768266
0.000384698
0.00113201
0.000481818
0.000811263
0.000527118
0.000435225
0.00068657
0.000988389
0.00116314
0.000315413
0.000405728
0.000704872
0.000989403
0.00110613
0.000454393
0.000265427
0.00142118
0.000554309
0.00113297
0.000700921
0.00170833
0.000803933
0.00220693
0.00105628
0.00107687
0.000695738
0.000789531
0.0012836
0.000763585
0.000642118
0.000326392
0.000574527
0.00122669
0.000409549
0.000876904
0.000707957
0.000450866
0.0010017
0.000181155
0.00074709
0.000906502
0.000868112
0.000990717
0.000389173
0.00166185
0.00048753
0.000296431
0.000562827
0.000266244
0.00035027
0.000818021
0.000886291
0.00222804
0.00120692
0.000839432
0.0013784
0.00119063
0.00052983
0.000504223
0.00050406
0.00031436
0.00019334
0.00132188
0.000209933
0.000917903
0.000782205
0.000653181
0.000671149
0.000778202
0.00416242
0.000349147
0.000989129
0.000404104
0.000968307
0.000549459
0.00174114
0.000376873
0.000599738
0.00199573
0.00435947
0.000447644
5.9221e-05
0.000835198
0.000959712
0.000390504
0.000522836
0.000509887
0.00733983
0.000673632
0.000835808
0.00093187
0.00105543
0.00141841
0.000829663
0.000637854
0.000219693
0.000751214
0.000446207
0.000157566
0.000616232
0.00030872
0.000223631
0.000800061
0.00176133
0.00123845
0.00485752
0.000740055
0.000616163
0.00104556
0.00132893
0.000517164
0.00127629
0.00075772
0.000419429
0.000690564
0.000406697
0.000432673
0.000881374
0.00175159
0.000700157
0.000816613
0.000893042
0.000998767
0.000800868
0.000362974
0.000776401
0.000669566
0.000842341
0.00471438
0.000383941
0.00130064
0.000922448
0.000889742
0.000593864
0.00106659
0.000685983
0.000209501
0.00319877
0.000814652
0.00052402
0.00041063
0.00182196
0.000648405
0.000699718
0.00118499
0.00042524
0.000903051
0.000515158
0.0019567
0.000628933
0.000532406
0.000492151
0.000438947
0.000846594
0.000924251
0.000290175
0.00019212
0.000629447
0.000810817
0.00245087
0.000173896
0.000738211
0.000477415
0.00281009
0.00107572
0.000366971
0.000811024
0.000684364
0.00184968
0.00282833
0.000531107
0.00166529
0.000411452
0.000620436
0.00055299
0.000760718
0.000522182
0.000877706
0.000836
0.000930597
0.00217468
0.000555797
0.000250147
0.000802323
0.00438875
0.000493994
0.000161412
0.000378266
0.000531043
0.00045194
0.000902418
0.000570885
0.000721911
0.000923901
0.000662924
0.00150495
0.00214121
0.000806437
0.000585897
0.00127137
0.000723727
0.00061466
0.00073465
0.00040097
0.000644946
0.000762485
0.00064662
0.000881638
0.000754895
0.000187943
0.000145795
0.00573393
0.000429599
0.000531504
0.000864608
0.000561553
0.000745437
0.000856635
0.0236267
0.000326214
0.00226565
0.000902135
0.000645709
0.000845186
0.000852312
0.000501605
0.000356666
0.00141035
0.00382351
0.000387389
0.000497064
0.000609527
0.0006202
0.000613751
0.00156327
0.00491515
0.000906844
0.000824866
0.000883364
0.00112488
0.000381448
0.00172102
0.000449845
0.000619975
0.000586721
0.00049976
0.000317775
0.0001198
0.000617749
0.000692705
0.000451733
0.000753174
0.00071561
0.000521301
0.00095937
0.000162144
0.000448056
0.000478094
0.000321559
0.0161129
0.000563597
0.00120433
0.00980429
0.000827378
0.0012771
0.000523171
0.000937804
0.00178649
0.000459621
0.000563632
0.000418243
0.000391145
0.00043226
0.00110231
0.000536532
0.000499466
0.000552403
0.000317796
0.000632318
0.000588581
0.000402752
0.000441229
0.00123088
0.00116466
0.000536967
0.000679742
0.000501466
0.000753214
0.000533438
0.000976367
0.0025895
0.000386345
0.000572361
0.0006532
0.000464484
0.000719975
0.00131887
0.000674117
0.0015336
0.000315761
0.00062814
0.00064699
0.000798898
0.000350423
0.000690367
0.000482508
0.000816603
0.00104454
0.000487075
0.000836445
0.00142768
0.00063944
0.00123004
0.000870012
0.000135203
0.000356191
0.00133868
0.00094775
0.000652402
0.000766438
0.000756468
0.000853536
0.000399298
0.000782154
0.000527274
0.00122714
0.000682147
0.000381151
0.00387231
0.00142608
0.000997606
0.000576211
0.000963853
0.000911378
0.000702644
0.0040763
0.000666732
0.000624438
0.00045643
0.000390968
0.000483228
0.00157536
0.000633048
0.000220777
0.000470374
0.00073312
0.000422691
0.00138493
0.000140574
0.00115561
0.000655135
0.000889084
0.00108328
0.00119463
0.00111403
0.000687032
0.00112164
0.000890745
0.000443192
0.00117503
0.00013139
0.000733738
0.00212543
0.000384515
0.00123924
0.000254903
0.000466891
0.000663697
0.000494397
0.000974182
0.00168833
0.000518058
0.000482552
0.00172835
0.00160925
0.000853153
0.000426276
0.000304564
0.000732432
0.00088844
0.00303339
0.000515929
0.000355181
0.000377156
0.000419279
0.00194691
0.00894687
0.000954852
0.00216075
0.00180465
0.00158055
0.000761769
0.00115994
0.000194374
0.000642995
0.000803613
0.000871677
0.00221037
0.000675818
0.00128255
0.00102573
0.00149025
0.000226692
0.00128614
0.000575848
0.000696781
0.000452872
0.000580971
0.000600431
0.00105767
0.00138583
0.00100239
0.000794427
0.00399462
0.000280443
0.000584657
0.00083534
0.000324841
0.00143934
0.00132253
0.000383611
0.00113329
0.000724431
0.00042377
0.000602027
0.000312269
0.000660235
0.00128773
0.000680094
0.00161997
0.00114159
0.000838484
0.000129406
0.000491456
0.000506997
0.00100776
0.000637922
0.000501278
0.000736728
0.000705017
0.000462797
0.000536994
0.000364999
0.000505294
0.00100154
0.000846319
0.000889231
0.00122351
0.000478353
0.000486958
0.000514272
0.000144972
0.00128172
0.000422349
0.000500365
0.00366157
0.00513707
0.0010075
0.000990402
0.000424972
0.00120151
0.000827051
0.000711384
0.000463706
0.000441353
0.000611885
0.00142282
0.000711327
0.000806442
0.000953049
0.000433138
0.000694497
0.000594915
0.00146828
0.00037165
0.00106649
0.000854898
0.000546513
0.00106026
0.000548377
0.000275146
0.000428054
0.000911785
0.000920773
0.000640815
0.0002228
0.000897622
0.0012044
0.000323606
0.000786674
0.000650639
0.00113207
0.000634903
0.000476467
0.000602539
0.000920252
0.000415286
0.00150572
0.000433246
0.000593775
0.000294371
0.000605002
0.000508152
0.000485663
0.00234951
0.00112192
0.000827272
0.000905335
0.000758805
0.00089776
0.000506482
0.000656145
0.00017346
0.000647119
0.000654794
0.000703197
0.000439944
0.000716685
0.000440883
0.000433121
0.00129205
0.00223439
0.000434137
0.000651892
0.000244517
0.00092476
0.000515112
0.000717333
0.000616023
0.000714933
0.000369949
0.00103801
0.000933443
0.000855964
0.000802258
0.000545305
0.0010316
0.0005228
0.000897045
0.00182
0.000635772
0.000557847
0.000534571
0.00309645
0.000623659
0.000578136
0.000307606
0.000395794
0.00052965
0.00214851
0.000270832
0.00103504
0.000584286
0.000566359
0.00031757
0.000721286
0.00048479
0.0007097
0.000122225
0.00613073
0.000816256
0.000755035
0.000648295
0.000352647
0.000778302
0.00148411
0.000774627
0.00056636
0.000684701
0.00147178
0.000514591
0.000462848
0.011772
0.00194083
0.000684823
0.00053124
0.000955601
0.000652135
5.50052e-05
0.000732028
0.000905946
0.000910907
0.000793753
0.000530272
0.00117688
0.00171546
0.000594469
0.00174053
0.00025114
0.000833269
0.00135138
0.00102426
0.000576349
0.000743834
0.000598392
0.00208451
0.000220322
0.000609812
0.00115838
0.00021935
0.000778277
0.000372494
0.00099328
0.000990241
0.000691972
0.00216575
0.000172251
0.000652578
0.00050847
0.000314305
0.00095521
0.00120679
0.000966919
0.000430432
0.000542636
0.000677598
0.00115982
0.000258463
0.00145113
0.000331404
0.0024882
0.000688357
0.00061548
0.000947714
0.00345822
0.00108913
0.000378344
0.00180176
0.00059246
0.00075467
0.000765465
0.0013904
0.000773479
0.000623199
0.000631562
0.000518792
0.000750439
0.000440728
0.000605612
0.000541238
0.000168274
0.000427715
0.000338964
0.000500247
0.000417723
0.00107601
0.000553902
0.000861237
0.00104056
0.00408661
0.00092918
0.000534779
0.00046673
0.000762359
0.000695006
0.000580303
0.000269269
0.000722298
0.004891
0.000956267
0.00349491
0.00308465
0.000981766
0.00100842
0.0010017
0.00161592
0.00133864
0.0007648
0.000602209
0.000394266
0.000433415
0.000461015
0.00251842
0.000426343
0.00102867
0.000901362
0.000474091
0.000681585
0.000749984
0.000141053
0.0011663
0.000455144
0.000454524
0.00036983
0.000774876
0.000580823
0.00140647
0.00101751
0.00248952
0.00139994
0.000893609
0.000176543
0.000641824
0.00064729
0.000405703
0.000821912
0.000812192
0.000715828
0.00214522
0.000646419
0.000788873
0.000455423
0.00112173
0.000759829
0.00029271
0.00270929
0.000987173
0.000511099
0.000744266
0.00102756
0.00040617
0.000632784
0.000908731
0.000693065
0.000460222
0.000747365
0.00123261
0.0317714
0.000274346
0.00295488
0.000630055
0.00147684
0.00115773
0.000740764
0.000993256
0.000480488
0.000942312
0.00473077
0.00254729
0.000918585
0.00102104
0.000431858
0.000412193
0.000919846
0.0106867
0.000826497
0.000473382
0.000860707
0.00049982
0.00136215
0.000760411
0.000372632
0.00057489
0.000803657
0.00112936
0.00136644
0.000638124
0.000755134
0.001172
0.00135667
0.000797897
0.000853808
0.00127412
0.000460693
0.00039234
0.000588039
0.000625157
0.000912258
0.000695636
0.000738902
0.00109741
0.000352451
0.000858638
0.000924539
0.000677643
0.000933932
0.000552859
0.000495989
0.00335008
0.00111161
0.000677965
0.00183747
0.000672766
0.0106642
0.000613948
0.000569969
0.000624332
0.000612446
0.000702339
0.00130098
0.00206245
0.000160986
0.00200506
0.00102354
0.00027255
0.000367363
0.00170493
0.000528229
0.00101857
0.000738387
0.000389913
0.000646253
0.00112321
0.000520329
0.000954675
0.000639747
0.00297709
0.00049228
0.000393522
0.000910229
0.000693956
0.00243693
0.00038242
0.000433098
0.000347747
0.000615315
0.000150581
0.000622831
0.000460135
0.000500072
0.0009753
0.000772728
0.000543039
0.000569091
0.000652981
0.00508537
0.000171535
0.000257978
0.000829785
0.000698394
0.000162532
0.000907351
0.000620323
0.00152185
0.000931014
0.000588533
0.000677109
0.0005325
0.000682985
0.00163854
0.000718627
0.000348481
0.000656972
0.000869098
0.000444519
0.000486634
0.00221332
0.000554784
0.00205038
0.000880961
0.000555928
0.000385995
0.000529715
0.000381583
0.000405693
0.000708997
0.000381721
0.000360288
0.00107966
0.00055487
0.000645511
0.000667605
0.00110536
0.000489877
0.00103312
0.000602091
0.000620662
0.00075346
0.000503981
0.000810704
0.000992117
0.00096987
0.000503105
0.000402821
0.000744047
0.000394459
0.00107211
0.000887131
0.000280387
0.00137967
0.00118064
0.00192346
0.000590048
0.000515106
0.000184437
0.000716978
0.00056756
0.00110001
0.00253405
0.0122361
0.000922728
0.000369678
0.000951213
0.000471784
0.00122582
0.000864855
0.00204347
0.000463399
0.000460178
0.000267683
0.000715873
0.00079864
0.00131731
0.000528988
0.000234012
0.000598297
0.000277104
0.000986381
0.00145256
0.000477373
0.0002426
0.00152114
0.000683294
0.000672811
0.000588822
0.000959724
0.000515592
0.000342214
0.000745916
0.000610158
0.00152698
0.000325227
0.000653848
0.000478043
0.000650505
0.00116862
0.000910223
0.00237863
0.000253325
0.000695896
0.000454395
0.000513165
0.00391182
0.00160418
0.00344422
0.00081232
0.00373714
0.000565014
0.000799214
0.000997298
0.000114461
0.0011811
0.000374222
0.000747267
0.000916869
0.000827402
0.000642189
0.000582574
0.000969179
0.000426665
0.00191466
0.000337974
0.0052455
0.000801146
0.000602063
0.000412148
0.00105242
0.000692615
0.00082291
0.000575953
0.002859
0.00294509
0.00056069
0.000635562
0.000586615
0.000610781
0.000551543
0.00032203
0.000769988
0.000757356
0.000120671
0.00177248
0.00035476
0.00101922
0.000419666
0.000274154
0.00301773
0.000205497
0.000880361
0.00503835
0.000455996
0.000699233
0.00110217
0.000389158
0.000960531
0.00155114
0.00210995
0.000443557
0.000508234
0.0011603
0.000553461
0.000606976
0.000478068
0.000490606
0.000539545
0.000919094
0.000532008
0.000487722
0.00318436
0.000581398
0.000671173
0.000648836
0.000262837
0.000793938
0.000721886
0.000738615
0.000454468
0.000641464
0.000464768
0.000708415
0.00167902
0.000307829
0.00472771
0.00025588
0.000489047
0.000476869
0.000805153
0.000757045
0.00112108
0.000972018
0.000343334
0.000499796
0.00156861
0.00119625
0.000265419
0.000990054
0.000800611
0.000640723
0.000143796
0.00071904
0.00072307
0.000510949
0.000631959
0.000464289
0.000365784
0.000615644
0.000481863
0.000587264
0.000359209
0.000790732
0.000709259
0.00159803
0.000962497
0.0013659
0.000695505
0.0124965
0.000257232
0.000829951
0.000370979
0.00103111
0.000820116
0.00167963
0.000746043
0.00041516
0.00249776
0.000622921
0.000526817
0.000512067
0.00123661
0.000104396
0.00167215
0.00138971
0.000914459
0.000650433
0.000296126
0.00117213
0.00155716
0.00126345
0.00051231
0.000462446
0.00048735
0.000476914
0.000347102
0.000337354
0.00224065
0.000929911
0.000462374
0.000615372
0.00132564
0.00210676
0.00102373
0.000645919
0.000825681
0.000534097
0.000705801
0.000790607
0.000387481
0.000658227
0.000939667
0.00061027
0.000401421
0.000652251
