0.00115314
0.000656854
0.000452855
0.000495019
0.000347564
0.000741749
0.000761015
0.000316315
0.000515839
9.16844e-05
0.000419278
0.00108372
0.00185812
0.00126092
0.000523326
0.000538737
0.000477285
0.000356197
0.000285601
0.0008628
0.000431005
0.000641328
0.00107388
0.000327674
0.000460481
0.000363864
0.000576661
0.00026924
0.000738494
0.000467902
0.00042266
0.000736329
0.00035236
0.000338509
0.000802407
0.00043752
0.00100093
0.000483641
0.000609044
0.00469267
0.000532335
0.000503701
0.000156682
0.000882632
0.000252557
0.000395041
0.000912694
0.000653269
0.000368769
0.000790221
0.000641113
0.004
0.000304081
0.000285212
0.000287942
0.0005694
0.000658903
0.000730145
0.000651691
0.000729731
0.000725954
0.000565406
0.00108252
0.000372951
0.000356201
0.000525189
0.000824111
0.000769613
0.000870115
0.000172427
0.00112983
0.00101533
0.000682953
0.000376241
0.00042708
0.0022384
0.0025005
0.000544388
0.00133722
0.000961328
0.00042837
0.000676231
0.000219249
0.000606792
0.000411894
0.00251556
0.000313511
0.00110585
0.000548383
0.000512556
0.00192065
0.000988562
0.000961712
0.000797367
0.000410026
0.00129618
0.000247084
0.00120437
0.00348412
0.000321523
0.000223273
0.000155047
0.000445561
0.0186767
0.0054756
0.00148425
0.000130323
0.000350406
0.00258653
0.000385755
0.000444913
0.000322463
0.000715679
0.000293275
0.000778716
0.000615726
0.000446998
0.000856218
0.000177199
0.000321457
0.00151054
0.000902852
0.000504132
0.000257085
0.00188516
0.00183695
0.000152593
0.000626645
0.00054385
0.000548002
0.00175424
0.000400379
0.000284167
0.000416749
0.000439646
0.000286639
0.000652956
0.000400366
0.000466105
0.000392058
0.0109004
0.000987162
0.00106879
0.000932493
0.00477582
0.000392595
0.000517319
0.000651991
0.000984038
0.000252311
0.000573023
0.000308004
0.000612497
0.000669203
0.00109363
0.000416683
0.00114328
0.000853264
0.00123229
0.00042711
0.000934738
0.000573438
0.00199499
0.000207611
0.000477242
0.000532695
0.00087481
0.0135337
0.000146823
0.000489196
0.000451808
0.000524884
0.00104655
0.000533434
0.000349955
0.000382049
0.000245973
0.000280457
0.000654818
0.00416445
0.000296056
0.000373705
0.000418522
0.000928266
0.000585659
0.000387933
0.000807998
0.000510606
0.000548042
0.000851786
0.00589243
0.000506848
0.000650182
0.000463808
0.00102912
0.000563233
0.000117526
0.000711919
0.000415216
0.00053965
0.00092916
0.000619504
0.00144647
0.00134801
0.00048527
0.000382385
0.000807499
0.000539401
0.00046792
0.000484161
0.000871993
0.00102346
0.00136554
0.000950411
0.000294032
0.000700665
0.00083189
0.000439573
0.000667801
0.000646189
0.00179028
0.000600502
0.000910118
0.000540928
0.000352433
0.000443673
0.000423032
0.000361549
0.00070907
0.000496761
0.000756332
0.000573699
0
0.000691541
0.00080244
0.000442321
0.000378407
0.000484677
0.000219619
0.000583764
0.000629953
0.000902407
0.000456843
0.000942872
0.000883768
0.000496853
0.00192744
0.000538856
0.000340951
0.000198979
0.00144995
0.000500103
0.000416125
0.000706148
0.00031609
0.00128075
0.00055005
0.000866515
0.000517409
0.000518963
0.000201349
0.000730334
0.0010201
0.000549529
0.000496267
0.000280323
0.000411886
0.000687833
0.000505121
0.000570696
0.000909365
0.000369728
0.000748138
0.000537682
0.000662781
0.000393452
0.00119406
0.000579843
0.000538414
0.000500607
0.000670743
0.0472246
0.000579671
0.000738846
0.013222
7.23011e-05
0.000459228
0.000546896
0.00138962
0.000455949
0.000764158
0.000965209
0.000238398
0.000475097
0.00154786
0.000203926
0.00052031
0.00153596
0.000341541
0.000632277
0.000587302
0.00065923
0.00444304
0.00048394
0.000151779
0.000730027
0.000610097
0.000815266
0.00089513
0.00035236
0.000403913
0.000687326
0.000257877
0.000487089
0.00258916
0.000745859
0.000356058
0.000226354
0.0143443
0.000520296
0.000507968
0.000280874
0.000642255
0.00028504
0.000906521
0.00096768
0.000515756
0.000381048
0.000383011
0.00110736
0.000460666
0.000373563
0.00219675
0.000316517
0.000782755
0.000380588
0.000491101
0.00108164
0.000606708
0.000677457
0.00124942
0.000637622
0.000504493
0.00327026
0.000159097
0.000377053
0.00195783
0.000566256
0.000328432
0.00101383
0.00166056
0.000369705
0.000362909
0.000685214
0.000492006
0.000632071
0.000251053
0.000352417
0.000319165
0.00100689
0.000828845
0.000475983
0.000562471
0.000362376
0.000367413
0.000346994
0.00028079
0.000210702
0.000743697
0.000380894
0.000743127
0.000869227
0.000253703
0.000723516
0.000859311
0.000589519
0.000629762
0.000552312
0.000459837
0.0007183
0.000673677
0.00110465
0.000287775
0.000826237
0.000844342
0.000635264
0.000863792
0.000351709
0.000347829
0.00107251
0.000475347
0.000223074
0.000316583
0.000550987
0.00084948
0.000206444
0.000976191
0.000664658
0.000479643
0.000850217
0.000377984
0.000558566
0.000352703
0.000509453
0.000507811
0.000515625
0.000241909
0.00979203
0.000245922
0.00191628
0.000436995
0.000526295
0.000572734
0.00283823
0.000459763
0.000285462
0.000742671
0.000536553
0.000439001
0.000626429
0.000549436
0.000589193
0.0010006
0.000518155
0.000269494
0.000637388
0.000698438
0.00081435
0.000277091
0.000108038
0.00317719
0.000354163
0.0014897
0.000936892
0.0016265
0.00107199
0.000584069
0.000640729
0.00374094
0.000382762
0.00044913
0.000297575
6.58246e-05
0.000352159
0.000452911
0.000354066
0.00337144
0.000625001
0.00142162
2.18694e-05
0.00115152
0.000848913
0.00051286
0.000850874
0.000673372
0.00074303
0.000203408
0.000337243
0.000888471
0.000423477
0.000446189
0.000400534
0.000287281
0.000651349
0.000657547
0.000766275
0.000702582
0.000642168
0.000590966
0.000837343
0.000431566
0.00034747
0.000198621
0.000171378
0.000328175
0.00165324
0.000817186
0.000113368
0.000586436
0.000900549
0.000852573
0.000736349
0.000517366
0.000402035
0.000555411
0.000601322
0.000674098
0.000300578
0.000452969
0.000302222
0.000396427
0.000868878
0.000611095
0.000730893
0.000537759
0.000570018
0.000189415
0.00144646
0.000591067
0.000397089
0.00040388
0.000796425
0.000290414
0.000754241
0.000325021
0.000643683
0.000388898
0.000447772
0.000487455
0.00245459
0.00058966
0.000598287
0.000231128
0.000590376
0.000531785
0.000206349
0.000434721
0.000314895
0.000862788
0.000256256
0.000533221
0.000687846
0.000740546
0.000722454
0.000455847
0.000613003
0.000581106
0.000697449
0.000649326
0.000531171
0.000550885
0.00057329
0.000824419
0.000264921
0.00066971
0.000771991
0.000595345
0.000463897
0.000587647
0.000443398
0.000491769
0.000428635
0.000308377
0.00135668
0.000701877
0.000712654
0.000484204
0.000304679
0.000264404
0.000470961
0.000975446
0.000350845
0.000728381
0.000209811
0.000963666
0.0016949
0.000530638
0.000519009
0.000718057
0.000307889
0.00329821
0.000477749
0.000444028
0.000413922
0.000656799
0.000289004
0.000724263
0.000240625
0.0012847
0.000564314
0.000947516
0.000325267
0.000509572
0.00108789
0.000853465
0.000898129
0.000792332
0.000560663
0.000285723
0.000493021
0.00153037
0.000807807
0.000758092
0.000291539
0.000478677
0.000317739
0.00118031
0.000507374
0.00112613
0.000909915
0.000531353
0.000586079
0.00102702
0.00204639
0.000408925
0.000605014
0.000237612
0.00102936
0.000262731
0.000559211
0.00045017
0.000259252
0.00114635
0.000538648
0.00049882
0.000834449
0.000963184
0.00171838
0.000399207
0.00103672
0.00160886
0.000600941
0.000268754
0.000562856
0.000367984
0.000620097
0.000392046
0.000841069
0.000151853
0.000144343
0.00170493
0.000296964
0.000545977
0.000283186
0.000934073
0.000388188
0.000789503
0.000657835
0.000424238
0.000292307
0.000433842
0.00024908
0.000377446
0.000403849
0.000685964
0.000257738
0.000447061
0.000552305
0.00067062
0.000320952
0.000409165
0.000349243
0.000306268
0.00020374
0.000650376
0.000698415
0.000770537
0.000258875
0.000805893
0.000578273
0.000519117
0.000709161
0.000504644
0.00069912
0.000105163
0.000315057
0.00260304
0.000798849
0.00150977
0.00063201
0.00123626
0.000756324
0.000631593
0.000280052
0.00034586
0.000471616
0.00142034
0.000432169
0.00108401
0.00012363
0.00270206
0.000546769
0.00899001
0.000422178
0.00109729
0.000652137
0.000702138
0.00101785
0.000592874
0.000671552
0.00365653
0.00107627
0.0011958
0.000658886
0.000774442
0.00180619
0.000358688
0.000468929
0.000513066
0.000385655
0.000482207
0.000234959
0.000767392
0.000821876
0.000345304
0.000206539
0.000112221
0.00025057
0.000744468
0.000773178
0.00334676
0.000293962
0.000620947
7.17808e-05
0.000346715
0.00146113
0.000537937
0.000539925
0.000568407
0.000948669
0.000802053
0.000792299
0.000472475
0.000517058
0.000811401
5.06971e-05
0.00055647
0.000481021
0.0002569
0.000527214
0.00130726
0.00023899
0.000794743
0.00139105
0.000425916
0.000421336
8.3342e-05
0.000716382
0.000519711
0.00106994
0.000537896
0.000753289
0.00028987
0.000187202
0.000622991
0.000390135
0.00105317
0.000682654
0.000770347
0.000444054
0.00118677
0.000400674
0.000537447
0.000244186
0.000729286
0.000343589
0.000300225
0.000207703
0.000281612
0.000857121
0.000762109
0.000773413
0.000614146
0.000357121
0.00010283
0.00051987
0.000421605
0.000970303
0.000334475
0.00161549
0.00120077
0.000441904
0.000304354
0.000363113
0.000711183
0.0007256
0.00127119
0.0005138
0.000482268
0.000645642
0.000666484
0.000411888
0.000288141
0.00824383
0.000603356
0.00081306
0.000417505
0.00160762
0.000647678
0.000212148
0.00110817
0.00158604
0.000509037
0.000770385
0.000261221
0.000652552
0.000713887
0.000583815
0.000726709
0.000359406
0.000855073
0.00103943
0.000175491
0.00076825
0.000521587
0.000756297
0.00145262
0.000907947
0.000571497
0.000548205
0.00773503
0.0006435
9.78926e-05
0.00177306
0.000805833
0.000627989
0.00148981
0.000610517
0.000473343
0.000467017
0.000429929
0.000541801
0.000518233
0.000766004
0.000468032
0.00131798
0.00338313
0.000970218
0.000438895
0.000438424
0.000629703
0.00285069
0.000235498
0.000994512
0.000376622
0.00135537
0.00117705
0.000234195
0.00224736
0.000404038
0.000775424
0.00574189
0.000118745
0.00441581
0.00184007
0.000699585
0.000418992
0.000241659
0.000693017
0.00058215
0.00050132
0.000421913
0.000493267
0.000249552
0.000501251
0.000947274
0.000737648
0.000494501
0.00065378
0.000421927
0.000186916
0.000337799
0.000208073
0.000787374
0.00077947
0.00104039
0.000497581
0.000442558
0.000401345
0.000536607
0.000924706
0.000409961
0.000329199
0.000221231
0.000612434
0.000935486
0.000630264
0.000562724
0.000755929
0.000717211
0.00012877
0.000248513
0.00076815
0.000400441
0.00018513
0.000630818
0.000274733
0.000379371
0.000188133
0.000349761
0.000228434
0.000357026
0.00609874
0.00061527
0.000619391
0.000894208
0.000394003
0.000512139
0.000230383
0.000144953
0.000349856
0.00138913
0.000528839
0.00054301
0.000323003
0.000950537
0.000955103
0.000647729
0.000466326
0.000352991
0.000187805
0.00128942
0.000493488
0.000364692
0.00204828
0.000465032
0.000368523
0.000622202
0.00116422
0.000611746
0.000547019
0.000707903
0.000539218
0.000905251
0.000331132
0.000522195
0.000812522
0.000215201
0.000577883
0.000185746
0.000491709
0.000782006
0.000432397
0.000847899
0.000522991
0.000444065
0.000601187
0.000695937
0.000406215
0.00100243
0.00147745
0.000727686
0.000792047
0.000757514
0.000291923
0.000179162
0.000150606
0.000768641
0.00140408
0.000174128
0.000723173
0.000593215
0.000494032
0.00140189
0.00266159
0.000984423
0.000730551
0.000152693
0.000506374
0.00011781
0.000104774
0.000581629
0.000647486
0.000237376
0.000418275
0.000374632
0.000393826
0.000641065
0.0010288
0.000509377
0.000564261
0.000536942
0.000782986
0.000431094
0.00031349
0.0201395
0.00167835
0.00493036
0.000397637
0.000874661
0.000220309
0.00105541
0.000132091
0.000396971
0.000346922
0.000366338
0.000675192
0.000282099
0.000979438
0.000722451
0.00111312
0.000391165
0.000562995
0.0010289
0.000570761
0.000901488
0.000526102
0.000320972
0.000883318
0.000554378
0.00140016
0.000786425
0.000318003
0.00132311
0.000289576
0.00102889
0.00210785
0.000399772
0.00055168
0.000731675
0.000792317
0.00057405
0.000606049
0.000304394
0.000586223
0.000785022
0.000268208
0.000423229
0.000369078
0.000234465
0.000173146
0.000175801
0.0010292
0.00146092
0.000376039
0.00192476
0.000192433
0.000412677
0.000462172
0.000986249
0.00211646
0.00162024
0.000263423
0.000617658
7.33246e-05
0.00104976
0.000660091
0.000547679
0.000323651
0.000311482
0.000722354
0.000697125
0.00169415
0.00135937
0.0013911
0.000294825
0.000922667
0.00387871
0.00825102
0.000405549
0.000304273
0.000923896
0.000456816
0.000462962
0.000427644
0.000748231
0.0012176
0.00106135
0.000486589
0.0009572
0.000393313
0.000182468
0.000628089
0.000645584
0.00172054
0.00071593
0.000268101
0.00121418
0.0008372
0.000763098
0.000412629
0.000312933
0.000468065
0.00402876
0.000284765
0.000434831
0.00033602
0.0075202
0.000200131
0.000342463
0.000576577
0.000400764
7.62157e-05
0.000368938
0.000797821
0.000317517
0.000555248
0.0015454
0.00170442
0.000887139
0.000340926
0.000495716
0.000699026
0.0011658
0.00046411
0.00071807
0.000183098
0.000925635
0.000705634
0.00031016
0.00163501
0.00119645
0.000382274
0.000358861
0.000678786
0.000333213
0.00048496
0.000211151
0.000467562
0.000272151
0.000531559
0.000283424
0.000431205
0.000584436
0.000318105
0.000691664
0.00049116
0.00015633
0.000615042
0.000580748
0.000115023
0.00087886
0.000385896
0.000234771
0.000721007
0.000392198
0.000719081
0.000507786
0.000465894
0.000383623
0.000647137
0.000591704
0.00058277
0.000810595
9.85942e-05
0.000229945
0.000365827
0.000139449
0.00049377
0.000484357
0.000927112
0.00021723
0.000327289
0.00314703
0.000763094
0.00117818
0.000711531
0.000702233
0.000927283
0.000135917
0.000800809
0.000752939
0.000509777
0.00036832
0.00157209
0.000568921
0.000410889
0.000257192
0.000415761
0.000796899
0.000518015
0.000306454
0.000103831
0.000669682
0.000579769
0.00123637
0.000559226
0.0015866
0.000214139
0.000498982
0.000411645
0.000413478
0.000450815
0.000307293
0.00019828
9.6701e-05
0.000514065
0.000467624
0.000850421
0.00047787
0.000763937
0.000485403
0.00034667
0.000402172
0.000448035
0.000673717
0.00143255
0.000393752
0.000408749
0.000442596
0.000390316
0.00354816
0.00127791
0.000702349
0.000478274
0.000370104
0.000220841
0.000830855
0.000606193
0.000567793
0.00021699
0.000443771
0.000797268
0.000772607
0.00102892
0.000567279
0.000559831
0.000667526
0.0026172
0.000237273
0.000293007
0.000185219
0.000309383
0.000313437
0.000589931
0.000494171
0.000203323
0.0142656
0.000188814
0.00262476
0.00102165
0.000679569
0.000587201
0.000880424
0.00020135
0.000794294
0.000437228
0.000620628
0.000406149
0.000644764
0.000345554
0.00039001
0.000510936
0.000542287
0.000779219
0.00100398
0.00506228
0.000349071
0.000514916
0.00102872
0.000523175
0.000296836
0.000242385
0.000336845
0.000854694
0.000353617
0.000379605
0.000616184
0.000470557
0.00064382
0.000403399
0.00055268
0.000422
0.000662307
0.000525146
0.00248505
0.000322
0.000397535
0.0013768
0.000890476
0.000160382
0.000919269
0.000503229
0.000375735
0.000415182
0.00147387
0.000484575
0.000753683
0.00121439
0.000349666
0.000886314
0.00107121
0.000287615
0.00116482
0.000719823
0.000375312
0.000363844
0.000795474
0.000502362
0.00117218
0.000705936
0.000251846
0.000628237
0.000278764
0.000294664
0.000256393
0.00136014
0.00212709
0.000148818
0.00239552
0.00123818
0.000286587
0.00183815
0.000761798
0.000899025
0.000359452
0.000522433
0.00127543
0.000453829
0.000635416
0.000303665
0.00310085
0.000388773
0.000454165
0.000435322
0.000773026
0.000287811
0.00044144
0.000976923
0.00169572
0.000645226
0.000270307
0.000467958
0.00048544
7.12144e-05
0.000165669
0.000334117
0.000861468
0.000639606
0.000806792
0.000347329
0.00024855
0.000515814
0.000605363
0.00033059
0.000354316
0.000396612
0.000127982
0.000559122
0.000517165
0.000425105
0.000501663
0.000629579
0.000465159
0.000460246
0.00040214
0.000254619
0.000347517
0.00239912
0.000494836
0.000552472
0.000863568
0.000270684
0.000570183
0.000651564
0.0018231
0.000902346
0.000534633
0.000427551
0.000698849
0.00179724
0.00111544
0.000147991
0.000718815
0.000157274
0.000527067
0.000526843
0.000949373
0.000743046
0.000435428
0.000237638
0.000905932
0.000513457
0.0003389
0.000586824
0.00620358
0.000643374
0.000414454
0.000551033
0.000172333
0.00448694
0.000619255
0.000486644
0.000626431
0.000330957
0.00415887
0.000363306
0.000174279
0.00109183
0.000658786
0.000810904
0.000842614
0.00051468
0.00148803
0.000460264
0.000247832
0.000592155
0.000410228
0.000235961
0.000514357
0.000667978
0.000444912
0.000443289
0.000567354
0.000787271
0.000207966
0.000456166
0.000838085
0.000951225
0.000543863
0.000439942
0.000340429
0.000470182
0.000967322
0.000349929
0.000766031
0.000370586
0.000528896
0.00105656
0.000434382
0.000898991
0.000717433
0.000320815
0.00124231
0.000928212
0.000397534
0.000806003
0.00036489
0.000734498
0.000805253
0.000701233
0.00108581
0.000945476
0.000735071
0.000651496
0.000465164
0.000754962
0.000188878
0.000663827
0.000316052
0.000274276
0.0016931
0.0024717
0.00105535
0.00131562
0.000511658
0.00125304
0.00109224
0.000705957
0.000172842
0.00050647
0.000430359
0.000327152
0.00507281
0.000318975
0.000876141
0.000678801
0.00102215
0.00116992
0.000237112
0.000526056
0.000648704
0.00048669
0.000453281
0.000746767
0.000739184
0.000228452
0.000315909
0.000495422
0.000381183
0.000504479
0.000882543
0.000669765
0.000701399
0.000367008
0.00132985
0.000599686
0.000616856
0.000673095
0.000180006
0.000221454
0.000429331
0.000550654
0.000153931
0.000577141
0.000707722
0.000956148
0.00154685
0.00142287
0.000802064
0.000446576
0.000394283
0.00137776
0.0004666
0.000565654
0.000512889
0.00045918
0.000692536
0.000274462
0.000208079
0.000220599
0.000375985
0.000908993
0.000374519
0.000212099
0.00050639
0.000315041
0.000369755
0.000182838
0.000909466
0.00103265
0.00128735
0.000789624
0.000492877
0.000635361
0.000603641
0.00200325
0.00124975
0.00134931
0.00619466
0.000415079
0.000786891
0.000651511
0.000274543
0.000225951
0.000453119
0.000124364
0.00114543
0.000374364
0.00114026
0.000571958
0.000240882
0.00067311
0.000407253
0.000319124
0.000377803
0.00025239
0.00251961
0.00131958
0.00422984
0.000494971
0.00111543
0.00117178
0.000628462
0.000828534
0.00089043
0.000603156
0.000647498
0.000195435
0.000569343
0.00152095
0.00071617
0.000325424
0.000357116
0.00144874
0.00029548
0.000478062
0.000738496
0.000622981
0.000428508
0.000296846
0.000368593
0.000258575
0.0003336
0.000829376
0.000157876
0.000862821
0.000261705
0.000714629
0.000724063
0.000139365
0.000451605
0.00109816
0.000687509
0.000259087
0.000917537
0.000206778
0.000559402
0.000781924
0.000685422
0.000497314
0.00078553
0.000991134
0.00244375
0.00205531
0.00033715
0.000409064
0.000484879
0.000579643
0.00119912
0.000552335
0.00233925
0.000628267
0.000939192
0.000561756
0.0002102
0.000402338
0.000433767
0.000210807
0.000376275
0.000289641
0.000742114
0.00109782
0.000274409
0.000170541
0.000346494
0.000367141
0.000805804
0.000340048
0.000167809
0.000415565
0.000573979
0.0010191
0.000626868
0.000438826
0.000517367
0.000953804
0.000222948
0.000369213
0.00171144
0.000498823
0.000717934
0.0006539
0.000434233
0.000839825
0.000877814
0.001097
0.00014796
0.00047317
0.00038211
0.00046186
0.00131884
0.000495272
0.000272932
0.000516264
0.000510285
0.000663486
0.000191652
0.000945825
0.000797406
4.67051e-05
0.000427621
0.000753794
0.000289118
0.000340958
0.000489467
0.000886807
0.000965613
0.000684838
0.000958818
0.000824453
0.000470038
0.00123375
0.00136007
0.00033386
0.000339782
0.000425767
0.012706
0.000482494
0.000874385
0.000576838
0.000419186
0.000612018
0.000109618
6.57074e-05
0.000514673
0.000500973
0.00049728
0.000437364
0.000761995
0.000615337
0.00068138
0.000716453
0.000415519
0.000368336
0.000669494
0.0020362
0.00102593
0.000999155
0.000785189
0.000158087
0.000762248
0.000267223
0.000533328
0.00050902
0.000705434
0.000241456
0.000431661
0.000742355
0.000449796
0.000507159
0.000783889
0.000442458
0.000647702
0.000259091
0.000764609
0.000873501
0.00036658
0.000741297
0.00112908
0.00039547
0.000128144
0.000754694
0.00035093
0.0114595
0.000183427
0.000545098
0.00069668
0.000555426
0.000542513
0.00210309
0.00295055
0.00155246
0.000876327
0.000703086
0.000382544
0.000667919
0.000635814
0.000496293
0.000412169
0.000513493
0.000589851
0.00147328
0.000437075
0.000216526
0.00063383
0.000616353
0.000515632
0.000657695
0.000188688
0.000905893
0.000372927
0.00158258
0.000506655
0.0010639
0.000721219
0.000158881
0.000585443
0.000131003
0.000421578
0.000835685
0.000638455
0.000682721
0.00062994
0.000820695
0.000286937
0.000713687
0.000483267
0.000762412
0.000417071
0.000353142
0.000384758
0.000367276
0.000257893
0.000402513
0.000222276
0.000266727
0.000644168
0.00058545
0.00088299
0.000286809
0.0112869
0.000443174
0.000486617
0.000629679
0.000401115
0.000506611
0.000763994
0.000798717
0.000230534
0.000143647
0.0005565
0.000845413
0.00246566
0.000288683
0.000309968
0.000423837
0.000490843
0.000410586
0.000697046
0.00071185
0.000302312
0.000383682
0.000571992
0.000304363
0.000591682
0.00095975
0.00131378
0.00231784
0.000416641
0.000321782
0.00141276
0.000436497
0.000908374
0.00168921
0.000334334
0.000458656
0.000719126
5.67025e-05
0.000418326
0.00062793
0.00054877
0.00058755
0.000875758
0.000160125
0.000767712
0.000783342
0.00271495
0.00034074
0.000399144
0.000486848
0.000285853
0.00131927
0.000509746
0.000451462
0.000474014
0.000474558
0.000401347
6.49653e-05
0.000480692
0.000294755
0.000753735
0.000384331
0.000494953
0.000829697
0.00114944
0.00311835
0.00019213
0.000519738
0.00073924
0.000318847
0.000742116
0.000958578
0.000451819
0.00324356
0.00129
0.000398442
0.000195815
0.000374425
0.000356792
0.000192401
0.00116177
0.000246503
0.00108925
0.00280492
0.000587414
0.000863041
0.000704321
0.000559113
0.000534921
0.000420002
0.000562971
0.000583526
0.00180244
0.000260796
0.000588998
0.000689041
0.0004652
0.00130986
0.000171861
0.000507326
0.000744641
0.000526264
0.000625701
0.000430872
0.000558569
0.00028978
0.000350049
0.000542481
0.000377116
0.000528886
0.000526421
0.000457065
0.00229674
0.000601638
0.000185139
0.000820124
0.00121228
0.000585597
0.000454459
0.000570864
0.00487347
0.00135337
0.000255972
0.000543271
0.000499749
0.000584179
0.00074538
0.00119545
0.000591969
0.00106925
0.000354317
0.000458653
0.000462747
0.00132235
0.00145027
0.000331417
0.000527113
0.000645563
0.000486148
0.000430953
0.000400814
0.000341897
0.00166253
0.000159682
0.000970155
0.000484229
0.000598318
0.000780873
0.00116772
0.000352031
0.000737206
0.000478552
0.000433021
0.000753158
0.00074414
0.000565379
0.00100427
0.000716257
0.00024174
0.000459892
0.000609162
0.000581237
0.000535265
0.000620294
0.000437265
0.00053582
0.00042027
0.000546564
0.000950673
0.000506159
0.000657882
0.000256016
0.000460165
0.000209203
0.000267635
0.000291441
0.001391
0.000675462
0.000986541
0.00103493
0.000288159
0.000290786
0.000642894
0.000679785
0.00318981
0.000858307
0.00112432
0.000147114
0.000581224
0.000242998
0.000302981
0.00031526
0.000314248
0.000419384
0.00137885
0.000516766
0.000364556
0.00072042
0.000191311
0.000463026
0.00103395
0.00132946
0.000162868
0.000766431
0.000444278
0.00070736
0.000310418
0.000749706
0.00384237
0.000681563
0.000282981
0.000790892
0.000248679
0.000623425
0.000671352
0.000330888
0.000255853
5.87054e-05
0.000899622
0.000406471
0.00126545
0.000891757
0.000571836
0.000293565
0.000611655
0.000346078
0.000296198
0.00028482
0.000619011
0.00477866
0.00130934
0.000553433
0.000596615
0.00120453
0.000630014
0.000288981
0.000379424
0.000108757
0.000269873
0.000499459
0.000707159
0.000167329
0.00117535
0.000570884
0.000217558
0.00205982
0.00104581
0.000442492
0.000351518
0.000297747
0.0006505
0.000355573
0.000232267
0.00116085
0.000585135
0.000670532
0.000502163
0.000602067
0.00069154
0.000535969
0.000251996
0.000333303
0.000822745
0.000372435
0.000249481
0.0015721
0.000336208
0.000298874
0.00047009
0.000560523
0.000592188
0.000446985
0.00168004
0.00124041
0.00132758
0.000702441
0.0011176
0.000438305
0.000524661
0.00109548
0.000724366
0.000327481
0.000255724
0.000722926
0.00047547
0.000285172
0.000783163
0.000473903
0.000611328
0.000756484
0.000894074
0.000937834
0.000153417
0.000467844
0.000517765
0.000421663
0.000305997
0.000894914
0.00104023
0.000523874
0.000429071
0.000355361
0.000713038
0.000735154
0.000778662
0.000704742
0.000885831
0.000235064
0.000643288
0.000357237
0.00126276
0.000463088
0.000613592
0.0004989
0.00160528
0.000305994
0.000412042
0.000759803
0.00062684
0.000396663
0.000147304
0.000661045
0.000433784
0.000597705
0.00184317
0.000676958
0.00153606
0.000630267
0.000352932
0.000586109
0.00187659
0.000649709
0.000865716
0.00122033
0.000833908
0.00102208
0.000863034
0.000331115
0.00056636
0.00103825
0.000447996
0.000383004
0.000647812
0.000235664
0.000332696
0.000456452
0.00112192
0.000260788
0.000250722
0.000548081
0.000405621
0.000457101
0.00104982
0.000293217
0.00068721
0.000545411
0.000452319
0.00040128
0.000761801
0.000101808
0.000346006
0.00105344
0.000715854
0.00013839
0.000995595
0.000511819
0.00038149
0.000682605
0.000495105
0.000601995
0.000169172
0.00186473
0.000496366
0.000483259
0.0015717
0.000489367
0.00264757
0.000162185
0.000199308
0.000644635
0.000717595
0.00309502
0.000666421
0.000990894
0.000824795
0.000834353
0.000773376
0.000470471
0.000195098
0.00158278
0.000671409
0.000243008
0.000547856
0.0008742
0.00178243
0.00128731
0.000494989
0.000556476
0.000171033
0.00105496
0.00132008
0.000499413
0.00016974
0.00015055
0.000349334
0.00132039
0.000511857
0.000422132
0.00144458
0.000211057
0.000894821
0.000555665
0.000499384
0.000737717
0.000493453
0.000328937
0.000464837
0.000736873
0.00169371
0.000761317
0.000579626
0.00169804
0.00112536
0.000285189
0.00040352
0.000920666
0.00104243
0.00064075
0.000554532
0.000622454
0.000966717
0.000583598
0.000518339
0.000404945
0.000400399
0.000469875
0.000483751
0.000769648
0.00132113
0.000979251
0.000344293
0.000537132
0.00100126
0.00048028
0.000465513
0.000764158
0.000117208
0.000569526
0.000882384
0.00044247
0.000404137
0.000145817
0.000736142
0.000983844
0.000283119
0.0173511
0.000857141
0.000435
0.000692016
0.000415716
0.000195598
0.000455617
0.0026365
0.00150968
0.000511169
0.000712087
0.000797179
0.000690383
0.000322057
0.000189822
0.00557264
0.000433423
0.00492613
0.000554556
0.000444234
0.000347318
0.00047087
0.000503523
0.000666618
0.000915277
0.000223505
0.00047392
0.00082514
0.000790592
0.000505805
0.000550717
0.000689037
0.000527004
0.000602173
0.000498819
0.000365275
0.000142199
0.000812161
0.000870604
0.000467062
0.00083049
0.000708415
0.00106692
0.000311105
0.000661975
0.000371427
0.000275385
0.000295735
0.00108676
0.000257874
0.000421662
0.000202702
0.000360863
0.000322589
0.000635477
0.0004116
0.000812463
0.00043441
0.000531119
0.000600569
0.00347199
0.00105566
0.000519545
0.000275972
0.00105193
0.000811002
0.000647575
0.000878479
0.00379842
0.000532909
0.00132778
0.000653439
0.000325205
0.000368001
0.000851139
0.00864778
0.000989685
0.00163975
0.000780343
0.000707194
0.000612154
0.000827254
0.000381363
0.000584729
0.000343105
0.000466024
0.000332844
0.000249755
0.000976643
0.000340884
0.000232694
0.000865009
0.00102788
0.000340393
0.00037793
0.00049913
0.000394846
0.000291929
0.000301341
0.000386082
0.000814986
0.000903383
0.000515341
0.0123295
0.000341841
0.000761202
0.000356237
0.00245301
0.000367033
0.000298796
0.000714432
0.00110925
0.000531438
0.000512976
0.000347284
0.00443033
0.000920111
0.000240716
0.000900644
0.000389911
0.000721752
0.00144095
0.000877288
0.000224205
0.00113204
0.00110957
0.00198621
0.000306331
0.00155867
0.00109743
0.000813969
0.000564106
0.000178917
0.00430786
0.00153493
0.00038298
0.000325679
0.00108989
0.00156554
0.000347753
0.0017283
0.000822292
0.000520125
0.000738904
0.000653816
0.000805187
0.000509843
0.000964769
0.000450329
0.00109268
0.00135006
0.000161251
0.000359656
0.000557802
0.000214802
0.000447045
0.000908531
0.000560027
0.000709966
0.00156177
0.000667271
0.000757019
0.00042898
0.00120753
0.00046488
0.000325579
0.000412409
0.000367742
0.000645392
0.000701098
0.00102448
0.000611542
0.000329489
0.000295529
0.00071045
0.000403751
0.00047013
0.000437432
0.000653421
0.000882155
0.000416459
0.000670121
0.000524583
0.000356134
0.000324665
0.000319781
0.00142832
0.000208503
0.000621932
0.00100724
0.00169907
0.000613776
0.000615091
0.00115531
0.000425299
0.00130508
0.00135193
3.12635e-05
0.000886028
0.0011245
0.000827696
0.000231999
0.000531692
0.000329718
0.000706465
0.00031533
0.000584855
0.00184937
0.000635801
0.000690035
0.000420265
0.000632348
0.000443449
0.000768608
0.000399237
0.000862056
0.00036834
0.000199773
0.00156636
0.000507248
0.000415848
0.000451001
0.000222061
0.000736016
0.00257649
0.000498912
0.000279195
0.000332021
0.00164162
0.00054093
0.000735641
0.000225011
0.000235692
0.00136297
0.000754254
0.000602104
0.000551032
0.000871597
0.000587166
0.00191444
0.000678265
0.000768617
0.000390269
0.00043004
0.00127042
0.00034908
0.000906573
0.000379034
0.000275909
0.000359607
0.000202513
0.00641518
0.00061669
0.000206489
0.00168777
0.000564378
0.00072688
0.000531194
0.0213399
0.000714139
0.00159087
0.000268155
0.000447828
0.000360849
0.000507366
0.000209568
1.52426e-05
0.000355295
0.000496058
0.000706986
0.000350185
0.000774534
0.00141858
0.000489144
0.000751047
0.00136702
0.0030712
6.15025e-05
0.000479273
0.000579622
0.000818789
0.000455847
0.000666362
0.000480249
0.000947435
0.000441988
0.000101872
0.00148812
0.000264403
0.00116618
0.0021515
0.000399446
0.000957738
0.000238693
0.000222083
0.000437796
0.00102494
0.000323102
0.000459613
0.0005203
0.000513804
0.000301137
0.000337986
0.000454306
0.000373533
0.0017225
0.00175461
0.000989514
0.000606429
0.000424665
0.00112539
0.000423619
0.000288591
0.000481935
0.00230701
0.000231797
0.000941464
0.000214656
0.00042479
0.000723052
0.00212497
0.000258171
0.00131089
0.000885285
0.000427273
0.000602894
0.000341421
0.000467386
0.000344058
0.000272444
0.000515369
0.000785065
0.00053717
0.00111966
0.00066506
0.000487679
0.000403566
0.00265081
0.00225736
0.00050624
0.0345132
0.000302109
0.000515861
0.000383015
0.00027475
0.000268953
0.0004777
0.00193995
0.000206519
0.000966802
0.000466028
0.000765897
0.000424389
0.000363942
0.000770689
0.000961566
0.00058134
0.000732815
0.000338705
0.00088401
0.000295151
0.000758417
0.000688828
0.000353825
0.000548276
0.000315181
0.000502653
0.000719731
0.000479166
0.000579407
0.000926296
0.000401247
0.000622199
0.000416801
0.000199104
0.000165972
0.000947862
0.00130341
0.000940667
0.00039452
0.000804795
0.000470415
0.00104758
0.00144265
0.000570232
0.000887072
0.00144082
0.000873707
0.000723681
0.00128479
0.000498536
0.0015362
0.000364548
0.00068203
0.00140109
0.00125301
0.000549519
0.0250534
0.0005745
0.0011155
0.000928565
0.000162299
0.000953075
0.000609322
0.000329533
0.000285542
0.000417934
0.00027104
0.00131183
0.000638846
0.000622313
0.000659519
0.000915428
0.000433626
0.00046793
0.00179233
4.86479e-05
0.00369195
0.000424665
0.000954871
0.000400886
0.000542086
0.000533116
0.000660462
0.000511831
0.000351515
0.000348331
0.000865707
0.000428655
0.00103401
0.000544996
0.000268931
0.000271597
0.000567576
0.00011449
0.000469053
0.000685429
0.000814694
0.000641563
0.000836742
0.000677362
0.000285339
0.000365908
0.000728819
0.000554081
0.000271495
0.000882051
0.000900949
0.000399092
0.00122769
0.000306614
0.000745023
0.000570636
0.00266001
0.000261627
0.000131788
0.000736471
0.000991785
0.000526403
0.000594623
0.000792894
0.000283614
0.00018948
0.0011321
0.000441909
0.000243526
0.00014214
0.00120901
0.000842593
0.000376266
0.000708648
0.000469506
0.000504318
0.00115353
0.000510928
0.000434073
0.000697656
0.000370501
0.000311477
0.00021692
0.00025068
0.000329701
0.000425919
0.000697336
0.00084128
0.00218962
0.000272626
0.000468751
0.000373363
0.000196483
0.000491195
0.000469641
0.000810302
0.000600253
0.000254371
0.000294953
0.000517749
6.39513e-05
0.000422112
0.00108014
0.000712582
0.000427193
0.000233311
0.00083461
0.000346399
0.000287376
0.000398837
0.000457896
0.000445187
0.000494667
0.000355347
0.000587342
0.000675844
0.000568035
0.000288915
0.00100238
0.000505165
0.000766045
0.000430337
0.000244985
0.00055178
0.000724
0.000359252
0.000340013
0.00698278
0.000800071
0.000990511
0.000722339
0.00033604
0.000221232
0.000704622
0.0011333
0.000354121
0.000553239
0.000586958
0.000142389
0.00121912
0.000259037
0.000959392
0.000779579
0.000839444
0.00159843
0.000677679
0.000505277
0.000883415
0.000304111
0.000349682
0.000389028
0.000395905
0.000502106
0.000747746
0.00103253
0.00112416
0.000882828
0.000413851
0.000372234
0.000385499
0.000598804
0.00187989
0.000550014
0.00155362
0.000503253
0.00100007
0.000300224
0.000524827
0.000654679
0.00052293
0.000606461
0.000608581
0.000264745
0.000780843
0.000868441
0.000889135
0.000300146
0.000531166
0.000485902
0.000449873
0.000515142
0.00117972
0.00101996
0.000695732
0.000356591
0.000517541
0.000457283
0.000110538
0.00031481
0.000703158
0.000454718
0.000492196
0.000483103
0.00106249
0.00123862
0.000643937
0.00101552
0.000821694
0.0004281
0.000983064
0.000625232
0.000421641
0.00034794
0.00348046
0.000326967
0.000560773
0.000933369
0.000469869
0.000474051
0.000938008
0.000514885
0.000755687
0.000604868
0.000504254
0.00077385
0.000998384
0.00304514
0.000279527
0.000577527
0.00107923
0.000946994
0.000851759
0.00207435
0.000969155
0.0132176
0.000723386
0.000276183
0.00102518
0.000613743
0.000546963
0.000513114
0.000594506
0.000752625
0.00109075
0.000212541
0.000196279
0.000865555
0.000841826
0.000532312
0.014101
0.000771281
0.000521735
0.00062923
0.000277553
0.00100013
0.000489926
0.000424707
0.000471768
0.00119024
0.000733465
0.000734359
0.000222379
0.000739003
0.000631749
0.000370429
0.000402983
0.00059986
0.00711214
0.000682695
0.00105406
0.000494957
0.000557232
0.000429601
0.000574545
0.000906274
0.00154275
0.000692941
0.000532811
0.000312917
0.000909946
0.000659968
0.000659171
0.000271736
0.00269108
0.000476936
0.000511016
0.00059764
0.000314622
0.000192759
0.000365409
0.000350618
0.000453993
0.00122756
0.000194535
0.000865259
0.000526711
0.00039278
0.000572348
0.000366362
0.00038067
0.000703617
0.0011152
0.000367018
0.000424461
0.000338607
0.000527738
0.00103642
0.00034079
0.000649235
0.000362153
0.000497884
0.00682692
0.000807761
0.00186819
0.000776851
0.000540388
0.000800469
0.000532857
0.000395446
0.000606077
0.000413296
0.000219658
0.000810998
0.00397825
0.00100599
0.000422438
0.000490668
0.000887015
0.000319041
0.00177555
0.000592039
0.000239953
0.000486973
0.000464834
0.000836149
0.000628935
0.00105107
0.000425533
0.000877074
0.00064018
0.00195606
0.00144372
0.00581794
0.0010079
0.000377693
0.000196834
0.00102523
0.000268242
0.000554834
0.00046279
0.00059511
0.000486996
0.000459257
0.000813074
0.000422618
0.00120812
0.000509578
0.000718379
0.00060472
0.000535309
0.000504662
0.00112742
0.000534798
0.00126443
0.000833393
0.000389028
0.000389262
0.00166816
0.000814942
0.0156227
0.000417415
0.000573508
0.00104242
0.00060432
0.000576386
0.000418485
0.000557638
0.00148952
0.000631828
0.00667134
0.000655302
0.000715115
0.000237777
0.000841044
0.000659856
0.000550198
0.000921645
0.000586925
0.000440752
0.000440241
0.000578605
0.000428884
0.000453467
0.00051915
0.000689536
0.000714225
0.00105482
0.00111981
0.00056181
0.000262029
0.000201006
0.000430851
0.00028006
0.000726484
0.000557936
0.000453681
0.000753339
0.00117479
0.000628756
0.000292601
0.000647307
0.000351694
0.000698784
0.000293229
0.000717494
0.000621366
0.00124184
0.000331273
0.000984605
0.000447903
0.000332892
0.000336528
0.000266025
0.000409555
0.000118687
0.000248367
0.000256755
0.000420163
0.0003237
0.00129049
0.00120841
0.000976372
0.000504914
0.000646287
0.000316568
0.000330895
0.000716869
0.000259004
7.52009e-05
0.000377316
0.000274191
0.00100203
0.000385225
0.000458904
0.0013912
0.000185267
0.000753629
0.00158926
0.00791855
0.000516212
0.000619694
0.00135248
0.000543639
0.000892249
0.000287703
0.000507376
0.00058695
0.000258027
0.000198539
0.000385809
0.000610302
0.000456905
0.000690487
0.000345548
0.000607452
0.000600286
0.000277507
0.000726672
0.000374348
0.000854193
9.69939e-05
0.0016278
0.000384517
0.00100216
0.000463983
0.000329268
0.00032209
0.000558232
0.000673203
0.00194131
0.00672749
0.000515488
0.000335444
0.000362846
0.000330829
0.000901219
0.0057451
0.000892299
0.0006066
0.000499088
0.000595642
0.000785246
0.000395327
0.000402602
0.00055363
0.000755079
0.00117096
0.000482508
0.00468197
0.000351036
0.00022963
0.00210748
0.000471844
0.00335932
0.000360571
0.000687911
0.000450708
0.0010052
0.000414497
0.000618135
0.000336364
0.000203061
0.000257696
0.000918631
0.00109649
0.00114217
0.000473954
0.00218522
0.000681405
0.000586157
0.000244658
0.000283108
0.0008218
0.000490954
0.000713002
0.000276674
0.000862153
0.00053783
0.000490718
0.00188706
0.000708104
0.000673157
0.000346916
0.000864459
0.000338479
0.00311509
0.000199396
0.000531368
0.00232406
0.00132484
0.000903938
0.000577342
0.000159114
0.000650724
0.000613476
0.000378583
0.00039931
0.000653479
0.000476133
0.000836771
0.000924297
0.000939723
0.000819567
0.000435846
0.000397745
0.000294209
0.000674512
0.000691981
0.000723249
0.000941172
0.000483115
0.00112555
0.000602439
0.000739551
0.000798427
0.000683791
0.00102332
0.000195218
0.000384856
0.000331944
0.000368186
0.000470865
0.000548804
0.0016735
0.0011767
0.000621673
0.00211534
0.00139393
0.000665811
0.000324548
0.000621976
0.000587247
0.000547678
0.000305413
0.000841106
0.000457982
0.00117829
0.000474511
0.000221138
0.00159879
0.0005097
0.000752402
0.000775605
0.000290574
0.000469288
0.000413498
0.000176375
0.000440583
0.000534767
0.000811305
0.000358348
0.00040221
0.000694145
0.000978064
0.000934105
0.000486596
0.000486291
0.000765211
0.000423514
0.00101587
0.00193521
0.000739645
0.00527542
0.000422107
0.000806509
0.000166692
0.00132379
0.000519798
0.000369633
0.000651125
0.000496328
0.00123667
0.000836512
0.000706268
0.000556841
0.000767877
0.00030761
0.000455478
2.27878e-05
0.000415485
0.000970113
0.000245296
0.00256599
0.000691075
0.000428898
0.00052744
0.000739225
0.000727366
0.000804357
0.000426794
0.0004729
0.00065704
0.00121589
9.33351e-05
0.00122671
0.000439903
0.000716764
0.00074742
0.00377597
0.00131537
0.000603728
0.00039403
0.000134318
0.000240687
0.000881417
0.000338082
0.00164726
0.000201288
0.000398664
0.000894591
0.000635922
0.000136005
0.000627513
0.000797153
0.000318235
0.000533776
0.00109993
0.00066046
0.000629064
0.000412827
0.000888668
0.000662952
0.000241492
0.000489333
0.000348789
0.000724061
0.00043751
0.00142937
0.000758647
0.000693126
0.000402383
0.000501022
0.000470812
0.000367633
0.000932395
0.000374876
0.000520022
0.000358467
0.000546882
0.000982839
0.000663523
0.000136381
0.000565246
0.000633225
0.00408983
0.000478266
0.00307272
0.000838628
0.00264167
0.000998842
0.000605524
0.000183491
0.000992097
0.000326087
0.000185605
0.000537889
0.000559203
0.00835572
0.000308222
0.000551112
0.000795072
0.000454636
0.000368532
0.000371037
0.00264057
0.00018518
0.000215524
0.0012556
0.00104123
0.00308276
0.000547897
0.000513558
0.000314311
0.000840074
0.000268465
0.000450012
0.000493356
0.0040373
0.000640142
0.00030439
0.000178263
0.000731725
0.000676612
0.000821192
0.000209812
0.000446391
0.000424931
0.00110936
0.000611842
0.000530312
0.000469947
0.000437631
0.00482286
0.000516202
0.000458347
0.000642313
0.000557625
0.000347407
0.000411147
0.000757375
0.000874364
0.000435
0.000838009
0.000190044
0.00033365
0.000350197
0.000381258
0.00095923
0.00495649
0.000494403
0.000447481
0.000274812
0.00175393
0.000608662
0.000409506
0.000328073
0.000528933
0.000677301
0.000742354
0.00415574
0.000804777
0.000683517
0.000256188
0.000727017
0.000483097
0.000874092
0.000415766
0.000220536
0.000428123
8.95908e-05
0.00474122
0.000463934
0.000685839
0.000243754
0.000459779
0.000884589
0.000472939
0.00185105
0.00107532
0.000775589
0.00042378
0.00111887
0.000239493
0.000933149
0.000626786
0.000359063
0.000675252
0.00013483
0.000303711
0.000819589
0.000428246
0.00153173
0.000275258
0.000430742
0.000518333
0.000430106
0.000271875
0.000961527
0.000892324
0.000544953
0.000883153
0.00100433
0.000372048
0.00295623
0.000442922
0.00033934
0.00583557
0.00108969
0.000326171
0.000229235
0.00146438
0.000425948
0.000779647
0.000947741
0.000389203
0.000436105
0.000106065
0.000440428
0.000555507
0.00182159
0.000370823
0.000699845
2.46674e-05
0.000601135
0.000733098
0.000392451
0.000497905
0.000270373
0.000782115
0.000584265
0.000586131
0.000418134
0.00055973
0.000616269
0.000470028
0.000219711
0.000740652
0.00039597
0.000368492
0.000120938
0.000676949
0.000725298
0.000547205
0.000514049
0.000245277
0.00163647
7.94825e-05
0.000706948
0.000590399
0.000659289
0.00135192
0.000562184
0.000338572
0.000297711
0.000850968
0.000451186
0.00107614
0.00049213
0.000337565
0.0017473
0.000595319
0.00264663
0.000639581
0.000724401
0.000639258
0.000250177
0.0153129
0.000504005
0.00740735
0.000339136
0.000451503
0.000179347
0.00111687
0.00167335
0.000367496
0.000721882
0.000411402
0.000531968
0.000218888
0.00214143
0.000100785
0.000954734
0.000509933
0.000276383
0.00103478
0.000243828
0.000197188
0.000498143
0.000468084
0.000526872
0.000442508
0.000500761
0.000757565
0.000579841
0.000507249
0.00148548
0.00126955
0.000647288
0.000485221
0.000565225
0.000828824
0.000197382
0.000309131
0.00107775
0.000552498
0.000679827
0.00042906
0.00117126
0.000408478
0.000414465
0.000920624
0.000343494
0.00105296
0.000405981
0.000411715
5.36773e-05
0.000453106
0.00330285
0.000369326
0.00106882
0.00102546
0.0015287
0.00111279
0.000477439
0.00048902
0.000508748
0.000632633
0.000961361
0.000720003
0.000527548
0.000419075
0.000903693
8.81183e-05
0.000219716
0.000271632
0.000643529
0.000335997
0.000541453
0.000597006
0.000694293
0.000737654
0.00412591
0.00157831
0.000490625
0.000628759
0.00253785
0.000624837
0.000279056
0.00327624
0.000426899
0.000726833
0.000368873
0.000333387
0.000349082
0.000964181
0.000499002
0.000236361
0.00279609
0.0017695
0.000146058
0.00065917
0.000457945
0.000603837
0.000600684
0.0006163
0.00114162
0.000272193
0.000387979
0.00170081
0.000277588
0.000456916
0.000674066
0.00123302
0.000612079
0.000576315
0.00072982
0.000569116
0.000191256
0.000422991
0.000496239
0.000438903
0.00059652
0.000401434
0.00099421
0.00069193
0.000412667
0.000710627
0.00347892
0.000533684
0.000649347
0.000779604
0.000321283
0.000229733
0.00086035
0.00103793
0.000970256
0.000621172
0.000266407
0.001011
0.000647978
0.000678071
0.000295614
0.000588768
0.000999222
0.000735073
0.000474993
0.000905688
0.000381728
0.000999095
0.000428663
0.000309208
0.000170149
0.000456661
0.000804276
0.000408969
0.000639269
0.000806205
0.000373688
0.000612964
0.00036808
0.000452001
0.000489056
0.000649449
0.000747835
0.0010262
0.000955674
0.000454766
0.000340679
0.000265044
0.000386978
0.000653088
0.000565027
0.000285568
0.000409139
0.000395947
0.000133795
0.000351377
0.000589615
0.000103743
0.000730373
0.000336956
0.00219783
0.00193331
0.000224478
0.0010236
0.00104871
0.000418845
0.000671387
0.000376939
0.000158042
0.000319825
0.000805162
0.00166608
0.00034399
0.000804596
0.000622892
0.00105504
0.0120875
0.00371872
0.000626559
0.000127026
0.00330977
0.000757573
0.000409261
0.00108572
0.000211668
0.00068684
0.000534289
0.000574251
0.000666391
0.00078225
0.00049478
0.000500011
0.000576925
0.000925182
0.000510461
0.000740051
0.000520133
0.000428229
0.00119133
0.000171787
0.000430212
0.00181693
0.000307539
0.00043698
0.00050761
0.000547241
0.000487703
0.00205806
0.00442996
0.000592628
0.000488027
0.000465519
0.000509316
0.000548751
0.000684437
0.000484921
0.000482175
0.000595575
0.000515906
0.000488481
0.000456527
0.000771826
0.000134768
0.00067471
0.000312527
0.000568354
0.000495918
0.00027833
0.000496915
0.000346142
0.000352992
0.000309211
0.000507418
0.00891356
0.000646115
0.000352057
0.000549958
0.000399341
0.000643623
0.000195153
0.000449169
0.000689364
0.00026047
0.000622454
0.000404615
0.00059406
0.00176703
0.00120443
0.000601733
0.00103876
0.000248896
0.000689059
0.000454054
0.000373231
0.000888313
0.000176467
0.000143314
0.000364286
0.000559182
0.000361798
0.0011917
0.00039088
0.000224371
0.000413049
0.000699476
0.000153736
0.00398469
0.000893351
0.000419667
0.000295705
0.000491776
0.00036563
0.000837224
0.000298967
0.000578135
0.000877261
0.000591081
0.000428582
0.00202038
0.000385628
0.000584608
0.00059425
0.000381876
0.000177052
0.000328136
0.000563812
0.000757272
0.00146965
0.000368921
0.000903751
0.00718248
0.000591247
0.000958909
0.000419029
0.000328396
0.000552942
0.000318861
0.000510581
0.000729103
0.000748079
0.000700698
0.000501406
0.000307012
0.000201434
0.000149591
0.000712482
0.000717304
0.000568211
6.69311e-05
0.00061752
0.00251043
0.000591332
0.00139731
0.000533951
0.000322623
0.000347902
0.000452147
0.0027092
0.000639143
0.000492542
0.000422331
0.00135198
0.000464899
0.000502109
0.000706801
0.00169838
0.000331398
0.000959058
0.000488836
0.000818443
0.00243908
0.000571884
0.000359983
0.000234998
0.000272629
0.000151242
0.000678588
0.000149077
0.000429589
0.000274144
0.000404987
0.000768875
0.000479196
0.000556028
0.000276798
0.000262594
0.000675847
0.000328055
0.000487092
0.000769395
0.00116818
0.0037544
0.000425802
0.00204784
0.001354
0.000978258
0.000704755
0.000767095
0.000640762
0.00708987
0.000271597
0.000980553
0.00176304
0.00118263
0.000722353
0.000410717
0.000695458
0.0013953
0.000751603
0.0030802
0.000200865
0.000630975
0.000576324
0.000667675
0.000574123
0.00379427
0.00118448
0.0003652
0.000586746
0.000489375
0.00268861
0.000185254
0.000724666
0.00116571
0.000901093
0.0010507
0.00481146
0.000485603
0.000762891
0.000209596
0.000623419
0.00152118
0.00023997
0.000585905
0.000498778
0.000891227
0.000698817
0.000206571
0.000763318
0.00406106
0.00216172
0.00142284
0.000422748
0.000317285
0.00090234
0.000600768
0.000637116
0.000561327
0.00124869
0.000407044
0.000534733
0.000534556
0.000386918
0.000719837
0.000656019
0.000579715
0.00184885
0.00047479
0.000454008
0.000682557
0.000501107
0.000356001
0.000465213
0.000455125
0.00109769
0.000630962
0.000298794
0.000269729
0.000238721
0.00229684
0.0010439
0.000220857
0.000731454
0.00103049
0.000579182
0.000313375
0.00039994
0.000191802
0.00464327
0.000466652
0.000661857
0.00077421
0.000622024
0.000939028
0.00106869
0.000933213
0.000682268
0.00129976
0.000804525
0.000812323
0.000456471
0.000408832
0.000394684
0.000717255
0.00170061
0.00026271
0.000747431
0.000766283
0.000502676
0.000190678
0.00106062
0.00286962
0.000345429
0.00148476
0.000782856
0.00058191
0.000417222
0.000459518
0.000246712
0.000636542
0.00173598
0.000763179
0.000835232
0.00072531
0.000639612
0.00052843
0.000570361
0.000670661
0.000579056
0.000348438
0.000710782
0.000908856
0.00124903
0.0012683
0.000459632
0.000470979
0.000838244
0.00115889
0.00072579
0.000401282
0.00172326
0.00146013
0.00139397
0.00212662
0.00105382
0.000113641
0.000510176
0.000315736
0.00377919
0.000463023
0.0010001
0.000112808
0.000209866
0.000497454
0.000392189
0.000556429
0.00136956
0.00283688
0.000482309
0.000506524
0.000247569
0.000594103
0.000537845
0.00017069
0.000610029
0.000865075
0.00070829
0.000329272
0.000295412
0.000309505
0.000717268
0.000601059
0.0140171
0.00685401
0.00156831
0.000541
0.000223992
0.000238511
0.000671246
0.00035084
0.000363945
0.000675191
0.000872962
0.00102564
0.00128655
0.000325993
0.000429838
0.000335351
0.000523507
0.000510649
0.000262577
0.000316055
0.000546235
0.000645866
0.000407199
0.000581362
0.000438859
0.00039311
0.000438149
0.000474055
0.0010627
0.000417036
0.000639118
0.000199499
0.000597916
0.00141882
0.00097754
0.000680459
0.000415582
0.000465227
0.000583467
0.000674702
0.000622554
0.000378299
0.000449322
0.000470517
0.000481076
0.000580144
0.000314692
0.000445695
0.000678587
0.000506061
0.000425417
0.000629992
0.000698835
0.000572156
0.0016309
0.000169989
0.000435856
0.000214273
0.000444053
0.000324063
0.000998332
0.00127833
0.000588593
0.000118544
0.000632906
0.00228668
3.96086e-05
0.000411965
0.00225813
0.000843399
0.000275153
0.00049045
0.000258038
0.000395096
0.000555655
0.000350116
0.000674477
0.000209962
0.000403048
0.000723904
0.000142453
0.000349094
0.00049975
0.000467496
0.000354479
0.000830479
0.00102198
0.000384296
0.000636592
0.000685707
0.000483064
0.000272976
0.000426572
0.000516693
0.000272492
0.000500267
0.000620593
0.000485877
0.00046333
0.000728604
0.000519652
0.000645774
0.000579557
0.000502676
0.000663336
0.00142779
0.00059192
0.000592444
0.000282871
0.000202179
0.00143748
0.000447212
0.000495522
0.000728317
0.000788695
0.000480055
0.000449497
0.000335006
0.000649592
0.00273578
0.000698935
0.000488096
0.000402606
0.00047177
7.64042e-05
0.000628527
0.000348785
0.000323821
0.000524173
0.000611016
0.0003406
0.0079238
0.00194654
0.00252189
0.000948653
0.000556194
0.000858084
0.000375198
0.000541005
0.000698853
0.00244481
0.00343713
0.000714255
0.00109456
0.000393888
0.000275111
0.000298687
0.000352147
0.000475923
0.000252728
0.000603959
0.00101182
0.000332845
0.00377026
0.00079151
0.000415234
0.000742322
0.00052073
0.00222869
0.00031304
0.00049746
0.000518202
0.000611874
0.000407358
0.000479992
0.000427216
0.000748759
0.00071386
0.000422866
0.000592345
0.0118042
0.000452797
0.000154939
0.00365783
0.00167017
0.000735535
0.00102565
0.000304533
0.000486866
0.00011244
0.000497893
9.97996e-05
0.00142957
0.000368299
0.000454509
0.000701801
0.00113089
0.000896367
0.00842845
0.000607493
0.000341927
0.0004151
0.000608456
0.00128182
0.00350637
0.000326393
0.000711409
0.000404309
0.000320766
0.000465724
0.000563038
0.000599939
0.000134433
0.000111992
0.000273789
0.000476258
0.00131092
0.000517479
0.000665145
0.00147149
0.00045353
0.000694032
0.000968175
0.000436187
0.000298237
0.000323213
0.000571398
0.00305165
0.000420969
0.00171721
0.000484129
0.00100704
0.000809867
0.00856899
0.000874882
0.000501721
0.00312154
0.00147606
0.000236737
0.000374495
0.000539689
0.000623455
0.000335194
0.000399702
0.000400851
0.000906284
0.000821914
0.000615189
0.000526721
0.000412057
0.00179485
0.000826959
0.000356509
0.00013417
0.00034621
0.000935764
0.0159688
0.00170906
0.00140784
0.000349599
0.000454251
0.000728258
0.00163521
0.000218066
0.0005241
0.000205609
0.000376682
0.00169253
0.000753587
0.000402553
0.000315901
0.00110801
0.00051868
0.00147724
0.00011955
0.000239578
0.000587165
0.000550041
0.00188093
0.000901393
0.000448699
0.000287776
0.000565396
0.000614041
0.000164387
0.000723925
0.00126869
0.000587869
0.000442122
0.000242576
0.00077668
0.000456562
0.00264389
0.000478666
0.000413628
0.000535858
0.000134334
0.000299342
0.000893264
0.000578638
0.000203117
0.000493802
0.000379615
0.000476136
0.000397145
0.000681494
0.000216142
0.0012026
0.00159143
0.000504285
0.00106889
0.00041876
0.000586566
0.000707721
0.000594174
0.00110803
0.000576138
0.000679619
0.000519545
0.00115935
0.000490186
0.000289788
0.000606778
0.000606375
0.00215833
0.000126354
0.00071493
0.000240664
0.000124164
0.000979742
0.000379303
0.00106297
0.000548063
0.00170164
0.000612815
0.000914764
0.000515276
0.000519073
0.000581341
0.000813002
0.000674939
0.000407388
0.000382433
0.000283068
0.00120818
0.000548348
0.00196809
0.000821792
0.00176588
0.000427313
0.000494404
0.000327993
0.000830891
0.00165594
0.000395446
0.000656007
0.00052079
0.000423754
0.00238476
0.0011006
0.000481003
0.00111343
0.00127656
0.00758803
0.00074483
0.000696845
0.000594435
0.000340965
0.000620765
0.00042715
0.000515682
0.000326692
0.000445657
0.000605416
0.000430618
0.000623629
0.00133481
0.000201028
0.000337385
0.000384026
0.000583984
0.00071212
0.000445555
0.000976154
0.000468829
0.000626219
0.00169946
0.000372791
0.00241188
0.000273904
0.000624607
0.0119339
0.000808946
0.000315227
0.000307558
0.00080561
0.00126375
0.0159355
0.000247278
0.000676292
0.00113366
0.000508586
0.000407974
0.00188522
0.000143593
0.000902629
0.00235584
0.00100232
0.00031796
0.000525809
0.000361698
0.000461987
0.000733818
0.000515077
0.000271896
0.000522435
0.000628711
0.000521888
0.000571124
0.00343378
0.000225357
0.00103705
0.00107197
0.000576567
0.000346686
0.000518175
0.00373841
0.000491753
0.00021651
0.000268428
0.000512834
0.000579168
0.000625067
0.000531027
0.000179428
0.00112067
0.000702282
0.000474674
0.00097
0.000786731
0.00142966
0.0137085
0.000183805
0.00146785
0.000442876
0.000389893
0.000429283
0.00056869
0.000544306
0.00711744
0.000164973
0.000425702
0.000927108
0.000143118
0.000791182
0.000499732
0.000587922
0.00234365
0.000657525
0.000477713
0.0104584
0.00043
0.000498084
0.00015757
0.000379808
0.000520207
0.000799739
0.000520677
0.000710086
0.000666037
0.000785813
0.000974448
0.000707224
0.000911129
0.000676454
0.000610704
0.00022743
0.000540095
0.00108082
0.00116071
0.000358005
0.000227103
0.000359958
0.000915143
0.000396674
0.000787739
0.00037888
0.000510292
0.000493401
0.00408181
0.000600391
0.000849115
0.00118739
0.000372876
0.00057305
0.000627574
0.00181676
0.00124357
0.000851178
0.00107881
8.58977e-05
0.000461542
0.000174919
0.000492282
0.000284875
0.000236429
0.000376211
0.000430085
0.00039901
0.000472671
0.000414216
0.00159888
0.00190385
0.000673262
0.00471727
0.000315042
0.000749406
0.000123968
0.000811357
0.000303245
0.000865159
0.000141512
0.000747805
0.000257264
0.000559186
0.000988233
0.000407697
8.01538e-05
0.000212556
0.000624279
0.000860254
0.000567651
0.000412459
0.00203679
0.00061296
0.000613126
0.000350733
0.000181882
0.000408376
0.000302317
0.00056201
0.00535039
0.000748158
0.000221424
0.000701639
0.00036282
0.0011285
0.000412164
0.000306118
0.000412554
0.00196097
0.000348524
0.000274926
0.000522634
0.000434383
0.000471721
0.0034016
0.000402117
0.000753317
0.000817105
0.000748482
0.000407544
0.000322359
0.000716242
0.00175252
0.000424224
0.000799688
0.000845248
0.000145968
0.000265397
0.000525108
0.000822816
0.000717569
8.89414e-05
0.000288324
0.000513892
0.000526936
0.00188475
0.000491831
0.00306178
0.000686895
0.000663305
0.0010099
0.00261512
0.0017314
0.000579171
0.000534894
0.000159868
0.000887561
0.00166573
0.000698519
0.000318331
0.000662749
0.000229998
0.0004843
0.000211086
0.000660146
0.000649723
0.000730235
0.000225903
0.000856109
0.000437932
0.000536864
0.000619185
0.000343892
0.00617946
0.000372757
0.00546991
0.000703581
2.65672e-05
0.00061796
0.000402591
0.000273905
0.00013318
0.0004356
0.000510356
0.000323265
9.89858e-05
0.000871395
0.00109548
0.00029401
0.00362925
0.000252156
0.000485715
0.00262121
0.00150621
0.00125185
0.000361927
0.000558467
0.000220648
0.00267022
0.000301731
0.000274145
0.0006522
0.00222639
0.00033919
0.000495348
0.000413297
0.000476392
0.00079867
0.000705102
0.000434073
0.000443667
0.000362736
0.00055139
0.000380475
0.000493849
0.000626229
0.000614121
0.000549967
0.00063296
0.000345579
0.000287909
0.000860193
0.000490897
0.000394433
0.000437125
5.09586e-05
0.000916112
0.000494456
0.000434756
0.000900831
0.000714103
0.000562267
0.000482385
0.00322237
0.000334276
0.0012343
0.00148673
0.000943321
0.000206928
0.00308073
7.6015e-05
0.000310631
0.000882304
0.000854269
0.00084979
0.000395788
0.00023574
0.000411475
0.000241119
0.000575306
0.000306521
0.00361999
0.000825968
0.000571593
0.000645296
0.00102947
0.00183842
0.000538155
0.00120457
0.000318612
0.000887931
0.000207662
0.000600703
0.000271412
0.000464458
0.000357821
0.000558829
0.0029331
0.000857536
0.000408558
0.000496584
0.000362025
0.00036113
0.000277224
0.000548554
0.000443124
0.000428589
0.000271261
0.000440066
0.000581628
0.000370014
0.00946295
0.000430056
0.00101399
0.000582756
0.000789988
0.00111279
0.000625129
0.000576558
0.00145628
0.000355987
4.90897e-05
0.000418201
0.00071536
0.000455847
0.000451507
0.00450028
0.000613146
0.000457824
0.000494758
0.000673099
0.00056274
0.000515447
0.00819665
0.000408056
0.000561298
0.000918214
0.000378588
0.000464911
0.000384073
0.000391
0.000312786
0.000188399
0.000373463
0.000166898
0.0010283
0.000542971
0.000945032
0.000235449
0.000490431
0.00134786
0.000599218
0.0020006
0.000183121
0.00102822
0.000417543
0.000605118
0.000593274
0.000700366
0.000578035
0.000743064
0.000509283
0.000451117
0.00016811
0.0126181
0.000747042
0.000205689
0.00052424
0.00128128
0.000366172
0.000627234
0.000351264
0.000122835
0.000892687
0.000342255
0.00340833
0.00129319
0.00250343
0.000344687
0.000649676
0.000591744
0.000475505
0.000313953
0.000800917
0.000647643
0.000481868
0.000748653
0.000709665
0.000523249
0.000461298
0.000595666
0.000405778
0.000653469
0.000409588
0.000381407
0.00065425
0.000428438
0.000421191
0.00116797
0.00063222
0.000351673
0.000368974
0.000838884
0.000833975
0.000803395
0.00618699
0.000733848
0.000661003
0.000761119
0.000286248
0.000811771
0.0002869
0.000734835
0.000508398
0.000464831
0.000606938
0.00413274
0.00103244
6.15827e-05
0.000387356
0.000517522
0.00058851
0.00113723
0.000235845
0.000567868
0.000822996
0.00071126
0.000855248
0.000108729
0.000696869
0.000169952
0.000407561
0.000602135
0.000150237
0.000550737
0.000576211
0.000598701
0.000255493
0.000277585
0.00110237
0.000346718
0.000638634
0.000502211
0.000386574
0.000633338
0.00263718
0.000491176
0.000852821
0.000448047
0.00111203
0.0015891
0.000412011
0.000388376
0.000565552
0.000584878
0.00127071
0.000176345
0.000481174
0.000615333
0.000973149
0.00269132
0.000412156
0.000850843
0.000343005
0.00062169
0.00151068
0.000715756
0.000783673
0.000563265
0.00104459
0.000556296
0.00193313
0.000458377
0.000425873
0.00021823
0.000154207
0.000556983
0.000762717
0.00169651
0.000826561
0.000349916
0.000695309
0.000449308
0.000512094
0.000466788
0.00420746
0.000307033
0.000519903
0.00025877
0.00102363
0.00111021
0.000591417
0.000162442
3.6991e-05
0.000515937
0.000601933
0.000412247
0.000519915
0.00238514
0.000245818
0.000640827
0.000670989
0.000484352
0.000454195
0.000799234
0.000544895
0.000296889
0.000605017
0.00257354
0.000455672
0.000824951
0.00024838
0.000423546
0.000247842
0.000465532
0.000766429
0.00154832
0.000842347
0.00100465
0.000598445
0.000293988
0.000699321
0.000364263
0.000518495
0.00112971
0.00044657
0.000492802
0.000572466
0.000447243
0.000381988
0.00052618
0.000536069
0.00142607
0.000266569
0.00099343
0.000374345
0.000684169
0.000636071
0.000438203
0.000411734
0.00267971
0.000654099
0.000347534
0.000573583
0.00056369
0.000289739
0.000724666
0.000955864
0.000558437
0.000551488
0.000443163
0.000554619
0.00165437
0.00565173
0.000635073
0.000476507
0.000472126
0.000785791
0.000572595
0.00039697
0.000552074
0.000340957
0.000432156
0.00104256
0.000378698
0.00275153
0.000539558
0.000702491
0.00047489
0.000441722
0.000397492
0.0012957
0.000293064
0.00146875
0.000525801
0.000282628
0.000689736
0.000302598
0.000299743
0.000446544
0.00045169
0.000631685
0.000542856
0.000335982
0.00027827
0.00041529
0.000210264
0.000407266
0.00430072
0.000543521
0.00313892
0.000674604
0.000156095
0.000431261
0.000456213
0.000499705
0.000470895
0.000519018
0.000495007
0.000279152
0.000852188
0.00337281
0.000548491
0.000982551
0.000754059
0.000371103
0.000890281
0.00139297
0.000252688
0.000287483
0.000704136
0.000351745
0.000418075
0.000809678
0.000337403
0.000530914
0.000331051
0.000465736
0.000847197
0.000422309
0.000235714
0.000516364
0.000750945
0.000389751
0.000737969
0.000610641
0.00141833
0.00127819
0.000950741
0.000188921
0.000508877
0.000396546
0.000203346
0.000392453
0.000652357
0.000366526
0.000636527
0.00119615
0.000676499
0.00033545
0.000523051
0.000289405
0.000107073
0.000296472
0.00140913
0.000932197
0.000519183
0.000620812
0.000774951
0.000355014
0.00171187
0.000840949
0.000559434
0.000520506
0.00035249
0.000498127
0.000491299
0.00064297
0.000566191
0.000275969
0.000857592
0.00055537
0.000274629
0.000334938
0.00196748
0.000438533
0.000881663
0.000873377
0.00172376
0.000663277
0.000408538
0.000431525
0.000647291
0.00182467
0.00107665
0.000338718
0.001499
0.000413024
0.000632259
0.00156622
0.000327051
0.000699572
0.000604892
0.000922636
0.00243535
0.000443906
0.000301826
0.000886839
0.000541302
0.000554108
0.000584215
0.000444432
0.000270517
0.000396151
0.000940362
0.000556432
0.000405944
0.000506065
0.000394869
0.000441089
0.000788829
0.000680143
0.000847941
0.000127846
0.000960516
0.000432601
0.000656086
0.000630336
0.000591236
0.000588157
0.000447764
0.000251226
0.00108748
0.000546219
0.0001332
0.000801921
0.000445795
0.000503761
0.000764178
0.000838406
0.000832796
0.000614486
0.000811729
0.000257251
0.000488009
0.000602159
0.000772887
0.000320181
0.00168453
0.00633261
0.000585212
0.000327524
0.000336963
0.00092886
0.000238048
0.000321564
0.000882964
0.000354958
0.000943781
0.000559726
0.000470553
0.000462945
0.000494109
0.00111968
0.00023077
0.000169393
0.000361728
0.000786562
0.00568173
0.000460262
0.000339454
0.000509294
0.000538539
0.000387756
0.000766739
0.000401159
0.00046817
0.000686949
0.000342792
0.00110359
0.00048585
0.000928855
0.000384786
0.000984072
0.00024511
0.000653479
0.00126244
0.000222955
0.000721801
0.000318574
0.0011554
0.00042421
0.000997891
0.00142677
0.00270232
0.0006544
0.000348451
0.000134399
0.000587653
0.000774591
0.000802298
0.0010035
0.000588238
0.000270201
0.000850621
0.000701213
0.0010527
0.000414276
0.001013
0.00511089
0.000346995
0.00051129
0.000468136
0.00176844
0.000852938
0.00134132
0.000370455
0.000450156
0.00114076
0.0005667
0.000279568
0.00253399
0.00250193
0.000532439
0.000695105
0.000541448
0.000726738
0.000425688
0.00040436
0.000751928
7.77122e-05
0.000899334
0.000546367
0.000477833
0.00015054
0.000286064
0.000849921
0.000538786
0.000878396
0.00034666
0.000807112
0.000599789
0.000233442
0.000715361
0.000255325
0.00025881
0.000643617
0.000364482
0.000559192
0.000149898
0.000964087
0.000119526
0.000424057
0.00119566
0.000253145
0.000478859
0.000297074
0.00160443
0.000482233
0.000509477
0.000359025
0.000821291
0.000580074
0.000359729
0.000878577
0.00029845
0.000634293
0.000747332
0.00289263
0.000763685
0.000325999
0.00199868
0.000806884
0.000327295
0.000614254
0.000525028
0.00034408
0.00146123
0.000168431
0.000935661
0.000257406
0.000123505
0.000545154
0.00067033
0.00181135
0.000662872
0.000355438
0.00140176
0.00041523
0.000614468
0.000252261
0.000572336
0.000474762
0.000791879
0.000385879
0.000972076
0.000540602
0.000506272
0.000240427
0.00112705
0.000360051
0.000684801
0.00544869
0.000494665
0.000501747
0.000796157
0.000429226
0.000296776
0.0010677
0.000670739
0.000810061
0.000652176
0.000511912
0.000412985
0.000587556
0.00055041
0.000523382
0.000353935
0.000621034
0.000147889
0.00105689
0.000982863
0.00027735
0.00240709
0.00067138
0.00141773
0.000332664
0.00100091
0.00054253
0.000167616
0.00186907
0.000439569
0.000356107
0.000335921
0.000550975
0.00049384
0.000258062
0.000793695
0.00052652
0.000345227
0.000340509
0.000831421
0.000604847
0.00265589
0.000169439
0.00274744
0.00026607
0.000648138
0.00093084
0.0013034
0.000581781
0.000586036
0.000241067
0.000635777
0.000398187
0.000430343
0.000534083
0.000760337
0.000525111
0.00160295
0.000838699
0.00080994
0.00304033
0.000226031
6.54022e-05
0.000312854
0.000334131
0.000629504
0.000344734
9.82852e-05
0.000406181
0.000373025
0.000416562
0.000315366
0.0014328
0.000321554
0.000270831
0.000379372
0.0009449
0.00168171
0.000830134
0.000421856
0.000701639
0.000488919
0.000449585
0.0121428
0.000159571
0.000350548
0.00070128
0.000474555
0.000429436
0.00132623
0.000352759
0.000904095
0.000798548
0.000553625
0.000475438
0.000549515
0.000861606
0.000868651
0.000463628
0.000567533
0.000120395
0.000528335
7.18508e-05
0.000532499
0.00196285
0.000358871
0.000197044
0.00100569
0.000177537
0.000691589
0.00017553
0.000447068
0.000184222
0.000411637
0.000901596
0.000878206
0.000976194
1.01926e-05
0.00095767
0.000155785
0.000632428
0.000700849
0.000734303
0.000745858
0.00055764
0.000311781
0.000793944
0.000540154
0.00209815
0.00737173
0.000200605
0.00151735
0.000816072
0.00078606
0.000939035
0.000289589
0.000667231
0.0013437
0.000461501
0.000653196
0.000677199
0.000467695
0.000865254
0.000389373
0.00138811
0.000251609
0.000519202
0.000902177
0.000772848
0.000464657
0.000691515
0.00115978
