0.000354293
0.0013517
0.00156855
0.00101896
0.000503501
0.000933284
0.000475082
0.00121951
0.000353637
0.00316683
0.000723588
0.00061961
0.00127314
0.000967193
0.000616629
0.000957879
0.00212076
0.000375419
9.7501e-05
0.000188364
0.000521677
0.00135372
0.000662933
0.000542197
0.000437206
0.00179355
0.000817507
0.000565248
0.00281438
0.00250859
0.000657599
0.000411097
0.000281073
0.000569717
0.00128558
0.000449478
0.000697117
0.000592518
0.000494986
0.000336828
0.00049096
0.000251868
0.00145753
9.05582e-05
0.000273588
0.00135281
0.000644924
0.000321308
0.000954027
0.000440071
0.00104604
0.000877023
0.00110995
0.000487299
0.000335172
0.000583761
0.000617468
0.00060469
0.000406826
0.00243269
0.000702047
0.000910912
0.00101067
0.000724747
0.00127136
0.000710543
0.00069122
0.00102608
0.000282184
0.00220506
0.000733949
0.00932629
0.000761306
0.000276791
0.000706047
0.000591145
0.000172767
0.0017898
0.000693905
0.000283518
0.000597913
0.000525023
0.000387143
0.000425052
0.000586481
0.00122767
0.000950897
0.0011595
0.00159608
0.00057626
0.00148333
0.000579912
0.000801627
0.000733894
0.000677513
0.000721367
0.00122287
0.000392964
0.000882582
0.000498575
0.000679467
0.000371077
0.000296421
0.000244928
0.00157374
0.000327814
0.00132244
0.000847663
0.000394121
0.000552442
0.000163278
0.000639528
0.000768615
0.00053145
0.000304282
0.000919282
0.00171114
0.00101569
0.000167789
0.000589146
0.00038161
0.00106455
0.000683838
0.000724515
0.00303944
0.000580991
0.000508264
0.000484784
0.00111392
0.000656783
0.000473474
0.0009751
0.00398694
0.000539086
0.0010129
0.000557017
0.000824686
0.000500627
0.000906239
0.00037686
0.00043321
0.000866096
0.000734101
0.000652404
0.00109349
0.00119708
0.000493187
0.000876198
0.00427134
0.000519068
0.000464773
0.00120707
0.000235469
0.000382754
0.000359114
0.000643436
0.00109425
0.000951508
0.00025764
0.000234288
0.00128597
0.000749127
0.000191447
0.000961181
0.000913654
0.000832998
0.00066316
0.000466349
0.000450996
0.00071641
0.000314762
0.000243505
0.00119016
0.000448054
0.000527793
0.00156699
0.00112518
0.001743
0.00078209
0.000872137
0.000487854
0.00100491
0.000632843
0.000702551
0.00101333
0.00547302
0.00080815
0.000161589
0.000843738
0.00161289
0.00073832
0.00143745
0.000546165
0.000685625
0.000683897
0.000811051
0.000511194
0.00039048
0.000423093
0.000955624
0.000748631
0.000534917
0.000760551
0.000334694
0.00081223
0.000795732
0.000522069
0.000468343
0.000275872
0.000570432
0.000282171
0.000776559
0.00139387
0.000278707
0.00178925
0.000606113
0.000911606
0.000759144
0.00045881
0.0013997
0.000586115
0.000749561
0.00902056
0.000385778
0.00133715
0.000788244
0.00117917
0.000325304
0.000437212
0.00113313
4.31331e-05
0.000500154
0.000506344
0.000464598
0.000593532
0.000582001
0.000308348
0.00118082
0.00137935
0.000660849
0.000578282
0.000539048
0.000511391
0.000411717
0.00299388
0.000407851
0.00157924
0.00127318
0.000556053
0.000646435
0.00102219
0.00496826
0.000948281
0.000408374
0.00065476
0.000260759
0.0019306
0.00109903
0.00118334
0.000719564
0.00141226
0.000984777
0.00110049
0.000167752
0.000629174
0.00047476
0.000587704
0.00055177
0.00064954
0.000977107
0.000750625
0.00364263
0.000585833
0.000516284
0.00109079
0.000856237
0.000503194
0.000495553
0.000177947
0.000532689
0.00055028
0.000357921
0.000259605
0.000502717
0.00044364
0.000559924
0.00093056
0.000914319
0.00057702
0.000557604
0.0011222
0.000640995
0.00075782
0.000761187
0.000702164
0.000954279
0.000823583
0.0035447
0.000830012
0.00080886
0.000971895
0.000902862
0.00211182
0.000132051
0.00947417
0.0010067
0.000592893
0.000280838
0.000396452
0.0003273
0.00120959
0.000540814
0.000278908
0.00103124
0.000491274
0.00214261
0.00206872
0.000471107
0.000166932
0.00135971
0.00128362
0.000767802
0.000351564
0.000924705
0.000513563
0.000911224
0.00024328
0.000289996
0.000728019
0.000530382
0.00069177
0.000408905
0.000441239
0.000814696
0.000929734
0.000592125
0.000562142
0.0011379
0.000536257
0.000440952
0.000500177
0.00262648
0.000156474
0.000551848
0.000595085
0.00112712
0.000126758
0.000602388
0.00605353
0.00101038
0.000423863
0.000187627
0.000985445
0.000745343
0.0012268
0.000295977
0.000532919
0.000419312
0.00977068
0.000591454
0.000834747
0.000332519
0.000396391
0.000553244
0.00050183
0.000303856
0.000488443
0.000439049
0.0120544
0.000530615
0.00084742
0.000601339
0.000780826
0.00217458
0.000412047
0.000769934
0.000227792
0.000515348
0.00131717
0.000780592
0.000566695
0.000762468
0.000910012
0.000440202
0.000925746
0.000421867
0.000476243
0.000744618
0.00487615
0.000515669
0.00116389
0.000816309
0.000784402
0.00149216
0.000792389
0.00649272
0.000661636
0.000703349
0.000455352
0.00205233
0.0022533
0.000605168
0.00041704
0.000643325
0.00226701
0.000784092
0.000228972
0.000560053
0.00104844
0.000664606
0.000426829
0.000931998
0.000172324
0.000668407
0.000963078
0.000661094
0.000539211
0.000673882
0.000766129
0.000879376
0.000152153
0.000454185
0.00143489
0.000435531
0.000518345
0.000169378
0.000961242
0.00414822
0.000386196
0.00164393
0.00035281
0.000439301
0.000215134
0.00062491
0.000699261
0.0013939
0.000921442
0.000741961
0.000518805
0.00140247
0.000454014
0.000547126
0.00067383
0.000240525
0.000516236
0.00403009
0.000556923
0.000553433
0.000843891
0.000622279
0.00372546
0.000220799
0.00110355
0.000517702
0.000667612
0.000724394
0.000610098
0.000453851
0.000651663
0.000345064
0.000817386
0.00127917
0.000526622
0.000576826
0.00145552
0.000748358
0.00036252
0.000726623
0.000846513
0.000311733
0.000812914
0.00090722
0.000275774
0.000523413
0.000621092
0.00113057
0.000813112
0.00040216
0.000583818
0.000983252
0.00091584
0.000333238
0.000576207
0.000244938
0.000341074
0.000213644
0.000889134
0.000998326
0.000655236
0.000912475
0.00062328
0.00099622
0.000180259
0.000433474
0.000687284
0.00131148
0.0004409
0.000601942
0.000594039
0.000699049
0.000393356
0.000215694
0.00084682
0.000656744
0.0102718
0.000587391
0.00325637
0.000254113
0.000293794
0.000642865
0.00113473
0.000849416
0.000457212
0.000524892
0.000596994
0.000451295
0.000989452
0.000782902
0.000520848
0.000277166
0.000738545
0.000870148
0.000679744
0.000343232
0.0011821
0.000455172
0.000787882
0.000824178
0.000717969
0.000773898
0.000455572
0.000546003
0.000467484
0.000690762
0.000579936
0.00899863
0.000666125
0.000475878
0.00093956
0.000759811
0.0016422
0.00284109
0.000807482
0.000814321
0.00128395
0.00140445
0.000553812
0.000545059
0.000401953
0.00488186
0.00106428
0.000975545
0.00491173
0.000671014
0.00221162
0.000775015
0.000387943
0.00110403
0.00107982
0.000692889
0.000454897
0.00126006
0.000500293
0.000949427
0.000616812
0.000565581
0.000489665
0.000690506
0.00138639
0.000113032
0.000865016
0.000538535
0.000247303
0.00137194
0.000623714
0.000378162
0.000316896
0.000818918
0.000395067
0.0042316
0.000155259
0.000594079
0.000876733
0.000932499
0.000503421
0.000675574
0.00147279
0.000489664
8.83286e-05
0.00119633
0.000786714
0.00524195
0.000764119
0.00224977
0.00104403
0.00049871
0.000202577
0.000353482
0.000731577
0.000878313
0.000634272
0.00503604
0.00139917
0.00060127
0.000665552
0.000386397
0.000688688
0.00215402
0.0010614
0.000369201
0.000834984
0.000580326
0.00117254
0.000869886
0.0016589
0.000973527
0.000788047
0.00125665
0.000888335
0.000475323
0.00115249
0.00911882
0.000713155
0.000354015
0.00059436
0.000734166
0.000810957
0.000526609
0.00217704
0.000889578
0.000381097
0.000702156
0.00133297
0.000275955
0.000600621
0.00043664
0.00075318
0.000137296
0.000636273
0.000788445
0.000462434
0.000818135
0.000527301
0.00130519
0.000180849
0.00182696
0.000494574
0.000593972
0.00496888
0.000397071
0.000303655
0.000641273
0.00266446
0.000627107
0.00104925
0.000909023
0.000374437
0.000465478
0.000567089
0.000962418
0.000852519
0.000257051
0.000323922
0.00156956
0.000668499
0.000765755
0.000400793
0.000401092
0.00131419
0.000353437
0.000395063
0.000702121
0.000551668
0.000491574
0.000467624
0.000405381
0.000711398
0.000931164
0.00021553
0.000914486
0.000391436
0.000542366
0.00030948
0.000785404
0.00174454
0.00099136
0.0031542
0.000357954
0.000485336
0.00223261
0.000647011
0.000356774
0.000425994
0.00075066
0.000969984
0.000416317
0.000357086
0.00321836
0.000397176
0.000513673
0.000625142
0.000482168
0.00029276
0.000720885
0.000738873
0.000284098
0.0006
0.00149699
0.000422286
0.00067164
0.000399491
0.00104893
0.000536814
0.000753472
0.000177469
0.00124287
0.00075137
0.000847121
0.00217165
0.000396706
0.000265143
0.000330356
0.000346767
0.00125289
0.000910909
0.000448313
0.000958872
0.00916666
0.000481425
0.000739456
0.000921921
0.000617893
0.000277757
0.000291747
0.000774054
0.0100431
0.00120487
0.00148074
0.000667111
0.000845825
0.0141454
0.000703841
0.000632541
0.000880737
0.00414769
0.00141704
0.00124871
0.000907954
0.00112021
0.00117934
0.000361326
0.000453831
0.000934522
0.000358684
0.0003338
0.000957995
0.000337461
0.00087706
0.00222996
0.0015134
0.000966777
0.000567496
0.000276999
0.000932465
0.000690684
0.000834304
0.00172778
0.00114296
0.0007181
0.00114613
0.000495662
0.000141914
0.000381097
0.000734107
0.000898196
0.00177773
0.000632282
0.000914675
0.000653305
0.00118064
0.000715012
0.000844457
0.000925712
0.00102489
0.00103895
0.00111993
0.000617154
0.00120393
0.000741639
0.000731543
0.000876901
0.000555587
0.000476427
0.00277538
0.000464921
0.000566194
0.00362587
0.000709813
0.0203392
0.000349849
0.00049911
0.000676294
0.000898761
0.000599192
0.000451114
0.000438288
0.000799575
0.000508822
0.000642638
0.0031233
0.00032997
0.000402787
0.0010454
0.000452218
0.000651286
0.000461953
0.00058361
0.00049886
0.000617787
0.000641424
0.000199095
0.000840336
0.00209674
0.000715187
0.000709749
0.00071186
0.000443317
0.000748764
0.000391027
0.000580439
0.000935477
0.000616248
0.0026931
0.000724698
0.000697431
0.00102393
0.000882518
0.000170594
0.000488645
0.000194721
0.000890218
0.000448176
0.000713434
0.00124422
0.000704833
0.000524724
0.000868129
0.00109529
0.000401243
0.000516805
0.00370224
0.000180342
0.000348842
0.000883369
0.000232872
0.000627454
0.000450659
0.00073216
0.00161612
0.00084197
0.00051094
0.000773795
0.00101177
0.000796603
0.000833004
0.000990281
0.00446032
0.000468604
0.000865228
0.000379204
0.00146437
0.000551869
0.0982663
0.00182249
0.000786166
0.000671712
0.000712054
0.00091125
0.000674238
0.00249096
0.000411468
0.000365328
0.00335474
0.00122512
0.000478402
0.000664245
0.000163712
0.000876625
0.000638243
0.000692884
0.000290536
0.000735994
0.00152589
0.000709019
0.000726402
0.000192804
0.000681706
0.000665596
0.000686695
0.000705566
0.00100906
0.000481762
0.000227161
0.000488943
0.000939776
0.000939921
0.000749298
0.000391474
0.00114355
0.000314186
0.000579318
0.000855985
0.00248511
0.00173898
0.00114976
0.00040256
0.000633925
0.000344322
0.000534023
0.00095604
0.000664622
0.000154501
0.000763373
0.000707527
0.000758935
0.000315928
0.000429607
0.000956338
0.000932739
0.00147833
0.000429825
0.000826336
0.000546875
0.000366522
0.000256639
0.000487162
0.00238418
0.000359081
0.000500423
0.000771244
0.000479736
0.000374786
0.000469254
0.000872676
0.000984655
0.000697709
0.00103262
0.000534783
0.000519415
0.000844144
0.000614953
0.000508975
0.00064857
0.000517757
0.000413898
0.000675739
0.0010314
0.000994305
0.00051799
0.000978783
0.000125563
7.52863e-05
0.000463815
0.000597348
0.00125905
0.000639728
0.000473745
0.000337809
0.000904898
0.00062774
0.000530207
0.00777657
0.00038322
0.000636953
0.000891818
0.00108706
0.000341006
0.00106599
0.00114569
0.000503884
0.000696222
0.00160603
0.000408703
0.00111487
0.000593734
0.00155925
0.000498474
0.000409134
0.0013468
0.000424082
0.00183635
0.00113815
0.00068483
0.000485968
0.000560676
0.00109695
0.00823749
0.00036834
0.000809057
0.000734996
0.000611095
0.00109242
0.000945982
0.0015689
0.000643265
0.00105068
0.00050652
0.00145337
0.000728241
0.0010415
0.000966124
0.000522676
0.00149232
0.000625349
0.000288661
0.000695206
0.000750102
0.00206983
0.000558037
0.000252933
0.000812632
0.000946629
0.000779043
0.00067476
0.00293325
0.00051905
0.00076378
0.0021653
0.000475712
0.00164102
0.00122735
0.00068992
0.000713492
0.000930869
0.000876083
0.000574579
0.00061887
0.000343372
0.000580703
0.000963728
0.0005012
0.000598388
0.00171302
0.00134952
0.00029503
0.000981361
0.000386123
0.000387938
0.000997944
0.000457999
0.000273207
0.00336009
0.00161215
0.000389148
0.000459895
0.000227016
0.000573571
0.000314577
0.000966299
0.000209143
0.00264208
0.000611663
0.000139613
0.000487971
0.000603202
0.000535017
0.0125702
0.000537305
0.000696068
0.000716703
0.000966846
0.000598376
0.0010279
0.000491853
0.000573767
0.00158539
0.000744566
0.000439644
0.000367636
0.000550181
0.000460264
0.000789714
0.000388991
0.000615987
0.00110627
0.000508703
0.000464752
0.000914292
0.00114393
0.00450611
0.0042592
0.000949048
0.000429679
0.00189894
0.000208445
0.0005365
0.00125605
0.000355991
0.00135949
0.000513058
0.000737941
0.000608471
0.000475143
0.00119876
0.000959216
0.000557999
0.00297307
0.000339697
0.000314598
0.00383873
0.000316396
0.000921878
0.000987884
0.000714559
0.000650121
0.00114643
0.000611997
0.000656608
0.0100477
0.000804766
0.000769605
0.00177102
0.000872128
0.00034717
0.00167417
0.000523121
0.0050557
0.000596643
0.000201369
0.00103675
0.0016061
0.00121941
0.000533654
0.00367254
0.00188949
0.000850297
0.00202179
0.000998873
0.00025518
0.000533471
0.00139528
0.000326086
0.000596102
0.000884373
0.00121671
0.000959306
0.00613157
0.000574802
0.000684499
0.000577955
0.000783751
0.000253219
0.000438618
0.000871378
0.000427679
0.000671263
0.000543696
0.000366422
0.000425942
0.00117111
0.000624096
0.00132866
0.000665123
0.00150561
0.000827512
0.00100059
0.000964712
0.000444195
0.000688868
6.01154e-05
0.000411995
0.000555848
0.000808356
0.00130498
0.00121779
0.000947003
0.00128911
0.000766555
0.000930763
0.000827353
0.000545125
0.000694936
0.00192419
0.000615974
0.00054818
0.00201706
0.000959868
0.000325807
0.00031093
0.000607551
0.000871006
0.000581309
0.000472396
0.000587903
0.0010296
0.00101997
0.000975995
0.000566226
0.00264582
0.000941064
0.00061935
0.000618863
0.00121006
0.00110072
0.000935492
0.00168183
0.000398066
0.000874944
0.000594411
0.00020166
0.000361351
0.00157288
0.000678397
0.000562826
0.0009202
0.000896753
0.000486291
0.000875943
0.00259663
0.00108844
0.000554614
0.00114042
0.00191997
0.00310675
0.000371857
0.000561946
0.000741116
0.000449005
0.000341234
0.000811719
0.00165905
0.00128358
0.000348485
0.000402163
0.00071857
0.0005343
0.000698138
0.000965308
0.000448074
0.00130828
0.000792869
0.000198606
0.000261355
0.000968004
0.000743195
0.000858653
0.000613626
0.000730717
0.000396819
0.000140774
0.000243832
0.000423683
0.00103257
0.00051253
0.000733363
0.000534082
0.00071748
0.00119013
0.0160914
0.00037464
0.00155691
0.0114711
0.000271756
0.000401867
0.000909572
0.0012348
0.000223094
0.00108822
0.000243096
0.00184445
0.000644468
0.00108473
0.000502842
0.000500601
0.000335887
0.000532879
0.000554072
0.000316975
0.000395834
0.0013064
0.000641336
0.000839315
0.000539685
0.00133587
0.00133082
0.000480526
0.000506175
0.000469746
0.00133189
0.000968804
0.000412629
0.000616836
0.000382803
0.000476419
0.000227924
0.000598385
0.00108537
0.000276121
0.000847996
0.000531035
0.000703315
0.00103741
0.000542935
0.000442844
0.00038481
0.000498784
0.00376231
0.000816401
0.000994782
0.000510571
0.000578376
0.000736276
0.00114909
0.00135813
0.000844097
0.00156651
0.000807081
0.000743442
0.00125887
0.000515401
0.000876386
0.00120587
0.000697492
0.000573433
0.000531022
0.000497994
0.000696397
0.000484661
0.000656229
0.000443114
0.000501297
0.000559184
0.000652555
0.000794073
0.000431012
0.00286908
0.000224254
0.00100037
0.000563584
0.000329975
0.00027774
0.000698184
0.000502253
0.000358817
0.0010413
0.00419039
0.00125961
0.00102234
0.000835329
0.000632702
0.00199617
0.00118802
0.00449274
0.000900245
0.000855953
0.000692652
0.000862842
0.00046231
0.00110687
0.000625872
0.000156881
0.000336725
0.000492473
0.00184167
0.00163414
0.000503011
0.000920302
0.000172598
0.00161105
0.0158917
0.000225237
0.000678906
0.000756435
0.000740143
0.00101134
0.00101665
0.00255662
0.00412907
0.000620258
0.000951306
0.000541083
0.000449263
0.000516027
0.00102859
0.000551324
0.0112572
0.000637606
0.000645458
0.000257488
0.000752214
0.00090111
0.000654932
0.000697027
0.000289785
0.000909174
0.000342385
0.0199112
0.000996684
0.000733918
0.00064435
0.000903984
0.000677759
0.000438155
0.00148517
0.0006257
0.000334716
0.000582882
0.000246911
0.00107007
0.000410918
0.000482224
0.000738954
0.000943436
0.000377111
2.41538e-05
0.000456809
0.000347212
0.000963116
0.000733834
0.001335
0.000540853
0.00113131
0.0014569
0.000621964
0.000291417
0.000208302
0.000786025
0.000527375
0.000973057
0.000456216
0.000531724
0.00139843
0.000811798
0.000293217
0.000474772
0.00067084
0.000481453
0.000772548
0.000353243
0.000275302
0.000788208
0.000641133
0.000254702
0.000723579
0.000336497
0.00132494
0.000312594
0.00125504
0.00197837
0.00030798
0.000754796
0.00195178
0.00041517
0.00548014
0.000414405
0.000390499
0.000284935
7.63877e-05
0.000926452
0.000914735
0.00396446
0.00208736
0.00055883
0.000446933
0.000964937
0.000535108
0.000782354
0.00170209
0.00164279
0.000550955
0.000600023
0.000727317
0.00820406
0.00832055
0.000385883
0.00126529
0.000775098
0.000475015
8.10088e-05
0.000986676
0.000891028
0.000808202
0.000246385
0.000458231
0.00114497
0.000904167
0.000380348
0.00302612
0.000857428
0.000969676
0.000604938
0.00103126
0.000659025
0.000617999
0.00107159
0.00303159
0.000892117
0.000159758
0.00121534
0.000952431
0.00150601
0.000632223
0.00133195
0.000597953
0.000395102
0.000662421
0.00107387
0.00096893
0.000559954
0.00146157
0.000668386
0.000355812
0.000618621
0.000959102
0.000453188
0.000507623
0.000318171
0.000712813
0.000593261
0.00143422
0.000556979
0.000235898
0.000515934
0.00163216
0.000445255
0.000616057
0.00140365
0.000388946
0.000906852
0.000782466
0.00138041
0.000625383
0.0025995
0.000964472
0.00183414
0.000960605
0.000693508
0.00140115
0.000855239
0.00659045
0.000270742
0.000364621
0.00076289
0.000683545
0.000423214
0.00747417
0.000574654
0.00110416
0.00146805
0.000655555
0.000476379
0.000794254
0.000609265
0.000679975
0.000353996
0.000754476
0.000539708
0.000515722
0.00034287
0.000511643
0.00132531
