0.00163299
0.00283677
0.00532006
0.000936243
0.00718366
0.00295796
0.00169305
0.00300177
0.00337185
0.00191655
0.00283814
0.00422103
0.00334715
0.00265686
0.00209148
0.00272834
0.00289755
0.00274952
0.00359074
0.00320184
0.00242113
0.00256712
0.00596369
0.00309741
0.00239268
0.0017586
0.00255876
0.00259574
0.00214422
0.00346266
0.00242623
0.0023639
0.0019269
0.00370209
0.00196689
0.00257957
0.00286683
0.00425478
0.00435958
0.00166914
0.00195754
0.00287322
0.0025265
0.00282789
0.00303329
0.00398932
0.00280594
0.0027893
0.0832307
0.00384415
0.00270358
0.00144253
0.00230575
0.00257525
0.00476088
0.000868707
0.00211741
0.0121367
0.00185498
0.00241589
0.00378136
0.00593754
0.00844899
0.0017038
0.00128385
0.00181649
0.00214013
0.00151621
0.00333479
0.00154799
0.00247867
0.00268855
0.00187179
0.00244246
0.00192008
0.00355385
0.000827283
0.00340017
0.00149699
0.0013015
0.0134878
0.00244736
0.0018149
0.00225827
0.00254358
0.00190499
0.00275313
0.0115648
0.00466742
0.00219961
0.00230186
0.00221099
0.00143495
0.0029084
0.00443058
0.00186038
0.00315704
0.00258267
0.00402569
0.00211452
0.0261578
0.00166842
0.0024307
0.00188594
0.00261051
0.00307238
0.00225003
0.0025993
0.00212815
0.00394299
0.00249565
0.001963
0.0156096
0.00551924
0.0132078
0.00233771
0.00336789
0.00207172
0.0108133
0.00175693
0.0036594
0.0019847
0.0035227
0.00233174
0.00662157
0.00166301
0.00335216
0.00570172
0.00184746
0.00329867
0.00236688
0.00661617
0.00231564
0.00259251
0.0028992
0.00151237
0.00238416
0.00186573
0.0017323
0.00182763
0.00162005
0.00189281
0.00272401
0.00165641
0.00288744
0.0015959
0.00510398
0.00528973
0.0011184
0.00198003
0.00251757
0.0064062
0.00161416
0.00231124
0.00350929
0.00157699
0.00726446
0.00962578
0.00194988
0.0197038
0.00901731
0.00169074
0.00795382
0.00386492
0.00192295
0.00825357
0.00104392
0.00251657
0.00238268
0.00238733
0.00232873
0.00297683
0.00742322
0.00269232
0.00363249
0.00708999
0.00420301
0.00183987
0.00282462
0.00112414
0.00424452
0.00704424
0.00258069
0.00592843
0.00246978
0.00135375
0.00185551
0.00223304
0.00409508
0.00223885
0.00374488
0.00314369
0.00695567
0.00173689
0.00217669
0.00308437
0.000877745
0.00218345
0.00285685
0.00893209
0.00549217
0.00269349
0.000756086
0.00499442
0.00222602
0.00132489
0.00208595
0.00481139
0.00207849
0.00220284
0.00297905
0.00385643
0.00517292
0.00171341
0.00184116
0.00262017
0.0024618
0.00209618
0.00344441
0.00178595
0.00265116
0.00352027
0.00785632
0.00405849
0.00416325
0.00493439
0.00134846
0.00105798
0.0031848
0.00317208
0.00387017
0.00221255
0.00248375
0.015222
0.00263842
0.0016999
0.00205063
0.00312434
0.00228203
0.00279147
0.00296943
0.00489865
0.00235506
0.00230514
0.00287717
0.00263419
0.00225649
0.00234993
0.00289722
0.00177069
0.00197682
0.0016598
0.0035152
0.00212854
0.00215422
0.00701184
0.00209384
0.00203324
0.00440751
0.00193065
0.00567912
0.0022802
0.00225987
0.00406766
0.00589292
0.00193697
0.00243794
0.00421101
0.00396907
0.00363735
0.00233734
0.00207099
0.00367081
0.00197447
0.00364626
0.00148635
0.00217915
0.00362377
0.00151983
0.00165933
0.00238386
0.00398946
0.00319115
0.0031313
0.000996533
0.00271424
0.00244116
0.00199666
0.00389379
0.0021089
0.0022571
0.00575016
0.0056295
0.00361886
0.00248777
0.00342347
0.00222025
0.00178524
0.00173812
0.00812744
0.00330461
0.00831746
0.001701
0.00335428
0.0032565
0.00348599
0.0122982
0.0026182
0.0014331
0.0022224
0.00304524
0.00228237
0.00259587
0.00294811
0.00318083
0.00228665
0.00211189
0.0103635
0.00201911
0.00386266
0.00518861
0.00439869
0.00358895
0.00975776
0.00173726
0.00172917
0.00205196
0.00409245
0.00271588
0.00364455
0.00412229
0.00246629
0.00164711
0.002748
0.00833955
0.00113884
0.00279823
0.0017669
0.00341572
0.0113953
0.00287197
0.00156131
0.00165533
0.00173384
0.00317435
0.00248662
0.00164874
0.00316573
0.0027433
0.00364243
0.00224223
0.0018857
0.00217155
0.00118946
0.00332179
0.00115805
0.00174084
0.00299472
0.0016561
0.00287047
0.00432211
0.00503567
0.00174923
0.00259042
0.00512831
0.00278481
0.0163235
0.00210846
0.00230108
0.00425815
0.00274972
0.00361781
0.00233581
0.00413135
0.00153631
0.00249227
0.00217183
0.00224111
0.00645284
0.00286749
0.00167955
