0.000363368
0.000269194
0.000456756
0.000467858
0.00071105
0.0003419
0.000412145
0.000217718
0.000400505
0.000623944
0.000881168
0.00021171
0.000401724
0.000313696
0.000158931
0.000620762
0.000418212
0.000395343
0.000323976
3.97325e-05
0.000661897
0.000497558
0.000424362
0.000480953
0.000436486
0.00146668
0.000494257
0.000164699
0.000548363
0.000345478
0.000207344
0.000755615
0.000165859
0.000351379
0.00050123
0.000895354
0.000710468
0.00042241
0.000472674
0.00078329
0.000352768
0.000467576
0.00105493
0.000408606
0.00109267
0.000311598
0.000667208
0.000366588
0.000213574
0.000232191
0.000687513
0.000461459
0.000135876
0.000241122
0.000567805
0.000550163
0.000341965
0.000910135
5.20101e-05
0.000615399
0.000389096
0.000329301
0.000308332
0.000349502
0.000849441
0.00044315
0.000385139
0.000359347
0.000225242
0.00025614
0.000293609
0.000688408
0.00171559
0.000489803
0.000411228
0.000593783
0.000446535
0.00039507
0.000270675
0.000319713
0.000266977
0.00077406
0.000442598
0.000353265
0.000874333
0.000509309
0.000334022
0.000555395
0.000192329
0.000273607
0.000412772
0.0033725
0.000574906
0.000349461
0.000445409
0.00100134
0.000363375
0.00114234
0.000325811
0.000533207
0.000225048
0.000758374
0.000820683
0.000193337
0.000770218
0.00115374
0.000616658
0.00032683
0.000913932
0.00045268
0.000466946
0.000567356
0.000465966
0.000326177
0.000313947
0.000537273
0.00110965
0.00103496
0.000146662
0.000413569
0.000501567
0.0138996
0.000836407
0.00047091
0.000585144
0.00119919
0.000261572
0.00441821
0.000234844
0.000732138
0.000375811
0.000425168
0.000390593
0.000540894
0.000274631
0.000238082
0.000392882
0.000725948
0.000413305
0.000798509
0.000546491
0.00255593
0.000688735
0.000428772
0.00074753
0.00113091
0.000814314
0.0010138
0.000323285
0.00160885
0.000858078
0.000549502
0.000649287
0.00110587
0.000324366
0.000386647
0.000307374
0.000373256
0.00102346
0.00055144
0.000992885
0.000779173
0.000462247
0.000184813
0.000581363
0.000879392
0.000132005
0.000312365
0.000355468
0.000339868
0.000767927
0.00026225
0.000537869
0.000566218
0.000582494
0.000414046
0.000707322
0.000483987
0.000454831
0.00113825
0.000400079
0.000429275
0.000721304
0.000291209
0.000414482
0.000257184
0.000470499
0.00265356
0.00050982
0.000292869
0.000375566
9.94408e-05
0.000339606
0.000177023
0.00028534
0.000621148
0.000199235
0.000641422
0.000837627
0.000466645
0.000470072
0.000396932
0.000186051
0.000806715
0.000175349
0.000499473
0.000625599
0.000233257
0.000325164
0.000575885
0.000209067
0.000175375
0.000288657
0.000353831
0.000645098
0.000304561
0.000407133
0.001363
0.000304355
0.00025798
0.000475485
0.000684539
0.000341885
0.000545689
0.000378349
0.000260085
0.00105719
0.000402901
0.000520901
0.00053786
0.000495847
0.00026084
0.000323707
0.000678339
0.000105766
0.000273821
0.000211444
0.000752015
0.000619344
0.000526134
0.00362594
0.000614604
0.000356037
0.000319046
0.000413578
0.000374181
0.000467602
0.000525283
0.000377962
0.000469491
0.000202662
0.000201396
0.000790644
0.000796881
0.000590737
0.000297185
0.000279764
0.0008205
0.000513282
0.126459
0.000404278
0.000527128
0.000274554
0.00039023
0.00051587
0.000390702
0.000582145
0.00238297
0.000470563
0.000292236
0.0173071
0.000385296
0.000417316
0.000803057
0.000940512
0.000877785
0.000290401
0.000362029
0.000110749
0.00173491
0.000403809
0.000869551
0.00182493
0.00072566
0.000195203
0.00029481
0.000628265
0.00034143
0.000797859
0.000499041
0.000869518
0.000794488
0.00452213
0.000671973
0.000379058
0.000262871
0.00404585
0.000868306
0.000455655
0.000738325
0.0023953
0.000445666
0.000329725
0.000217076
0.000394979
7.81385e-05
0.000430636
0.000399771
0.000416284
0.000664895
0.000334182
0.000507871
0.000789864
0.000584905
0.000780305
0.000269419
0.000524548
0.000468415
0.000331098
0.000381778
0.000472002
0.000302699
0.000260561
0.0012703
0.000468235
0.000432178
0.00030538
0.000178808
0.000462763
0.000276573
7.52284e-05
0.000347566
0.00033828
0.000375198
0.000334297
0.000364866
0.00066272
0.000489222
0.000126288
0.000234491
0.000455201
0.00270962
0.00049878
0.000465759
0.000838691
0.00061303
0.00027385
0.000721844
0.00104523
0.00202513
0.000664189
0.000354631
0.000350265
0.000260852
0.000522842
0.000631467
0.000162977
0.000367401
0.000647909
0.000412348
0.00157989
0.000326305
0.000330115
0.000106476
0.000478562
0.000202992
0.000452661
0.000485863
0.000558656
0.000754564
0.000409313
0.000313628
0.00014838
0.000787109
0.000224469
0.000464666
0.000537107
0.000293207
0.00151834
0.000570398
0.000358325
0.000451923
0.000598458
0.000220699
0.00178215
0.000316784
0.000313841
6.80082e-05
0.000232306
0.00080671
0.000257877
0.000225324
0.000357701
0.00059646
0.000291944
0.000687553
0.000663144
0.000390036
0.000510172
0.000314236
0.000809308
0.00360475
0.00160826
0.000343375
0.000823087
0.000732319
4.72313e-05
0.000229113
0.000807932
0.000440605
0.000277956
0.000488496
0.000680731
0.000340537
0.000499703
0.000453226
0.000266113
0.00118031
0.000513523
0.000263474
0.000418467
0.000126177
0.000522826
0.000682042
0.000225156
0.000408934
0.000348272
0.00133913
0.000534494
0.000449251
0.000228931
0.000276797
0.000673331
0.000581116
0.00031747
0.000994295
0.000396573
0.000303595
0.000237447
0.000295997
0.000143404
0.000219778
0.000189263
0.0008191
0.000730784
0.000327758
0.000566221
0.000240075
0.000445788
0.000857008
0.000736589
0.000387512
0.000416661
0.000524944
0.000542591
0.000848648
0.000213746
0.000575461
0.000567489
0.000427924
0.00058825
0.000537438
0.000516802
0.000415314
0.000418127
0.000835853
0.000405504
0.00057672
0.000663846
0.000393389
0.000473814
0.000418271
0.000399857
0.000317709
0.000783528
0.000684808
0.00969916
0.000540963
0.00035026
0.000254402
0.000421633
0.00111365
0.00076205
0.000246287
0.000351138
0.000354868
0.000941593
0.000176402
0.000258865
0.00054343
0.000339871
0.000714345
0.000463408
0.00060057
0.000428717
0.000357156
0.00090084
0.000198886
0.000188632
0.000356711
0.00126206
0.000308043
0.000324394
0.000781205
0.000356055
0.000195834
0.000366131
0.000650519
0.000315371
0.000738603
0.00039034
0.000546455
0.000372697
0.000189115
0.000894956
0.000909174
0.000735379
0.000890284
0.000715033
0.000500432
0.000364758
0.000299913
0.00084785
0.000808331
0.000143662
0.00131498
0.000364341
0.000823198
0.000365451
0.0010353
0.000402716
0.000218922
0.000579859
0.00047536
0.000275043
0.000947483
0.00120485
0.00229286
0.000369039
1.85415e-05
0.000397868
0.000179974
0.000237439
0.00121981
0.000315782
0.000310709
0.00423289
0.000241115
0.000456228
0.000419603
0.000579961
0.000581174
0.000593773
0.000782051
0.000411363
0.000228322
0.00148498
0.000156816
0.000348227
0.000244938
0.000307343
0.00042853
0.00564001
0.000528183
0.00087313
0.000277986
0.000416024
0.00106137
0.000807213
0.00105482
0.000344683
0.000791367
0.000155533
0.000368071
0.000353385
0.000370545
0.000922769
0.000468722
0.000574965
0.000414268
0.000671556
0.000567517
0.000727154
0.000692159
0.00199058
0.000175862
0.000413095
0.000248407
0.000346962
0.000713646
0.000697933
0.000999642
0.000580594
0.00027464
0.000223891
0.00416415
0.000291183
0.000692647
0.000500961
0.000510406
0.000288945
0.000772643
0.000354129
0.000387622
0.000303843
0.000514235
0.000343656
0.00031627
0.0003889
0.000150321
0.000617983
0.000143865
0.000595927
0.00031288
0.00063697
0.00041736
0.000291648
0.00161622
0.000433567
0.000416295
0.000419266
0.00525791
0.000270983
0.000559697
0.000178772
0.00116377
0.000291955
0.00010502
0.000946159
0.000634063
0.000771673
0.000896492
0.000403348
0.000638019
0.000214988
0.00288509
0.00187708
0.000258296
0.000553842
0.000525389
0.000424658
0.000868356
0.000187344
0.000438093
0.000162846
0.00059826
0.000180903
0.000294696
0.000510117
0.000459301
0.000386698
0.000243207
0.000682751
0.00463449
0.000393064
0.00135874
0.000281574
0.00032385
0.000378063
0.000196937
0.000262187
0.00814464
0.000402655
0.000225099
0.000352863
5.28892e-05
0.000256224
0.000478348
0.000438033
0.000569237
0.00262896
0.000493277
0.000452842
0.000438137
0.00115319
0.00236415
0.000370814
0.000324612
0.000870848
0.000104118
0.000357832
0.000251454
0.000469126
0.00111252
0.000591899
0.000273288
0.000579169
0.000449814
0.000427408
0.000495772
0.000395705
0.00070052
0.00085593
0.00128221
0.00150484
0.000381362
0.00030303
0.000166586
0.000536966
0.000497208
0.000428034
0.000226349
0.000418555
0.000325453
0.00376483
0.000277638
0.000502767
0.000735094
0.000154839
0.000560545
0.000231303
0.00160783
0.000660485
0.000195998
0.000411836
0.000685925
0.000366581
0.000515878
0.000634737
0.000191592
0.00039573
0.000678943
0.000300181
0.00029951
0.000337303
0.000121512
0.000258645
0.000587504
0.000571424
0.000546316
0.000899064
0.000618243
0.000310462
0.000489931
0.00368317
0.00185769
0.001237
0.000598547
0.000361748
0.000340808
0.000323131
0.000355549
0.000575579
0.000748138
0.0010343
0.000128705
0.000391753
0.000667387
0.000320286
0.00138897
0.000629461
0.000617829
0.000581406
0.000359888
0.000505929
0.00024708
0.000217315
0.000522845
0.000418419
0.000404451
0.000383076
0.000535473
0.000300423
0.000319642
0.000223225
0.00106563
0.00103826
0.000976908
0.000847447
0.000204951
0.000323173
0.00014198
0.000647814
0.000508322
0.00103724
0.000601457
0.000567179
0.000299879
0.000481221
0.000577925
0.000786843
0.000891652
0.00136245
0.000274605
0.000795208
0.000364469
0.000604961
0.000266347
0.000567788
0.000366541
0.000499902
0.000358588
0.000333217
0.000808053
0.000240075
0.000198144
0.000551467
0.000763659
0.000242391
0.000438978
0.00155078
0.00043538
0.000383724
0.000762957
0.00109189
0.000480462
0.000332094
0.00129003
0.000233508
0.000471489
0.00032462
0.000357304
0.000299045
0.000248161
0.0125604
0.000158866
0.000207162
0.000448635
0.000279003
0.000150841
0.00148343
0.00130347
0.000587059
0.0110751
0.00137671
0.000422565
0.000365119
0.000214779
0.000296333
0.00037552
0.000787965
0.000460581
0.000443588
0.00094932
0.000454049
0.000630705
0.00138447
0.000332294
0.000488064
0.000550862
0.000269375
0.000923957
0.00024119
0.000259362
0.000915195
0.000433001
0.000409229
0.000449576
0.000536498
0.000534569
0.000312987
0.000675901
0.000518148
0.000406655
0.0002567
0.00191935
0.000303955
0.000531147
0.000751453
0.000515463
0.000436043
0.000585057
0.000357453
0.000985142
0.000477434
0.000489435
0.000771395
0.00203482
0.000283754
7.81538e-05
0.0177271
0.000180602
0.000162975
0.000439073
0.00125453
0.000342718
0.000206992
0.000463812
0.000405546
0.000497321
0.00038914
0.000831442
0.00108258
0.00130034
0.00501307
0.000882055
0.000537683
0.000608117
0.000274799
0.000109245
0.000589361
0.000536951
0.00357407
0.000793349
0.00199825
0.000455742
0.000476922
0.000271751
0.00020392
0.000152397
0.000323337
0.00127903
0.000358832
0.000255489
0.000291564
0.00055475
0.000579876
0.000730899
0.000782236
0.000864164
0.000469865
0.000261276
0.00112951
8.73797e-05
0.000485846
0.000318138
0.000532277
0.000220809
0.000175164
4.74145e-05
0.0003161
0.000333106
0.000589783
0.000566254
0.000512844
0.000314784
0.000313108
0.000292892
0.00061855
0.000550941
0.00070074
0.000155851
0.00109366
0.000238604
0.000325485
0.000164729
0.000318692
0.00124113
0.000615421
0.000481896
0.000639177
0.00219107
0.000774241
0.000356505
0.000716565
0.000317898
0.000758804
0.000182656
0.000853936
0.000824612
0.00147054
0.000440535
0.000184506
0.000783489
0.000455195
0.00152965
0.000735448
0.000412414
0.00104963
0.000658719
0.000766274
0.000219995
0.000437337
0.000825685
0.000491084
0.00123519
0.000500297
0.000297129
0.000509842
0.000404201
0.000561009
0.000325916
0.000744853
0.000304256
0.000492929
0.000660674
0.00158486
0.000564137
0.000620511
0.000319021
0.000956824
0.000488399
0.00035342
0.000476201
0.00109377
0.000677498
0.00101525
0.000417906
9.52094e-05
0.000509499
0.000409793
0.000474738
0.000207834
0.000299879
0.0001842
0.00105478
0.000314454
0.000185529
0.000271125
0.000547577
0.000206332
0.000652025
0.00041305
0.000605447
0.000278413
0.000521898
0.000983686
0.000523675
0.000508021
0.000467855
0.00193144
0.00130565
0.000972152
0.000252215
0.00137391
0.000367179
0.000257101
0.000394227
0.000550131
0.000484467
0.000588579
0.000564921
0.000390565
0.000675682
0.00055501
0.00118291
0.000289309
0.000257549
0.000406018
0.000580031
0.00195535
0.00011044
0.000425106
0.000366017
0.000181589
0.000424519
0.00015233
0.000300886
0.00316343
0.000533089
0.000430033
0.000394196
0.000539874
0.00120553
0.000133566
0.000460263
0.000581218
0.000501627
0.000480104
0.00141142
0.000679138
0.000319181
0.000529293
0.00024999
0.000352956
0.000374813
0.000368441
0.00278487
0.000364681
0.00046842
0.000680524
0.000721441
0.000347201
0.000386121
0.000319946
0.000330352
0.00105622
0.0003607
0.000497723
0.00221775
9.08273e-05
0.000152966
0.000213499
0.000352441
0.00110395
0.000612285
0.00080132
0.00397828
0.000829391
0.00044197
0.000213839
0.000296816
0.000343753
0.00030874
0.0142716
0.000265702
0.000581851
0.000433597
0.000408835
0.000470136
0.00554676
0.00130727
0.000418083
0.000676003
0.000426025
0.000402707
0.000472754
0.000579131
0.000610191
0.000769719
0.000501501
0.000420385
0.000896507
0.000338605
0.00015327
0.000599491
0.000453952
0.00044056
0.000827891
0.000293697
0.0003796
0.000536925
0.000468711
0.00237439
5.66343e-05
0.000484267
0.000237125
0.000579481
0.00932384
6.7431e-05
0.000147646
0.0228409
0.000183917
0.000433145
0.000345994
0.000285983
0.000382191
0.000502772
0.000874071
0.000375758
0.000366927
0.00108259
0.000279229
0.000137023
0.00016981
0.000478579
0.000680723
0.000185191
0.000462659
0.000354621
0.000302609
0.000222246
0.000617675
0.000377806
0.000717177
0.000834509
0.000367543
0.000213465
0.000329086
0.000178408
0.000404798
0.000390633
0.000284164
0.00121668
6.7797e-05
0.000396094
0.000779383
0.000147584
0.000198222
0.000657346
0.00043207
0.000422563
0.000625813
0.00037268
0.000438331
0.000433196
0.000428147
0.000291617
0.00112036
0.000758804
0.000204282
0.000416052
0.000424295
0.000591919
0.000985694
0.000435916
0.000272772
0.000456276
0.000154721
0.000909608
0.000146553
0.00040073
0.000645152
0.000903829
0.000659813
0.00073085
0.00084001
0.00019644
0.000757058
0.000518005
0.00208561
0.00068143
0.000510839
0.000209228
0.000817124
0.000255779
0.000709451
0.000475689
0.000345149
0.000479615
0.000556676
0.000335779
0.00071572
0.000380674
0.000270578
0.000181848
0.000195778
0.000352329
0.000324532
0.00115865
0.000725074
0.00128397
0.000307823
0.000415581
0.000779443
0.000549688
0.00088967
0.000563992
0.000310505
0.000393196
0.000482697
0.000539184
0.000531799
0.000455809
0.0001074
3.50161e-05
0.000486136
0.000174929
0.000751146
0.000301075
0.00041583
0.000210808
0.000554359
0.000495366
0.000278186
0.00063832
0.000295895
0.000708374
0.000845175
0.000421028
0.000354188
0.000360609
0.000104133
0.000321498
0.00025823
0.00208497
0.00022195
0.00060727
0.000593009
0.000452536
0.000729573
0.00116716
2.80056e-05
0.000333885
0.000510264
0.000341155
0.00160285
0.000377457
0.000451157
0.000262597
0.000445609
0.000439151
0.000344554
0.000176407
0.00035725
0.000654044
0.000251694
0.00267863
0.000626206
0.000897412
0.00130865
0.000424446
0.000632758
0.000210456
0.000233049
0.00021344
0.00066225
0.000209511
0.0005449
0.000487147
0.000787042
0.000566112
0.000619671
0.000351008
0.000235014
0.000541559
0.00447333
0.000476241
0.000250422
0.000242456
0.000828892
0.000174497
0.000578116
0.000347602
0.00126096
0.00125763
0.000270194
0.000665981
0.000469025
0.000950122
0.000544733
0.000813012
0.000261439
0.000392864
0.000512454
0.000252243
0.000394074
0.00101299
0.000728984
0.000811155
0.000406424
0.000381893
0.000176664
0.000637682
0.000592491
0.00138337
0.000267695
0.00166302
0.000406881
0.00102877
0.000356514
0.000307383
0.00060266
0.000417788
0.000367779
0.00032816
0.000249802
0.000268077
0.000647629
0.000772876
0.000455933
0.000501031
0.000297313
0.000190324
0.000450258
0.000637846
0.000455571
0.00062744
0.000143569
0.000288753
0.000397224
0.000474954
0.000652315
0.000738293
0.00016601
0.000285985
0.000373112
0.000444877
0.000748191
0.00042629
0.000276635
0.000562348
0.00248488
0.000365478
0.000480691
0.0130456
0.00043294
0.000222419
0.000401747
0.0012229
0.000563611
0.000362603
0.0005697
0.000733828
0.000670491
0.000620927
0.000279893
0.000362157
0.000329805
0.000350039
0.000248434
0.00181315
0.000183562
0.000919078
0.000303822
0.000501368
0.000164609
8.67992e-05
0.001886
0.0003176
0.000582137
0.000552807
0.000536098
0.000359561
0.00116265
0.000302682
0.00039476
0.000546141
0.000177394
0.000367766
0.00154708
5.22414e-05
0.00141702
0.000990176
0.000396736
0.00397554
0.000497688
0.000829024
0.00135334
0.000756899
0.00041249
0.000588062
9.60694e-05
0.000418207
0.000284846
0.000548655
0.000983709
0.000475491
0.000245637
7.29801e-05
0.000749235
0.000104123
0.000577034
0.00023045
0.000592395
0.000725683
0.000610262
2.04796e-05
0.000391204
0.000879325
0.000630323
0.00037444
0.00041323
0.000481265
0.00250804
0.000106127
0.0115715
0.000738039
0.000902096
0.000278693
0.000758052
0.000418862
0.00212161
3.83315e-05
0.000566239
0.000107242
0.000211083
0.000328912
0.000290368
0.000305738
0.000296573
0.000532083
0.000190015
0.00812251
0.000354369
0.00102519
0.000272349
0.000174866
0.000539433
0.000506217
0.000329407
0.000548112
0.000203118
0.000170382
0.000324462
0.000320425
0.00162467
0.000464837
0.000412432
0.00111938
0.00040069
0.000324703
0.000405188
0.000425522
0.000897429
0.000458634
0.000336304
0.000992729
0.000419781
0.000584913
0.00152173
0.00436782
0.000267463
0.00150803
0.00184836
0.000165661
0.000382167
0.000722856
0.00100427
0.000401032
0.000242994
0.000575221
0.000769943
0.000651172
0.000436662
0.000774948
8.07033e-05
0.000312039
0.000196083
0.000643591
0.000381823
0.00037036
0.000513347
0.00271552
0.000713164
0.000243411
0.000223733
0.00049799
8.68528e-05
0.000270055
0.000459588
0.000724141
0.000777676
0.00108545
0.000529418
0.000382992
0.0005393
0.00030392
0.00058461
0.00178166
0.000567758
0.000254442
0.00342943
0.00570789
0.00133834
0.0006028
0.000828488
0.000300267
0.00031683
0.000394783
0.000628943
0.000220592
0.000178977
0.000279797
0.000403645
0.00164887
0.000683397
0.000623622
0.00011118
0.000387182
0.000431025
0.00266328
0.00115507
0.000284501
0.000271259
0.000158608
0.000566335
0.000476476
0.000172042
0.000493484
0.000225882
0.000746803
0.000511215
0.000542453
0.000243418
0.000905708
0.000280807
0.000164148
0.000293399
0.000269487
0.000599021
0.000543588
0.000298546
0.000496085
0.000318439
0.000483703
0.000497086
0.00131391
0.000257117
0.000675305
0.000666196
0.000242275
0.000726763
0.000155555
0.000359188
0.000433981
0.000178597
0.000349475
0.000482252
0.000369176
0.000174488
0.000296532
0.000882531
0.000195524
0.000834469
0.000599617
0.000228047
0.000534222
0.000416159
0.000564315
0.000726296
0.000368625
0.000245276
0.00053946
0.0018996
0.00143427
0.00107834
0.000762579
0.00057025
0.000187214
0.00053578
0.000695424
0.0003583
0.000356589
0.000590153
0.000424692
0.000491854
0.000560749
0.000634454
0.000366047
0.000289447
0.000757472
0.000426137
0.000378059
0.000372359
0.00328108
0.000420094
0.000289111
0.000238136
0.000377193
0.000169876
0.000508705
0.000662905
0.000487167
0.00060517
0.000379361
0.000431197
0.00035933
0.000861044
0.000975764
0.000608839
0.000250554
0.00030723
0.000823496
0.000229542
0.00305356
0.000210469
0.000261448
0.000519808
0.000810264
0.000734987
0.000301493
0.000427085
0.000347056
0.000329623
0.000435784
0.00162263
0.000171654
0.000681801
0.000434164
0.000398819
0.00143319
0.000411655
0.000223348
0.000199664
0.000455259
0.00078152
0.000313687
0.000235959
0.000386921
0.000473175
0.000259573
0.000423331
0.000267736
0.000465391
0.000358209
0.000303143
0.000171445
0.00119258
0.000901705
0.00235414
0.000458214
0.000155023
0.000527357
0.000457304
0.000727452
0.000289077
0.000145998
0.000261492
0.00250451
0.00106153
0.000577886
0.000223644
0.000565776
0.000807844
0.000275738
0.00122006
0.0012125
0.00235207
0.000263886
0.000122169
0.000861227
0.000683072
0.000637898
0.000628623
0.00022
0.000381538
0.000118097
0.00044106
0.00020627
0.000542385
0.000214755
0.000304431
0.000244881
0.000927404
8.30324e-05
0.000303882
0.000415403
0.000329285
0.000271366
0.000300844
0.00067713
0.000477437
0.00127594
0.00036785
0.000209673
0.000172085
0.000526617
0.000157262
0.00187009
7.03592e-05
0.000273368
0.000513475
0.000234712
0.000412669
0.000495384
0.000597483
0.000185486
0.000624788
0.000511126
0.000427844
0.00058122
0.000293053
0.000485339
0.00116449
0.000487738
0.000139236
0.000207797
0.000645888
0.000361699
0.000931075
0.00067061
0.000445131
0.000998281
0.000474818
0.000703578
0.000867882
0.000283018
0.000481432
0.000318689
0.00142065
0.000385651
0.000277416
0.00023076
0.0010471
0.000384098
0.000272748
0.000273192
0.000594403
0.000995244
0.000369455
0.000209225
0.000684959
0.000464441
0.000466865
0.00037503
0.000516308
0.000818546
0.000672706
0.000519431
0.000116245
0.000601237
0.000167377
0.000285828
0.00471113
0.000653454
0.000360519
5.1085e-05
0.000910009
0.00287185
0.0552854
0.00222927
0.000177859
0.000537942
0.000236761
0.000358368
0.000459813
0.000367778
0.00039988
0.00020751
0.00067509
0.00112955
0.0064332
0.000438439
0.00363594
0.000508776
0.000251112
0.00043007
0.000912151
0.00288966
0.000519782
0.000251833
0.0016383
0.000664109
0.000214712
0.000598159
0.000446988
0.000255652
0.000427058
0.000487488
0.0016556
8.31417e-05
0.000649436
0.00054045
0.00044805
0.000580256
0.00674673
0.000263322
5.90999e-05
0.000665546
0.000304855
0.00180266
0.00047982
0.000627595
0.000764394
0.000398488
0.000520769
0.000440856
0.000829002
0.000642782
0.000338557
0.00021416
0.000381497
0.00027803
0.000129255
0.000477046
0.00023862
0.000527596
0.000730449
0.000296091
0.00135326
0.000393099
0.000192247
0.00036538
0.000838048
0.000361216
0.00340559
0.000650115
0.000503658
0.000370545
0.00074707
0.000206615
0.000261571
0.000508191
0.000436216
0.000885849
0.0011725
0.000225063
0.000508284
0.00171421
0.000245091
0.000220761
0.000470343
0.000351367
0.00029097
0.000384067
0.000185688
0.000151507
0.000663626
0.000460934
0.000538879
0.000199632
0.00028194
0.000543255
0.000233938
0.000596512
0.000400614
0.000968571
0.000514092
0.000434261
0.000581777
0.000324491
0.000494001
0.0002851
0.0006623
0.000823463
0.000557523
0.00155662
0.00034892
0.000254923
0.000523805
0.000237626
0.000588644
0.000412764
0.00090508
0.00165745
0.000304882
0.000646117
0.000591415
0.000337196
0.000353162
0.000330318
0.000605739
0.000197615
0.000674601
0.000357433
0.00022272
0.000480146
0.000369225
0.000546547
0.000192702
0.00015581
0.000269141
0.000402686
0.000766264
0.00144088
0.000220251
0.00080681
0.000339589
0.000403755
0.000614257
0.000408479
0.0005038
0.000582082
0.000480215
0.000629727
0.000321021
0.000413309
0.00023429
0.000405562
0.000208018
0.000371111
0.000423719
0.00157776
0.000984491
0.00048632
0.00061555
0.000772689
0.000475957
0.000279776
0.00115999
0.000666272
0.00082602
0.000660558
0.000201513
0.00362443
0.000589633
0.00238676
0.000686121
0.00062017
0.000964812
0.000770885
0.00114989
0.000119231
0.000309641
0.000622063
0.000244339
0.000502863
0.000135436
0.00260626
0.0019321
0.00134617
0.000311892
0.00164965
0.000514036
0.000452896
0.000652288
0.000567442
0.000659554
0.000790188
0.000190598
0.000392552
0.000537854
0.000314195
0.000655002
0.00242443
0.000223166
0.000200187
0.000348266
0.000571879
0.00018701
0.00040557
0.000127695
0.000263921
0.000360106
0.000383842
0.000446336
0.0010256
0.000585518
0.000380936
0.000366162
0.000326324
0.00305018
0.000514198
0.000251699
0.000348383
0.000102421
0.00490882
0.000414436
0.000370961
0.000278949
0.000372444
0.000292118
0.000933007
0.000376662
0.000301111
0.00029756
0.000908417
0.000334548
0.000571376
0.000861127
0.000166794
0.000278518
0.00054158
0.00113356
0.000449244
0.00059238
0.000295806
0.00168259
0.000848486
0.00055176
0.000708188
0.00033524
0.000791125
0.000441394
0.000423288
0.00020908
0.000711753
0.000118068
0.000524286
0.000111287
0.00054752
0.000455288
0.000505802
0.000127732
0.00893629
0.000247135
0.000189076
0.000269275
0.000839026
0.000474571
0.000153427
0.000463788
0.00160362
0.000291892
0.000879295
0.000514313
0.000224182
0.000669021
0.00050806
0.000490329
0.000830889
0.000988422
0.000968045
0.000362803
0.000248883
0.000149617
0.00222121
0.000417158
0.000424994
0.000233978
0.000236429
0.000672966
0.000816568
2.23387e-05
0.00080956
0.000580906
0.000635831
0.00203357
0.000276288
0.000330176
0.000525503
0.000615031
0.000335361
0.000786425
0.000524854
0.00126293
0.000474302
0.00133321
0.00055886
0.000725588
0.00078067
0.000844766
0.000171526
0.00042827
0.000424116
0.000500678
0.000180523
0.000657305
0.000432307
0.000919744
0.000420938
0.000292666
0.000443427
0.00046358
0.00107105
0.000498417
0.00468675
0.000254583
0.000895242
0.000357022
0.00118742
0.000467899
0.000382383
0.00072851
0.000429086
0.0052195
0.00023941
0.000399485
0.000404094
0.000375789
0.000194759
0.000179925
0.000352811
0.000442394
0.000225859
0.00210984
0.00036029
0.000424029
0.000239426
0.000654514
0.000993871
0.000487559
0.000552881
0.000309193
0.000660601
0.000156808
0.000274445
0.000252478
0.000269778
0.00042978
0.00107844
0.000102883
0.000536165
0.000338215
0.000446136
0.000378389
0.000897104
0.000210418
0.000405502
0.00882208
0.000136304
0.00144843
0.000444867
0.000143875
0.000167265
0.000366512
0.000433834
0.000706992
0.000324805
0.000473582
5.73089e-05
0.000414015
0.000517955
0.000157788
0.000590913
0.000432027
0.000320127
0.000453533
0.000353255
0.000298998
0.000449865
0.000346445
0.000465881
0.000884065
0.000323089
0.000541658
0.000605331
0.00032283
0.00190997
0.000652141
0.000735913
0.000205059
0.000920904
0.00052916
0.000438723
0.00671398
0.000350864
0.000151565
0.000228413
0.000283195
0.000458998
0.000316601
0.000332276
0.000382904
0.00040381
0.000470452
0.000152168
0.000394088
0.000378901
4.58803e-05
0.0006431
0.000216169
0.00080644
0.000845364
0.000259065
0.000571857
0.00427493
0.00061058
0.000533607
0.000360199
0.000328425
0.0010061
0.000456151
0.000541991
0.00039324
0.00342802
0.000474016
0.000453427
0.000304098
0.00519601
0.000407214
0.0006304
0.00052746
0.000612848
0.000423632
0.000363771
0.00107296
0.000662233
0.000497083
0.000287927
0.000548067
0.00068218
0.00046083
0.000348564
0.000462614
0.000433302
0.000558707
0.000179818
0.000327628
0.0146799
0.000558077
0.000459795
0.000321395
0.000395991
0.00442618
0.000514529
0.00393033
0.000238001
0.000174661
0.000925489
0.000356872
0.000536242
0.00140904
0.000689941
0.000155151
0.000682054
0.000798081
0.000497173
0.000265424
0.0007109
0.00108969
0.000313571
0.000264737
0.00037582
0.000221068
0.000242922
0.000233711
0.000367202
0.000225752
0.000350773
0.0012537
0.000328766
0.000333541
0.000574616
0.000535858
0.000451096
0.000306867
0.00073939
0.000651178
0.000512467
0.000422986
0.000250924
0.000206719
0.00185756
0.000482078
0.000292176
0.000700282
0.000383533
0.000332131
0.000138142
0.000205214
0.000141463
0.00023821
0.00237526
0.000512539
0.00056127
0.000613951
0.000443301
0.000342065
0.000321456
0.000311474
0.000394439
0.00036706
0.0010394
0.000626478
0.000347465
0.00100402
0.000455575
0.000443485
0.000382214
0.000366621
0.000382186
0.000284428
0.000690174
0.000499704
0.000133197
0.000695898
0.000592356
0.000466408
0.000372648
7.31535e-05
0.000238076
0.000584352
0.000594413
0.000523327
0.00203161
0.000541948
0.000502915
0.00212267
0.000588626
0.000411535
0.000274694
0.000394854
0.000430695
0.000710784
0.000285641
0.000341066
0.000864328
0.000371508
0.000502373
0.000543346
0.000593055
0.000429269
0.000552222
0.000132711
0.000844173
0.000522938
0.000100565
0.000371442
0.000519925
0.000337088
0.000432489
0.000135205
0.000520923
0.000150588
0.00102727
0.000315993
0.000910734
0.000855539
0.000380869
0.000438159
0.00156063
0.000757652
0.000170194
5.40806e-05
0.000710093
0.000346829
0.000438643
0.0027228
0.000633378
0.000350362
0.000826968
0.00055774
0.000532226
0.000217978
0.00129968
0.000223272
0.000498992
0.00320234
0.000206826
0.00162612
0.000463254
0.000290712
0.000218608
9.89255e-05
0.000398959
0.000607889
0.00131003
0.000208516
0.00072809
0.000132264
0.000644967
0.00027969
0.00032927
0.000782562
0.000645023
0.000636701
0.000218875
0.000407176
0.00111378
0.00131921
0.000570303
0.000588203
0.00121329
0.000429352
0.00187478
0.000282975
0.00077928
0.000515392
0.000281115
0.000271489
0.000573378
0.00122318
0.000573638
0.000636428
0.000375568
0.00272294
0.000660056
0.00073122
0.000487155
0.000403688
0.000391917
0.000783253
0.00030832
0.000282851
0.000626293
0.000385141
0.000221296
0.00068141
0.000496679
0.000598156
0.000300044
0.000313526
0.00183305
0.000292796
0.000783897
0.000472494
0.000349343
0.00101368
0.000227412
0.000341626
0.000257537
0.000286916
0.000631209
0.00106182
0.0030439
0.000736517
0.000566879
0.00079006
0.000383911
0.000814677
0.000169439
0.0002245
0.000459553
0.000857849
0.000651501
0.000695517
0.000906352
0.000726604
0.000480593
0.000317331
0.000387648
0.000438486
0.000447071
0.00057736
0.000445428
0.000732837
0.000252916
0.000491375
0.004
0.000692707
0.000315195
0.000412644
0.000387519
0.000301779
0.000659634
0.000441503
0.00128463
0.000212546
0.00127936
0.000187427
0.000409879
0.000132628
0.000619177
0.000104218
0.000288177
0.000605963
0.000809977
0.000786848
0.000657656
0.000349589
0.00158874
0.00055594
0.000620369
0.00117903
0.000194779
0.000522567
0.00049887
0.000526843
0.000443431
0.000243985
0.000813886
0.000366437
0.000159614
0.000711041
0.000394792
0.000570376
0.00292165
0.0006719
7.14069e-05
0.00105245
0.000303134
0.000289461
0.000294686
0.000506091
0.000339209
0.00071864
0.000362785
0.000424158
0.000819539
0.000407904
0.000529413
0.000503149
0.000484242
0.000301866
0.00137023
0.000545726
0.000443412
0.000395931
0.000924945
0.000703835
0.000788298
0.000789586
0.000203774
0.000327966
0.000355984
0.000458697
0.00047683
0.000826672
0.000689415
0.000534525
0.000633934
0.000601982
0.000763311
0.000510692
0.000187802
0.000174709
0.000731572
0.000297367
0.00048239
0.000470028
0.000502594
0.00025429
0.000574809
0.000358782
0.00027518
0.000102133
0.000605815
0.00323362
0.00111075
0.000277053
0.000158086
0.000592494
0.000308379
0.000470944
0.000348589
0.00023399
0.000771449
0.000329579
0.000563436
0.000233217
0.000391959
0.000445134
0.000813325
0.000274891
0.0092427
0.000258484
0.00082385
0.000568218
4.51738e-05
0.00147917
0.000446317
0.000185436
0.000344961
0.000379153
0.000170566
0.00027756
0.000366473
0.000343495
0.000573309
0.000693276
0.000269838
0.000232184
0.000821977
0.00046044
0.00036068
0.000918826
0.000338494
0.000660717
0.000563302
0.000595114
0.000806153
0.000230767
0.00043913
0.000616134
0.000916433
0.000494486
0.000563588
0.000587823
0.000413054
0.000737542
0.000482793
0.00129338
0.0037216
0.000127408
0.000400377
0.000207579
0.000253739
0.00059528
0.000222328
0.000435453
0.000326407
0.000550827
0.000236061
0.000284969
0.000415354
0.000255388
0.000289381
0.000450228
0.00018652
0.000208972
0.000221367
0.000466281
0.001097
0.000292583
0.0013598
0.000230172
9.77703e-05
0.00108423
0.000621427
0.00198333
0.000806722
0.00803265
0.000311808
0.000419353
0.00165455
0.00145228
0.000552602
0.00061859
0.00112688
0.00161102
0.000334379
0.000705644
0.000189462
0.000420013
0.000309819
0.0005791
0.000658027
0.000708039
0.000210765
0.000207994
0.000170375
0.000370784
0.00115742
0.00019975
0.000505559
0.000455139
0.000225062
0.000524317
0.000256691
0.000701944
0.00012599
0.00050731
0.000338482
0.000302662
0.000234863
0.000378308
0.000763804
0.000536048
0.000870187
0.000901801
0.000312918
0.000211367
0.000582471
0.000909284
8.69812e-05
0.000348762
0.000166157
0.00164775
0.000309741
0.000175969
0.000552699
0.000291976
0.0013849
0.00034348
0.000601713
0.000702971
0.000457838
0.00041032
0.000220964
0.000382356
0.00141077
0.00139319
0.000245914
0.00119964
0.00108394
0.00108848
0.0013129
0.00065028
0.000362291
0.000474999
0.0002305
0.000373284
0.000719708
0.000386095
0.000278976
0.0015134
0.000274342
0.000455159
0.000454895
0.00117189
0.000510116
0.00038151
0.000192315
0.000416906
0.000397644
0.00116201
0.000211521
0.000525082
0.000293021
0.00050438
0.00162128
0.000177058
0.001581
0.000662926
0.00169254
0.00078744
0.000777706
0.000256255
0.00057135
0.000804802
0.000219049
0.000152366
0.000220471
0.000196497
0.000364589
0.000136086
0.000176527
0.000608168
0.000680296
0.000307661
0.000311222
0.000261586
0.000163355
0.000720404
0.000692368
0.000253147
0.000604231
9.7404e-05
0.000746408
0.000491899
0.000573576
0.000788494
0.000418838
0.000368174
0.000451043
0.000516326
0.00308721
0.00103536
0.00075026
0.00255858
0.000225274
0.000882771
0.000480891
0.000288851
0.000597368
0.00013233
0.000648457
0.000376307
0.000133677
0.0011328
0.000940792
0.000251721
0.000516381
0.00147948
0.000477765
0.000119989
0.000202849
0.000764737
0.000328457
0.000244389
0.00096297
0.000394302
0.00133848
0.000495453
0.000219725
0.000214302
