0.000698722
0.00101709
0.000633616
0.00246891
0.000429375
0.000853345
0.000560582
0.00118671
0.00677956
0.0012583
0.000946424
0.000875481
0.000425727
0.000560096
0.014165
0.00146307
0.00138882
0.000787157
0.000449688
0.001668
0.000835585
0.000722185
0.00116134
0.000134572
0.000672031
0.000602742
0.000893991
0.000821663
0.000916477
0.000387743
0.000811057
0.00106436
0.000576043
0.00070048
0.000544674
0.000443003
0.000578006
0.00110172
0.00130741
0.000538527
0.0012659
0.000423175
0.000478047
0.000967722
0.00334005
0.000728353
0.000669345
0.00110622
0.000271254
0.000975542
0.00049708
0.00084191
0.00099518
0.000635735
0.000828513
0.000351625
0.00633218
0.000725749
0.00237046
0.000685342
0.000495262
0.000329019
0.000524017
0.00255355
0.000550757
0.00051434
0.00195461
0.000570889
0.00120039
0.000439089
0.000607658
0.00048238
0.000541289
0.00029001
0.000786174
0.00048988
0.00109435
0.000536608
0.000725118
0.000614836
0.000262838
0.000945358
0.00140909
0.000595976
0.000911788
0.000628642
0.000786504
0.000995047
0.000697179
0.000742026
0.000403262
0.000556859
0.000761111
0.00291138
0.000465553
0.00163663
0.000851465
0.000616565
0.000489238
0.000771274
0.000584174
0.00035754
0.000472879
0.000669997
0.000695719
0.000413845
0.00302418
0.000463258
0.000293813
0.00145653
0.000480258
0.000547873
0.000884503
0.000545988
0.00102433
0.000801198
0.000771566
0.000634057
0.000479576
0.00202453
0.00153599
0.00044351
0.000332709
0.000834737
0.000557547
0.000385507
0.00054636
0.00137672
0.00109747
0.00110805
0.00106702
0.00054964
0.00141264
0.00073584
0.00063937
0.000560334
0.00102682
0.000503395
0.000437251
0.00153142
0.000590784
0.000649067
0.000182943
0.00068542
0.00100051
0.00270537
0.00149451
0.00221103
0.000739728
0.000683372
0.000446242
0.0014228
0.000479507
0.00220715
0.00171383
0.000580309
0.000256152
0.000708094
0.000785562
0.00142004
0.000868297
0.00103427
0.000682616
0.000937446
0.00218124
0.00103425
0.000501267
0.000532185
0.000530644
0.000822799
0.00046108
0.000381694
0.0004938
0.000354358
0.000784654
0.000556427
0.00100591
0.000459854
0.000576783
0.00138981
0.000218482
0.000841097
0.00030178
0.00113259
0.000762065
0.000257586
0.000570103
0.000752111
0.00103312
0.00163602
0.000936791
0.000526646
0.000695137
0.00369145
0.00104163
0.000533616
0.000320922
0.00153208
0.000914944
0.000710617
0.00074343
0.000800254
0.00056815
0.00136725
0.000921857
0.0012528
0.00259325
0.00116693
0.000667769
0.00067931
0.00353967
0.000693895
0.000638537
0.0007895
0.000422314
0.00211577
0.00123011
0.000720995
0.000922465
0.000652188
0.000195046
0.000438333
0.00173944
0.000465129
0.0104991
0.000592244
0.0071229
0.000473054
0.0006468
0.000605921
0.000531345
0.000469558
0.000638538
0.000712465
0.000296311
0.00129723
0.00144469
0.0012029
0.00153554
0.000493841
0.000446858
0.00148975
0.00131334
0.00113972
0.000658676
0.000712801
0.000662543
0.000454213
0.000407224
0.000872944
0.000878623
0.00171641
0.00166151
0.00109858
0.000639829
0.000591746
0.00409763
0.00301408
0.000884473
0.00234718
0.000483718
0.000766148
0.00064668
0.000362821
0.0015977
0.000641383
0.000774943
0.00050812
0.000355553
0.000965176
0.000949108
0.000711592
0.000486616
0.000464715
0.000388171
0.00809777
0.000243946
0.000737308
0.00109599
0.00213625
0.000451013
0.0013229
0.000945253
0.000416438
0.00124724
0.00168206
0.000817046
0.000659732
0.000961987
0.000399059
0.000516046
0.00031333
0.00140092
0.000796704
0.00100211
0.00103639
0.000656658
0.00117079
0.00135741
0.000799537
0.000211224
0.000393831
9.72833e-05
0.000629903
0.00092384
0.000628701
0.00021549
0.00112891
0.000550233
0.00112076
0.00058422
0.00109044
0.000521019
0.000380536
0.00056542
0.000732163
0.00146209
0.000737965
0.000875581
0.000717122
0.00101985
0.00280939
0.00121672
0.00249699
0.000272752
0.000559867
