0.00103313
0.000735083
0.00119378
0.00099935
0.000691039
0.000440828
0.000507243
0.00175853
0.000796945
0.000131066
0.00136806
0.00238067
0.00136866
0.00112799
0.00122016
0.00269796
0.00155181
0.00247742
0.000904898
0.00247391
0.00115855
0.00254979
0.000991191
0.000516242
0.00086503
0.000939128
0.000920547
0.00130623
0.000970539
0.00224495
0.00113259
0.000985898
0.00132969
0.000532064
0.00113757
0.00100626
0.00124337
0.00100039
0.0013795
0.000587368
0.00167826
0.000510245
0.00240276
0.000694949
0.000644739
0.000607076
0.0138522
0.000632256
0.000740557
0.00126197
0.000793878
0.0011036
0.000759632
0.000736795
0.000730535
0.00179364
0.00157871
0.000843426
0.00044955
0.00282954
0.000841568
0.00292074
0.000613138
0.00104882
0.00102107
0.00131367
0.00084868
0.000963702
0.00108933
0.00767859
0.000843076
0.00276042
0.000730698
0.00339065
0.00101137
0.00142571
0.000681696
0.00178563
0.0004355
0.00241725
0.00133167
0.0012267
0.00113558
0.00196416
0.00197009
0.00221785
0.00154426
0.00108414
0.00120383
0.000537158
0.00128458
0.00128633
0.00158369
0.00111808
0.000772268
0.0017341
0.00115647
0.00113489
0.00116299
0.00111261
0.00069408
0.00147723
0.00161323
0.00134327
0.000598044
0.00388823
0.00072383
0.00106117
0.00136129
0.000660114
0.00123785
0.000947984
0.000955195
0.00160746
0.00208449
0.000903237
0.00277485
0.000963257
0.00103878
0.0128912
0.000678117
0.00112944
0.000547254
0.000975708
0.000790645
0.0011385
0.00175641
0.00115181
0.00511279
0.000894827
0.000749069
0.00101676
0.000404644
0.00240489
0.0012859
0.00141413
0.000990869
0.00139007
0.000706509
0.000898421
0.00108779
0.000669183
0.0049891
0.00214185
0.00109617
0.000545703
0.00123506
0.000611722
0.000655804
0.000851984
0.00233551
0.00123205
0.00260614
0.000827809
0.000709471
0.000973976
0.000943635
0.000843039
0.000464756
0.00135932
0.00222093
0.000770642
0.00105922
0.000721862
0.000815797
0.000789369
0.000903915
0.00151388
0.00274449
0.0124382
0.000980124
0.00242021
0.00139609
0.00156466
0.000866387
0.000903769
0.000973432
0.000998107
0.00145928
0.00112502
0.000923768
0.00162967
0.00253256
0.00113871
0.00284999
0.00124076
0.00114829
0.0013592
0.00126376
0.000754167
0.00104779
0.000498384
0.000415231
0.00156174
0.000282177
0.00311321
0.00184689
0.000548477
0.00125675
0.00259446
0.0022334
0.00353821
0.00566041
0.000941261
0.00159472
0.00182476
0.00184886
0.0013767
0.00139677
0.00212201
0.00131001
0.00105615
0.00030754
0.00130176
0.00134301
0.0122769
0.00153648
0.000421254
0.000884761
0.00167473
0.00142133
0.000909721
0.000448817
0.00108066
0.000927556
0.00083727
0.00145691
0.00117456
0.000659071
0.00486586
0.0371282
0.0027166
0.00185579
0.00108676
0.00468637
0.00107621
0.00332039
0.000983879
0.0012043
0.00140633
0.00113331
0.0013593
0.00156809
0.00395181
0.00248364
0.000715766
0.000887775
0.00179851
0.00155017
0.00063176
0.000941262
0.00139772
0.00298363
0.0016421
0.00298607
0.00097888
0.000897825
0.00178004
0.00156442
0.000620307
0.0221758
0.0019422
0.000843894
0.00124097
0.00138057
0.000274387
0.000777258
0.000755126
0.000872979
0.00113976
0.00161125
0.00155537
0.00139668
0.00102305
0.00844119
0.00188928
0.00132087
0.00156685
0.00178686
0.00102497
0.000593591
0.00147296
0.00110459
0.00109611
0.00094432
0.000740232
0.000807067
0.00164434
0.000788441
0.00147505
0.00103209
0.00163794
0.00104993
0.00174411
0.000494685
0.00114719
0.00132534
0.0014171
0.00137189
0.00129684
0.00136926
0.000919844
0.00139667
0.000799619
0.000792437
0.00088233
0.000560906
0.00215484
0.000564066
0.00405524
0.000829879
0.00112927
0.000532915
0.00089187
0.00133292
0.00172486
0.000731456
0.000855826
0.0024133
0.00156958
0.00175243
0.00128248
0.000259792
0.000533194
0.00077016
0.00102526
0.00148207
0.0007945
0.0018864
0.00183296
0.00191195
0.00066365
0.00104348
0.002488
0.00158866
0.00131949
0.000774204
0.000789029
0.000976127
0.0011683
0.00104731
0.00131018
0.00025843
0.000954833
0.00143466
0.00090339
0.00125937
0.0224661
0.00101507
0.000515537
0.000968911
0.000622848
0.00196306
0.00183355
0.000774247
0.000597432
0.00103949
0.00184769
0.0012101
0.00136363
0.000781157
0.00101226
0.00214587
0.00126952
0.000807748
0.00136679
0.00318074
0.00271001
0.00106773
0.000305351
0.00103795
0.00131291
0.000710227
0.00539747
0.00126349
0.00114833
0.0010299
0.00126818
0.000708919
0.00134844
0.000802826
0.00119948
0.00184662
0.00144855
0.00186434
0.00131392
0.000673032
0.00889477
0.00108
0.000637243
0.00161188
0.000925119
0.000422839
0.00176766
0.00338375
0.000464687
0.00343099
0.000934193
0.00204463
0.00158071
0.0032953
0.00122203
0.00147338
0.00147062
0.00437019
0.000832322
0.00122332
0.00230944
0.000666863
0.00133607
0.000635133
0.00362431
0.000491074
0.00111506
0.00101439
0.00229843
0.00103636
0.00115087
0.000720471
0.00108442
0.00120833
0.00094823
0.00122207
0.0013921
0.0011646
0.0051916
0.00284514
0.00120374
0.000374488
0.00192296
0.00116804
0.00107869
0.00158247
0.00106064
0.000329611
0.00120366
0.00391307
0.00252849
0.000532391
0.000978961
0.00186306
0.000733294
0.000492709
0.000777682
0.00212043
0.00140178
0.00142889
0.00078871
0.000463246
0.00054186
0.00333742
0.00104819
0.000769898
0.00220137
0.00109661
0.00197683
0.00212707
0.000998795
0.00148701
0.00107067
0.00186031
0.00144828
0.00104212
0.00124635
0.000411639
0.00143131
0.00116424
0.00156407
0.000831442
0.00156928
0.000774343
0.00140969
0.000724445
0.000852366
0.00108346
0.00117134
0.00149467
0.00208932
0.00522106
0.00169353
0.00117702
0.00115633
0.00082262
0.00106371
0.00144283
0.00218484
0.000866557
0.00106958
0.00108563
0.000909765
0.0011817
0.000807819
0.00179473
0.00113993
0.00099262
0.00115621
0.00109497
0.000552616
0.00334173
0.00131446
0.000469798
0.00156283
0.00152783
0.00136613
0.000350425
0.00159254
0.00138078
0.00142814
0.00119167
0.00102691
0.000931803
0.00162816
0.000861987
0.00144563
0.00196364
0.00131515
0.000846166
0.000706621
0.00274552
0.00246096
0.0013226
0.000741916
0.00150952
0.00855692
0.0014652
0.00119328
0.000645135
0.00025183
0.000914561
0.000826823
0.00113992
0.000689508
0.000644655
0.00135959
0.000815677
0.00089016
0.000739634
0.000791828
0.00127486
0.00146949
0.00175954
0.00604724
0.000852893
0.00037316
0.00159895
0.000687058
0.000863224
0.000814377
0.00100499
0.00119237
0.00117692
0.000939307
0.00155901
0.00430806
0.00114197
0.000858015
0.00148952
0.000299843
0.000981847
0.00064146
0.00131322
0.00294275
0.00117173
0.00102395
0.000881139
0.00101952
0.00145947
0.00118373
0.000851608
0.00681159
0.000721702
0.000359458
0.000962356
0.000698312
0.00089202
0.000387843
0.000847956
0.00117923
0.00185809
0.000906073
0.00482365
0.000996113
0.000946536
0.00136099
0.000855057
0.00147438
0.00123269
0.000472224
0.00076961
0.000731801
0.00599593
0.00105861
0.000848156
0.00223145
0.00178232
0.00280202
0.0065772
0.00140206
0.00268534
0.00180418
0.00100066
0.00387493
0.00109016
0.00157386
0.00273479
0.000954794
0.000823958
0.0317647
0.000886141
0.000728045
0.00176191
0.00112979
0.000861744
0.000535104
0.00102285
0.00142126
0.0165986
0.0083249
0.00113045
0.00139364
0.00145021
0.00137337
0.000595534
0.000934523
0.00230674
0.000956603
0.00210673
0.000572142
0.00080797
0.00118402
0.000673451
0.00214301
0.00149197
0.00137681
0.000963173
0.00165766
0.00998521
0.00282886
0.00131585
0.00113077
0.0010805
0.00154303
0.00103652
0.00499382
0.00127628
0.00132608
0.00145634
0.000980412
0.00102743
0.00108159
0.000686863
0.00395416
0.00179587
0.00579529
0.000448496
0.00205955
0.00113381
0.00261914
0.00181621
0.00196662
0.00153063
0.00132448
0.00111444
0.00105364
0.00134247
0.00195707
0.00156803
0.00139884
0.000552085
0.000616986
0.000945468
0.000755264
0.000560352
0.00169147
0.00322505
0.000651232
0.000851196
0.000720731
0.00104835
0.000935586
0.00162491
0.00104491
0.00332119
0.000839076
0.00135894
0.000778036
0.00130205
0.003963
0.00410783
0.000962308
0.00104284
0.000814981
0.000920288
0.00075555
0.0013184
0.000759136
0.00109844
0.0241737
0.00087616
0.00126551
0.000666981
0.0017141
0.000632077
0.00380333
0.000844351
0.000534663
0.00416824
0.000722738
0.00146359
0.00205482
0.000606716
0.000436155
0.00129118
0.0148305
0.000558095
0.000645139
0.00191954
0.00167854
0.000713743
0.00111339
0.00150065
0.00178117
0.00104963
0.000653186
0.000874524
0.000941361
0.000750963
0.000750773
0.00134047
0.000295524
0.000832574
0.00108803
0.00147039
0.000717049
0.00177309
0.00160704
0.00295347
0.00330831
0.0010397
0.00090914
0.00124351
0.00109441
0.00181723
0.00177698
0.0027521
0.000774615
0.00553491
0.00100835
0.00131636
0.00409314
0.00277008
0.00131463
0.00095125
0.00131589
0.0021524
0.000716594
0.00243839
0.000743802
0.000879355
0.00118194
0.00048865
0.00154823
0.00183558
0.00311717
0.00111616
0.00090024
0.000944289
0.00103563
0.00082017
0.00150574
0.00105055
0.000345471
0.00972212
0.00146247
0.00171341
0.00151972
0.00100078
0.00119265
0.00148965
0.00411617
0.00122719
0.000691936
0.00165163
0.0013363
0.00089352
0.0011377
0.00110488
0.00134186
0.000961248
0.000602468
0.00114591
0.000986543
0.00104029
0.0010529
0.0012407
0.000446972
0.00105981
0.00148073
0.000551856
0.00200411
0.000972164
0.00158659
0.00104527
0.000782754
0.00384756
0.00204211
0.000838979
0.00131364
0.00260992
0.00169123
0.000400392
0.00126278
0.000766067
0.000824273
0.000919691
0.00206623
0.00298486
0.00323816
0.000672313
0.00143908
0.000666023
0.00120514
0.00121662
0.000628322
0.00142796
0.00121656
0.00122607
0.00139858
0.0017337
0.00127823
0.00135521
0.00105439
0.00187575
0.00189699
0.00135931
0.000738448
0.00120281
0.00249254
0.000740057
0.00155898
0.00212674
0.00106552
0.0015614
0.000996243
0.000361743
0.000626248
0.00115416
0.000740511
0.00105031
0.00190291
0.000669594
0.000454589
0.00131105
0.00253898
0.00184669
0.00130138
0.00118802
0.00132705
0.00126109
0.00112
0.00122381
0.000694983
0.00108007
0.000797282
0.001225
0.00195296
0.00262165
0.00120813
0.00108222
0.00171695
0.00196853
0.0227729
0.00102214
0.000808558
0.000540298
0.00131247
0.00116886
0.00165135
0.00109365
0.00125425
0.0010417
0.00435493
0.00122592
0.00160595
0.00193517
0.000938628
0.00120807
0.00118418
0.00137334
0.000741429
0.00167102
0.00237275
0.00255924
0.00114321
0.000842389
0.0013697
0.0013449
0.0015174
0.00148108
0.0012972
0.00204273
0.000309808
0.000952041
0.00100612
0.00131809
0.0099388
0.000759334
0.000525957
0.00106726
0.000636856
0.00164704
0.00226433
0.000947762
0.000650323
0.00245412
0.00114272
0.00274997
0.000820837
0.00195106
0.00157872
0.0016993
0.00148768
0.000851233
0.00122569
0.00127874
0.00107307
0.000799106
0.001385
0.000796371
0.00104507
0.00167054
0.00157337
0.00100658
0.000479401
0.000929108
0.0012338
0.00249979
0.00518591
0.0010106
0.00122484
0.00080557
0.000634284
0.0013509
0.000988532
0.00607782
0.000608843
0.00128868
0.000735237
0.00172341
0.00108605
0.00138841
0.00347747
0.00127992
0.00104476
0.00116188
0.00477882
0.00302129
0.0012645
0.000680077
0.00126371
0.000979086
0.000711049
0.00111887
0.000742054
0.00122323
0.00099254
0.000954305
0.00198299
0.000832662
0.0010437
0.00130334
0.00162188
0.000952021
0.000961226
0.00140615
0.00140034
0.00221152
0.00242236
0.00035781
0.00165339
0.000656738
0.0012561
0.00141702
0.00123449
0.000560466
0.00578605
0.00118128
0.00263437
0.000824203
0.000441676
0.00250432
0.00302809
0.00153789
0.001802
0.00113822
0.000669579
0.00108724
0.0012668
0.00204222
0.000708034
0.000694904
0.00101543
0.00163018
0.00187829
0.000696794
0.00129212
0.00129978
0.00159096
0.00110774
0.00070619
0.00160688
0.000694026
0.000550748
0.00156656
0.00155864
0.000735069
0.00107238
0.00333883
0.00107204
0.0015922
0.0014207
0.001003
0.0016249
0.00182037
0.00266734
0.00084121
0.000936309
0.00136771
0.000917343
0.00127676
0.00136275
0.00208991
0.00189946
0.00123051
0.000902769
0.000949387
0.000833334
0.00105561
0.00142922
0.00133184
0.000541638
0.00156552
0.00136443
0.00120197
0.000826766
0.00132907
0.000709834
0.000289588
0.0031813
0.000961779
0.000855359
0.000915519
0.00133866
0.00248581
0.000917846
0.000749621
0.00133944
0.00121009
0.00314773
0.000865787
0.00147964
0.00104517
0.00095709
0.00192926
0.00302198
0.00123968
0.00533702
0.00114499
0.00174421
0.00117449
0.00144534
0.00101104
0.00147265
0.000865969
0.00387351
0.000964783
0.000831857
0.00103799
0.00495838
0.00137048
0.000625955
0.00284175
0.000427527
0.000395257
0.0154123
0.00102524
0.00171854
0.000958226
0.00048856
0.00102311
0.000650929
0.00148747
0.00100712
0.00269931
0.000863044
0.00221069
0.00198259
0.00176044
0.00200364
0.000710641
0.0017168
0.00332931
0.0013413
0.0016964
0.00119824
0.00165284
0.00246185
0.00113969
0.000615127
0.00263781
0.00041585
0.00092441
0.00186811
0.00139597
0.000767757
0.00146356
0.00104329
0.00110111
0.00100608
0.00136741
0.00251211
0.000902948
0.00065446
0.0023492
0.000753988
0.0012508
0.00139864
0.00171041
0.00136123
0.00059074
0.000858032
0.000718088
0.00122305
0.000639656
0.00107075
0.00103984
0.00110217
0.00119195
0.00113032
0.00123012
0.000966129
0.000874597
0.00613705
0.0028892
0.000851233
0.00174867
0.00120512
0.00122831
0.00120761
0.000338369
0.000700062
0.00170785
0.00217893
0.00351606
0.00123597
0.00140673
0.000969754
0.00299045
0.00152302
0.000972372
0.017707
0.00048986
0.00168065
0.00120956
0.00198744
0.000830736
0.000579055
0.00173796
0.000973668
0.0011608
0.00110466
0.00171124
0.000896789
0.000931415
0.000842451
0.001302
0.00098864
0.000745702
0.00192304
0.00126722
0.0017154
0.000803527
0.000890684
0.000838597
0.00180156
0.00473531
0.00149972
0.00118755
0.000674683
0.000952481
0.00119854
0.00194462
0.00594685
0.000989911
0.000862677
0.00118106
0.0013478
0.00151127
0.00132096
0.00152038
0.00148072
0.00102681
0.000714812
0.00123056
0.00148557
0.00107672
0.00149753
0.000819781
0.000923793
0.00141063
0.00132747
0.00178687
0.00031593
0.00293444
0.0032428
0.00104209
0.00100869
0.00131814
0.00177825
0.000995736
0.000939735
0.00126688
0.00087887
0.00137632
0.00429698
0.00142537
0.00349852
0.00105271
0.00159128
0.00142505
0.000992172
0.00148384
0.00183955
0.00367977
0.00240773
0.00146182
0.00105734
0.000932733
0.00118308
0.00115706
0.000730865
0.0176233
0.000571166
0.000624269
0.000590876
0.000847931
0.00110435
0.000874584
0.00136707
0.00746578
0.00284706
0.00163838
0.000984774
0.000608207
0.00314581
0.00148411
0.00174197
0.00116573
0.00170729
0.00194169
0.00345198
0.00225153
0.000954251
0.000985786
0.00157044
0.000840365
0.000848282
0.000959577
0.00198709
0.00111901
0.00737841
0.000667002
0.000686513
0.00357428
