0.00052695
0.000630752
0.0011205
0.000417838
0.000954148
0.000420291
0.000561703
0.000718121
0.000642147
0.000245666
0.000330753
6.56061e-05
0.000341901
0.000902883
0.000433541
0.00180003
0.000325625
0.00626373
0.000678228
0.00102019
0.000422951
0.00045507
0.000340769
0.000323965
0.000208945
0.000936724
8.25416e-05
0.00068903
0.000379438
0.000518719
0.00295248
0.000774473
0.00021497
0.000611168
7.59549e-05
0.000813797
0.000286248
0.000469675
0.000384524
0.00412376
0.000425461
0.000302056
0.000385116
0.000329095
0.00138597
0.000299915
0.00129125
0.000275056
0.00331014
0.000431227
0.000384824
0.000400473
0.00061215
0.000692609
0.000348577
0.000474518
0.000375391
0.00110053
0.000495809
0.00115865
0.000475538
0.000262512
0.000390314
0.00054605
0.000994866
0.000391155
0.00068381
0.000334667
0.000134074
0.00032344
0.000366555
0.000583436
0.000412127
0.000562894
0.000254205
0.000581449
0.000188853
0.00107897
0.000377746
0.000380051
0.000461191
0.000889136
0.00125887
0.000121719
0.00165241
0.000269303
0.000209446
0.000997483
0.000778467
0.000714333
8.16292e-05
0.000299609
0.000545698
0.000549799
0.000543009
0.000525383
0.000127309
0.00111105
3.42601e-05
0.00067718
0.000486018
0.000455992
0.000137865
0.000619247
0.000434594
0.000672368
0.00067082
0.000382508
0.000572615
0.000277021
0.0356805
0.000279249
0.000518252
0.000363967
0.000627357
0.00357994
0.000586984
0.00045682
0.000695859
0.000720693
0.000640153
0.000206684
0.000437161
0.000845735
0.000244073
0.000409297
0.000438977
0.000235831
0.000755837
0.000803097
0.000702036
0.000605788
0.000262607
0.00107292
0.00017512
0.000634521
0.000520892
0.00125811
0.0004436
0.000501981
0.000569614
0.000695498
0.000310089
0.000343085
0.00100968
0.000284136
0.000492071
0.000558836
0.000124689
0.00048385
0.000503998
0.000511315
0.000396796
0.000900728
0.000476141
0.000392435
0.000989353
0.000293016
0.00259414
0.00049337
0.000954584
0.000655851
0.00046306
0.000553794
0.000899239
0.000885397
0.000238224
0.000271274
0.000151565
0.00143657
0.000344643
0.000604299
0.00151968
0.00327261
0.00231823
0.000442714
0.000263052
0.000523483
0.00032289
0.000290491
0.0526608
0.00228805
0.00227147
0.000494404
0.000356003
0.000544706
0.00192608
0.00133709
9.57551e-05
0.000205411
0.000668906
0.000162773
0.000570845
0.000755978
0.000246686
0.000425481
4.86289e-05
0.000569402
8.74169e-05
0.000306409
0.000851629
0.000836345
0.000735669
0.00056337
0.000266164
0.000636308
0.000310912
0.00136913
0.000224973
0.000641887
0.000616847
0.000640153
0.00110266
0.000292065
0.00106399
0.000936504
0.000351591
0.00056879
0.000582105
0.334971
0.00747795
0.000638154
0.000471088
0.000506089
0.00106011
0.00183437
0.000771058
0.000509195
0.00032415
0.000943325
0.000432226
0.00096498
0.000346738
0.000457853
0.000861054
0.000404532
0.00138946
0.000685808
0.000202329
0.000371679
0.00158151
0.000549658
0.000833271
0.000535491
0.000463591
0.000741197
0.000622267
0.000692379
0.00379034
0.000301637
0.000545914
0.000611765
0.000352763
0.000145772
0.000554188
0.000358263
0.000374844
0.000460133
0.000333793
0.000386073
0.000805877
0.000783997
0.000625959
0.000281977
0.00080542
0.00102538
0.000575068
0.000870309
0.000553606
0.00459617
0.000256292
0.000501429
0.000926979
0.000440388
0.00048056
0.00274721
0.00127958
0.000322289
0.00030902
0.000570925
0.00357394
0.00036223
0.000242857
0.000597905
0.00078669
0.00107792
0.000514992
0.000762845
0.000272116
0.000297456
0.000795111
0.00471758
0.000122672
0.000360071
0.000465146
0.000263464
0.000506189
0.000280673
0.000342749
0.000618607
0.000453956
0.000669377
0.000523378
0.000471671
8.9017e-05
0.000521944
0.000410369
0.000385229
0.000486915
0.00043674
0.000414185
0.000541392
0.00036758
0.000205196
0.000181763
0.000668715
0.000324272
0.00062676
0.000601682
0.000632393
0.000179371
0.000465083
0.000612935
0.000988342
0.000229463
0.000284593
0.000340868
0.000410534
0.000163652
0.00403406
0.000614688
0.000387282
0.000708613
0.000583535
0.000305592
0.000610014
0.000577861
0.000422454
0.000730335
0.000350712
0.000435212
0.000370427
0.000277003
0.000442175
0.000795899
0.00129466
0.00011889
0.000182318
0.000548696
0.00052821
0.000271553
0.000681694
0.00011894
0.000625034
0.00408322
0.000587491
0.000423074
0.00229547
0.000382522
0.000647025
0.00055727
0.000455958
0.000702806
0.000297335
0.000815881
0.00024145
0.000931277
0.000533291
0.000478951
0.000193801
0.00249436
0.000466813
0.000196941
0.0296952
0.000408542
0.000559406
0.000305061
0.000329853
0.000400074
0.00044904
0.000233337
0.000319731
0.000244187
0.00183939
0.000382343
0.000415492
0.000489488
0.000273148
0.000628404
0.000239565
0.000252409
0.000369718
0.000218027
0.00151377
0.000176808
0.000346969
0.000510741
0.000206309
0.000350957
0.00042538
0.000589774
0.000423267
0.000181895
0.000335446
0.000321361
0.000327859
0.000162222
0.000146947
0.000375628
0.000510017
0.00109286
0.00032869
0.000543355
0.000848231
0.000480498
0.000212512
0.000483175
0.000789906
0.000318997
0.000475194
0.00026377
0.000664089
0.00104427
0.000812872
0.000744389
0.000836924
0.000974024
0.000597016
0.000390851
0.000435385
0.000464464
0.00082134
0.000335778
0.000734465
0.000924013
0.000284939
0.000416477
0.00100163
0.00108096
0.00244889
0.000536873
0.000325868
0.000484938
0.00022408
0.000490093
0.000458202
0.000419572
0.000510604
0.000507193
0.000345829
0.000710192
0.000314953
0.000329759
0.00110297
0.00055425
0.000637262
0.00263133
0.000381974
0.000672368
0.000564673
0.000350723
0.000256982
0.000288906
0.000360978
0.000375357
0.00061721
0.000533722
0.000183697
0.000691899
0.000666755
0.000144294
0.00049688
0.00030182
0.00062342
0.000281787
0.00101446
0.000383599
0.00172427
0.000334136
0.000186905
0.00300694
0.000417201
8.11718e-05
0.00038314
0.000663114
0.000266825
0.00303268
0.000348239
0.000919754
0.000478128
0.00226948
0.000867815
0.00154902
0.000767364
0.000324481
0.000520616
0.000381691
0.0134661
0.000494926
0.000323226
0.000936625
0.000367964
0.000577763
0.000830566
0.000574353
0.000216009
0.00014186
0.000267187
0.00228955
0.000440814
0.000296287
0.000446154
0.000347047
0.000272358
0.000426332
0.000723671
0.000188599
0.000616298
0.00286354
0.000439319
0.000697612
0.000914747
0.000464671
0.000383294
0.000644669
0.000453865
0.000374608
0.000349594
0.000890395
0.000529783
0.000386305
0.000399149
0.00175867
0.000778996
0.000359258
0.000958725
0.000152633
0.000287393
0.000381501
0.000340728
0.000557894
0.000321167
0.000403307
0.000311401
0.000692181
0.000235703
0.000721526
0.000163833
9.42265e-05
0.000454834
0.000715474
0.000270761
0.000406548
0.00069639
0.000540706
0.000458437
0.000549375
0.000719689
0.000703695
0.000365595
0.000211532
0.00156811
0.0011957
0.000345682
0.000450925
0.00126971
0.00030405
0.000305002
0.000369692
0.000195732
0.000518693
0.000176077
0.000523125
0.000707979
0.000588357
0.000518857
0.00058552
0.00289787
0.000293348
0.00072325
0.000487
7.68517e-05
0.000434826
0.000549083
0.000595293
0.00052546
0.000146103
0.000501653
0.000252547
0.001149
0.00137938
0.000392495
0.000455157
0.000224286
0.00118853
0.000508343
0.000931855
0.000295167
0.000317061
0.000675184
0.00150314
0.000372401
0.000276728
0.000517466
0.000530586
0.000502987
0.000575673
0.0002879
0.000510604
0.00113477
0.000487336
0.00474685
0.00174553
0.000536887
0.000595155
0.00063291
0.000760702
0.000337954
0.00340905
0.000441202
0.00128201
0.000476044
0.000298404
0.000279876
0.000531971
0.00147453
0.000258158
0.000450133
0.000388187
0.000426819
0.000171369
0.000789281
0.00029032
0.000562346
0.000601155
0.000821849
0.000397507
5.88366e-05
0.000105624
0.000505123
0.000634714
0.000727888
0.000344842
0.000814802
0.0117784
0.000507996
0.00032658
0.00127175
0.000179582
0.000495834
0.000609337
0.00063022
0.000234817
0.000579097
0.000631015
0.000375355
0.000468783
0.00019127
0.000440173
0.000295223
0.000272151
0.000485721
0.000637002
0.00115761
0.000340073
0.000522338
0.000492369
0.000227625
0.00193317
0.000295831
0.000442503
0.0177426
0.000715697
0.000742982
9.15588e-05
0.000498823
0.000423322
0.000277384
0.000248072
0.00134204
0.000390487
0.00043749
0.000125544
0.000326797
0.000505081
0.00285874
0.000376159
0.000482473
0.000263424
0.000405896
0.000387058
0.000529962
3.5051e-05
0.000525367
0.000421829
0.000399174
0.00100843
0.000432361
0.00046007
0.0017407
0.000699107
0.000374168
0.0006348
0.000511513
0.000759751
0.000810055
0.000914093
0.000534761
0.000943763
0.000270545
0.000680113
0.000277629
0.000445738
0.000564808
0.00118819
0.000288566
0.000647383
0.000743697
0.000304353
0.000993549
0.000560339
0.00110703
0.00025169
0.000754067
0.00043757
0.00101446
0.00171855
0.000198724
0.000147211
0.000840105
0.000156558
0.000305887
0.000482618
0.000297266
0.00522979
0.000252429
0.000391655
0.000302855
0.000330423
0.000297536
0.000235572
0.00108869
0.00103511
0.000423039
0.000506962
0.000323166
0.000313618
0.0066564
0.000173844
0.000265024
0.000590115
0.000731657
0.000476403
0.000283917
0.00109285
0.000574276
8.64739e-05
0.000428078
0.000189987
0.000486032
0.000356438
9.9343e-05
0.000486429
0.000566761
0.000313226
0.000308399
0.00153188
0.000509513
0.000527485
0.000201868
0.000232025
0.000503177
0.000681581
0.000408069
0.000530217
0.00017901
0.000186692
8.12706e-05
0.000440089
0.000465705
0.000785264
0.000253503
0.000726945
0.000156726
3.76448e-05
0.000426589
0.000280216
0.000990261
0.000415995
0.000625878
0.000708122
0.000371263
0.000117269
0.00150013
0.00101968
0.000534635
0.00029669
0.000494962
0.000413342
0.00033535
0.000517901
0.000241587
0.000408361
0.00026322
0.000333324
0.000221849
0.00066133
0.000750812
0.000205354
0.000162574
0.00056623
0.000298963
0.00042876
0.000330012
0.000451961
9.75922e-05
0.000579101
0.000687735
0.00127014
0.000202935
0.00070106
0.000482474
0.000260791
0.000716695
0.000808651
0.000577223
0.000799927
0.000700261
0.000426698
0.00055302
0.00022847
0.00127752
0.00026455
0.00129995
0.00353393
0.00018657
0.000605674
0.000602653
0.000411901
0.000559116
0.000310453
0.000489347
0.000910991
0.000672025
0.000853088
0.000134683
0.000360743
0.0012071
0.000657983
0.000530401
0.000656312
0.000368711
0.000329586
0.000497403
0.000650792
0.000496463
0.000507418
0.00136943
0.000281591
0.000531717
0.000665103
0.00207747
0.000307117
0.0049102
0.000211618
0.00120197
0.000676874
0.000263717
0.00191766
0.000289123
0.00053967
0.000402997
0.00069737
0.00020575
0.000437742
0.00178621
0.000252418
0.000505277
0.000354537
0.000444566
0.000282777
0.000852099
0.000345384
0.00034766
0.000686671
0.000321694
0.000438467
0.0011039
0.00056912
0.00317971
0.000262975
0.000485405
0.000122283
0.00253273
0.0102815
0.000495794
0.000261938
0.000443237
0.000474728
0.000670862
0.000514531
0.000264175
0.000491017
0.000244334
0.000550236
0.000714154
0.000971593
0.000800969
0.000398107
0.00069219
0.000967577
0.000228387
0.000288127
0.000806334
0.000297638
0.000205287
0.000159491
0.000631035
0.000834386
0.000395435
0.000468976
0.000493384
0.0064286
0.000567451
0.000738146
0.000437966
0.000267883
0.000793709
0.000549709
0.000289938
0.00107493
0.000410088
0.000417436
0.00083498
0.000393822
0.0006892
0.000419532
7.14065e-05
0.000526367
0.000565659
0.000352907
0.000629655
0.000438006
0.000820235
0.000491487
0.000244634
0.000681914
0.000536518
0.000296588
0.000431686
0.000161493
0.000312341
0.000571813
0.000463006
0.000434994
0.000705452
0.000839008
0.000710371
0.00044801
0.0517848
0.000826135
0.000309155
0.000846869
0.000262211
0.000597902
0.000508749
0.000326073
0.00314744
0.00067427
0.000386861
0.000490811
7.49213e-05
0.000260344
0.000119668
0.000671195
0.000314283
0.000483088
0.0003027
0.000618756
