0.000151556
3.05255e-05
0.000131417
0.00011035
0.000130665
0.000101437
0.000381405
0.000109408
0.000116264
8.33448e-05
0.000332665
0.000138202
0.00015761
0.000255945
0.000344598
6.0484e-06
0.000118239
0.000154216
0.000159205
0.000165577
0.000139911
0.000201084
0.000140611
0.00033592
0.00021042
5.07046e-05
6.16853e-05
0.00016313
0.000256268
0.000150243
5.76432e-05
3.12124e-05
0.000122121
9.95523e-05
0.000307345
0.000182837
6.13899e-05
0.000573819
3.36231e-05
0.000135875
8.15157e-05
8.20573e-05
4.13449e-05
0.000613537
0.000198726
8.80687e-05
0.000548937
0.000138364
0.000140796
8.78907e-05
0.00010637
0.000121914
0.000113869
0.00115823
0.000219032
0
0.000104396
0.000124788
0.000583276
0.000188747
1.15684e-05
0.000136521
9.51792e-05
1.08201e-05
0.000198045
0.000190038
0.000202498
5.32245e-05
0.000157678
0.000310747
0.000130192
0.000150492
0.000160901
4.2069e-05
0.000103298
0.0018786
0.000141811
0.000238892
0.000125653
0.000251721
0.000121242
0
7.27261e-05
0.000416861
0.000114759
0.000148314
8.49672e-05
1.2047e-05
9.44205e-05
0.000242866
0.000151969
0.00279018
0.000233023
0.000116935
0
6.90715e-05
8.22777e-05
2.61375e-05
9.02057e-05
0.000273431
8.16251e-05
0.000133884
2.85987e-05
8.3157e-05
0.000489995
0.000151463
9.93568e-05
0.000107417
8.20972e-05
0.000340706
0.00010923
0.000115179
4.80549e-05
2.21474e-05
0.000264043
0.00011013
0.000250289
0.000139012
0.000257391
0.000171138
3.60535e-05
0.000128848
7.86792e-05
0.00013743
0.000203242
8.02382e-05
0.000180132
0.000117546
0.000122777
0.000209065
7.54152e-05
0.000156343
6.12296e-05
0.000241467
0.000104349
0.000139208
0.000207507
0.000120946
2.25404e-05
1.57111e-05
5.33763e-05
0.000177832
4.85586e-05
3.57126e-05
0.000118796
7.55966e-05
0.000173909
0
9.42017e-05
0.00012423
0.000214974
0.000343984
7.23914e-05
0.000113441
7.29817e-05
0.000477255
6.92476e-05
0.000293059
0.000105635
0
0.000140826
5.02062e-05
0.000196323
4.39387e-05
0.000149198
0
7.44166e-05
3.17556e-05
0.000113294
0.000248154
3.42911e-05
0.000117264
0.000107877
0.00010981
3.3471e-05
0.000116072
0.000123248
0.000202717
6.15352e-05
0.000278291
0.000130511
0.000126919
0.000123791
7.40356e-05
0.000112957
3.91586e-05
7.97623e-05
9.76021e-05
6.24586e-05
0.000273224
5.67422e-05
3.76439e-05
0.00144509
2.19892e-05
0.00042232
4.92003e-05
6.05973e-05
0.000115626
7.10138e-05
6.64922e-05
0.00243894
0.000189965
0.000295562
0.000113611
1.57659e-05
0.000136185
0.000120759
5.27966e-05
0.000160174
0.000160571
9.30334e-05
0.000255839
0.000259965
0.000610166
4.54167e-05
0.000106943
0.000224511
0.000167876
0.000472603
0.00130046
0.000121675
0.00022797
0.000407311
6.51349e-05
0.000190668
0.000170678
6.07019e-05
0.000111686
0.000145432
0.00014393
0.000188482
0.00686099
0.000140968
0.000113513
0.000356023
0.000121165
0.000112295
0.000190953
0.000138791
0.00015527
0.000189369
6.89986e-05
8.73205e-05
0.000115688
0.00022286
0.000601113
0.000128305
0.00017049
0.000618628
0
0.000292727
0.000185347
1.47303e-05
1.95507e-05
3.87444e-05
6.43635e-05
0.000216575
0.000214921
0.000116152
0.000177429
0.000350072
0.000236125
0.000129653
0.000107472
0.000116192
0.00012321
0
0.000244948
0.000150319
4.16464e-05
6.05884e-05
4.17416e-05
0.000139062
5.93352e-05
7.59067e-05
0.000382197
0.00011719
0.000431419
0.000197479
0.000160894
0.000154394
0.000142344
9.06903e-05
0.000133592
3.99259e-05
3.96696e-05
0.000158283
7.03052e-05
0.000690547
0.000255363
2.92291e-05
0.000324048
5.16478e-05
0.00975344
0.00894426
0.000181171
0.000285735
0.00278985
0.000116435
0.000128228
1.32121e-06
5.8907e-05
0.000130602
3.20565e-05
0.000462334
0.000463562
5.05621e-05
3.46632e-05
0.000260369
0.000573749
6.87408e-05
0.000147616
1.4072e-05
0.000171929
4.89604e-05
8.91653e-05
0.000536913
8.10704e-05
5.64938e-05
0.00043003
8.13055e-05
0.000199457
0.000205724
0.000200975
4.24439e-05
4.08957e-05
0.000294318
0.000209757
9.01105e-05
0.000246609
0.00017983
0.00125225
8.54632e-05
2.16418e-05
4.66678e-05
8.27635e-05
0.000186492
6.63391e-05
5.47573e-05
0.000131809
3.95578e-05
2.34361e-05
0
0.000916323
6.06791e-05
0.000161455
0.000305853
0.000105296
0.000131946
0.000191012
3.06494e-05
0.000118479
0.000202253
0.000211297
0.000222403
0.000356738
0.000186771
0.000155423
0.00193845
6.87099e-05
0.00011634
0.00023079
0.000134252
0.000276959
0.000105351
0.00210018
0.000105457
0.000304283
1.61331e-05
0.000241055
0.000154938
9.44022e-05
0.000272637
9.09565e-05
0.000474102
0.000146684
0.000284004
0.000158497
0.000148942
0.000143545
0.000193351
2.7648e-05
0.000599107
5.03393e-05
0.000199382
0.000207999
9.42957e-05
0.00275664
6.64935e-05
4.70928e-05
3.81261e-05
0.00020451
0.000228464
0.000162968
0.000436983
1.31026e-05
0.000128958
9.17235e-05
0.000347843
0.000226906
0.000121425
7.14353e-05
0.000338992
0.000410905
9.29825e-05
0.000201709
0.000488547
0.000162281
0.000601545
0.000124301
0.000216506
0.000144986
9.3285e-05
9.80183e-05
0.000129657
0.000191602
0.00296255
0.00014958
0.000458645
0.000178055
4.34484e-05
0.000256703
8.87071e-05
0.000179222
0.000154737
0.000403442
0.000298647
8.27887e-05
2.85214e-05
