0.000333636
0.000267517
0.000429699
0.000435147
0.000414877
0.00028015
0.000258336
0.000230037
0.00185316
0.000415443
0.00137669
0.000335744
0.000170873
0.000342449
0.0004014
0.000493615
0.000167873
0.000804288
0.000244817
0.000803591
0.000114236
0.013011
0.000350205
0.000629152
0.0121241
0.000403876
0.00034669
0.000474205
0.000445192
0.000195653
0.000263172
0.000455238
0.000401428
0.000122584
0.000779531
0.000562957
0.000304287
0.000127033
0.000300536
0.000612544
0.000590738
0.000353779
0.000386695
0.000454257
0.000245853
5.5522e-05
0.000305873
0.000274355
0.000193171
7.25739e-05
0.000466983
0.000284587
0.000141953
0.000128891
0.00043674
6.44807e-05
0.000285106
9.85997e-05
0.000624265
0.000431062
0.000315419
0.000488868
0.00027999
0.000338007
0.000389369
0.000550243
0.000421025
0.0014159
0.000210556
0.000372399
0.000652611
0.000110586
0.000213153
0.000206643
0.000267806
0.000302701
0.000244059
0.000249811
0.000239653
0.000186246
0.000304652
0.000605415
0.00125213
0.000517076
0.000247355
0.000322533
0.00099243
0.000705277
0.00194928
0.000567092
0.000287704
0.000116193
0.00145949
0.00103129
0.000432753
0.000418083
0.000217439
0.000184441
0.000312573
0.00048448
0.000164469
0.000919617
0.000176618
0.000446453
0.00274485
0.000331649
0.000135512
0.000676283
0.000330528
0.000213742
0.00059077
0.000664004
0.000163954
0.000267732
0.000496218
0.000106343
0.000124252
0.00013295
0.000438849
0.00058334
6.4397e-05
0.000128066
0.000260983
0.000238424
0.000272802
0.000210521
0.00021075
5.33238e-05
0.00149823
0.000701156
0.000689433
0.00050517
0.000331195
0.00025386
0.000211882
0.000122785
0.000837319
0.000404141
0.00026094
0.000183842
0.000124409
0.000303941
0.000253131
0.000276525
0.000650848
0.000362711
0.000694089
0.00142966
0.000336788
0.000228199
0.000395786
0.000330308
0.000713474
0.000746469
8.87519e-05
0.000181967
0.000296694
0.000176676
0.00602417
0.000298852
0.0017077
0.000614186
0.000185788
0.000390967
0.000104403
0.000495557
0.000526397
0.000273409
0.000352644
0.000547472
0.00143009
6.55389e-05
0.00047158
0.000306247
8.5011e-05
0.000342247
0.000328547
0.00137204
0.000497039
0.000196929
0.000337625
0.000190493
0.000748052
0.000171456
0.000420257
0.000184835
0.000144635
0.000184638
0.000608494
0.000728042
0.000165801
0.000722645
0.000743922
0.00010447
0.000144739
0.000199818
0.000277651
0.00065598
0.00171292
0.000378015
0.000601923
0.000209007
0.000169866
0.000329237
0.000282602
0.000181722
0.00472086
0.000335275
0.000160722
0.000381585
5.34497e-05
8.65308e-05
0.000369741
0.00490156
0.000339663
0.000345834
0.000233789
0.000253397
0.000391809
0.00164105
0.00016833
0.000274639
0.00233252
8.25795e-05
0.000179973
0.000264624
0.000446872
0.000485949
0.000362695
0.000341444
0.00029314
0.000445233
0.000387265
0.000664257
0.000224791
0.000319503
0.000562852
0.000310687
0.000466845
0.000687061
0.000706628
0.000209301
0.000446701
0.00103405
0.000202898
0.000403956
0.000408741
0.000772637
0.000155312
0.000163914
0.000299996
0.000577094
0.000945307
0.000274727
0.000214641
0.000648972
0.00129935
0.000376753
0.000531801
0.000141519
0.000240935
0.000274895
0.000425376
0.000190833
0.000172804
9.32857e-05
0.000170282
0.000349001
0.000379681
0.000655846
0.000277651
0.000274132
0.000120768
0.000177912
0.00106177
0.000444478
0.00055341
0.000240276
0.000291184
0.000403959
0.000758041
0.00724353
0.000215332
0.000127128
0.000788898
0.000998583
0.000797567
0.000231592
0.000294122
0.00108496
0.000956182
0.000302357
0.000368994
0.000711011
0.000634165
0.000675611
0.000444183
0.000337972
0.000300044
0.000505511
0.000737253
0.000571705
0.000337522
0.000129663
0.000648398
0.000284708
0.000442212
0.000223389
0.000126521
6.93907e-05
0.000479601
0.000426485
0.000216426
2.20496e-05
0.000145891
0.000239957
0.000228672
0.000303795
0.000570365
0.000532241
0.000510073
0.000229779
2.46088e-05
0.000638902
0.000440468
0.000823403
0.00040419
0.000306842
0.000165023
0.00110026
0.000184337
0.000315955
0.000459265
0.000200454
0.00026491
0.000572305
0.000223168
0.000269761
0.000333697
0.000361691
0.00024417
0.000159028
0.000356494
0.00293479
0.000482432
0.000648631
0.000318589
0.00019565
0.000377037
0.0010237
0.000284907
0.000511241
0.000112201
0.000146614
0.00036789
0.000264326
0.000971176
0.000446942
0.000387407
0.000124663
0.000460624
0.000631163
0.000179776
0.000185181
0.000924836
7.30589e-05
0.000373041
0.000704828
0.000405392
0.000436098
0.00027341
0.0024937
0.000192722
0.000242168
0.000216481
0.000447094
0.000150933
0.000569193
0.0059489
0.000397434
9.80388e-05
0.00030307
0.000405613
0.000611208
0.00028864
0.00062513
0.000590869
0.000249076
0.00018703
7.9336e-05
0.000643888
0.000497751
0.000148802
0.000287168
0.000265511
0.000367523
0.000186447
0.00022694
0.000358422
0.000116139
0.000740227
0.000194428
0.00100328
0.00174322
0.000310501
0.000303248
6.80394e-05
0.000143798
0.000245367
0.000220861
0.00044189
0.000140803
0.000708599
0.000156672
0.000359159
0.000434805
0.000208631
0.00035641
0.000106221
0.000744278
0.000384685
0.000573379
0.000335684
0.000218738
0.00108153
0.000482264
0.000435772
0.00141647
0.000399114
0.000550593
0.000299161
0.000374258
0.000222404
0.000531395
9.34294e-05
0.000677304
0.000161385
0.000106263
0.000342497
0.000588934
0.000344374
0.000228818
0.000515415
0.000454864
0.000260718
0.000446515
0.000204237
0.000612343
0.000339688
0.00104041
0.00028702
0.000199223
0.000248863
0.000512579
0.000209797
0.000220669
0.000136393
0.000116463
0.00014616
0.00023581
0.000167188
0.000337297
0.000313666
0.00031808
0.000892205
0.000766333
0.000391501
0.000350004
0.000544731
0.000104803
0.000174416
0.000445601
0.000500428
0.000241738
0.000280486
0.000227437
0.000208112
0.000249213
0.000445003
0.000404495
0.000311442
0.000705027
0.000429646
0.000323927
0.000286376
0.000274288
0.000170924
0.000347918
0.00135116
0.000112105
0.000283449
0.00137269
0.000267295
0.000417225
0.000378186
0.000707197
0.000337784
0.000844299
0.000138022
0.000411443
0.00141979
0.000211073
0.00015294
0.00149891
0.000725893
0.000207433
0.00133113
0.000253541
0.000286373
0.000379843
0.000498088
0.000883466
0.000576525
0.000712228
0.000330494
8.91778e-05
0.000495335
0.000202749
0.000690705
0.000490562
0.000446242
0.00021922
0.000565249
0.000192087
0.000218404
0.000434368
0.00232786
0.000262779
0.00347992
0.000595847
0.00044354
0.00020304
0.000182171
0.00824616
0.00015623
0.000341136
0.000357861
0.000314084
0.000485916
0.000395655
0.00014076
0.000360014
0.000115403
0.000260941
0.00037867
0.000333837
0.000325658
0.00454232
0.000236544
0.000359114
0.00112249
0.000465935
0.000362506
0.000400125
0.000153823
0.000380725
0.000308825
0.000165058
0.000168087
0.00333015
0.000121636
0.000121903
0.000215588
0.0026285
0.00099701
0.000296252
0.000623046
0.00309577
4.3858e-05
0.000267112
0.00050679
0.00103761
0.000153044
0.000232026
0.0012575
0.000200155
0.00060574
0.000323235
0.000594977
6.56558e-05
0.000352036
0.000177997
0.000177693
0.000332824
0.000223685
0.000147481
0.000223848
0.000754048
0.000331743
0.000319653
0.000225566
0.000199555
0.000729146
0.000320917
0.00034416
0.000144565
0.00141875
0.00012698
0.000138603
0.000590799
0.000183193
0.000549359
0.000621302
0.000333038
0.000243741
0.000142099
0.00021709
0.000271138
0.000527241
0.000392706
0.000426758
0.000216194
0.000279092
0.000263706
0.00054186
0.00403005
0.000398199
0.000324705
0.000374427
0.0001683
0.00020685
0.000416172
0.000757294
0.000914934
0.000482241
0.000626909
0.000475176
0.000268588
0.000262587
0.000493987
0.00564466
0.000239547
0.000313674
0.000130038
0.000210694
0.000473226
0.000239508
0.000580511
0.000621751
0.000282344
0.000217686
0.00073055
0.000615391
0.000489185
0.000252292
0.000226051
0.000185417
0.000429297
0.000246052
0.000442742
0.000420943
0.000265287
0.000581455
0.000638605
0.000277612
0.00268446
0.00104795
0.000361686
0.000660086
0.00199423
0.000115214
0.000330273
0.000250265
0.000324878
0.00135867
0.00037551
0.000342029
0.000238223
0.000236324
0.00132022
0.000161829
7.27747e-05
0.000198475
0.000451316
0.000163809
0.000646577
0.000117548
0.000899595
0.000173894
0.000399829
0.000173743
0.000474062
0.00345969
0.000349619
0.000691729
0.000458101
0.000349148
0.000374709
0.000404304
0.000622512
0.000523474
0.000289966
0.000201726
0.00143966
0.000865068
0.000631106
0.000414912
0.000328132
0.000331023
0.000384422
0.000262686
0.000361301
0.000148114
0
0.000676187
0.000346023
0.000552865
0.00022781
0.000504171
0.000366864
0.000316785
0.000498172
0.000240104
0.000339826
0.000585383
0.000388705
0.000320778
0.000194621
0.000384531
4.16796e-05
0.000253755
0.00020218
0.00060483
0.000728212
0.000233307
0.000130375
0.000522441
0.000530677
0.000605402
0.000323895
0.000322217
0.000420062
0.000359051
0.000653265
0.000101568
0.00111607
0.000400288
0.000354103
0.000261607
0.000205911
0.000159882
0.000296239
0.000455781
0.000368087
0.000485346
0.00646093
0.000311826
0.000450519
0.000593691
0.000809101
0.000362276
0.000476607
0.000529432
0.00101756
0.000382887
0.000336451
0.000778096
0.000989668
0.000648855
0.000208729
5.08565e-05
0.0011837
0.000720356
0.000264354
0.000193615
4.91339e-05
0.000355727
0.00052839
0.000319695
1.54142e-05
0.000814801
0.000676261
0.00015345
0.000234932
0.000769526
0.000320295
0.000318145
0.000231762
0.000305518
0.000298892
0.00077422
0.000365159
0.000437763
0.000189504
0.000428049
0.000296108
0.000392852
0.000246798
0.000245498
0.000500466
0.000576982
0.000165051
0.000273876
0.000453613
0.000583021
0.000281734
0.00029985
0.000716509
0.000420504
8.26963e-05
0.000384575
0.000958751
0.000463904
0.000517649
0.000171279
0.000318163
8.64397e-05
0.000361411
0.000185131
0.000208645
0.000779889
0.000536813
0.000317186
0.000179136
0.0005119
0.000377494
0.000197515
0.000229791
0.000311527
0.000110778
0.000242254
0.000990256
0.000335803
0.000322836
0.000334476
0.000345584
0.000493105
0.000361793
0.000591531
0.00039973
0.000205047
0.00314619
0.000369707
0.000114261
0.000256067
0.000366914
9.98128e-05
0.000344227
0.000644749
2.14221e-05
0.000611266
0.000322747
0.00056124
0.000441036
0.000373856
0.0024349
0.000320802
0.00043118
0.000237511
0.000500472
0.00081248
0.000221003
0.000721898
0.000888352
0.000235578
0.00043042
0.00046181
0.000561744
0.000199071
0.00195472
0.00117379
0.000324855
0.000299572
0.000161094
0.000427228
0.000288996
0.000557042
0.000215039
0.000181385
0.00131124
0.000147988
0.000390036
0.000237934
0.000271351
0.000374778
0.000293462
0.000500179
0.00132565
0.000309263
0.000501623
0.000322338
0.000675892
0.000361116
0.00110097
0.000394019
0.000561736
0.00136463
0.000310005
0.000181367
0.000235308
0.000566775
0.000268787
0.000329808
0.000368881
0.000925702
0.000152852
5.33212e-05
0.000408727
0.000482629
0.000222044
6.48073e-05
2.31726e-05
0.000131045
9.986e-05
0.000292179
4.17038e-05
0.000294618
0.000156965
0.000129304
0.000709546
0.000323932
0.000332534
0.00030806
0.000525412
0.000507222
0.00023818
0.000165162
0.000613438
0.000415548
9.69224e-05
0.000415823
0.0001451
0.000771791
0.000622415
0.000234998
0.000276172
0.000275859
0.000393774
0.000517103
0.000197857
0.000296816
0.000664041
0.000142359
0.00022672
0.00020861
0.00063256
0.00017572
0.000248099
0.000244188
0.000249517
0.00087299
0.000472008
0.000374714
4.80217e-05
0.000419126
0.000497478
0.000286273
0.000136671
0.000177282
0.000257184
0.000561783
0.000755556
0.000108334
0.000293564
0.000425929
0.000120436
0.000248244
0.000403813
0.0003078
9.52038e-05
0.000468381
0.000433479
0.000208484
0.000500259
0.00050697
1.56949e-05
0.000482192
0.00018946
0.000201888
0.000738044
0.000213937
0.000477584
0.000558199
0.000403146
0.000535669
0.00109944
0.000664913
0.000118734
0.000257028
0.000133346
0.000180639
0.000310505
0.000164655
0.000180107
0.00049163
0.000288624
0.00019459
0.000426684
0.000494124
0.000205158
0.000769207
0.000100798
0.000908764
0.000368909
0.00049477
0.000395406
0.000147332
0.00037603
0.000606994
0.000399746
0.000577572
0.000292314
0.000166096
0.00176068
0.000251913
0.000253888
0.000669472
0.000411048
0.000650991
0.000175995
0.000211459
0.000417122
0.000522542
0.000377896
0.000147249
0.000195632
0.000390823
0.000180389
0.00030742
0.000348978
0.00105294
3.73249e-05
0.000222252
0.000245449
0.000397692
0.000344389
0.000428911
0.00021076
0.000613797
0.000489182
0.000340309
9.25885e-05
0.000131548
0.000133572
