0.000253439
0.000703127
0.000412658
0.000441112
0.000413621
0.000227558
0.000514824
0.000357904
0.00022931
0.000142835
2.58103e-05
0.000363877
0.00063357
0.000404177
0.000478971
0.000268467
0.000425361
0.000228086
0.00027381
8.28409e-05
0.000680101
0.000225843
0.000149013
0.000209266
0.000187258
0.000329137
0.000268921
0.000543103
0.00149567
0.000368942
0.000350874
0.00230365
0.000512975
0.00326552
0.0004424
0.000324471
9.56117e-05
6.37647e-05
0.000366369
5.70994e-05
0.000260811
9.56235e-05
0.000629178
0.000446879
0.00139416
0.000238774
0.00224419
2.76744e-05
0.000327077
0.000294075
0.000302586
0.000181239
0.000458076
0.000354737
0.000202516
0.00022756
0.000303534
0.000238631
0.000439035
0.0126399
0.000254227
0.000247064
0.00403088
0.000122025
0.000904596
0.000405753
0
0.000510096
0.000349007
0.000223759
0.000144377
0.000562854
0.000726412
0.000332689
0.000285093
0.000237652
9.88546e-05
0.000419003
0.000272426
0.000195111
0.00101574
0.000133935
0.000213248
0.000310576
4.12479e-05
0.000114152
0.000377093
0.00021612
0.000280355
0.000122822
0.00026376
0.000124991
0.000238751
8.20739e-05
0.000308944
0.000144223
6.05485e-05
0.000437287
0.000782826
8.36924e-05
0.000182161
0.000169284
0.000579404
0.000164686
0.000275673
0.000266953
0.00318094
0.000439117
0.000263752
0.000231194
0.000532848
0.000171955
0.000590312
0.000323874
0.000976281
0.000264426
0.000201385
0.000171953
0.000121082
0.000117887
0.000195759
0.000752526
0.00118676
0.00022952
3.12976e-05
0.00239959
0.000146668
0.000154443
6.92282e-05
0.0011158
0.000150025
0.00028585
0.00027618
9.47523e-05
0.000369502
0.000156761
0.000106375
0.000457412
7.24276e-05
0.000216242
0.000348512
0.000304238
0.000233305
0.000367227
0.000335126
0.000414195
0.000107735
0.000240441
8.41098e-05
0.000152284
0.000229397
0.000259543
0.000224178
0.000184382
0.000216092
8.65652e-05
0.000255599
0.000227253
8.84917e-05
0.000615843
0.000208623
9.58977e-05
0.000283475
0.000277437
0.000166947
0.000277003
0.000211506
4.47909e-05
0.000486923
0.000168767
0.000310919
0.000282935
0.000266989
0.000275592
0.000236722
0.000244475
0.000280346
0.000262002
0.000188447
0.000220372
0.00018362
8.09911e-05
0.000168522
0.000689735
0.000211055
0.000313084
0.000109249
0.000170392
0
0.000273315
0.000252954
0.000193313
0.000723962
0.00021745
0.000103284
0.000989969
0.000214127
0.000172184
0.000182526
0.000330705
8.31762e-05
9.47457e-05
3.03302e-05
0.000408062
0.000477482
0.000239234
0.000195681
0.000512802
0.000761657
0.000280715
0.000430396
0.000317149
0.000533096
0.000156532
0.000311241
0.000274632
0.000668402
0.000176771
0.000280117
0.000324047
0.000155035
0.000101456
0.00014439
0.000173795
0.00031033
0.000332772
0.000146824
0.00023802
0.000254554
0.000340766
0.000288097
0.000246021
0.000286955
0.000527935
0.00179905
6.22934e-05
0.00026306
0.000354888
0.000182721
0.000128595
0.00029834
0.000373758
0.000154993
0.000646079
0.000601276
0.000768087
0.000198462
0.000215089
0.000241872
0.000116812
0.000375231
0.000768318
0.000224849
0.000478836
0.000109276
0.000300302
0.000657943
0.000354087
0.000645375
0.000751419
0.000210382
0.000140294
0.000521204
0.000326459
0.000406921
0.000872541
7.26974e-05
0.00123387
0.000162031
0.000124251
0.00013565
3.88786e-05
0.00036766
0.000384004
0.000968893
0.000151543
0.00019066
0.000221397
0.00183916
0.000403051
0.000558094
0.000194238
0.000795181
8.5718e-05
0.000189807
0.000183477
7.85421e-05
0.000492491
0.000138406
0.000579075
0.000634458
0.000182425
6.88911e-05
0.000673203
0.000211032
0.000109086
0.000287869
0.000225704
7.29766e-05
0.000586076
0.000355378
6.61023e-05
8.80554e-05
0.000332589
0.000679078
0.000175764
0.000116831
0.000506756
0.000271779
0.00094464
0.000528244
0.000423902
2.50664e-05
0.000228905
0.000331964
0.00018296
0.000325773
0.000962961
0.000407722
0.000106802
0.000376685
0.000290288
4.7677e-05
0.000351501
0.000207012
0.000239735
0.000276017
0.000272697
0.00218374
0.000674557
0.000138738
0.000357538
0.000131393
0.000105603
0.000146796
0.000378387
0.00062485
5.86196e-05
0.000163015
0.000134031
0.000321703
0.000170974
0.000243575
0.000686355
0.000307437
0.0002097
0.000637283
0.000103671
0.000159255
0.00251314
0.000347548
0.000333379
0.000484483
0.000440387
0.000406288
0.000171538
0.00165536
0.00101128
0.000176601
9.24673e-05
0.000264481
0.000323686
0.000239463
0.000245774
0.000202048
0.000915618
0.000497948
0.000452188
0.000198282
0.000130755
0.000720373
0.000231878
0.000323647
0.000315752
0.000909135
0.000116188
0.000232655
0.000344122
0.000241165
0.00059841
0.000118581
0.000166715
0.000201857
0.000374636
0.000120746
0.000267011
0.000136809
0.000331829
0.000399618
0.00484321
0.000133932
0.000860319
3.92917e-05
0.000346836
5.79168e-05
0.000370381
0.000464398
0.000128371
6.1793e-05
6.04512e-05
0.000259105
0.000618946
3.48614e-05
0.000541384
0.000773566
0.000228054
0.000104322
0.000539725
0.000406164
0.000272226
0.000217375
0.000201472
0.000176502
0.00113549
1.37236e-05
0.000235873
4.26853e-05
6.53079e-05
0.000341194
0.000193986
0.000330692
0.000103559
0.000949523
0.000245089
0.000301885
6.1018e-05
0.000831973
0.000147921
9.0479e-05
0.000382766
0.000271259
0.00139027
0.000232487
0.000214611
0.000777707
0.00020176
0.000438056
0.00564699
0.000199862
0.000237172
0.000262479
0.000927121
0.000300441
0.000328522
0.000203973
0.00388259
0.000258791
0.000259392
0.00020397
0.000299423
0.000214465
0.000180505
0.000382115
0.000467897
0.000438115
0.000274353
0.000532973
0.000178642
0.000522287
0.000163852
0.000156265
0.000686679
0.000316908
0.000584071
0.000839005
0.000276294
0.000267948
0.000330017
6.88949e-05
0.000763946
7.16937e-05
0.000346979
0.000183478
0.000427676
0.000771438
0.000536694
0.00078354
0.000130185
0.000385522
0.000165579
0.000262283
0.000114683
0.00026676
0.00028989
5.09512e-05
0.00025254
0.000211199
0.000238262
0.000822246
0.000193128
0.000342402
0.00024417
0.000369767
0.000291376
0.000106078
0.000154075
0.000164854
0.000231471
0.000282934
0.000127133
5.96728e-05
0.000414802
0.000222113
0.000179361
0.000254833
0.000822028
0.000691618
0.000456664
0.000146522
6.86902e-05
0.000313301
0.000213627
0.000363561
0.000234274
0.000526484
0.000323067
0.000232901
0.00013145
0.000139399
0.000464046
0.000297803
0.000145335
0.000862091
0.000176539
0.000340445
6.22789e-05
0.00100485
0.000179553
0.000205437
0.000694483
0.000640702
0.000125099
0.000238184
0.000128826
0.000196835
0.000604187
1.6457e-05
0.000124975
0.000216244
0.000362265
0.000318917
0.000351824
0.000493682
0.000188999
0.000279744
0.000221578
0.000323997
0.00154296
4.34385e-05
0.000663453
0.000361835
0.000313108
0.000339259
6.17442e-05
0.000234775
0
0.000245561
0.000106215
0.000139533
0.00133296
0.000131995
0.000215094
0.000274994
0.000358304
0.000293448
0.000574821
0.000404591
0.000213929
0.000234314
6.80823e-05
0.000215632
0.000182822
0.000322444
0.000221095
0.000302761
0.00048328
0.000100971
0.000378237
0.000468984
0.000130344
0.0002866
0.000168724
0.000141817
0.00027216
0.000152767
0.000418813
0.000332201
0.000247266
0.000238818
0.000188273
2.5797e-05
0.000773627
0.00111625
0.000249043
9.40773e-05
0.000148
0.00021087
0.000248167
0.000246399
0.000142282
0.000313931
0.000162386
0.000103523
0.000385233
0.000219976
0.000274346
7.81147e-05
0.000236245
0.00208605
0.00571316
0.00153523
0.000722462
0.000453664
0.00028916
0.000211089
0.000194641
0.000453522
0.000110372
0.000307724
0.000338227
0.000577234
0.000200871
7.29923e-05
0.00016169
0.000296602
0.000251495
0.000139826
0.000263998
0.000469311
0.000204915
0.000195774
0.000164942
0.000195086
0.000156146
1.84303e-05
0.00146769
0.000382681
0.000503762
0.000137943
0.00361788
0.000188307
4.84265e-05
0.00010583
9.17371e-05
0.000845022
0.00019558
0.000989078
9.01929e-05
0.000106762
0.000329498
0.000305823
0.000177822
0.000190546
0.000251201
0.000244786
0.000317869
7.86521e-05
0.00052085
0.000499274
0.000115341
0.000200617
0.000265946
0.000336919
0.000377647
0.000103735
0.000298391
0.000196352
0.000412978
0.000387804
0.000495522
0.000411655
0.000181836
2.3256e-05
7.32179e-05
0.000173737
0.000257375
0.000240778
9.18499e-05
8.62055e-05
0.000160853
0.00060664
0.000226227
0.000194898
0.000393196
0.000173462
0.000402215
0.000123829
0.000463669
0.000215468
0.000428834
0.000225903
0.000176094
0.000257748
0.000629167
0.000384476
0.000324647
0.000392955
0.000728052
0.000304015
0.000543616
0.000258722
0.000263787
0.000112353
0.000132696
0.000416867
0.000230997
0.000138788
0.000139673
0.000282311
6.5867e-05
0.000323179
0.000184945
0.000105704
0.000331568
0.000226724
0.000528952
0.000246378
0.00024901
0.000371166
0.000290974
0.000130825
0.000296477
0.00019768
0.00037487
0.000515343
0.000108211
0.000289495
0.000307246
0.000247852
0.000418596
7.0076e-05
0.000950899
0.000911312
0.000188794
0.00199661
6.89609e-05
0.000448729
0.000115939
0.00032651
0.000667067
0.000469712
0.000491943
0.000159542
0.000343328
0.00296285
0.000123037
0.000138268
0.000303524
0.000166548
0.00033355
0.00179651
0.00073275
0.000175705
0.000180809
0.000426024
0.000673668
0.000255358
0.000528844
0.000164985
0.000244641
0.000372583
0.000715035
0.000475478
0.000504649
0.000385838
0.000250653
0.000320172
0.00185679
0.000247709
0.000271263
0.000356072
0.000371741
0.00034522
0.000737957
0.000513624
0.000185689
0.000329181
0.000165526
0.000501111
0.000322014
0.000153533
0.000185349
0.000780359
0.000452256
0.000314767
0.000253009
0.000148349
0.000338404
0.00028137
0.000194416
0.000186822
0.000179973
0.000153309
0.000818562
0.000224235
0.000280591
0.000345361
0.000114257
0.000385531
0.000591057
0.00101555
0.000266729
0.00039868
5.25443e-05
0.000258612
0.000246189
0.000750571
4.9002e-05
0.000383739
0.00100182
0.000280029
0.000177243
0.000204608
4.69877e-05
0.000107306
0.000145708
0.000186276
0.000304591
9.38399e-05
0.000245641
0.000799782
0.00014188
0.000371377
0.000139304
0.000403658
0.000359427
0.000212703
0.000127785
8.90291e-05
0.000184096
0.000493149
0.000176714
0.00038569
0.000115801
0.000682096
2.41522e-05
0.000300227
0.000421934
0.000186159
0.000166804
0.000881031
0.000310666
7.19582e-05
0.00173595
0.000377754
0.000136528
6.77108e-05
0.000730788
0.000256362
