0.000189092
0.000233517
0.000283803
0.00297434
0.000386806
0.000107889
0.000338321
0.000596796
0.000349663
0.000271603
0.00037033
4.20861e-05
0.000289759
0.000166424
0.000223244
0.000171589
0.000210272
4.79485e-05
0.000317561
0.000243383
0.00039172
0.000590921
0.000451186
0.000514231
0.00016797
0.000167928
0.000823194
0.000436012
0.000152747
0.000876219
0.00021768
0.000175672
0.000693591
0.000254529
0.00148679
0.000387244
0.000439305
0.000291795
0.000465217
0.000453408
0.000370621
0.000501652
0.0106706
0.000366297
0.000183291
0.000218025
0.000199335
0.000680028
0.00032841
0.000891857
0.000198832
0.000316905
0.00015159
0.000570009
0.000265014
0.000230001
0.00031861
0.001577
0.00124727
0.000123233
0.000166482
0.0131624
0.000741259
5.80159e-05
0.000142352
0.000239067
0.000268891
0.00026038
8.80904e-05
0.000501904
0.000139516
0.000179412
0.000468679
0.000471443
0.000186378
0.00013604
0.00018311
0.000335372
0.000234089
6.83239e-05
0.00028362
7.71672e-05
0.00184591
0.000104942
0.000235838
0.000216188
0.000266422
0.000250934
0.000385922
0.00109018
0.000359191
0.000260786
0.000230816
0.000406538
0.000385221
0.000536422
0.00544737
0.00052591
0.000125769
0.000128895
0.000191284
0.000333676
0.000526242
0.000375216
0.000185179
0.000483345
0.000316862
0.000228797
0.000298284
0.00042777
0.000454967
0.000430132
0.000218569
0.000488609
0.000335184
0.000596806
0.00181882
0.00028156
0.00029631
0.0017914
0.000913048
0.000185262
0.000287516
0.00201158
0.000196336
0.000256944
0.000353463
0.00137255
0.000284498
0.000221952
0.000978672
0.000697805
0.00177503
0.000319191
0.000204233
9.21951e-05
0.000773495
9.24533e-05
0.000108426
0.000406008
0.000373239
0.000243987
0.000595832
0.000336459
0.000408979
0.0003784
0.000507679
0.000250283
0.000209247
0.000538855
0.000162662
0.000358833
0.000570488
0.000429174
0.000658637
0.00119299
0.000862734
0.000664691
0.00024681
0.000675936
0.000143725
0.000649703
0.000494742
0.000232935
0.000482248
0.000422391
0.000595793
0.000159626
7.06255e-05
0.00044647
0.00010138
0.000809332
0.000361894
0.000137454
4.48286e-05
0.000318862
0.000267039
0.000406662
0.000655441
0.000305246
0.000548187
0.00143605
0.000766001
0.000648952
0.000418909
5.68144e-05
0.000164578
0.000145655
0.00019454
0.000721091
0.000245176
0.00221516
0.000264534
0.000316498
0.000238528
0.000214816
0.000628635
0.000265059
0.000251727
0.000264158
0.000167462
0.000149645
0.000115652
0.000174041
0.000389475
0.000771957
0.00017578
0.000107189
0.000228642
0.000305822
0.000310207
0.000265213
9.64065e-05
0.000366416
0.00058005
0.000150861
0.000318341
0.000258675
0.000310618
0.000436602
0.000350338
0.000268134
0.000596857
0.000193437
0.000454961
0.00268568
9.71396e-05
0.00114667
7.47608e-05
0.000116632
0.000396812
0.000429486
0.000480481
0.000226411
0.000236667
0.000261404
0.000245241
0.00026972
0.000449252
0.000140542
0.000365608
0.000179515
0.000123807
0.000235316
0.000443682
0.000113053
0.000256542
0.000221922
0.000155635
0.000381268
0.000491542
0.000210405
0.000184619
0.000682909
0.00042532
0.000328223
0.000321943
0.000149819
4.69839e-05
0.000383769
0.000100444
0.000238111
0.000393091
0.000272929
0.000197547
0.000178857
0.000288229
0.00103484
0.000195522
0.000210264
0.00130959
0.000255322
0.000330148
0.000237906
0.000100161
0.000167077
0.000500313
6.59625e-05
5.44036e-05
0.000231221
0.000455426
0.000489272
0.000226732
0.00022753
0.000162938
0.000195798
0.000607875
0.000345593
0.000128138
0.000198172
0.00170977
0.000487659
0.000352193
0.000726897
0.000780809
0.00182569
0.000648139
0.000374992
0.000604448
0.0007344
0.000304254
0.000445177
0.000474747
0.000279557
0.000200987
0.000197461
0.000392209
0.000202391
0.000236147
0.000286322
0.000486058
0.00022836
0.000221696
0.000309657
0.000184954
0.000340834
0.000766979
0.000201157
0.000621967
0.000152696
0.000331262
0.000249756
0.000170737
7.31257e-05
0.000407034
0.00039559
0.000760973
0.0010016
0.000309517
0.000167555
0.000354942
0.000568419
0.000290858
0.0013092
0.000401254
0.00011393
0.000346674
0.000271156
0.000312643
0.000478957
0.000393156
0.000350002
0.000395098
0.000418411
0.000688814
0.00095961
0.000538891
0.000725414
0.000138639
0.000126975
0.000328409
0.000831473
5.906e-05
0.000232561
0.000608216
2.43363e-05
0.000398388
0.000975012
0.000289295
0.000318979
0.000441245
0.000785704
0.000303385
0.000486915
0.000221028
0.000250221
0.000259673
0.000216547
0.000232228
0.00040987
0.00186082
0.000173893
0.000282258
0.000317617
0.000173428
0.000143188
0.000380445
0.000429985
0.000451753
0.000525876
0.000473766
0.000145379
0.000512153
0.000436719
0.000256156
0.000395167
0.00035852
0.000425156
0.000530273
0.000331122
0.000861211
0.00108429
0.000450271
0.00017749
8.2452e-05
0.00108099
0.000346343
0.000264245
0.000121371
0.000603317
0.000209636
7.75834e-05
0.000352577
0.00161257
0.000374699
0.000396111
0.000245492
0.000249658
2.36365e-05
0.000232801
0.000149707
0.000544516
9.66688e-05
0.000180334
0.000126837
0.000314042
0.00123448
0.000251428
0.000442062
0.000559723
0.000484789
0.000405463
0.0003009
0.00030161
0.000236764
0.000445277
0.000278893
0.000367518
0.000857909
0.000172628
0.000206272
0.000476801
0.000299662
0.000580711
8.78066e-05
3.5761e-05
0.000213424
0.000401413
0.000268881
0.000212294
0.000468204
0.000316149
0.000212728
0.000201622
0.000121375
0.000271085
0.000240874
0.000492681
0.000449149
5.87309e-05
0.00033717
0.000168245
0.000695974
0.000295124
0.00481587
0.0024161
5.05506e-05
0.000238109
0.000220675
0.000137053
0.000206963
0.00024414
0.000416474
0.000266467
0.000281203
0.000239207
0.000237378
0.000317788
0.000133259
0.000171541
7.60793e-05
0.000317922
0.000343553
0.000267315
0.0005713
0.000254097
0.000550187
0.000133409
0.000505576
0.000372669
0.000355411
0.000349626
0.000624594
0.000280124
0.000311554
0.000311385
0.000239973
0.000118424
0.000229696
7.00282e-05
0.000229159
0.000372989
0.000107498
0.000365511
0.000200338
0.000138424
0.00295149
0.000258536
0.000239781
0.000451155
0.000188663
0.000798182
0.000148505
0.000433932
0.000451892
0.000325692
0.000139837
0.00152388
0.000716358
0.00028541
0.000195419
0.000358112
0.000250151
0.000368108
0.00122616
0.000164509
0.000400695
0.000130919
0.000290723
0.000255357
0.000287128
0.00022807
0.000732731
0.00132063
0.000225776
0.000211569
0.00054361
0.000944106
0.000639816
0.000439365
0.000318838
0.000418057
0.000156155
0.000318872
0.000172378
0.000121155
0.000253858
0.000271144
0.000280163
0.000895202
0.000380713
0.000374668
0.000389187
0.00034438
0.000145488
0.000304597
0.000185909
0.000220388
0.000725973
0.000463732
0.000796084
0.000268691
0.000203674
0.000181951
0.000422221
0.000613001
0.00329799
0.000219378
0.000470972
0.000290106
0.00232454
0.000388041
0.000355699
0.000160712
0.000161307
0.000348503
0.000309893
0.000278359
0.000515723
0.000164787
0.000770472
0.000135925
0.000194583
0.000212608
0.000333981
0.000235431
0.00178588
0.000176113
0.000183048
0.000415217
0.000260698
0.000221125
0.000423411
0.000331815
0.000173917
0.000255173
0.000338869
0.000174199
0
0.000531056
0.000442795
0.000891543
0.000561528
0.000762185
0.000265368
0.000109717
0.00342196
0.000373695
0.000631158
0.000320998
0.000619927
0.000319228
0.000602495
2.53864e-05
8.26261e-05
0.000295629
0.000393906
0.000351583
0.000158326
0.000328072
0.000196306
0.000294064
0.000448953
0.000167373
0.00077742
0.000498174
0.000403745
0.000281953
0.0002869
0.000640092
0.000243857
0.000256543
0.000243841
0.000862145
0.000413335
0.000394937
0.00027032
0.000361891
0.000318016
0.000282005
0.000142489
0.000536627
0.000417861
0.000258568
0.000363807
0.000315883
0.000437907
0.000929171
0.00021825
0.00028775
0.00130206
0.000384164
0.000446879
0.0010691
0.000469124
0.000239266
0.0024249
8.12338e-05
0.000500083
0.000616994
0.000420295
0.000398396
0.000304714
0.000717362
7.41071e-05
0.000344915
0.000316935
0.000200613
0.000107724
0.000235377
0.00028899
0.000177467
0.000205016
0.000208744
0.00032472
0.00124665
0.000243569
0.0010947
0.000959617
0.000160574
0.000754835
0.000225628
0.000237632
0.000601616
0.00020251
0
0.000414025
0.000113106
0.000177731
0.000932864
0.000224206
0.000889006
9.99902e-05
0.000264916
0.000328184
0.000311358
0.00037753
0.000132075
0.000242619
0.000191
0.000188401
0.000364079
0.000272654
0.000143831
0.000396307
0.000237529
0.000265289
0.000330381
0.000170701
0.000471289
0.000455517
0.00038169
0.000360909
0.000196386
0.00450073
0.000135309
0.000313157
0.00034681
0.000143237
0.000165001
0.000262715
0.000295611
0.000575384
0.000303151
0.000318564
0.000544905
0.000117141
0.000441274
0.000297367
0.000310543
0.000411201
0.000210491
0.000390454
0.000161025
0.000528771
0.00100844
0.00012344
0.000678879
0.000217335
4.4428e-05
0.000474807
0.000189453
0.000161708
0.000127725
0.000247308
0.00114148
0.000339722
0.000830891
0.000360994
0.000452636
0.000328884
0.000204609
0.000498049
0.000454467
0.000254117
0.000406597
0.00150123
0.00039015
0.000222312
0.000320163
0.000214042
0.00168487
0.000205567
0.000125451
0.000205371
0.000214244
0.000231377
0.000164535
0.000478072
8.00842e-05
0.000373511
0.0003181
0.000383794
0.000513741
0.000133536
0.000200283
0.00016365
0.000394655
0.000227177
0.00022724
0.000126902
0.000571613
8.08408e-05
0.000472105
0.000485308
0.000386209
0.000317379
0.000339382
0.000356778
0.000476926
0.000313964
0.000364474
0.000186682
0.000300444
0.000342194
0.000663778
0.00028688
0.00041242
0.000673074
0.000148966
0.000313084
0.00013668
0.0150325
0.00024226
0.000333366
0.00107042
0.000710225
0.000619382
0.000273624
0.000217402
0.000370423
0.00039547
0.000205465
0.000352479
0.00137191
0.00105513
0.000522679
0.000733789
0.0002778
6.79292e-05
0.0007523
0.000712753
9.68129e-05
0.000431838
0.000554385
0.000244706
0.000269975
0.000364788
0.000496002
0.000492184
0.000341164
0.000539723
7.83236e-05
0.000443878
0.000703098
0.000325401
0.000272861
0.000414469
0.000186307
0.000207341
0.000573892
0.000131148
0.000199259
0.000325321
0.0001732
0.000219262
0.00043678
0.000263554
0.00110719
0.000132691
0.000166821
0.000128946
0.000259926
0.000143976
0.000184085
0.000371891
0.000707487
0.00060988
0.000157144
0.000428645
0.000715956
0.000376422
0.000556071
0.000420924
0.000164949
0.0025259
0.000195321
0.00047234
0.00024406
0.000506684
0.000271553
0.000249457
0.000342501
0.000200095
0.000204837
0.000114535
0.000441666
0.000559915
0.000143044
0.000112167
5.88896e-05
0.000265218
0.000122426
0.000190912
0.000403948
0.000332914
6.24448e-05
0.000347239
5.52175e-05
0.000493537
0.000336176
0.000726108
0.000103029
0.000350719
0.000373515
0.000251266
0.00160006
0.000202141
8.39098e-05
0.000123489
0.000230164
6.34455e-05
0.000423927
0.00025146
0.000258246
0.000215256
0.000109986
0.00011153
0.000313032
0.00030993
0.000766462
0.000362692
0.000213889
0.000150288
0.000244427
0.000639152
0.000254239
0.000704461
0.000115743
0.000502935
0.00189549
0.000209159
0.000147866
0.000123044
0.00023871
0.000763212
0.000329595
0.000294438
0.000721177
0.000335527
0.000439829
0.000291202
0.000418881
0.000445754
0.000161791
0.000393579
0.000236377
0.000395997
0.000273474
0.000223262
0.000352965
0.000190131
0.000498263
0.000552489
0.000206684
8.89691e-05
0.000455783
0.000196595
0.000476355
0.000271331
0.000302778
9.6407e-05
0.000172852
8.73594e-05
0.000212126
0.00011765
0.000350305
0.000302871
0.000264121
0.000210815
0.000634503
9.19027e-05
0.000160744
0.001419
0.00022767
0.000175213
0.000168725
0.00836633
0.000444274
0.000215131
0.000402546
0.00114702
0.000218161
5.4588e-05
0.000292723
0.00108656
0.000332237
0.000455368
0.000428562
0.000314697
0.000343045
0.000153751
0.000635874
0.00014176
0.000465087
0.000296807
0.0002323
0.000290433
0.000588653
0.000145006
0.000326553
0.000706053
0.000487893
0.000347166
0.000228879
0.000165586
0.000927794
0.000250389
0.000219079
0.000173513
0.000712783
0.00372616
0.000748575
0.000889899
7.03723e-05
0.00017254
0.000516703
0.000801328
0.000437332
0.00273967
0.000238286
0.000228794
0.000324091
0.000319403
0.000236286
0.000250009
0.000134688
0.000192638
0.000245691
0.000118187
0.000190148
0.000127183
0.000207014
0.000554965
0.000404022
0.000306055
0.000347121
0.000135852
0.000231079
0.000472989
0.000197391
0.000451755
0.00145208
0.000336956
0.000248819
0.000582985
0.000325138
0.000906905
0.000308916
0.000779695
0.000269235
0.000252354
0.000359332
0.000365134
0.000648529
0.000141874
0.000445993
0.000374423
0.000278447
0.000221209
0.000354893
9.15846e-05
0.000743186
0.000424772
0.000223723
0.000185255
0.000139018
0.000484422
0.000574585
0.00029251
0.000188259
0.000539574
0.00039484
0.000212359
0.000457995
0.000301145
0.000191649
0.00503165
0.000247334
0.000365223
0.000271152
0.000306407
0.000314017
0.000219054
0.00045729
0.000303225
0.000771641
0.000564763
0.000344054
0.000116735
0.000192439
0.000167611
0.000112176
0.000567799
0.000265357
0.00035637
0.000445046
0.000259402
0.000296441
0.000540059
0.000792801
0.000215879
0.00289176
0.000501478
0.000153019
0.000558159
2.30154e-05
7.88677e-05
0.000271107
9.83476e-05
0.000113945
0.00024195
0.000464468
0.000164577
0.000388901
0.00103692
0.000367604
0.000897627
0.000739904
0.000363001
0.000670628
0.000463356
0.000294754
0.00274631
5.79055e-05
0.000317722
0.000435004
0.000267902
0.000272183
0.000328173
0.000475757
0.000500394
0.000883019
0.000391949
0.000288065
0.000326018
0.000465845
0.000877346
0.000661089
0.00039543
0.000267961
0.00037351
0.000175632
0.000142719
0.000221284
0.000104376
0.000216714
0.000275301
0.000454821
0.000203817
0.000709257
0.000219814
0.000577327
0.000297495
0.000317574
0.000539357
0.000396497
0.000310282
0.000608996
0.000325467
0.000245619
0.000486413
0.00100196
0.000313292
7.27684e-05
0.000144168
0.000226479
0.000300466
0.00020726
0.000681117
0.000248534
0.00031448
0.000171683
0.000492763
0.000190949
0.000120341
0.000268039
0.000198164
0.000525294
0.000584395
9.04385e-05
0.000167849
0.000444762
0.000272204
0.000494759
0.000119505
0.000317452
0.000307268
0.000410917
0.000311739
0.000243089
0.000709109
0.000157719
0.000380783
0.0007722
0.000303438
5.55426e-05
0.000353114
0.000387531
0.00023294
0.000317627
0.000351456
0.000192999
0.000297603
0.000289097
0.000151868
0.000572823
0.000521355
0.000426378
0.000265286
0.000202252
0.000352979
0.000253681
0.000681744
0.000648346
0.000222399
0.000472837
0.000298402
0.000320313
0.000131463
0.000238387
0.000354058
0.000191207
0.000429699
0.000244449
0.000409486
0.000183057
0.000261643
1.75891e-05
0.000211978
0.000237565
0.000106681
0.0011126
0.000181136
0.000258393
0.000285301
0.000292946
0.000214966
0.000372965
0.000143691
0.000288955
0.000303736
0.00019158
0.0002824
0.00280802
0.00052932
0.000241854
0.000171733
0.00162637
0.000137947
0.000266673
7.58496e-05
0.000388708
0.000385897
0.000438649
0.000168964
0.000985332
0.000342915
0.000382494
0.00183517
0.000244026
0.000152763
0.000850436
0.000548654
0.000303729
0.000228281
0.00029278
0.000520027
0.000186247
0.000348713
0.000386778
0.000391692
0.000276233
0.000216253
0.000415241
0.000276823
0.000996446
0.000270272
0.000141567
0.000377033
0.00105764
0.000496574
0.000534292
0.00117304
0.000813803
0.000367221
0.000118665
0.000127839
0.000521635
0.000161109
0.000141391
0.000335522
0.000143431
0.000104491
0.000333273
0.000176767
0.000791487
0.000253608
0.000242858
0.000435213
0.000468572
0.000767611
0.000733087
8.22581e-05
0.000157828
0.00028478
0.00171542
0.00051772
0.000392616
0.000466571
0.000130339
0.000323245
0.000235333
0.000446531
0.000134197
0.000557901
0.000238925
0.00019039
0.00030104
0.000609041
0.000661877
0.00110367
0.000167219
0.000312057
0.000194759
0.000122954
0.000210993
0.000520414
0.000188625
0.00017483
0.000143411
0.000403377
0.00471319
0.000217835
0.00053011
0.000364439
0.000224516
0.000217597
0.00024053
0.000249475
0.000117355
0.000286277
0.000284181
0.000486684
0.000417778
0.0017326
0.00024936
0.00031695
0.000244122
0.00033855
0.000395819
0.000364674
6.28068e-05
0.00043515
0.000146296
0.000307892
0.00032795
0.000455467
0.000234811
0.000233291
0.000614788
0.000296659
0.000213219
0.000339455
0.000318689
0.000434922
0.000635676
8.45035e-05
0.000910418
0.000795948
0.000398974
0.000619361
0.000349719
0.000492419
0.000628014
9.98261e-05
0.000261351
0.000259948
0.00045797
0.000863119
0.000652559
0.000481964
0.000365481
0.000147694
0.000606491
9.44877e-05
0.000927066
0.000471784
0.000106814
0.000266727
0.000104787
0.000327195
0.000358269
0.000149089
0.000706781
0.000380611
0.000173501
0.000109117
0.000357494
0.000241327
8.39745e-05
0.00034478
0.000191673
0.000322995
0.000327598
0.000179027
7.51086e-05
7.1109e-05
0.000181883
0.00010649
0.000260509
0.000389676
0.000368688
8.43933e-05
0.000156639
0.000179174
0.000107194
0.00059904
0.000705494
0.000514695
0.000103202
0.000248422
0.000316078
0.000548551
0.000264307
0.00654249
0.00023811
0.000220064
0.000590776
0.000293386
0.000632513
0.000475093
0.000558539
0.000267632
0.000282545
0.00026514
0.000386585
0
0.000438547
0.000330951
0.000227698
0.000534595
0.000319691
0.000328358
0.000103781
0.0181719
5.24379e-05
9.41449e-05
0.000403678
0.000198029
0.000110478
0.000442008
0.00147127
0.000303007
0.000196445
0.000359317
0.000481762
8.74846e-05
0.000152242
0.000402985
0.000266541
0.00044814
0.000204488
0.0003445
0.000434225
0.000360026
0.000155122
0.000703338
0.00016627
0.000319908
0.000493393
0.0126399
0.000108371
7.03884e-05
0.000305709
0.000416721
5.95659e-05
0.000238754
0.00017944
0.00114476
0.000277332
0.00042462
0.000659251
0.000135615
0.00162673
0.000290104
0.000532742
0.00023111
0.000338887
0.000219807
0.000242461
0.000786493
0.000311459
0.000474899
0.000169876
0.000308526
5.18273e-05
9.59518e-05
0.000679076
0.000447459
0.000817429
0.000266359
0.00020267
7.41947e-05
0.00038921
0.000226141
0.000348512
0.00019629
0.000572283
0.00022817
0.000225029
0.000466443
0.00102571
0.000213062
0.000126462
0.000505581
0.000298478
0.000112237
8.50259e-05
0.000189207
0.000277671
0.000320619
0.000400636
0.000117758
0.00012262
0.000165295
0.000133976
0.000444268
0.000422903
0.000108106
0.000129926
0.00035047
0.000196113
0.000179836
0.000129702
0.000927051
0.000411211
0.000518062
0.000229127
7.8752e-05
0.000254266
0.000783041
0.000370643
0.000293462
0.000174115
0.0004623
0.000447174
0.000973191
0.000749214
0.000294637
0.000331251
0.00028333
0.00021381
0.000202019
0.000604857
0.000182616
0.000713396
0.000678139
0.000225848
0.00024155
0.000310905
0.000323906
0.0004067
0.000116915
0.000292527
0.00031743
0.000439507
0.000442812
0.000570102
0.000279826
0.00032309
0.000416134
0.000132125
0.000738275
0.00018872
0.000298434
0.000841907
5.03118e-05
0.000307657
0.000195383
0.00015778
0.000342969
0.000440507
0.000212664
0.000220698
0.000114113
0.000261131
0.00112872
0.000469179
0.00156777
0.000449109
0.000333912
0.000353517
0.000580477
0.00193121
0.000536131
8.35933e-05
0.000309663
0.000489959
0.000362367
0.000140629
0.000583106
0.000380473
9.29163e-05
0.000138811
4.97546e-05
3.69315e-05
7.48363e-05
0.000145801
0.000150454
0.000311466
0.000342756
0.000187586
0.000627454
0.000195919
0.00026954
0.00029127
0.000424674
0.00020681
0.000236705
0.000252769
0.000550284
0.000456439
0.000455636
0.00122556
0.000261422
0.000141178
0.000272381
0.000409368
0.000358983
0.000117294
0.000144545
0.000272858
0.00208051
0.000198779
0.000231142
0.000386333
0.000936185
0.000233357
0.000299945
0.000588054
0.000302375
0.000104525
0.000277234
6.67437e-05
0.000462514
0.000780245
0.000567249
0.00051733
0.00220621
0.000643453
0.000223738
0.000183181
0.000521573
0.000356785
0.000141527
8.85657e-05
0.000348333
0.000244385
0.00515435
0.000214593
0.000485121
0.000440847
0.000375478
0.00274956
0.000703677
0.000197981
0.000507578
0.000268467
0.010021
0.000307269
0.000583087
0.000226399
0.000349357
0.000460145
0.000400993
6.31755e-05
0.000134179
0.000425097
0.00016705
0.0003011
0.000585368
0.000346647
0.000412403
5.42879e-05
0.000258607
0.000278819
0.00030388
0.000562359
0.000525071
0.000201958
0.000199637
0.000428602
0.000496796
0.000483292
0.000171511
0.00041133
0.00085271
6.39274e-05
0.000480839
0.000202578
0.000247262
0.000402361
0.000278672
0.000323408
0.000417416
0.000411525
0.00474158
0.000334153
0.00016607
0.000338419
0.000155572
0.000360772
0.000138769
0.000103128
0.000514105
0.000489622
0.000600587
0.000380519
0.00176205
0.000246906
0.000476959
0.00105317
0.000837013
0.000347984
0.000625813
1.05412e-05
0.000171239
0.000362213
0.000297867
0.000372323
0.000213319
0.000347253
0.000170378
0.000122881
0.000256584
0.000674341
0.000320719
0.000216466
0.000279762
0.000433319
0.000204526
0.000155083
0.000308915
0.000296354
0.00039639
0.000156488
0.000182711
0.000283246
0.000610584
0.000600974
0.000330316
0.000120504
0.000261352
0.000216511
0.000534343
0.000290757
0.000466101
1.027e-05
0.000186211
0.000361565
0.000101833
0.000880296
0.000446087
0.000227285
0.00025171
0.000295186
0.000328557
0.000269797
0.000782136
0.000113589
0.000201348
0.000850691
0.000108492
0.000606983
0.000985719
0.000550731
8.59578e-05
0.000767939
0.000209822
0.00040569
0.000215183
0.000577175
0.000236919
0.000387197
0.000205046
0.000464821
4.04112e-05
0.000463603
0.000132584
0.000246343
0.000266287
0.00034514
0.000547331
0.000397163
0.000366921
0.0234267
0.000252391
0.000168797
0.000446155
0.000430062
0.000508955
0.000196123
0.000268792
0.000680495
0.000234138
0.000239748
0.000259961
7.19099e-05
0.000179837
0.000210287
0.000231216
0.000242999
0.000187486
0
0.000898065
0.000332193
0.0208652
2.40149e-05
0.0002361
0.000162951
0.00017966
0.000158349
0.000440735
0.000269119
0.000266018
0.000212206
0.000376709
0.000401674
0.000464382
0.000189453
0.000217387
0.00027684
0.000448992
0.00030762
9.60226e-05
0.000244305
0.000166111
0.000374015
0.000103389
0.000409552
0.000392361
0.000444526
0.000414693
0.000172438
0.000537005
0.000358707
0.000189786
5.26325e-05
0.000311145
0.000449926
0.000412546
0.000339865
0.00026711
0.000120985
0.000285198
0.000628969
0.000602217
0.000568741
0.000353386
0.000358663
0.000184501
0.00022805
0.000352294
0.000581027
0.000268697
0.000365598
0.00050499
7.60796e-05
0.00294242
0.000288134
8.20442e-05
0.000131913
0.000849815
3.0252e-05
0.000218642
0.000120568
4.46965e-05
0.000113244
0.000291171
0.00189547
0.000193276
0.000222898
0.000377454
0.000538581
0.000265694
0.00013673
0.00126499
0.000180349
0.000427907
0.000316697
5.37866e-05
0.000321007
0.000184199
0.000375688
0.000321002
0.000271619
0.000185035
0.000608415
0.000416336
0.000243146
0.000586016
0.000367084
0.00454743
0.000539825
0.000135037
0.000524652
0.000274582
0.000501075
0.000448535
0.000156819
0.00156936
0.000128816
0.000289685
0.000315954
0.000154964
0.000278597
0.000349945
0.000367087
0.000195028
0.000153409
0.000406874
0.000190652
0.000298993
0.000230304
0.000259754
0.000360385
0.000640634
0.00089679
0.000581631
0.000158492
0.000212509
0.00023647
0.000263406
0.000274822
0.000160045
0.000142762
0.000211312
0.000278674
0.000187586
0.000299925
0.000187004
0.000119964
0.00117906
0.000140526
0.000411045
0.000233541
0.000476195
0.000473415
0.000199745
0.000963209
0.000328633
0.000196385
0.000384391
0.000305815
0.00161821
0.000193149
0.000998674
0.000145348
0.000332542
0.00040921
0.000258447
0.00028392
0.000245164
0.000350672
0.000169661
0.00422279
0.000318788
0.000581659
0.000578
0.000117307
0.000267092
0.000130526
0.000488046
7.48926e-05
0.00207573
0.000272666
0.00029991
0.00126992
0.000327984
0.000152324
0.000271011
0.000266975
0.000386799
0.000726774
0.00147298
0.000360016
0.000955931
0.000250607
0.000385106
0.000140942
0.000258548
0.000119621
0.000373246
0.000306434
0.000622714
0.000340773
0.000319808
0.00106741
0.000428957
0.000137495
0.000704347
0.000196409
0.000322069
0.000513226
0.000244126
0.000102183
0.000217951
0.000187101
0.000370685
0.000686317
0.00029036
0.000285825
0.00747409
0.000159233
0.000365011
0.000201671
0.000382124
0.000359926
0.000217728
7.98983e-05
0.000508235
0.000182886
0.000389701
0.000406005
0.000195517
0.00030744
0.00165957
0.000447112
0.000292704
0.000241071
0.000275764
0.000451896
0.000144026
9.46545e-05
0.000237063
0.000640833
0.000257752
0.000483814
0.000168146
0.00242316
0.00032619
0.000525991
0.000553252
0.000163813
0.000424435
0.000229357
0.000311807
0.000354384
0.000283929
0.000311286
0.00043409
0.000350948
0.000347815
5.95216e-05
0.000196564
0.000230222
0.000336602
0.000194675
0.000408276
0.000313736
0.000288857
6.89136e-05
0.000450045
0.000250812
0.000385574
0.000330387
0.000446989
0.00015923
0.00147395
0.000142516
0.000134558
0.000243246
0.000411489
0.070908
0.000327472
0.000378679
0.000283357
0.000415259
0.000466229
0.000308399
0.000201526
0.000474329
0.000305317
0.00061365
0.000157604
0.00094745
0.000192152
0.000900463
0.00211163
0.000275765
0.000229879
0.000246732
0.00102313
0.000687607
0.00029503
0.00395304
0.000317641
0.000391817
0.000133808
0.000305162
0.000242957
0.000312849
0.00015817
0.000148556
0.000408608
0.00032714
0.00205255
0.000103001
0.00024243
0.0003961
0.000331518
0.000242263
0.000229697
0.000245571
0.000282012
0.000341491
0.000382011
0.000252331
0.000998704
0.000427336
0.000786099
0.000655246
0.000340561
8.36326e-05
0.000491959
0.000239764
0.000136119
0.000583634
0.000466034
0.000263416
0.000335949
0.000242149
0.00038042
0.000340525
0.000398168
0.000383504
0.000331157
0.000139285
0.000294597
0.000174832
0.000275582
0.000220996
0.000209976
0.0001569
0.000118469
0.000145709
0.0001576
0.000420155
0.000342811
0.000300203
0.000548139
0.0006425
0.000164306
0.000369537
0.000538213
0.00069222
0.000284352
0.000294607
0.000149523
0.000255257
0.000377588
0.000454748
0.000219271
0.000326677
0.000394931
0.000339329
0.00255241
0.000219445
0.00027821
0.00204518
0.000577733
0.000201482
0.000772582
0.00036734
0.000205456
0.00201708
0.000507202
0.000280482
0.000237981
0.000293446
0.00176436
0.000181964
0.000200835
0.00051038
0.000212239
0.000164417
0.000242514
0.000432796
0.000148806
0.000391436
0.000433463
0.000390731
0.000135209
2.82131e-05
0.000577032
0.000221948
0.00023332
0.000279295
0.000264346
0.000195652
0.000126488
0.000218465
0.000152797
0.000260879
0.000923254
0.000345082
0.000288716
3.73511e-05
0.000311436
0.000196339
0.00103719
0.000561823
0.000205371
0.00169412
0.00105562
0.000119472
0.000372494
0.000230385
0.000686668
0.000191475
0.000323924
0.000169524
0.000890013
0.000464375
0.000447849
0.00247412
0.000172686
0.000280837
0.000188323
0.000142908
0.000287912
0.000432532
0.000313628
0.000245481
0.000351096
0.00147883
0.000181063
0.000171475
0.000319522
0.000549982
0.000504112
0.00018059
0.000260466
0.000610198
0.000120821
0.000476004
0.00163467
0.000159078
0.000274944
0.00398512
0.000140841
0.000349261
0.000757417
0.000314483
0.000220666
0.000420735
0.000193996
0.000161233
0.000278472
9.40533e-05
0.000242796
0.000249064
0.000240396
0.000460721
0.000370494
0.000253596
0.000381908
0.000251808
0.000215228
0.000532439
0.000157553
0.000339683
0.000213565
0.000172164
0.000317365
0.00031549
0.000370572
0.000965705
0.00024586
0.000554522
0.000328207
0.000419956
0.000320033
0.000247333
0.000485735
0.000230435
0.000161016
0.000547185
0.000185056
0.00023358
0.00124813
0.000103688
0.00096059
0.000937828
0.000376625
0.000464031
0.000396857
0.000193705
0.00213796
0.000314994
0.000186811
0.00025271
0.00044557
0.000467743
0.000434059
0.000397896
0.000127138
0.00110317
0.000645968
0.000502944
0.000565661
0.00030321
0.00021116
0.000251361
0.000276833
0.000397308
0.000323962
0.00064688
0.000567152
0.000756835
0.00213117
0.00043017
0.000209108
0.000376012
0.000218551
0.000167291
0.000438354
0.00238532
0.000276286
0.000313437
0.000108891
0.000410609
0.000314002
0.000351861
0.000187427
0.000583973
0.00025701
0.00019195
0.000150951
0.00021058
0.000507168
0.000988328
0.000151963
0.000563306
0.000107623
0.000249211
0.000125035
0.000687493
0.000306039
0.000700851
5.51808e-05
0.000237633
0.000150584
6.1441e-05
0.000227382
0.000328353
0.000255397
0.00112856
0.000252284
0.000184461
0.0103635
0.000367641
0.000218509
9.02611e-05
0.000294993
0.000219832
9.89851e-05
0.0029127
8.63659e-05
0.000148689
0.000363652
0.000318217
0.000385191
0.00131219
0.000577451
0.000268994
0.000634749
0.000486015
0.000282848
0.000276467
0.000135943
0.000454047
0.000237793
0.000202092
0.000202032
0.00057106
0.000451039
0.000208488
0.000262267
0.000474192
0.000395016
2.58406e-05
0.00011605
0.000259158
0.000718262
0.000464942
0.000272767
0.000238882
0.000359664
0.000247372
0.00108785
0.00219645
0.000296627
0.000122208
9.85043e-05
0.000110111
0.000516158
0.000215463
0.000645973
0.00344588
0.000411407
0.000133362
0.000274366
0.000793393
0.000217924
0.000543061
0.000128868
7.9899e-05
0.000596985
0.00049451
0.00037452
0.000203334
0.000187126
0.000162587
0.000520899
0.000154169
0.000610079
0.231426
0.000339831
0.00026516
1.75019e-05
0.000289711
0.000170099
9.93599e-05
0.000211993
0.00022485
0.000106991
0.000160128
0.000588283
0.000110626
0.000115545
0.000199115
0.000360905
0.000857948
0.000945833
0.000365848
0.000389363
0.000636548
0.000635668
0.000349818
0.000111208
0.000263304
0.000351193
0.000413294
0.000337626
0.000540613
0.000504053
0.000254589
0.000255782
0.000426741
0.000448549
0.000331182
0.00021319
0.00018232
0.000151904
0.000286333
0.00016346
0.000498119
0.000285075
0.000190034
0.00040987
0.000557123
0.000510733
0.00193955
0.000155938
0.0002821
0.000233206
0.00106788
0.000276769
0.000247613
0.000207935
0.000460903
0.000386149
0.000277708
0.000613707
0.000320018
0.00034123
0.000216637
0.00018143
0.000435052
0.000411211
0.000142083
0.000410956
5.24823e-05
0.00061562
0.000256806
0.000240102
0.000377627
0.000312189
0.00013349
0.000154504
0.000718299
0.000477335
0.00112434
0.000329051
0.000250093
0.000277215
0.000432169
0.000349962
0.000650076
0.000448442
9.14452e-05
0.000296528
0.000204493
0.000526478
0.0029379
0.00023085
0.000387017
0.000265933
0.00136783
0.000629703
0.000665425
0.000199159
0.000250239
0.000662574
0.000389495
0.000211777
0.000707529
0.000458969
0.000199803
0.000175693
6.27599e-05
0.00265752
0.000622879
0.00060401
0.000250501
0.000546362
0.000420487
0.000272962
0.000328004
0.000406405
0.000571359
0.000346823
0.00032114
0.000972266
0.000588625
0.000236061
0.000301142
0.000234664
0.000295929
5.93972e-05
0.000505054
0.000158815
0.000305311
0.000348818
0.000259895
0.00465898
0.000222322
0.000364863
0.000540804
8.13952e-05
0.000707607
0.000182348
8.73133e-05
0.000647562
0.000450996
7.32572e-05
0.000449373
0.000312837
0.000325998
0.00126975
0.00017473
0.000531254
0.000236641
0.00205302
0.000322803
0.00041151
0.000655725
0.000278817
0.000146371
0.000443982
0.00026301
0.000259208
0.000372376
0.000378165
0.000193916
0.000148703
0.000109674
0.00050508
0.000406091
6.83695e-05
0.000370395
0.000335908
0.000366497
0.000383663
0.000267962
0.000235015
0.000262543
0.00058495
0.000207329
0.000205908
0.000362934
0.00053638
0.000165487
0.000181282
0.000339728
0.000200442
0.000183829
0.000371568
0.000298338
0.000277998
0.00160269
0.000333054
8.19371e-05
0.000416875
0.000335236
0.000284586
0.00047109
0.000135207
0.000244227
0.000255245
0.000219197
0.00032626
0.000434927
0.000400225
0.000185068
0.000151018
0.000312996
0.000203438
0.000274458
0.000305653
0.000205965
0.00110701
0.000439864
0.000396571
0.000725957
0.000545226
0.000650964
0.00027222
0.000347563
0.000468305
0.000338205
0.000399763
0.000267803
0.000215129
9.0039e-05
0.00134071
0.000325107
0.000365168
0.000373054
0.00037625
0.000511442
6.63645e-05
0.000244112
0.000348094
0.000501072
0.000310578
0.000607886
3.59428e-05
0.000249929
0.000206647
0.000171365
0.000576484
0.000442833
7.23918e-05
0.00692239
0.00043001
0.00107683
0.000188904
0.000242866
0.000483051
0.000171245
0.000158064
0.000277633
0.00124825
0.00119558
0.00015993
0.000518121
0.000634506
0.000264422
0.000239975
0.00170986
0.000376169
0.000421438
0.000550214
0.000107915
0.000227564
0.000134485
0.000350278
0.00022749
0.00054401
0.000262352
0.000405726
0.000198119
0.000826829
0.000351493
0.000274496
0.00039115
0.000200267
0.000339818
0.00021881
0.000761233
0.000400125
0.00043088
0.000105746
0.000870839
0.000471973
0.000342354
0.000548949
0.0001352
9.33298e-05
0.000326337
0.000185974
0.000403735
0.00079376
0.000229928
0.000728372
0.000270201
0.000533888
0.000359382
0.000154997
0.000243715
0.000164785
0.000205493
0.000494987
0.000320052
0.000657222
0.00310521
0.000109528
0.000163132
0.000168122
0.000156862
0.000380559
0.000254838
0.000338811
0.00140578
0.000412982
0.000769273
0.000577251
0.000263304
0.000879303
0.000266698
0.000337494
0.00017867
0.000223341
0.000202136
0.000182092
0.000144255
0.000257067
0.000282727
6.32716e-05
0.00022139
0.000512068
0.000384377
0.000357885
9.84967e-05
0.000390288
0.000111535
0.000430021
0.000226807
0.00129654
0.000872657
0.000187159
0.000169638
0.000133062
0.00026937
0.000256979
0.00156792
0.000332615
0.00186646
0.000742979
0.000338388
0.000699317
0.000223525
0.000115455
0.000170451
0.000552997
0.000366067
0.000124907
0.000981646
0.000303506
0.000721067
0.000563801
0.000677987
0.000959215
0.00028362
0.000188297
0.000532389
0.000301333
0.000489137
0.000143732
0.000459396
0.000202042
0.000179188
0.000431518
0.000319278
0.000330061
0.00027272
0.000792709
0.00020302
0.000253768
0.00038171
0.000377416
0.00022455
0.000175849
9.5979e-05
0.000224913
0.000231125
5.34677e-05
0.000211309
0.00142963
0.000171459
0.000196844
0.000156596
0.000444705
0.000185656
0.000242811
0.000508988
0.000737499
0.000412094
0.000171265
0.000207088
0.0021618
0.000416572
0.000314491
0.00077526
0.00115095
0.000645571
8.10903e-05
0.00033495
0.000790755
0.00147683
0.000106621
0.000201717
0.000326285
0.000376815
0.000375572
0.000191636
0.000320235
0.0003033
0.000239848
0.000354053
0.00016851
0.000495995
0.0012183
0.000330045
0.000181353
0.000339612
0.000344418
0.000311884
0.000362759
0.000356731
0.000577284
0.000223005
0.000268526
0.000213567
0.00014659
0.000319568
0.000440766
0.000112367
0.000549107
0.000143041
0.000588939
0.000702285
0.000177744
0.00017878
0.000656577
0.000263887
2.92347e-05
0.000511013
0.000118312
0.000344362
0.000394107
0.000375077
0.000130089
0.000275547
0.000562529
0.000106287
0.000258066
0.000463665
0.000636705
4.82697e-05
0.000415145
0.00044364
0.000285425
0.000276193
4.5294e-05
0.000197561
0.000234524
0.000387655
0.000169391
2.15623e-05
0.0003625
0.000243833
0.00102026
0.000422142
0.000610695
0.000183943
0.000205253
0.000223276
0.000727121
0.000408011
0.000129878
0.000372072
0.000463946
0.000895396
0.00137117
0.000161632
0.00026415
0.00029452
0.000327925
0.000320103
0.000914833
0.000302959
0.000340269
0.000142771
0.000386304
9.8501e-05
0.000284714
0.00173024
0.000409406
0.000485417
0.000462611
0.000173201
0.000328653
5.63476e-05
0.000112486
0.000171109
0.000287452
0.000237727
0.000318369
0.000514323
0.000271009
0.000524558
0.000289939
0.000523599
0.000476842
0.000555196
0.000198803
0.000253452
0.000243426
0.000455496
0.000300807
0.000256546
0.000294365
0.000149942
0.000483402
0.000148151
0.000284255
0.000230533
0.00022601
4.08447e-05
0.000510717
0.00020114
0.000271081
0.000654957
0.000642425
0.00049218
0.000576593
0.000245716
4.61201e-05
0.000736919
0.000535132
0.000247296
0.000123538
0.000183613
0.00050896
9.74426e-05
0.000757817
0.000334713
0.000238175
0.00107252
0
0.000253178
0.000158607
0.000434924
0.000415343
0.00038272
0.000245259
0.000645836
0.000355696
0.000540538
0.000146964
0.000244438
0.000188072
0.000316049
0.000499361
0.000305583
0.000698293
0.00100713
0.000228645
0.000142157
0.000361186
0.000383936
0.000346105
0.000229431
3.82864e-05
0.000657641
0.00102661
0.000257594
0.000285921
0.00033514
0.000152412
0.000793847
0.000119519
0.000267221
0.00170781
0.000208042
0.000140259
0.000151397
0.000260846
0.00218545
0.00124582
0.000319653
0.000679812
0.000160991
0.000215526
0.000211552
0.000245471
0.000185325
0.000479589
0.000228649
0.00014323
0.000740704
0.000144363
0.000335174
0.000370616
0.000529637
0.00114642
0.000509658
0.000233286
0.000743555
0.0010378
0.000335863
0.000637142
8.42607e-05
0.000652735
0.000215156
0.000510703
0.000337712
0.000257258
0.000134876
0.000470265
0.000341891
0.000153711
0.000516626
0.00115837
0.00013964
0.000117635
0.000332245
0.00025236
0.00063638
0.000208725
0.00026971
0.000140478
0.000140064
0.000224161
0.000452685
0.000142947
0.000281781
0.000376332
0.000147357
0.000244131
0.000391833
0.000663151
0.000346435
8.21642e-05
0.000210805
0.000442902
9.15388e-05
0.000231883
0.000374344
0.00047797
0.000380196
0.000330347
0.000237936
0.000358587
0.000428967
0.00034548
0.000469942
0.000174812
0.000198057
0.000301367
0.000152996
0.000349215
0.000963383
0.000261124
0
0.0021157
0.000216562
0.00060109
0.000339731
0.000210168
0.000711848
0.000292542
0.00107541
0.000247572
0.00020645
0.000755164
0.000220076
0.000476056
8.72657e-05
0.000242451
0.000308757
0.000628797
4.29484e-05
0.000378248
0.00320067
0.000646858
0.000667069
0.000396379
0.000362371
0.00032792
0.000244664
0.000214105
0.000172585
0.000927927
0.000622629
0.000187369
0.000257903
0.00028928
0.000327039
0.000519987
4.23016e-05
0.0111697
0.000210371
0.000665523
0.000274477
0.000227967
0.000176898
0.000217558
0.000192142
0.000329176
0.000137434
0.000435312
0.000836452
0.000249884
0.000227832
0.00017081
0.000502395
0.000246955
0.000387012
0.000466973
0.000162818
0.000353586
0.000216385
0.000811886
0.000305155
0.000122364
0.000131128
8.38601e-05
0.0012836
0.000322934
0.00406428
0.000140233
0.000243791
0.000394275
0.000216003
0.000165539
0.000549385
0.00113445
0.000171352
0.000292597
0.000257117
3.31267e-05
0.000198322
0.000415961
0.000134361
0.000643892
0.000103849
9.53316e-05
0.000652899
0.000280193
8.38623e-05
0.000617137
0.000397121
0.000532381
0.000299972
0.000294768
0.000450866
0.000488349
0.00018995
0.00052309
0.00228832
0.000661525
0.000122216
0.00015409
0.000255068
0.000319147
0.000163665
0.000180608
0.000109553
0.000500069
0.000160229
0.000456358
0.000212438
0.000172381
0.000209027
0.000366109
0.000298281
0.000400156
0.000165483
0.000237946
0.000266043
0.000108505
0.000210103
0.000139388
0.000167848
0.000548004
0.00521129
0.000707633
0.00215716
3.55611e-05
0.000461488
0.000178588
8.42364e-05
0.000138982
0.000467305
0.000249706
0.000170878
0.000294569
0.000211568
0.00250317
0.000158502
3.16915e-05
0.000194544
0.000259349
0.000230463
0.000178739
0.000233005
0.000129132
0.00047412
0.000325641
0.000555362
0.000307058
0.000191811
0.000613445
0.000227386
0.000480513
0.0012585
0.000308022
0.000431816
0.000169716
0.000445592
0.000195501
0.000129572
0.000565496
0.000260359
0.000330641
0.000524992
0.000234562
0.000379817
0.000378613
0.00101329
0.000570588
0.000297255
0.000581235
0.000361824
0.000447064
0.000950171
0.000202631
0.000401389
0.000245693
0.000202086
0.000100996
0.000473377
0.000636298
0.000192139
0.000280163
0.000247896
0.000130779
0.000251941
0.000383695
0.000370178
0.000215759
0.000215997
0.000180301
0.00031263
0.00044321
0.000749495
0.000552326
0.000289658
0.000407266
0.00019216
0.000271845
0.000222452
0.000559971
0.000459757
0.000213394
0.000622393
0.000136471
0.000216474
0.000957067
0.000185529
9.88712e-05
0.000932592
0.000371289
0.000177186
0.000869196
0.000191092
0.000739257
1.10526e-05
0.000563406
0.000310006
0.00105273
0.00021983
0.000285051
0.000876696
0.000441993
0.000205774
5.63608e-05
0.00296499
0.000301613
2.70566e-05
0.00030343
0.000312882
0.00024067
0.000119354
0.000284883
0.000252606
0.000163656
4.84899e-05
0.000162683
0.00023841
0.000378119
0.000445138
0.000731587
0.000348367
0.000381992
0.000874352
0.000637464
0.000237129
0.000120867
0.000313173
0.00030218
0.00101946
9.84907e-05
0.000242757
5.58775e-05
0.000254733
0.000450598
0.00862417
0.000225765
0.000244319
0.000278517
0.000198916
0.00016278
0.000418721
0.000232146
0.000496617
0.000266896
0.000357701
0.000403913
0.000325536
0.000278138
0.000268199
0.000492902
0.00134059
0.000519347
0.000300046
0.000153017
0.000381532
0.000387887
0.000306
0.0125396
0.000719909
0.000171188
0.000276579
0.000179753
0.000359648
0.000253037
0.000292802
0.000435637
0.00025969
0.000269487
0.000314491
0.000348443
0.000250532
0.000302124
0.000895662
0.000411551
0.000291949
0.000314368
0.000483446
0.000953819
0.000303963
0.000102863
0.000157587
0.000333426
0.000269829
0.000312194
0.000103458
0.000175966
0.000428131
0.000218229
0.000414843
0.000244438
0.000759429
0.000177414
0.000475249
0.000249423
0.000349329
0.000316474
0.000739626
0.000377996
0.00227937
0.000307174
0.000420751
0.00148623
0.000767719
0.000288884
0.000231949
8.62029e-05
0.000649382
0.000214075
0.000417819
0.00107133
0.000471394
0.000378326
0.000133198
0.00040423
0.000581028
6.75779e-05
0.000797547
0.000375604
0.000346
0.000193576
0.000333299
0.000387086
0.000271269
0.000984544
0.000180025
7.30411e-05
0.000177579
0.000117541
0.000373342
0.000338939
0.000347945
0.000444145
0.000297686
0.000243838
0.000300091
8.54031e-05
0.000380589
0.000273033
0.000101656
0.000166246
0.000307572
0.000221052
0.000109438
0.000352208
0.000471979
0.00020367
0.000167652
0.00079594
0.000188302
0.000322688
0.000257157
0.000208444
0.00034899
0.00209921
0.00110909
0.000239425
0.000532656
0.000379628
0.000388833
9.88582e-05
0.000207376
0.000466963
0.00033413
0.000473014
0.000892057
0.000171136
0.00021578
8.90194e-05
9.22669e-05
0.000320713
0.000431064
0.000143794
0.000284144
0.000366683
0.000296255
0.002134
0.000208695
0.0010601
9.15484e-05
0.000416778
0.000360428
0.0015397
9.94526e-05
0.000185392
0.000177156
0.0001984
0.000343325
0.000353271
0.000192101
0.00198126
0.000569388
0.000169171
0.000792809
0.000301865
0.000346422
0.000233445
0.000944146
0.000359968
0.000423768
0.000496076
0.000199019
0.000425647
0.000311841
0.000289543
0.00352515
0.000407606
0.000265336
0.000348079
0.000519752
0.000191633
0.000874106
0.000229924
0.000739851
0.000269975
0.000398529
0.000465116
0.000226846
0.000622757
0.00048853
0.000284623
0.000408632
7.39234e-05
0.000254767
0.000161292
5.75025e-05
0.000328795
0.00023835
0.000241973
0.000209526
0.000408359
0.000261092
0.000124819
0.000195294
4.85182e-05
0.000559379
0.00016547
0.000542056
0.000374824
0.00353372
0.000130837
0.00094917
0.000450624
0.000287519
0.000332714
0.000131218
8.64356e-05
0.000282492
0.000313554
0.000288853
0.000302509
0.000276995
0.000271141
0.000272196
0.000115183
0.00181733
0.000356059
0.000480982
0.000306543
0.000290101
0.000250661
0.000182799
0.000232001
7.52315e-05
0.000167919
0.000349966
0.000359354
0.000420421
0.000376918
0.000349726
0.000176027
0.000187429
0.000154642
0.000215984
0.000316433
0.000776079
0.000188182
0.0029133
0.000625234
0.000198817
0.000418429
0.000200827
0.00123842
0.000434724
0.000812694
0.000291254
0.000157628
0.000850816
0.000995453
0.000213504
0.000220262
0.000216611
5.78504e-05
0.000654644
0.000134576
7.79394e-05
0.000231329
0.000136009
0.000532317
0.0028133
0.000118651
0.000463721
0.000459069
0.000200944
0.00149562
0.000298355
0.00014052
0.000396501
0.000286827
4.11314e-05
0.000473106
0.000284466
0.000263099
0.000559793
0.000403382
0.000187188
0.000568635
0.000430261
0.000106219
0.000109213
0.000243986
0.000476425
6.64015e-05
0.000222223
0.000365692
0.000191984
0.000412556
0.00042875
0.000381474
0.000323988
4.50085e-05
0.000179486
0.000348423
0.000275074
0.000190397
0.000674581
0.000229332
0.000325563
0.00038708
0.000199911
8.48351e-05
0.000338444
0.000774794
0.000241489
0.000276142
0.00157455
0.000318959
0.000582856
0.000308958
0.000550368
0.000351215
0.000313532
0.00054042
0.000309493
0.000352076
0.000207769
0.000108845
0.000320313
0.000258807
0.000233685
0.00023946
0.000975128
0.000249128
0.000349349
0.000419093
0.000437017
0.000127859
0.000170853
0.000173285
0.000611923
0.000606947
0.000295938
0.000387389
0.000300576
0.000488714
0.000185332
0.000218668
0.000634118
0.000231456
0.00319428
0.000237156
0.000226923
0.000120174
0.000173299
0.00030578
0.000292671
0.000299167
0.00225671
0.000400648
0.000191724
5.34303e-05
0.000338699
0.000358247
0.000198371
0.000212374
8.16018e-05
0.0002991
0.000186849
0.000214338
0.000141008
0.000739184
0.000228813
0.000219157
0.000304719
0.001915
7.1033e-05
0.00045352
0.000158595
0.000610412
0.00015149
0.000213542
0.000221602
0.000245446
0.000324421
0.000207804
0.000476097
0.000258878
0.000420865
0.000159793
0.000755453
0.000229185
0.000278492
0.000170884
8.46727e-05
0.000216405
0.000756024
0.000276404
0.000365122
0.000249516
0.000675943
0.000176022
0.000156108
0.000130349
0.00253179
0.000105712
0.000136527
0.00040654
0.000230712
0.000180271
0.000532338
0.000469507
0.000421298
0.000543209
0.000251107
0.000562875
0.000224444
0.000279602
0.00541425
0.000249526
0.000253402
0.000194219
0.000289377
0.000141422
0.000236466
0.000206388
0.000249352
0.000361222
0.000280269
0.000221433
0.000262365
0.000416095
0.000237202
5.30647e-05
0.000141709
0.000225735
0.00016198
0.000348596
0.000273574
0.000202872
0.0003938
0.00031562
0.00125043
0.00021311
0.000357927
0.000513724
0.000274243
0.000353142
0.000341346
0.00061088
0.000452201
0.000225413
0.000280029
0.000157923
6.35118e-05
0.0003791
0.000358751
0.000373421
0.000275663
0.000213825
0.000362603
0.000262251
0.000242119
0.000881703
0.00042298
0.000431876
0.000735307
0.000281915
0.000316453
0.000286357
0.000593539
0.000329258
0.00133288
0.000399346
0.000236861
0.00027249
0.00072243
0.000196761
0.000304766
0.000399238
0.00043135
0.000274784
0.0110486
0.000203795
0.000435176
0.000362893
0.000118221
0.000420623
0.000360771
0.000203459
0.000219939
0.000130878
0.00031372
0.000184844
0.000209784
0.000224477
0.000505944
0.000346754
0.00040734
0.000618742
0.00597224
0.000405527
0.000257478
0.000113882
0.000396982
0.000436157
0.000157334
0.0001458
0.000297457
0.000893997
0.000264273
0.000500263
0.00092005
0.0010384
0.000444338
0.00102966
0.000150974
0.000774536
0.000215227
0.000185681
0.000285832
0.000232643
0.000101108
0.0004779
0.00104967
0.000330778
0.00210359
0.000264142
0.000327406
0.0004494
0.00020135
0.000680864
0.000177435
0.00129061
1.72864e-05
0.000827824
0.000242488
0.000146884
0.0156237
0.000474671
0.000311264
0.000155172
0.000444034
0.000147646
0.000167464
0.000291518
0.000981537
8.36773e-05
0.000431463
0.000441198
0.000339962
0.000186577
0.000462588
0.000471833
0.000694682
0.00049311
0.000401884
0.00021912
0.000690035
0.000208613
0.000151602
0.000170047
0.000544774
8.02989e-05
0.000595164
0.000327347
0.000268684
0.00042191
9.84767e-05
0.000117665
0.000283117
0.000325085
0.000461926
0.000206435
9.78349e-05
0.000198006
0.000670742
0.000243625
0.000464202
0.000232221
0.00017976
0.000161897
0.000371894
0.00027505
5.88617e-05
0.000261154
0.000654438
0.000372208
0.00114774
0.000281698
0.000210052
0.000176859
0.000392467
0.000361156
0.000779955
0.000410599
0.000287797
0.000629351
0.00051684
0.000207304
0.000213312
0.000619086
0.000157362
0.000546177
0.000235699
6.75154e-05
0.00106554
0.000269772
0.000238957
0.000335295
0.000361696
0.000445588
0.000214682
0.000441762
0.000489829
0.000245107
0.000259289
0.000645374
0.000273037
0.000290042
0.000269667
0.000264734
0.000171987
0.000123304
0.000272397
0.000267446
0.000312279
0.000533689
0.000215564
0.000167009
0.00203533
9.07263e-05
0.000248508
0.000571145
0.000115974
0.000198221
0.000201704
0.000135482
0.000643477
0.000158372
0.000253455
0.000271341
0.00142325
0.000330006
0.000223916
0.000853623
0.000309056
0.000302711
0.000446051
0.000392175
0.00017924
0.000124049
0.000390791
0.000182232
0.000482758
0.000187935
0.000187061
0.000350398
0.000197113
0.000101684
0.000298437
0.000696503
0.000242252
0.00027915
0.00119737
0.0001307
0.000257759
0.000282351
0.00023422
0.00102702
0.000658649
0.0003156
0.000596537
0.000583035
0.0002705
0.000211245
0.000670682
7.32473e-05
0.000267659
0.000311158
0.000284454
0.000469763
0.000436585
0.000460617
0.000279152
0.000346714
0.000121419
0.00053625
0.000106584
0.000335364
0.000366893
0.000228032
0.000115759
0.000749539
0.000338393
0.00038461
0.000225224
0.000271098
0.000290379
0.000201963
0.000259271
0.0002981
0.000215125
0.00280374
0.000180928
0.000310611
0.000692121
0.000363101
0.000114435
0.000208663
0.000416747
0.000247404
0.000428702
0.000170729
0.000222134
0.000229819
0.000507562
0.000539282
0.000254196
0.000605052
0.000414271
9.5396e-05
0.000562145
0.000996373
0.000433189
0.000288331
0.000265507
0.000333337
0.000113477
0.00998404
0.000458203
0.00275063
0.000229374
0.000296745
0.000224578
0.000376311
0.000375182
0.000342662
0.000248714
0.000325566
0.000192109
2.84175e-05
0.00012654
0.00034791
0.000353586
0.000673353
0.000647466
9.10971e-05
0.000724554
0.000514519
0.000230748
0.000134388
0.000471284
0.000174773
0.000704289
0.000505576
0.00023346
0.00031224
0.00139889
0.00028966
0.000333475
0.000593017
0.00034997
0.000280411
0.000205423
0.000340016
0.000274803
0.000891524
0.003504
0.000264238
5.55678e-05
0.000541954
0.000260652
0.000192111
8.90864e-05
0.000645203
0.000954577
0.00020818
0.000266337
0.000251401
0.000374628
0.0207401
0.00042469
0.000608604
0.000192564
9.05648e-05
0.000206191
0.00106071
0.000815152
0.000569996
0.000120044
0.000136881
0.000187909
0.000380621
7.55698e-05
0.000240007
0.000308808
0.000661192
0.000456493
7.25067e-05
0.000526347
0.000212928
0.000114592
0.000202806
0.000154527
0.000393893
0.000203944
0.000699641
0.00054415
0.000786664
0.00168761
0.000122487
0.000593557
0.000101424
0.000478026
0.0002255
0.000407678
0.000220277
0.000262217
0.00048506
0.00027713
0.000349649
0.000169829
0.000891632
0.000323127
0.000257885
0.000276038
0.000381853
0.000327893
0.000404132
0.0004523
0.000144764
6.65599e-05
0.000254945
0.000213204
0.00020538
0.00011369
0.000255282
0.00048804
0.00013295
0.000267505
0.00076973
0.000221648
0.000218475
0.000179281
0.000382534
0.000423023
0.00036028
0.000573662
0.000138416
0.000354469
8.61778e-05
0.000219213
0.000129883
0.000632935
0.000150425
0.000167238
7.15793e-05
0.000801988
0.000260935
0.000521578
0.000515655
0.0012916
0.00297084
0.000336247
0.000199567
0.000385068
0.000379846
0.000130142
0.000204628
0.000723551
0.000183795
0.000525707
0.000246754
0.000154436
0.000276658
0.000364717
0.000348999
0.000375827
0.000192998
0.00033181
0.000485838
0.000586161
0.00077033
0.000135674
0.000414965
0.000208166
0.000107111
0.000291328
0.000142895
0.000107948
0.000341828
0.000413232
0.000366258
0.00376848
0.000107766
0.000276447
0.000138194
0.00019235
0.000400565
0.000232585
0.000132952
0.0017068
0.000313655
2.0961e-05
0.000410614
0.000320376
0.000207709
0.000665161
0.000136719
0.000356655
0.000145757
0.000207731
0.00030076
0.000218334
0.000191379
0.000193396
0.000244061
0.000582901
0.000341622
0.00175024
0.000301836
0.00111136
0.000224239
0.00495045
0.000322909
0.000425586
0.000231723
0.000727783
0.000262987
5.71973e-05
0.000316148
0.000223194
0.000206859
0.000153592
0.000318846
0.000155211
0.000571282
0.000163494
0.000288469
0.000332171
0.00026525
0.00055599
0.000352387
0.000330442
0.000220281
0.000201399
0.000829304
4.92774e-05
0.000587748
0.000193167
0.000122396
0.001591
0.000449149
0.000306778
0.00138953
0.000217154
0.000232538
0.000565722
0.000387884
0.00025278
0.000475706
0.000351159
0.000803882
0.000981747
0.000458102
0.000302599
0.000269344
0.000182173
0.0011123
0.000579812
0.000208149
0.000249191
0.000199135
0.000328577
0.000192769
0.00037439
6.94548e-05
0.000202185
0.000388666
0.000151231
0.000854392
0.000474967
0.000153096
0.000171901
0.000434224
0.000314241
0.000275321
0.000178516
0.000357253
0.000116026
0.000374458
0.000283865
0.00038768
0.000323106
0.000218243
0.000194636
0.000146027
0.000255601
0.000359927
0.000176479
0.000145678
0.000343747
0.000216124
0.000632296
0.000411123
0.00058587
0.000249567
0.000300437
0.000318529
0.000193623
0.00021853
0.000627102
0.000193245
0.0073602
0.000234729
0.000235001
0.000143487
0.00017611
0.000270269
0.000434065
0.000273034
0.00034034
0.000552405
0.000257022
0.000234122
0.000142423
0.000220436
0.000342309
0.000439193
0.000113533
0.000674132
0.000652195
0.000233697
0.000206454
0.000238822
0.00089086
6.53707e-05
0.000289479
0.00238196
0.000132355
0.000372053
0.000571798
0.000167077
0.000404657
0.000168111
0.000241998
0.000312579
0.000740602
0.000151374
0.000378013
0.000134141
0.000673742
0.000179686
0.00032977
0.000139613
0.00035664
0.000142692
0.000303857
0.000496766
0.000292708
0.00323388
0.000288254
0.000317407
0.000208418
0.00083141
0.000436488
0.000600839
0.000166106
0.000199345
0.000375031
2.98154e-05
0.000153623
2.87681e-05
0.00041384
0.000718927
0.000301824
0.000145413
0.00028986
0.000382975
0.000338422
0.000189477
0.000167772
0.000178089
0.000965464
0.000561842
0.000122433
0.00057718
0.00159489
0.00154138
0.000101292
0.000526692
3.52508e-05
0.000296788
0.000522122
0.000192157
6.62141e-05
0.000195489
0.000149702
0.000495542
0.000346385
0.000550837
0.000180268
0.00124567
0.000346514
0.00014622
0.000201475
0.000718824
0.000562298
0.000158556
0.000210918
0.000248418
0.000428894
0.000323537
0.000380612
0.000201619
0.000300522
0.000384982
0.000116071
0.000223191
0.000255519
0.00022699
0.000271364
0.000495552
0.000538269
0.000291068
0.000298784
0.000414407
0.00105616
0.000137786
0.000206887
9.26516e-05
0.000222802
0.000260762
0.000349204
0.000613522
0.000345679
0.000239194
0.00030588
0.000367049
0.000296304
0.000592852
0.000183883
0.000402646
0.00030514
0.00021057
0.000239175
0.000259165
0.000457399
0.00022625
0.000410876
0.00025655
0.00156973
0.000332446
0.000195799
0.000255722
0.000463418
0.000207606
0.000237517
0.000291225
0.000312829
0.000198927
0.000276231
0.000122135
0.000250313
0.000559312
0.000259829
0.000340901
0.000894432
0.00121244
0.000545017
0.0026772
0.000158154
0.000257019
0.000553823
0.000179064
0.000196909
0.000547378
0.000130524
0.000782083
0.000196589
0.000296222
0.000709419
0.000202586
0.00107452
0.00012847
0.000283698
0.000264801
0.000363331
0.000351626
0.000292905
0.000892758
5.00988e-05
0.000164193
0.000270297
0.000204177
0.00043077
0.000397704
0.000552388
0.000224325
0.000164997
0.000399732
0.000360123
0.000401708
0.000704031
0.000369918
0.00505514
0.00052446
0.000243302
0.000156351
0.00197552
0.000162491
0.000383813
0.000106879
0.000138745
0.000186391
0.000373408
0.00120253
0.000255264
0.0006512
0.000379314
0.0142385
0.00030919
0.000974212
0.000291877
4.67916e-05
0.00170007
0.000401486
0.000271104
8.72808e-05
0.000287378
0.000136822
0.000372589
0.000973553
0.000289008
0.000307213
0.000599177
0.000338622
0.000171782
0.000137039
0.000719654
0.000228029
0.000386301
0.000917745
0.000343336
0.00021476
0.000441615
0.00048734
0.000236322
0.00104241
0.000519884
0.00153688
0.000228274
0.000603712
0.000417082
0.000340179
0.000344653
0.000252712
0.00150076
0.000212659
0.000176824
0.000305505
0.000156936
0.000319979
0.000318485
0.00491307
0.000960565
0.000131573
0.000440175
0.000106715
0.000258971
0.000130605
0.000750476
0.000429164
0.000221775
0.000446987
0.000123877
0.00029621
0.000298301
0.000675235
0.000176758
0.000169051
0.000213888
0.000449548
0.000224961
0.000346793
0.00030468
0.000160693
0.000781519
0.00054601
0.00095893
0.00030846
0.000405647
0.0010817
0.000133019
0.000261525
0.000314959
0.000160314
0.00052108
0.0035486
0.000205159
0.000182205
8.00223e-05
0.000270952
0.000500279
0.000257154
0.00052424
0.000693015
0.000387175
0.000179203
0.00042854
0.000739218
0.000360828
0.000268968
0.00035165
0.000170576
0.000641499
0.000472279
3.66179e-05
0.000315738
8.39614e-05
6.47037e-05
0.00134567
0.00047768
0.000180795
0.000453064
0.000436438
0.000478987
0.00013181
0.000572851
2.96979e-05
0.000247734
0.000519031
0.000356421
0.000976091
8.27822e-05
0.000133131
0.000376023
0.000213279
0.000268504
0.000546241
0.000278489
0.00026113
0.000168961
0.000278921
0.000107719
0.000243149
0.000304175
0.000413495
0.000352719
0.000265497
0.000184483
0.000211508
0.000226545
0.000268247
0.000169511
0.000456227
0.000432496
0.000130537
0.000262008
0.000241098
4.3393e-05
0.000331236
0.000211684
0.000763798
0.000232805
0.000219081
0.000403101
0.00017011
6.41329e-05
5.72717e-05
0.000197402
0.00406606
0.00031923
0.000371169
0.000492587
0.000108635
2.66293e-05
0.000282757
0.000471225
8.60244e-05
0.000371766
0.000323514
0.000222649
0.000165306
0.000715098
0.00121604
0.000258457
0.0004152
0.000404291
0.000780963
0.000432642
0.000294798
6.25331e-05
0.000552851
0.000360332
0.000400952
7.49164e-05
0.000509562
0.00025424
0.000785099
0.00029382
0.00065195
0.000118077
0.000364548
0.0114025
2.84502e-05
0.000285641
0.000120997
0.00031673
0.000639387
0.000534403
0.000268868
0.000165637
0.000311921
0.000455728
0.000341666
0.000405429
0.000938458
0.000367798
0.000277259
0.000132772
0.00027418
0.000234512
9.09699e-05
0.000310356
0.000196223
0.000430231
0.000355982
0.000267608
0.000813015
0.000555134
0.000492845
0.000639157
6.79818e-05
0.000306927
0.000186914
0.000166661
0.000452887
0.00024262
0.000146672
0.00036186
0.000438062
0.000554649
0.000566397
0.000222134
0.00076249
0.00156692
0.000381091
0.000279856
0.000659003
0.000355303
0.000419531
0.000188603
0.000245404
0.000451628
0.000256896
0.000561479
0.000293404
0.00042165
0.000764534
0.00028326
0.000233652
0.000203222
0.00038196
0.000190413
0.000382752
0.000760238
0.000150078
0.00024931
0.00473177
0.000361085
0.000479987
0.00257437
0.000165407
0.000609774
0.000196907
0.000296318
9.24643e-05
0.000646726
0.000100348
0.000129532
0.00214487
0.00156685
0.000107743
0.000189552
0.000203102
0.000288022
0.00048305
0.0039919
0.000191434
0.000211262
0.000279025
0.000697734
0.000725083
0.000683907
0.000116137
0.000220465
0.000106873
0.000682336
0.000122522
0.000629792
0.000363602
0.000152512
0.000499031
0.00026839
0.000539179
0.00111483
0.000143107
0.000512413
0.000365589
0.00021021
0.000110921
3.25111e-05
0.000246047
0.000428664
9.02917e-05
0.000178809
0.000942352
0.000244909
0.00382649
0.00492871
0.00027669
0.00124436
0.000104463
8.79384e-05
0.000538334
0.00771936
0.000335958
0.000546121
0.000364282
4.10473e-05
0.000172623
0.00051936
0.000177877
0.000290101
0.000298096
0.000160236
0.000247641
0.000200833
0.000199775
0.000252052
0.00015347
0.000206537
0.000304907
0.000131724
2.2959e-05
0.00280453
8.26848e-05
0.000364463
0.000263615
0.00064001
0.000826509
0.000384686
0.000500573
0.000470899
0.000269719
0.000227678
0.000306544
0.0001764
0.000225123
0.000187755
0.00302467
0.000232632
0.000248405
0.000228925
0.000275145
0.000551688
0.000267921
0.000290598
0.000361399
0.000553021
0.000258486
0.000343458
0.00024824
0.000513807
0.000437804
0.000249934
0.000368283
0.00113721
0.00235787
0.000495176
0.000386824
0.00026731
0.000249278
0.000262841
0.000205748
0.000696566
0.000460916
0.00036998
0.000326747
0.000165194
0.000922337
0.000493275
0.00144538
0.000664379
0.000322651
0.000496644
0.00014605
0.00033905
0.000213708
0.000137279
0.000201279
0.000398458
0.000746481
0.000281787
0.000288065
0.000617209
0.000555875
0.00210202
0.000167268
0.000169092
0.000150555
0.000445245
0.00047106
0
0.00204375
0.000225755
0.000146423
0.000486238
0.000228829
0.000446725
0.00022715
0.000534049
0.000311858
0.00011543
0.000190236
0.000168244
0.000216288
0.000164852
0.00954118
0.000405394
0.000191705
0.000531317
0.000341799
0.000416533
0.00148099
0.000156597
0.000147013
0.000187971
0.000234307
0.000327344
0.00050563
0.00026164
0.00104207
0.000859155
0.00030326
0.000230789
0.000322235
0.000128267
0.000124245
0.00111189
0.00140779
0.00132352
0.000183225
0.000224885
0.000249339
0.000442399
0.000162888
0.000348048
0.000340338
0.000246586
0.000159466
0.000253316
0.00039445
0.000453802
0.000354757
0.000629408
4.4428e-05
0.000614282
0.000684203
0.000390623
0.000239367
0.000332834
0.000413756
0.000748056
0.00041526
0.00395732
5.18515e-05
0.00108989
0.000291128
0.000449173
0.000343132
0.000271363
0.000149646
0.000816892
0.000146796
0.000743715
7.84496e-05
0.00018118
0.000217298
0.000509774
0.000356851
0.00030123
0.000484604
0.000128339
0.00023013
0.000291234
0.000465225
0.000177922
0.000218154
0.000288993
0.000259844
1.62939e-05
0.0043912
0.000697374
0.000874071
0.00033789
0.000695062
0.00060269
0.000547505
0.000430037
0.000381007
0.00021409
0.000394023
0.000709851
0.000249283
0.000445137
0.000303833
6.7038e-05
0.000192267
0.000385736
0.000163331
0.000238601
0.000412609
0.000188607
0.000286479
0.000209276
0.000437599
0.000292153
0.00253687
0.000399771
0.000186123
0.000462729
0.000307688
0.000507674
0.000136593
8.07449e-05
0.000381019
0.000438272
0.000238328
0.00040144
0.000208764
0.000260196
0.000162925
0.000810278
0.000450189
0.000131444
0.00055333
0.000473391
0.000183959
0.000302458
0.000208553
0.000296772
0.000384943
9.28769e-05
0.00109854
0.000199841
0.000750992
0.000464504
0.000307672
3.83326e-05
0.000170102
0.000143714
0.000934041
0.000383636
0.000408464
0.0011812
0.000407084
0.000298954
0.00066801
0.000342887
0.000126567
0.000160033
0.00040412
0.00125724
0.000222936
0.000230145
0.000606096
4.38236e-05
0.000270989
0.000604426
0.000402669
0.000393046
0.00040388
0.000589321
0.000229138
0.000379641
0.000333271
0.000412592
0.000595741
0.000274201
2.41174e-05
0.000304809
0.000580798
0.000162215
0.000326298
0.000339467
9.85875e-05
0.000179177
0.00094692
0.000893485
0.000351553
0.000142353
0.000142114
0.000278217
0.000154815
0.00088621
0.000269345
0.000237833
5.8981e-05
6.42576e-05
0.00076275
0.000367172
0.000155852
0.000476015
0.00044358
0.000280823
0.000984114
3.80584e-05
0.00011559
0.000115143
2.78574e-05
0.000171313
0.000227521
0.000466946
0.000324752
5.30759e-05
0.000390113
0.000361847
0.000207484
0.000414793
0.0001495
0.000480806
0.000443258
0.000227218
0.000312451
8.61575e-05
0.000787248
0.000205548
0.000105462
0.000273155
0.000186123
0.000299749
8.23044e-05
0.00147956
0.000289073
0.00106929
0.000171352
0.000164993
0.000439561
0.000673744
9.71223e-05
0.000126541
0.000244762
0.000334288
0.000553218
0.000788584
0.000153015
0.000188512
0.000244694
8.68118e-05
0.00041937
0.000512293
0.000336686
0.000232307
0.000462504
0.000172875
0.00027783
0.00114984
0.000274035
0.000205854
0.000908512
0.000202954
0.00110857
0.000310597
0.000160437
0.000489646
