0.000350901
0.0187541
2.64422e-05
0.00065357
0.00020872
0.000275055
0.000672614
0.000289412
0.000399555
0.000158933
0.000300571
0.000148369
8.71e-05
0.000523324
0.000371929
0.000371219
0.000149216
0.00033408
9.56085e-05
0.000207329
0.000127361
0.000272585
0.000151344
0.000296088
9.3978e-05
0.000353169
0.000444221
0.000110973
7.04718e-05
0.000103801
0.000677643
9.08064e-05
0.00022728
0.00021127
0.000364796
0.000166816
0.000335599
0.000184888
0.000238879
0.000533033
0.000283333
0.00033438
0.000185008
0.000348123
0.00114877
8.85789e-05
8.3096e-05
0.000306378
0.000120684
0.000208014
0.000250959
0.000354592
0.000120667
0.000196889
0.000629364
0.000286633
0.000113891
3.71174e-05
0.000112928
0.000215345
0.000110165
0.000416812
0.000178725
0.000203014
0.000135961
7.62579e-05
0.000495681
0.000265943
0.000331149
0.000385194
2.43391e-05
0.000322899
0.000359283
0.000229877
0.000124759
8.33368e-05
6.95332e-05
0.000193633
0.000176549
9.98662e-05
0.000237619
8.94151e-05
9.69145e-05
9.82865e-05
0.00024409
0.000406174
0.000168397
0.000196185
0.00018661
0.000834118
0.000413133
0.000264493
0.000195599
5.9197e-05
0.000293423
0.00045285
0.00402019
0.000269282
0.000163952
0.000458563
0.000147043
0.000359285
0.000126486
0.000593617
0.000220431
0.000272214
0.000438793
0.000120626
5.12285e-05
6.78143e-05
0.000465769
0.000114158
9.93772e-05
0.000158887
0.00010831
0.000175815
0.000154454
0.000167964
0.000184451
0.000884848
0.000305661
0.00013469
8.53051e-05
0.000119977
0.000167285
0.000231193
0.000141782
8.44655e-05
0.00022579
0.000824315
0.00020061
0.00475313
0.000210674
0.000108942
0.000327636
0.000169695
0.000181718
0.000130918
0.000100391
7.58585e-05
0.000231685
0.000528963
0.000235734
0.00165775
0.000366622
0.000239241
0.000201108
0.000404496
5.58726e-05
8.08602e-05
0.000594615
0.000224157
0.000257003
0.000110422
0.000143804
0.000134993
0.000111334
0.000332718
0.000216502
0.000129657
0.000872818
0.000247561
9.74518e-05
0.000177481
0.000354084
0.000699959
0.000303554
0.000275673
0.000165184
0.000256369
4.33933e-05
1.42405e-05
0.000297257
0.000173389
0.000224856
0.000166167
0.000108303
0.000377462
0.000195973
0.00108634
0.000615978
0.00157101
0.00016508
0.000417759
0.000529889
0.000254914
0.000141001
0.000185282
0.000126002
0.000235032
0.00026462
0.000175636
0.00017123
0.000520282
0.000265474
2.6494e-06
0.000289065
0.000174052
0.000202479
9.19376e-05
0.000701668
0.000131576
0.000466628
0.000244121
0.00034745
0.000179769
0.000426561
8.32544e-05
0.000314776
0.000162915
0.000163926
0.000212176
0.000556877
0.000242989
0.000299197
0.000249872
0.000352173
0.000293651
0.000285954
9.9697e-05
0.000309992
0.000457412
0.000139096
0.000139946
0.000400814
0.000164169
0.000279155
0.000219574
0.00017616
0.000225679
0.000267774
0.000492533
0.000107118
0.000249113
0.000333651
8.18379e-05
8.23991e-05
0.00084919
0.000517893
4.1256e-05
0.000338734
0.000103056
0.000131554
0.000230781
0.000196714
0.000161303
0.000199341
0.000429253
0.000584634
0.000233293
0.0054652
0.000120263
0.0003312
0.000123239
0.000164186
0.000238413
0.00022265
0.000168375
0.000138734
0.000181965
0.000169548
0.000416036
0.000126547
0.000286814
0.000295092
0.000307029
0.000568411
8.30647e-05
0.000477659
8.93735e-05
0.000328527
0.000217593
0.000177261
0.000223929
0.000276237
0.000544877
9.6104e-05
0.000191747
9.0977e-05
0.000238099
0.000260807
0
0.000433597
6.61352e-05
8.21326e-05
9.15983e-05
0.000262454
0.00037097
0.000278082
0.000270181
4.95882e-05
0.00044646
0.000243673
0.000110332
0.000382904
0.000395699
0.000143985
0.0001298
0.000674923
0.000129359
0.000562859
0.000277399
2.29385e-05
0.00053807
0.000249413
0.000163295
0.000252791
0.000156645
0.000321365
0.000486818
0.000481026
0.00011301
7.66295e-05
0.000331405
0.000255507
0.000779948
0.00136767
0.000214241
0.000104059
0.000213426
0.000518855
0.000119585
0.000290597
0.000161204
7.32147e-05
0.000245066
9.97994e-05
0.000248493
0.000276636
8.58281e-05
6.525e-05
3.68791e-05
0.000212977
0.000582567
0.000244172
0.000319346
0.00129178
0.000217027
0.000463497
0.000181048
0.000225724
0.000195043
0.000227644
0.000484698
5.50651e-05
9.8491e-05
0.00169732
0.000232219
0.000381171
0.000171174
0.000161883
0.000241282
0.00017726
0.000360544
0.000129818
0.00017347
0.000294352
1.10501e-05
0.000149506
0.000683583
8.55246e-05
7.22564e-05
0.000208263
0.000145593
0.000239915
0.000251429
0.000192526
3.19617e-05
0.000333873
0.000239099
0.000185437
0.000222656
0.00011421
0.000345988
0.000214149
0.00039395
