0.00125914
0.00186976
0.00146591
0.00222175
0.00239154
0.00172532
0.00156285
0.00143289
0.000968807
0.00192607
0.00183048
0.00170311
0.00129093
0.00211943
0.000805656
0.002113
0.00149797
0.00506992
0.0032075
0.00166614
0.00299462
0.000746004
0.00368811
0.00277724
0.00268514
0.00264856
0.00237679
0.00268809
0.00143804
0.00297272
0.000823339
0.00119515
0.00139976
0.00151043
0.203309
0.0013832
0.00130144
0.00162183
0.00311333
0.00345519
0.00227378
0.00131153
0.00414554
0.0041727
0.00311601
0.00242678
0.00228483
0.0022542
0.00400873
0.00142642
0.00186704
0.00158242
0.00212981
0.00164064
0.00156729
0.00223384
0.00180268
0.00201704
0.0012212
0.00194397
0.00129764
0.00249089
0.00142574
0.00326417
0.00366641
0.00203389
0.00285978
0.0018143
0.00131848
0.00253951
0.00216857
0.00568439
0.00232685
0.00179604
0.00442107
0.00145111
0.00191475
0.00194318
0.00195352
0.00194026
0.00208318
0.00138577
0.000772219
0.000982742
0.00318765
0.0114329
0.00186445
0.00150352
0.00369706
0.00287394
0.00127946
0.000878556
0.00333075
0.00235525
0.00197864
0.00196652
0.00140345
0.00125388
0.00275842
0.00175735
0.00164966
0.00144672
0.00140718
0.00194866
0.00226515
0.0040842
0.00160319
0.00146923
