0.00185253
0.00754657
0.00247741
0.002973
0.00149022
0.0021887
0.00151899
0.00233795
0.0015244
0.00353463
0.00900558
0.00300631
0.00246961
0.00332378
0.00258475
0.00199367
0.00177037
0.00371144
0.00550295
0.00359291
0.000712879
0.00283448
0.00198085
0.00201234
0.00230566
0.00144585
0.00107735
0.00141853
0.00239045
0.00190203
0.00144359
0.00292618
0.00156632
0.00210374
0.00187797
0.00221417
0.0019814
0.00226825
0.00428311
0.00487151
0.00251033
0.000559697
0.00248928
0.0113866
0.00340843
0.00193631
0.00245622
0.000877797
0.00206743
0.00154144
0.00330833
0.00237424
0.00549211
0.00122834
0.00310053
0.00195763
0.00391008
0.0018932
0.00226431
0.00291863
0.00219627
0.00122196
0.00156887
0.00132855
0.00275802
0.0024133
0.00257951
0.0135141
0.00122268
0.00172177
0.00258105
0.0252661
0.00333274
0.00114309
0.00159067
0.00217325
0.00300543
0.00595723
0.0017215
0.0026644
0.00269578
0.00514314
0.00270831
0.00335437
0.00294614
0.0187196
0.00194788
0.00119685
0.00221683
0.00401022
0.00618449
0.00168232
0.00136949
0.00119882
0.00220328
0.0012048
0.00228006
0.00170542
0.00145204
0.00271832
0.00201477
0.00300925
0.0023288
0.00184877
0.0018236
0.00492219
0.00167634
0.00435201
0.00154943
0.00136831
0.00215383
0.00193168
0.00170872
0.00210522
0.00192146
0.0017011
0.00347308
0.00181837
0.00217716
0.00190433
0.00291394
0.00307515
0.00195989
0.00222966
0.00241916
0.00302549
0.0023448
0.00321715
0.00184866
0.00127859
0.00301764
0.00365259
0.00207523
0.00671026
0.00098474
0.00228585
0.00111219
0.00227644
0.0173617
0.00337748
0.00138213
0.00199611
0.00189335
0.00866833
0.00179853
0.00312151
0.00140678
0.00121056
0.00321549
0.00671712
0.00307517
0.00172025
0.00150931
0.00842358
0.00174556
0.00125236
0.00250929
0.00131427
0.0026212
0.00247776
0.00115656
0.00201007
0.0033738
0.0190792
0.00327184
0.000820676
0.0018294
0.00354863
0.00224973
0.00390851
0.00228917
0.001676
0.00220284
0.00142673
0.00130621
0.00434805
0.0024299
0.00309092
0.00290226
0.00244791
0.00195393
0.00172052
0.00122969
0.00293649
0.00268435
0.00271743
0.00215568
0.00348427
0.0019049
0.0012823
0.002587
0.00209268
0.0012916
0.00181451
0.00192783
0.0029304
0.00155498
0.00123782
0.00253838
0.00068502
0.00242861
0.00304377
0.0035243
0.00143749
0.000435865
0.00141228
0.00301016
0.00213712
0.00254573
0.00330078
0.00110689
0.00341116
0.00244246
0.00144273
0.00175358
0.00242439
0.00201784
0.0107344
0.008691
0.00228653
0.00212823
0.0115728
0.00107098
0.00228578
0.00187715
0.00258251
0.00115122
0.00237476
0.00183469
0.00201675
0.00309264
0.00283956
0.0201806
0.00155948
0.00204209
0.00305666
0.00120422
0.00236529
0.00542988
0.00130459
0.00239442
0.00159896
0.00417973
0.00165865
0.00177099
0.00186848
0.00412018
0.00418177
0.00277425
0.00164451
0.00147627
0.00288473
0.0157282
0.00233751
0.00198759
0.00164256
0.00226743
0.00166254
0.00132555
0.00577424
0.00269641
0.00128036
0.00357814
0.0165127
0.00167106
0.00150382
0.00160844
0.00297065
0.0043931
0.00125719
0.00136879
0.00259993
0.00268136
0.00141286
0.0029107
0.00165236
0.00194643
0.00784892
0.00159645
0.00290064
0.00341524
0.00401082
0.00365942
0.00199539
0.00135056
0.00217209
0.00129573
0.00230242
0.0026591
0.00306298
0.00202675
0.00450763
0.00190055
0.0023432
0.00576849
0.00637607
0.00260232
0.00140214
0.00582654
0.00146372
0.00182045
0.00131199
0.00263652
0.00185281
0.00233175
0.0024861
0.00229162
0.00142526
0.00256452
0.00310845
0.00363751
0.00150306
0.0731967
0.00172446
0.00202303
0.00375851
0.00223178
0.00340959
0.00175124
0.00477427
0.00223655
0.00573941
0.00445197
0.00265087
0.00231426
0.00141853
0.000857218
0.00106375
0.00615615
0.00371958
0.00191439
0.00290153
0.00199011
0.00207266
0.00215461
0.00273232
0.00127026
0.00242608
0.00163743
0.00212736
0.00517579
0.00184933
0.00104503
0.00172978
0.00347985
0.00196658
0.00185166
0.00205142
0.0030073
0.0017914
0.0020679
0.00228354
0.00317109
0.0014459
0.00250381
0.00486849
0.00244158
0.00776424
0.00261234
0.00234145
0.00250853
0.00318356
0.475083
0.0217779
0.00213511
0.00168774
0.00133104
0.00323067
0.00148733
0.00255582
0.0015285
0.00142233
0.00247528
0.0029639
0.00272849
0.00686189
0.00140091
0.00205462
0.00224672
0.00194146
0.00207545
0.0012666
0.00152783
0.00283403
0.00207226
0.00172921
0.00456208
0.00211643
0.00213247
0.0018821
0.00257251
0.00212945
0.00178218
0.000893203
0.00205986
0.00293407
0.00231566
0.00672052
0.00548936
0.00189043
0.00257335
0.00186632
0.00186461
0.00254821
0.00201597
0.00235037
0.00372658
0.00376416
0.001521
0.00523459
0.00123667
0.00566624
0.00496768
0.00278601
0.00176884
0.00176385
0.00187006
0.00198375
0.0114867
0.00578812
0.00401465
0.00104193
0.00190659
0.00191116
0.00198011
0.00180805
0.00433028
0.00190376
0.00248612
0.00263305
0.00141473
0.00125865
0.00237567
0.00247574
0.00162038
0.00516116
0.0102356
0.00267257
0.0019475
0.0024635
0.0011543
0.00104953
0.001385
0.0020648
0.00266773
0.00220137
0.00215844
0.0373406
0.00311602
0.00217488
0.00475904
0.00176779
0.00242421
0.0015685
0.00299491
0.00216603
0.00210829
0.00526876
0.00297372
0.002085
0.0026865
0.00277421
0.00085921
0.00312968
0.00380812
0.00484142
0.00128064
0.00180498
0.00257354
0.00186765
0.00229386
0.00183171
0.00232916
0.00154668
0.00273964
0.00260093
0.00169143
0.00125201
0.00183572
0.00129756
0.00102953
0.00122751
0.00225633
0.00281813
0.00164634
0.00227419
0.00259191
0.00304442
0.00350999
0.00554659
0.00149346
0.00252586
0.00248383
0.00213513
0.00174986
0.00185138
0.00198634
0.0030579
0.00190661
0.0021144
0.0146495
0.00265451
0.00171182
0.00115724
0.00156568
0.00539767
0.0012858
0.00300899
0.00187733
0.00117003
0.0019687
0.00192792
0.00192903
0.00925166
0.00213674
0.00230656
0.00918153
0.00292805
0.00231021
0.00131158
0.00153581
0.0023131
0.00291759
0.0051163
0.00232959
0.0020357
0.0026738
0.00248899
0.00252901
0.00278596
0.00583292
0.00279228
0.010189
0.00200691
0.000746523
0.00312694
0.00289139
0.00158594
0.0117232
0.00182209
0.00235249
0.003373
0.00159461
0.0055479
0.00188871
0.00234428
0.00139622
0.00203032
0.00183196
0.00319937
0.000965594
0.00363355
0.00336669
0.00168007
0.00233956
0.00724665
0.0105856
0.00205723
0.00175586
0.00216915
0.00166088
0.00255381
0.00255254
0.00401269
0.00352283
0.00154066
0.00208825
0.00193819
0.00452317
0.00103111
0.0025564
0.0520573
0.00222252
0.00136128
0.00390307
0.00113836
0.00154518
0.00115923
0.00270546
0.0022417
0.00219713
0.00102107
0.00233392
0.0078386
0.00126982
0.00158312
0.00213221
0.00148997
0.00179753
0.0018879
0.00195354
0.00702494
0.00249847
0.00326197
0.00225732
0.00277243
0.00151527
0.00286906
0.00310416
0.00194282
0.00149026
0.00164534
0.00224164
0.00239523
0.00457711
0.00174007
0.00250152
0.00233079
0.00305758
0.00204402
0.00254771
0.00321867
0.00219553
0.00368876
0.0107805
0.00122812
0.00167534
0.00290953
0.00154298
0.00369108
0.00241388
0.00197582
0.00180948
0.00331615
0.0043165
0.00472571
0.00148584
0.00192252
0.00333996
0.00248706
0.00169623
0.00211014
0.0022474
0.00527022
0.00169815
0.00243416
0.00227007
0.00375817
0.00144649
0.00268477
0.00115626
0.00216813
0.00268578
0.00157667
0.00528728
0.0014077
0.00343793
0.00212943
0.00233585
0.00266933
0.00785581
0.0024875
0.00228074
0.00310743
0.00273858
0.000975938
0.00166487
0.00229555
0.00285761
0.0019503
0.00222602
0.00150896
0.00573886
0.00199959
0.00252728
0.0053857
0.00216044
0.00770422
0.00155547
0.00229006
0.00136694
0.00218414
0.0043819
0.00226185
0.00521046
0.00294183
0.00189932
0.00149304
0.0016169
0.00622391
0.00194398
0.00348488
0.00176489
0.00113704
0.00301483
0.00231759
0.00256372
0.00122396
0.00241295
0.00321744
0.00267436
0.00217661
0.00280048
0.00173781
0.00218333
0.00730623
0.00377456
0.00270339
0.00378574
0.00155066
0.00136501
0.00377138
0.00261072
0.00232655
0.00206284
0.0019186
0.00936296
0.00254318
0.00414245
0.00129953
0.00170555
0.00199764
0.00205405
0.00476824
0.00235474
0.00510144
0.00455228
0.00135978
0.00244743
0.00172222
0.00611709
0.00631136
0.00123798
0.00161119
0.00194515
0.00116354
0.00199144
0.00170407
0.00229695
0.00144146
0.00177231
0.00173735
0.00185321
0.00220544
0.00118483
0.00346884
0.0058613
0.00116384
0.00414411
0.0011472
0.000887133
0.00116611
0.00141857
0.00350511
0.00292378
0.00151124
0.00156795
0.00171975
0.00239477
0.00254501
0.00286864
0.00246683
0.00398932
0.00310994
0.00164116
0.00148886
0.0015441
0.00166644
0.00258466
0.00209423
0.00229531
0.00213652
0.00242922
0.00161516
0.00304662
0.00178292
0.00854487
0.00172719
0.00275974
0.00244039
0.00158003
0.00142499
0.0022723
0.0232108
0.00179998
0.00258831
0.00158478
0.00292997
0.00213218
0.00564822
0.00233536
0.00268605
0.00112895
0.00160734
0.00223132
0.00183716
0.00192372
0.00378413
0.00137385
0.00211148
0.00110281
0.00208274
0.00197725
0.0015201
0.00198593
0.00251803
0.00154162
0.0164111
0.0027713
0.00279534
0.00112564
0.0051803
0.00133865
0.00280729
0.00823814
0.00388623
0.00801609
0.00264151
0.00171629
0.00170267
0.00410661
0.00218766
0.0045664
0.00291225
0.00188045
0.00263319
0.00203883
0.00140406
0.00103561
0.0012335
0.00158248
0.002098
0.000811927
0.00265826
0.00500629
0.00271109
0.00157544
0.00229496
0.00892983
0.00227899
0.00097559
0.00123158
0.00170955
0.00186869
0.00238554
0.000888594
0.0023888
0.00111104
0.00212502
0.00176495
0.00213112
0.0016262
0.00282715
0.00216559
0.00235423
0.00160142
0.00106192
0.000953241
0.00485307
0.00368158
0.00400723
0.00214841
0.0113001
0.00168236
0.00280423
0.00335047
0.00242142
0.00534987
0.00165457
0.00360909
0.000940771
0.000548403
0.00177467
0.00352199
0.01226
0.00155095
0.00206717
0.00143309
0.00285806
0.00587614
0.00128212
0.0100643
0.00349701
0.00174987
0.00194574
0.00161186
0.00227276
0.00133011
0.00170602
0.00318538
0.00259001
0.00213012
0.001711
0.00250691
0.00169983
0.000685633
0.00132898
0.00180713
0.00195985
0.00140342
0.00562618
0.00162204
0.00422224
0.00252193
0.00120306
0.00141849
0.00240619
0.00179276
0.00166577
0.00232606
0.00269465
0.00183606
0.00178264
0.00343485
0.0031388
0.00190928
0.00150715
0.00183575
0.0012626
0.00221672
0.0019189
0.00486724
0.00227184
0.00162995
0.00109509
0.00150788
0.00219881
0.00204663
0.00399521
0.00220675
0.00356743
0.00254615
0.0174856
0.00170222
0.00356657
0.00564376
0.00258124
0.00250909
0.00259813
0.00127789
0.000847868
0.00152694
0.00211419
0.00305283
0.00171196
0.0023005
0.00234264
0.00655519
0.00141743
0.00170316
0.00558991
0.0027008
0.00450918
0.00292344
0.00182457
0.00169643
0.00292266
0.0018132
0.00401666
0.00219985
0.00132101
0.00184394
0.0105459
0.00171798
0.00391062
0.0015634
0.00212393
0.00521879
0.00151181
0.00458424
0.00393613
0.00202075
0.00266538
0.00447892
0.001335
0.00395614
0.00195939
0.00094536
0.00229015
0.00180316
0.00273713
0.00210101
0.00172424
0.00475344
0.00217673
0.00151847
0.00191544
0.00163899
0.00169763
0.00216713
0.00276617
0.00263588
0.00495765
0.00317556
0.00243669
0.00278254
0.00221921
0.00180582
0.00237021
0.00294917
0.00331488
0.0023083
0.0106024
0.00144571
0.00119256
0.0019217
0.0036455
0.00216415
0.0010141
0.00202233
0.00458764
0.00482394
0.00170574
0.00186116
0.0109487
0.00508019
0.00632588
0.00278879
0.00169974
0.00568705
0.00145737
0.00134849
0.00259873
0.00233395
0.00180699
0.00191003
0.00151439
0.00359841
0.00281836
0.00182861
0.00425447
0.00115399
0.00261349
0.00335791
0.0031442
0.00109361
0.00275705
0.00190573
0.00112046
0.00197964
0.00173822
0.00225178
0.00211107
0.00260719
0.00247424
0.00229982
0.00189103
0.000903039
0.00371064
0.000649579
0.00252276
0.00271555
0.00235439
0.00232573
0.00282776
0.00327699
0.00450936
0.00249977
0.00155712
0.00201579
0.00251722
0.00365945
0.0115461
0.00244578
0.00114525
0.00173052
0.00243316
0.0106019
0.00197572
0.00209409
0.00269295
0.00156684
0.00210967
0.00617104
0.00126142
0.00259456
0.00233075
0.00298364
0.00141082
0.00183085
0.00386445
0.00212159
0.00462611
0.00156544
0.00280862
0.00221403
0.00226829
0.0091152
0.00189571
0.00175349
0.00359052
0.00650075
0.00172063
0.00615899
0.00231263
0.00167158
0.00135815
0.00189241
0.00167652
0.000886484
0.00418607
0.000858428
0.00259486
0.00195945
0.00339038
0.00143391
0.00209174
0.00347263
0.0134482
0.00187826
0.00350137
0.00350406
0.00178367
0.00317259
0.00165463
0.000914628
0.00126864
0.00246031
0.00244042
0.00279627
0.00155823
0.00146112
0.00328007
0.00316703
0.00211757
0.00164797
0.00195416
0.000922577
0.00126797
0.00179113
0.00188739
0.0027982
0.00121648
0.00209553
0.00263703
0.00625745
0.00148619
0.00312738
0.00183916
0.00118202
0.00278839
0.000564075
0.0042185
0.00666034
0.00216495
0.00168638
0.00110836
0.00212248
0.00203876
0.00243758
0.00182922
0.00235613
0.00139284
0.00367066
0.00167984
0.00157905
0.00170229
0.00165425
0.00235733
0.00230423
0.000957356
0.00208874
0.00185065
0.00188427
0.00369471
0.00197508
0.00144849
0.00176043
0.0016944
0.00158397
0.00536304
0.00240633
0.00196853
0.00767981
0.00113558
0.00241839
0.00139904
0.0147588
0.0031162
0.00193975
0.0024888
0.00138038
0.00214484
0.00228236
0.00191289
0.00178255
0.00326006
0.00117261
0.00125916
0.0069409
0.00217925
0.0027994
0.00158039
0.00145824
0.00189163
0.0022806
0.00159555
0.00203012
0.00222233
0.00314152
0.0018591
0.00255838
0.00292078
0.00137292
0.00197071
0.00198105
0.00152481
0.00509374
0.000864571
0.0013529
0.00278444
0.00144356
0.00280742
0.00187913
0.00448959
0.00214136
0.00187375
0.00322491
0.00405051
0.00191051
0.0151697
0.00187401
0.00230106
0.00301375
0.00141653
0.00134693
0.00169693
0.00223326
0.000786987
0.0029223
0.00199621
0.00191857
0.00174402
0.0016729
0.00283876
0.00277462
0.00122202
0.00162817
0.00111605
0.00875555
0.00236178
0.00248956
0.00299286
0.00433389
0.00175274
0.00398852
0.00694794
0.0013497
0.00107529
0.00305566
0.00181812
0.00230296
0.0016466
0.00354936
0.00086328
0.00309567
0.00108425
0.00236127
0.00337727
0.00265318
0.00124088
0.00249306
0.0036769
0.00283315
0.00118288
0.00126743
0.00293882
0.00216079
0.00190934
0.00269952
0.00282945
0.00184427
0.0013473
0.0036426
0.000673287
0.00757803
0.00258281
0.00233524
0.00331036
0.000995898
0.00440088
0.00139419
0.00147141
0.00194357
0.00280653
0.00133452
0.00294149
0.00483494
0.00265493
0.00334079
0.00230721
0.00408099
0.00138993
0.00224793
0.00372022
0.00170013
0.00245909
0.000609056
0.00690062
0.00287886
0.00423651
0.00384594
0.00185783
0.00199993
0.00181508
0.0104494
0.00176862
0.0026665
0.00344232
0.00523551
0.00255898
0.00253297
0.00783142
0.00080657
0.00346615
0.00250138
0.00451321
0.00213897
0.00316926
0.00472964
0.00264278
0.00312922
0.000937847
0.00154238
0.0774898
0.00313261
0.00265056
0.00195453
0.0023226
0.00418504
0.00420862
0.00231088
0.00109613
0.00810467
0.00291376
0.00283682
0.00267247
0.00298383
0.00426373
0.00213819
0.00386595
0.00462733
0.00211744
0.00278586
0.00242391
0.00219994
0.00158375
0.00184141
0.00456279
0.00589014
0.00121967
0.0020822
0.00155245
0.00785488
0.00186106
0.00179079
0.00484351
0.00406135
0.0026315
0.00190107
0.00335483
0.00230224
0.00288751
0.00248793
0.00192894
0.00341793
0.00212192
0.014805
0.00292344
0.00263863
0.00253441
0.00226055
0.0041242
0.0019653
0.0037368
0.00267493
0.0322654
0.00287956
0.0024523
0.00105094
0.00230268
0.00139228
0.00142151
0.00311749
0.00204053
0.00132932
0.00196177
0.00338967
0.00227801
0.00123847
0.0016397
0.00169419
0.00339604
0.00179231
0.00241307
0.00198025
0.00813852
0.00598747
0.0022817
0.00626647
0.00190154
0.00128817
0.00178552
0.00247243
0.00490758
0.0024843
0.00192778
0.00194658
0.00137424
0.00173092
0.00350898
0.00311975
0.00236104
0.00100465
0.0080659
0.00105674
0.00218355
0.000691061
0.00296286
0.00367558
0.0046047
0.000907348
0.000572345
0.00177929
0.00356525
0.00206418
0.00127047
0.00161989
0.00151553
0.00459462
0.00395811
0.00270017
0.0019302
0.00360744
0.00159308
0.00742635
0.00260463
0.00270966
0.00199137
0.00161723
0.00332429
0.00294772
0.00263149
0.00230798
0.00156217
0.00241456
0.00376432
0.00165592
0.0021172
0.00136255
0.00165182
0.00384909
0.00222386
0.00316169
0.00183653
0.00196268
0.000763139
0.00487192
0.00247018
0.00116703
0.00190971
0.00138797
0.00244849
0.00134706
0.00173284
0.0029473
0.00253128
0.00208477
0.00256029
0.00146624
0.00375572
0.00183444
0.00210317
0.0039423
0.00367542
0.00224705
0.00125255
0.00244565
0.00190866
0.00136036
0.00172454
0.00442621
0.00148258
0.00194119
0.00132039
0.00361975
0.00078286
0.00154962
0.00213451
0.0017699
0.00319544
0.00328766
0.00169283
0.00200442
0.00771895
0.00283248
0.00824796
0.00249771
0.00114884
0.00320587
0.00220133
0.00221585
0.000938827
0.00409536
0.00174858
0.002917
0.00181731
0.00187142
0.00289079
0.00193678
0.0049122
0.00206069
0.00374931
0.00204527
0.00272286
0.000687828
0.00161001
0.00161862
0.00322708
0.00517002
0.00192128
0.00193166
0.00194331
0.000841872
0.00264864
0.00177056
0.00239212
0.0100777
0.00194971
0.00315161
0.00594616
0.000954752
0.00297226
0.00177148
0.00254631
0.00491271
0.00188363
0.00248172
0.00236039
0.00572405
0.00224462
0.00130288
0.00235002
0.00261337
0.00364071
0.00314427
0.00178511
0.00165289
0.0021789
0.00878333
0.00186058
0.00351647
0.00330227
0.00590691
0.00143137
0.00214409
0.00151568
0.000643607
0.000695024
0.00155814
0.00269931
0.00263617
0.00196129
0.00303564
0.0023461
0.00259673
0.00171676
0.00168794
0.0104609
0.00286582
0.0024751
0.00213089
0.00315903
0.00138289
0.00161766
0.00141359
0.00215545
0.00213099
0.00220832
0.00150511
0.00244983
0.0016551
0.00237053
0.00450799
0.00264037
0.00485849
0.0024207
0.00175901
0.00151876
0.000656953
0.00308661
0.00425656
0.00206361
0.00195362
0.00217446
0.00304291
0.00169537
0.00220175
0.00192336
0.00190843
0.00169256
0.00227492
0.0195991
0.0119745
0.0012534
0.00326028
0.00250515
0.00348552
0.00330679
0.00194169
0.00135568
0.000753668
0.0052947
0.000973764
0.00266912
0.00101852
0.000768608
0.00100965
0.000737957
0.00440971
0.0028054
0.00508031
0.000857287
0.00565686
0.00245513
0.0165136
0.00116545
0.00212368
0.00145682
0.00210854
0.00368014
0.00124786
0.00350318
0.00197761
0.00169001
0.00184433
0.00174657
0.0017408
0.0044706
0.00533596
0.00197296
0.00198427
0.00177747
0.00121798
0.00196089
0.00162197
0.00322197
0.000497066
0.00483888
0.00245994
0.0056424
0.00412702
0.00162452
0.00185802
0.00445981
0.000951765
0.00431813
0.00110748
0.00182524
0.00267589
0.00164932
0.00182661
0.0784087
0.00163833
0.00392723
0.00225251
0.00113619
0.00150884
0.00130589
0.00174591
0.00625877
0.00383766
0.00208553
0.00123162
0.00148436
0.00287149
0.00287119
0.00217021
0.00126574
0.0023447
0.00171343
0.000823005
0.0016055
0.00173789
0.0050371
0.0219346
0.00431437
0.0029684
0.00420656
0.00138308
0.00331237
0.00357974
0.00222596
0.00164639
0.00171076
0.00178856
0.0013448
0.00244672
0.00156215
0.00100614
0.00577005
0.0155584
0.00187237
0.00167442
0.00720111
0.00456733
0.007164
0.00332075
0.00156465
0.00113241
0.00212425
0.00156474
0.00105408
0.00155444
0.00149667
0.00218031
0.00226465
0.00311034
0.0030042
0.00111468
0.00277639
0.00267883
0.00202147
0.00118015
0.00180946
0.0067061
0.00224801
0.00222959
0.00165255
0.00199976
0.00464236
0.00178154
0.00146844
0.0028389
0.00300939
0.00197906
0.00218225
0.00155174
0.00257153
0.00314605
0.00130255
0.0028137
0.00306211
0.00517691
0.00426774
0.00307909
0.00383738
0.00302076
0.00157607
0.00285988
0.00214918
0.00704776
0.00469765
0.00387438
0.0022019
0.00153868
0.00146548
0.00186164
0.00191131
0.00120923
0.00107299
0.00165217
0.0021706
0.0025332
0.00203938
0.00362451
0.00163672
0.00256443
0.00123658
0.00132447
0.00140217
0.0047089
0.00150411
0.00100559
0.00328256
0.00189799
0.00239197
0.00276034
0.00180151
0.0015969
0.00419468
0.00224303
0.00255204
0.00150875
0.00225538
0.00210232
0.00293338
0.00387975
0.00182125
0.000809433
0.00261993
0.00203767
0.00257415
0.0103535
0.00173946
0.00156643
0.00292084
0.00178866
0.00310669
0.00185323
0.00478854
0.0017698
0.00184144
0.00174909
0.00269564
0.00288095
0.00168566
0.00463942
0.00191814
0.00704364
0.00343663
0.00304315
0.000503312
0.0103687
0.00254238
0.00114204
0.00620912
0.0019371
0.00284882
0.000720231
0.00326887
0.00256932
0.002201
0.0023366
0.00216835
0.00190313
0.00146354
0.00147653
0.0113131
0.00196468
0.00271288
0.00375548
0.00225895
0.00358158
0.00409
0.00197188
0.00147247
0.00289437
0.00178884
0.00205607
0.00211733
0.00745492
0.00168701
0.00144545
0.00508595
0.00220494
0.0010555
0.00272851
0.00359387
0.00172582
0.0203881
0.0017213
0.016318
0.00115778
0.0031372
0.0019186
0.00198094
0.00139047
0.00174641
0.00610298
0.00174158
0.00203475
0.00211102
0.00217097
0.00440457
0.00123752
0.00211055
0.00229653
0.0011974
0.00190186
0.00251324
0.00242773
0.00238971
0.0017696
0.00302087
0.00357585
0.00229849
0.00382852
0.00273496
0.0057591
0.00136707
0.00120919
0.00210159
0.00141536
0.00305675
0.00172555
0.00409614
0.00133468
0.000723894
0.00253147
0.00416418
0.00317083
0.00176234
0.0023322
0.00207245
0.00127146
0.00141421
0.00125465
0.00931787
0.00199332
0.00138572
0.00183977
0.00165304
0.00270377
0.00257209
0.00145197
0.00190221
0.00156333
0.00135322
0.00317038
0.0114844
0.00109127
0.00187742
0.00183133
0.00746832
0.00194984
0.0224826
0.00153698
0.00241152
0.00165097
0.00374978
0.000934822
0.00166054
0.00214004
0.00286564
0.00117961
0.00343265
0.0355236
0.00108945
0.00240822
0.00204152
0.00259913
0.00141926
0.000737827
0.00261253
0.00144409
0.00320994
0.00151854
0.00267838
0.00170648
0.00324552
0.00300548
0.00390529
0.00198654
0.00478382
0.00662814
0.00288783
0.00378143
0.00257217
0.00144302
0.00118209
0.00108317
0.00155683
0.0103885
0.00187335
0.00386304
0.00296362
0.00283489
0.00309619
0.00285187
0.00305524
0.00308033
0.00955454
0.00175461
0.00427477
0.00222705
0.00315833
0.00206045
0.0055476
0.00278805
0.000813635
0.00181967
0.00233668
0.00127049
0.00306458
0.00674169
0.00169145
0.0026021
0.00168706
0.0019467
0.0121945
0.00272276
0.00917366
0.00165575
0.0013494
0.00154559
0.00474264
0.00249149
0.00175863
0.00183973
0.00167885
0.00253105
0.00199564
0.00252239
0.00191658
0.00236961
0.00129398
0.00209468
0.00177761
0.00121336
0.00175889
0.00130713
0.00138823
0.00248163
0.00254511
0.00418343
0.00357391
0.00171677
0.00263733
0.00169815
0.00194611
0.0152595
0.00195104
0.00138285
0.00266264
0.00383993
0.00223906
0.00273089
0.00362644
0.00307292
0.00309386
0.00213376
0.00322874
0.00282329
0.0037578
0.00298436
0.00164757
0.0023247
0.00273419
0.00152674
0.00266775
0.00189237
0.0024436
0.00340437
0.00247659
0.00331951
0.00197124
0.00209965
0.00161226
0.00471159
0.00128696
0.0016947
0.00174207
0.00165197
0.00175082
0.00346474
0.00203041
0.0019397
0.00244575
0.00342087
0.00169515
0.00241645
0.00455536
0.00176911
0.00178572
0.00143004
0.0016486
0.00157208
0.00184237
0.00127516
0.00191447
0.00378071
0.00170546
0.00288967
0.00274753
0.0026977
0.00274916
0.00393689
0.00304482
0.00155001
0.00190165
0.00294328
0.00200225
0.00138844
0.00365768
0.00151771
0.00170611
0.00180126
0.00318533
0.00169711
0.00152008
0.00349897
0.00229826
0.0087011
0.00188287
0.00291046
0.00603847
0.00201609
0.00101944
0.00319354
0.00179545
0.00251154
0.00280315
0.00301272
0.00161403
0.00468244
0.00262791
0.0016185
0.00415998
0.00418802
0.00406917
0.00298679
0.00256524
0.00237468
0.00139756
0.00545288
0.00235903
0.00171026
0.00153555
0.00216065
0.00132353
0.00317291
0.00274183
0.00172219
0.00236226
0.00192485
0.00135806
0.00283934
0.00189403
0.000986099
0.00673006
0.00129339
0.0043912
0.00195625
0.00157083
0.00266052
0.00256504
0.00296534
0.00164074
0.00166927
0.00144767
0.0015894
0.00158438
0.0013631
0.00123264
0.00474821
0.00208861
0.00175986
0.00137682
0.00229919
0.00225951
0.00229991
0.00319491
0.00136167
0.00241123
0.00212497
0.00261562
0.00118382
0.000812799
0.003129
0.00197474
0.00236525
0.00428472
0.00192782
0.00237153
0.00157497
0.00213284
0.00496567
0.00185665
0.00139681
0.00202097
0.00144239
0.00107666
0.00200709
0.00118923
0.00170398
0.00253754
0.00306006
0.00275672
0.0110793
0.00256787
0.00212191
0.00183753
0.00250426
0.00207688
0.00231732
0.0013801
0.00668609
0.00126678
0.00394346
0.00102305
0.00261551
0.00251142
0.00305247
0.00249461
0.0022241
0.00236508
0.00373221
0.00185409
0.00173824
0.00216123
0.0102064
0.00339542
0.00342215
0.00168881
0.00229306
0.0191427
0.0012523
0.00131315
0.00588107
0.00226779
0.00124961
0.00210292
0.000912435
0.00218586
0.00511818
0.00273843
0.00511678
0.00038582
0.00125815
0.00208557
0.00529871
0.00117503
0.000850929
0.00200219
0.00307072
0.00119336
0.00182651
0.00132999
0.00210446
0.00138409
0.00250546
0.00144083
0.00277526
0.00751039
0.00545721
0.00198071
0.00129818
0.00222781
0.00130951
0.000874465
0.00270075
0.0017269
0.00178142
0.000564803
0.0115006
0.00190825
0.00158461
0.00125137
0.00696442
0.00175702
0.0015189
0.00255154
0.00138898
0.00199209
0.00193731
0.00201728
0.00371823
0.00175868
0.00174327
0.00131573
0.00203961
0.00309124
0.00382538
0.00296565
0.00366045
0.00115191
0.00212499
0.00393104
0.00211271
0.00234738
0.00347746
0.00122419
0.0039437
0.00348781
0.00237536
0.00200128
0.00238359
0.00619587
0.000905408
0.00117762
0.00162573
0.000982989
0.00210692
0.00194849
0.0016733
0.00239319
0.00973175
0.00266075
0.00569979
0.0023787
0.00210395
0.00412549
0.00148393
0.00132114
0.00208385
0.00296711
0.00243145
0.0036884
0.00145258
0.00297892
0.000973775
0.0022625
0.00287407
0.0018878
0.00263888
0.00134091
0.00182664
0.0020451
0.00736032
0.00120725
0.0018589
0.0141781
0.002349
0.00148674
0.0028359
0.00492854
0.00154867
0.00235478
0.00193605
0.00123074
0.00243316
0.0026305
0.00262392
0.0022857
0.00279161
0.00173061
0.00252555
0.00413955
0.00190602
0.00274499
0.00172135
0.00162608
0.00197709
0.00518552
0.0016685
0.00373237
0.00181937
0.00203004
0.00209544
0.00287768
0.00159128
0.00289263
0.00330821
0.00182379
0.00150243
0.0030358
0.00210513
0.0030785
0.00254267
0.00514296
0.0025848
0.00258028
0.00142881
0.00283477
0.00214729
0.00139739
0.00896451
0.00485114
0.0017717
0.00166196
0.000935657
0.00186014
0.000980997
0.00347498
0.00189542
0.00277434
0.00138848
0.00157798
0.00209229
0.0041692
0.00179545
0.00281668
0.00493258
0.00208417
0.00216378
0.00270346
0.00220376
0.00122262
0.00159994
0.00152916
0.0148272
0.00184978
0.00224615
0.0022486
0.00257792
0.00137403
0.00277954
0.00313513
0.00358611
0.00201625
0.00141383
0.00691719
0.00214619
0.00256569
0.00232715
0.00481457
0.00425451
0.00220591
0.00659151
0.00679744
0.00160024
0.00558292
0.00153013
0.00247345
0.00200019
0.00190212
0.00166361
0.00253923
0.00262473
0.00118019
0.00532147
0.00221564
0.00246592
0.00212864
0.00360117
0.0013137
0.00288193
0.00805408
0.00152416
0.00250572
0.00353767
0.00207676
0.00233467
0.0029913
0.00205551
0.00175998
0.00189188
0.00270404
0.00919827
0.00172255
0.00219899
0.0012691
0.00348288
0.0107502
0.00354409
0.00579492
0.00459077
0.00175792
0.00173689
0.00164463
0.00221488
0.00198587
0.0032669
0.00118287
0.00261452
0.00181912
0.00281482
0.00159165
0.0025123
0.00203663
0.00276415
0.00161459
0.00165446
0.0017951
0.00202115
0.00262136
0.00107046
0.00257118
0.00166664
0.00481734
0.00335511
0.00937042
0.00351774
0.00102255
0.00203618
0.00266046
0.00419863
0.00152748
0.00139943
0.00106096
0.00220826
0.00138052
0.00538502
0.00358946
0.00179272
0.00190312
0.00258383
0.00409645
0.0026301
0.00164307
0.00096106
0.00818432
0.00329613
0.00170152
0.00142548
0.00179883
0.00251296
0.00142212
0.00234155
0.00147201
0.00189348
0.016796
0.00289769
0.00237183
0.00207475
0.0961308
0.00168732
0.00129538
0.00243166
0.00145436
0.00184623
0.00177951
0.00149047
0.0027587
0.00302411
0.00189533
0.00227033
0.00251042
0.00173908
0.00261688
0.00175105
0.00143526
0.00304151
0.00431118
0.00144165
0.00195097
0.00158119
0.00411521
0.00384361
0.00166616
0.00265167
0.00143782
0.00293765
0.00303478
0.00555257
0.00212754
0.00233416
0.00605919
0.00206794
0.00229008
0.00229686
0.00181745
0.0014411
0.00202976
0.00305251
0.00151531
0.00257664
0.00187006
0.00207837
0.00183311
0.00164874
0.00342538
0.00124061
0.00258766
0.0036006
0.00152551
0.00144246
0.00280097
0.0031778
0.00199328
0.00283663
0.0407659
0.00246918
0.00227841
0.00327831
0.00202183
0.00214303
0.00547135
0.00250005
0.00136152
0.00507507
0.00211259
0.00183253
0.00450949
0.00148173
0.000970314
0.0050404
0.00355421
0.00261958
0.000887422
0.000511704
0.00273652
0.00297061
0.00174503
0.00163913
0.00160289
0.00150273
0.00481728
0.00120057
0.00426498
0.00257467
0.00371537
0.00313942
0.00268623
0.00223601
0.0023294
0.00117643
0.0017748
0.00179982
0.00468154
0.00156868
0.00154765
0.00260745
0.00190544
0.00210791
0.00283724
0.00119455
0.00226861
0.00204652
0.00142334
0.00218211
0.000862465
0.00153309
0.000832873
0.00148562
0.00142572
0.00142182
0.00236905
0.00278162
0.00369931
0.00231255
0.00125111
0.00198585
0.00247543
0.00412168
0.000768815
0.00321192
0.0019134
0.0043912
0.00423975
0.00148565
0.00292069
0.00931622
0.00152295
0.0122414
0.00266196
0.00127952
0.00153422
0.00171068
0.00280374
0.00263148
0.00170409
0.00204186
0.00211474
0.00234432
0.00265999
0.00238684
0.00199262
0.00212348
0.00355461
0.00201514
0.0017206
0.00144237
0.0108246
0.00213975
0.00162381
0.00166543
0.0066665
0.0026371
0.00243629
0.00167277
0.00197763
0.00142454
0.00283808
0.00169854
0.00278615
0.00217375
0.00257872
0.00651648
0.0034305
0.00293728
0.00218379
0.00882934
0.00293597
0.00337116
0.00221659
0.00145845
0.00217007
0.00279769
0.00201277
0.00636416
0.00365907
0.00271398
0.00317322
0.00227524
0.0048078
0.00145661
0.00192999
0.00123698
0.00642916
0.00210081
0.025863
0.00196858
0.00293886
0.00259676
0.0044111
0.00112201
0.00317933
0.00345346
0.000868369
0.0009149
0.00199056
0.00655068
0.00221009
0.00115554
0.00243754
0.0031628
0.0020079
0.00235676
0.0012891
0.000868039
0.00407313
0.00206905
0.00261098
0.00281903
0.00220808
0.00238482
0.00265969
0.00184202
0.00164863
0.00124402
0.00210709
0.00218022
0.00272439
0.00226235
0.00232251
0.0016703
0.00206471
0.00397677
0.00637774
0.00283602
0.00162595
0.00130745
0.00245018
0.0126438
0.0151439
0.0023578
0.00120166
0.00337977
0.00338686
0.00715085
0.00191376
0.00203055
0.00121007
0.00429045
0.00181262
0.00260563
0.00204199
0.00218847
0.00229689
0.00170162
0.00336491
0.00268693
0.00114995
0.00320622
0.00195602
0.00198005
0.00117545
0.0011812
0.00317527
0.00230749
0.0061119
0.00241677
0.00244359
0.00172122
0.00147154
0.00141228
0.0034778
0.0016451
0.00120439
0.00250259
0.00449994
0.0015482
0.0115987
0.00362489
0.0033768
0.00194378
0.00706978
0.00203779
0.00175453
0.00279333
0.0015142
0.00453229
0.00421847
0.00169063
0.00282539
0.00206401
0.00782823
0.000947971
0.00518151
0.0044339
0.0064167
0.00199942
0.00334326
0.00162607
0.00100605
0.00267684
0.00143786
0.0062595
0.00299021
0.00406152
0.00322438
0.00198251
0.00299803
0.00178904
0.00368931
0.00207216
0.00100419
0.00238877
0.00245421
0.00175286
0.00118467
0.00106149
0.00231277
0.00101232
0.00339819
0.000952912
0.000920006
0.0021753
0.0019931
0.00268577
0.00181547
0.00233106
0.0016161
0.00356621
0.00164393
0.0029883
0.00141719
0.00191774
0.00150737
0.00723429
0.0117819
0.00294703
0.0063363
0.00151575
0.00117779
0.00246496
0.00151655
0.00198051
0.00166522
0.00268774
0.00147418
0.00372117
0.00182793
0.0023721
0.00214008
0.000993887
0.00205535
0.00208467
0.00173394
0.00140312
0.00184845
0.00208853
0.000888502
0.00571954
0.00106978
0.276425
0.00217906
0.00506465
0.00707907
0.00153366
0.00168242
0.00208558
0.00188327
0.00248417
0.00323266
0.00197437
0.000627049
0.00197885
0.00529401
0.00282904
0.00208738
0.00116681
0.00101642
0.00146929
0.00374906
0.00195492
0.00242199
0.00137591
0.00340063
0.00401493
0.00324022
0.00252496
0.00517946
0.00201464
0.00717777
0.00270457
0.0141208
0.00128303
0.00187634
0.0046534
0.00349623
0.0014102
0.00243612
0.00232619
0.00149415
0.00209864
0.00162866
0.00217457
0.00265175
0.0023716
0.001511
0.000970644
0.00155086
0.00383128
0.00440109
0.0020444
0.00271383
0.00226319
0.002853
0.00178495
0.00218554
0.00248754
0.00180547
0.00283782
0.00175785
0.0026226
0.000961554
0.00139182
0.00190045
0.00165489
0.00430165
0.00324781
0.00173074
0.015134
0.00107567
0.00206188
0.00146423
0.00244077
0.0017323
0.00255738
0.0022276
0.00243456
0.00220032
0.00894182
0.0031223
0.0117296
0.00207018
0.00266695
0.00463442
0.00278736
0.00310636
0.00318786
0.00154923
0.00258384
0.00183
0.00339959
0.0110965
0.00128946
0.00507862
0.00135831
0.00244046
0.00256741
0.00443959
0.00136713
0.00182367
0.00148749
0.00121984
0.00639112
0.00265829
0.00435725
0.00143424
0.00205409
0.0056829
0.00255344
0.00219099
0.00303816
0.00187162
0.00249719
0.00243717
0.00230429
0.00152196
0.00157168
0.00416525
0.00184046
0.00220185
0.0015707
0.00537057
0.00171419
0.00130845
0.00318376
0.00811676
0.00104687
0.00158902
0.0021938
0.0145295
0.0070388
0.0031705
0.00162909
0.00207668
0.00182865
0.00366794
0.0286411
0.00187008
0.00170161
0.00354066
0.00166188
0.0106709
0.00152489
0.00230477
0.00222156
0.00372108
0.00234293
0.00184761
0.00343264
0.00618325
0.00174731
0.00235013
0.00242528
0.00321992
0.00245651
0.00159298
0.00313817
0.00355947
0.00304491
0.00319485
0.00218537
0.00245598
0.00386299
0.00308365
0.00200711
0.001757
0.00122945
0.00401888
0.00410942
0.00137681
0.00335721
0.00264426
0.00178192
0.00238356
0.00452459
0.00579105
0.0016373
0.00170737
0.00271131
0.00230939
0.00134841
0.00481701
0.00244368
0.00259413
0.00164223
0.0026489
0.00136456
0.00220799
0.0149841
0.00356913
0.00575229
0.00374766
0.00293117
0.00547282
0.00294278
0.00329294
0.00130164
0.00317545
0.0011882
0.00131222
0.00259611
0.00205821
0.00243746
0.00285933
0.00227218
0.000838826
0.00146571
0.00638216
0.0041764
0.00205482
0.00195509
0.0019664
0.00477504
0.00227281
0.00340134
0.00208696
0.0058791
0.00181466
0.00473947
0.00890302
0.00240569
0.00221027
0.00362163
0.00216917
0.00175351
0.00395486
0.00228628
0.00321536
0.00129681
0.00191372
0.0620111
0.00209571
0.00264572
0.00185753
0.00693449
0.00170637
0.00309857
0.00268584
0.00189884
0.00112546
0.00232184
0.00337012
0.00167324
0.00272764
0.0029065
0.00141574
0.00253934
0.00265714
0.00258483
0.00156568
0.00193373
0.0018047
0.00463724
0.00162462
0.00147096
0.00353408
0.000982907
0.00397458
0.00104071
0.00265257
0.00286799
0.00240042
0.00764735
0.00463388
0.00301154
0.00471388
0.002127
0.00186829
0.0016609
0.00065415
0.00151937
0.00063324
0.00197112
0.00174881
0.0029861
0.00247967
0.00134459
0.00397743
0.00263092
0.00149584
0.00115805
0.00532116
0.00284995
0.00110489
0.00205362
0.0022389
0.00281995
0.00184403
0.00411248
0.00202896
0.0029627
0.00288545
0.00232797
0.000939917
0.00185822
0.00230082
0.00461743
0.00153287
0.001607
0.00589413
0.00168006
0.00264578
0.00106267
0.00233003
0.00346539
0.00211532
0.00260014
0.00112332
0.0035511
0.00256497
0.00210115
0.00133221
0.00227193
0.0616616
0.00323438
0.00187856
0.000878832
0.00184074
0.00163891
0.0050647
0.00325516
0.00371109
0.00129763
0.00161587
0.00150663
0.000983915
0.00369535
0.00235491
0.00218789
0.0032743
0.001351
0.00278524
0.00202472
0.000702025
0.00178606
0.00302796
0.00187409
0.00338008
0.00310984
0.00353276
0.00196723
0.00207147
0.0112052
0.0025449
0.00169012
0.00124469
0.00294152
0.00238276
0.0364081
0.00306444
0.00221549
0.00449678
0.00143818
0.0021802
0.00228605
0.0012116
0.00184749
0.00134716
0.00492619
0.00213381
0.00841765
0.00317524
0.000834178
0.00172785
0.00242488
0.0024421
0.00372017
0.00267056
0.00228578
0.00250787
0.00225093
0.0014728
0.00381096
0.00245575
0.00178518
0.00164907
0.00171882
0.00245411
0.00211056
0.0010117
0.0017601
0.00258939
0.00181856
0.00351172
0.00218534
0.00143369
0.00422443
0.0019408
0.00129756
0.00200747
0.00241079
0.00414008
0.0120353
0.0012701
0.00197471
0.0012431
0.00194354
0.00173559
0.00207086
0.00891327
0.00161025
0.00225922
0.00147212
0.00101803
0.000974986
0.00221971
0.00239219
0.00191167
0.00159405
0.00249268
0.00234769
0.00172111
0.00287033
0.00167775
0.00200427
0.00300611
0.00322207
0.00236081
0.00136404
0.00277552
0.00115799
0.00138108
0.00599424
0.00153175
0.00746404
0.00163291
0.00250418
0.00206162
0.00423991
0.00556629
0.00105486
0.00216333
0.00183658
0.00154815
0.00233735
0.00248951
0.00121762
0.00288814
0.00187008
0.00138093
0.00168635
0.00119576
0.00311027
0.00445289
0.00212369
0.00370047
0.00619145
0.00278134
0.00209026
0.00128371
0.00248397
0.00240557
0.00220147
0.00317148
0.00123567
0.0029878
0.000816628
0.00341625
0.00486602
0.00158816
0.00244546
0.00174285
0.00171046
0.001261
0.00291929
0.00180435
0.00246294
0.0019719
0.00288613
0.00213928
0.00203359
0.000635125
0.0020956
0.00234431
0.00216401
0.00566533
0.00245435
0.00256907
0.00151226
0.00199622
0.00228781
0.00538144
0.00531851
0.00217141
0.00176734
0.00228475
0.0035938
0.00593031
0.00243846
0.00232746
0.00191099
0.00539904
0.00226097
0.00268498
0.00208636
0.00203511
0.00336726
0.00239908
0.00190414
0.0026747
0.00970425
0.00159588
0.0025975
0.00224135
0.00264501
0.00199644
0.00256056
0.00077936
0.00688996
0.00648517
0.00145891
0.00220816
0.00177817
0.0021269
0.00159413
0.00242341
0.00324437
0.00220037
0.00246849
0.00146984
0.019922
0.000510936
0.00235733
0.00249202
0.00119592
0.00334531
0.00212406
0.00148147
0.00192767
0.00210058
0.00175859
0.00751268
0.00161629
0.00162565
0.00122356
0.00160806
0.00255609
0.00160571
0.00647524
0.00179429
0.00472226
0.00348448
0.00165313
0.00323377
0.00356585
0.00136954
0.00294252
0.00248587
0.00115084
0.00242176
0.00266409
0.00154922
0.00225258
0.00167514
0.00154725
0.00376273
0.00182315
0.00237575
0.00291228
0.00824889
0.00190534
0.00219443
0.0185369
0.00162621
0.00252826
0.00107378
0.0020314
0.00374716
0.00166373
0.000664955
0.00287935
0.0027914
0.00313596
0.0013965
0.000968621
0.00231433
0.001833
0.00186234
0.00678698
0.00202919
0.00346276
0.00132561
0.00233726
0.000734738
0.0321668
0.00529788
0.0011194
0.00508293
0.00354214
0.00169116
0.00158247
0.00180485
0.0006256
0.00216447
0.00218166
0.00163684
0.00142443
0.00177139
0.00118743
0.00201532
0.00200454
0.00172931
0.00227802
0.00244212
0.00113928
0.00230205
0.00325099
0.00493525
0.00401906
0.00172054
0.00328603
0.00213407
0.00271704
0.00216862
0.00392759
0.00439788
0.00136362
0.00146322
0.0142066
0.00142056
0.00194374
0.00134362
0.00098338
0.00242145
0.0027903
0.00175342
0.00192662
0.00251176
0.000823512
0.00137565
0.000900397
0.00471817
0.00162193
0.00300171
0.00211763
0.00380316
0.00189728
0.00716873
0.00139851
0.00183046
0.0020543
0.00167134
0.00336007
0.00316861
0.00146708
0.00116524
0.00173643
0.00309341
0.00193525
0.00197969
0.00611223
0.00162748
0.00244449
0.00167764
0.00129062
0.0032861
0.00177015
0.00423203
0.00967953
0.00210147
0.00207241
0.0020197
0.00200212
0.00170568
0.00693206
0.00272482
0.00138054
0.00254781
0.00187899
0.00264054
0.00197111
0.00229586
0.00183394
0.00248133
0.00259302
0.00341341
0.00300956
0.00213217
0.002197
0.00179365
0.0030499
0.000903647
0.00134639
0.00134153
0.00193683
0.00163177
0.00353841
0.00179567
0.00516201
0.00312384
0.0021497
0.00170382
0.00247437
0.00290053
0.00124901
0.00225018
0.00367774
0.0117526
0.00191322
0.00278051
0.00484279
0.00215047
0.0101944
0.00933191
0.00266275
0.00126519
0.00241397
0.0017095
0.00265176
0.00245696
0.00194647
0.00181725
0.00410842
0.00264857
0.00158771
0.00165542
0.00159594
0.00484693
0.00392093
0.00133199
0.00200729
0.00282639
0.00693972
0.0025334
0.00246249
0.00153468
0.00318267
0.0010621
0.00600665
0.00220997
0.0018378
0.00158849
0.00116442
0.00184857
0.00248507
0.00228188
0.00120288
0.00351364
0.00237355
0.00218465
0.00295422
0.00256477
0.00181375
0.00165732
0.00186259
0.00152834
0.00120256
0.0013103
0.00305045
0.00348123
0.00423178
0.00219323
0.00147966
0.00227053
0.00572949
0.0321713
0.00358967
0.00113491
0.0064001
0.00157623
0.011479
0.00172385
0.00138751
0.00133089
0.00129726
0.00105394
0.00422348
0.00170311
0.00158295
0.00161143
0.00196776
0.00315758
0.00256363
0.0165893
0.00248975
0.00204774
0.00160493
0.00187432
0.00147914
0.00182917
0.00222215
0.000855686
0.0015181
0.002837
0.00236441
0.00229837
0.00459206
0.00216892
0.00247365
0.00291687
0.00345231
0.0026527
0.0026844
0.00212475
0.0063508
0.00189949
0.00179396
0.00216139
0.00115863
0.00136636
0.00356754
0.00241449
0.00188261
0.0133656
0.00145051
0.0020007
0.00292621
0.00110799
0.00288262
0.0016287
0.00150512
0.00370628
0.00221096
0.0019028
0.00208056
0.00179668
0.00120261
0.00147787
0.00110962
0.00146014
0.00254901
0.0025684
0.00146479
0.00278547
0.0142292
0.0027218
0.00196412
0.00778951
0.00166902
0.00262323
0.00307641
0.00256359
0.00315958
0.00375473
0.00349704
0.00353451
0.00115996
0.00510184
0.00213552
0.00307586
0.00859488
0.00205746
0.0706087
0.00293393
0.00255324
0.00222891
0.00394669
0.00113371
0.00107654
0.00201015
0.00141566
0.00344158
0.00231619
0.00112691
0.0023479
0.002843
0.00129859
0.00284463
0.00241245
0.00232736
0.00245959
0.00154468
0.001603
0.00249781
0.00162624
0.00193489
0.00227608
0.00143925
0.00210437
0.0017478
0.00161043
0.00294816
0.00631295
0.00223518
0.00199208
0.0119152
0.00294145
0.00230208
0.00159219
0.00492608
0.0023882
0.00260985
0.00161936
0.00868229
0.00302003
0.0155163
0.00161422
0.00201837
0.00494602
0.00159175
0.0029608
0.0139698
0.00138232
0.00241679
0.00200735
0.00463316
0.00283002
0.00121873
0.00236396
0.00289267
0.00180355
0.00307408
0.00481237
0.00152855
0.00183499
0.00146416
0.00249755
0.00250281
0.00352259
0.00144834
0.00183831
0.00140709
0.00520441
0.0186636
0.00126207
0.00154673
0.0084452
0.00419066
0.00333866
0.00484962
0.00179579
0.00264925
0.00239187
0.00207519
0.00264087
0.0123395
0.00377947
0.00202892
0.00328837
0.00809716
0.00276245
0.00140481
0.00230851
0.00159314
0.00248273
0.00332283
0.00179068
0.00111532
0.00151783
0.00254958
0.00118623
0.00111619
0.00502009
0.0024708
0.00313392
0.00221028
0.00327931
0.00215437
0.00236897
0.0104602
0.00302586
0.00301774
0.00178311
0.00266959
0.00454008
0.00179288
0.00242857
0.00188411
0.00185664
0.00147864
0.00468971
0.00247261
0.00219735
0.0162458
0.00499785
0.00141156
0.00601571
0.00605813
0.00363128
0.00152487
0.00149856
0.00270728
0.00173188
0.0014171
0.00158148
0.00221525
0.00246514
0.00213084
0.00261339
0.00961909
0.0013418
0.00381902
0.00240241
0.00102416
0.00171669
0.0076126
0.00220501
0.00531231
0.0041746
0.00172843
0.00150692
0.0244873
0.00251889
0.00313046
0.00156283
0.00193995
0.00395565
0.00188033
0.00196875
0.00281128
0.00133433
0.00332674
0.00225626
0.00176291
0.00186809
0.00123477
0.00109484
0.00242498
0.000748626
0.00131761
0.0023645
0.00149341
0.00219722
0.00308049
0.00457206
0.0030883
0.00223652
0.00224201
0.0218309
0.00534875
0.00263777
0.00192697
0.00173322
0.00247509
0.00162602
0.00685877
0.00177403
0.00177728
0.00162345
0.00176198
0.00475089
0.00297893
0.00258685
0.00105569
0.00193346
0.00161478
0.00223246
0.00237163
0.00204481
0.00615953
0.00285372
0.00111017
0.00135992
0.00161656
0.00262334
0.0021944
0.00217632
0.000864322
0.00626121
0.00235916
0.00150543
0.00119446
0.00536031
0.00732641
0.00169334
0.00164907
0.00164428
0.0229465
0.00199802
0.00106532
0.00381053
0.00297017
0.0012358
0.00235364
0.0018916
0.00221101
0.00152788
0.00200305
0.00175118
0.00150423
0.00149963
0.00180419
0.00164847
0.00171761
0.00178528
0.00457319
0.00301187
0.00210699
0.00176034
0.00258942
0.00348019
0.00244149
0.0023464
0.00302648
0.00110146
0.0018772
0.00441903
0.00181242
0.00290488
0.0041215
0.000881229
0.00260947
0.00161758
0.00257466
0.00267893
0.00299348
0.00139343
0.0010962
0.00116832
0.00282827
0.00141122
0.00145788
0.0017563
0.00129889
0.00297693
0.00154357
0.00392842
0.00149938
0.0041071
0.00288379
0.0015131
0.00183018
0.00431729
0.00154593
0.00190587
0.00293403
0.00211077
0.000825081
0.00175614
0.00281088
0.00276242
0.00308145
0.00215429
0.00204933
0.00161827
0.0065962
0.00133322
0.00182
0.0035186
0.00196292
0.00207165
0.00148393
0.00379898
0.00571702
0.000830789
0.00138782
0.00153243
0.00171857
0.00287595
0.00237781
0.00160082
0.003273
0.00139753
0.0334084
0.00200519
0.00463166
0.00467344
0.00164804
0.00217599
0.00561641
0.00174844
0.00257911
0.00173122
0.00278304
0.00144218
0.00287106
0.00130996
0.00533455
0.00244323
0.00143135
0.00532395
0.0014064
0.00200931
0.000882431
0.0022976
0.00429183
0.0152397
0.00286351
0.00164382
0.00350153
0.00249258
0.00259426
0.00302547
0.0023068
0.00185162
0.00271539
0.00313367
0.0424159
0.00219729
0.0018223
0.00157758
0.002134
0.00198232
0.00230347
0.00131619
0.00189609
0.00211006
0.00171436
0.00219243
0.00393523
0.00271797
0.00207525
0.00228624
0.00269898
0.00232073
0.00186817
0.00786154
0.00437281
0.00480592
0.00433028
0.000955633
0.00221413
0.00157957
0.00269199
0.00589452
0.00279185
0.0092221
0.000783842
0.00206737
0.00222174
0.00184787
0.00400964
0.00139996
0.00172966
0.00201874
0.0193185
0.00377737
0.00138161
0.002819
0.00138499
0.00336747
0.00154806
0.00198971
0.00256288
0.0018364
0.00239021
0.00157387
0.00283606
0.00163583
0.00264841
0.00348966
0.0019527
0.00446676
0.00201763
0.00136364
0.00190447
0.00233612
0.00128763
0.00226716
0.00612833
0.00461198
0.00213322
0.00247579
0.00251932
0.00348282
0.00652543
0.00146731
0.00116694
0.00237992
0.00281532
0.0027691
0.00126902
0.007065
0.00202564
0.00178699
0.00231048
0.00177828
0.00132078
0.00210789
0.00268023
0.00315571
0.000954818
0.00282803
0.00103583
0.00141551
0.00137752
0.00250694
0.00268151
0.0022197
0.00227904
0.00130268
0.00344246
0.00157076
0.0021703
0.00156939
0.00247449
0.00242183
0.0107753
0.00467476
0.00275071
0.00259801
0.00289076
0.00752917
0.000954368
0.00208187
0.00149643
0.0110106
0.00115833
0.00135029
0.00538246
0.00209139
0.0268002
0.0176897
0.00424161
0.00226289
0.00758513
0.00255257
0.00189801
0.00176926
0.00256188
0.00367835
0.00186317
0.00161866
0.00226
0.00183855
0.00236623
0.00252739
0.00159607
0.00645206
0.0019137
0.000969626
0.00296731
0.00187834
0.00176829
0.00175412
0.00347194
0.00260766
0.00298125
0.00217468
0.00237709
0.0033732
0.00115415
0.00168867
0.00381311
0.00316451
0.00179043
0.00218677
0.00161263
0.00187476
0.00196875
0.00257842
0.00195339
0.0211879
0.00142289
0.00233625
0.00101742
0.0024275
0.00187811
0.00572933
0.00156874
0.00224347
0.00145892
0.00958685
0.00230813
0.00175523
0.00791922
0.001931
0.00305269
0.00134657
0.0014932
0.00246542
0.00152187
0.00169806
0.00253982
0.00241082
0.00537187
0.00300588
0.00194065
0.00225927
0.00373152
0.00635032
0.00125977
0.00185204
0.00172383
0.0107724
0.00460571
0.00628226
0.00167499
0.00192032
0.00200307
0.00579785
0.0029671
0.00155076
0.00169711
0.00341925
0.00206902
0.00202833
0.00171
0.00197182
0.00163391
0.00205642
0.00232467
0.00176615
0.00167732
0.00116708
0.00120185
0.00135463
0.00368041
0.00829608
0.00332422
0.00163339
0.00212835
0.00336477
0.00246292
0.00138451
0.00576523
0.00158268
0.00118429
0.00174956
0.00140132
0.00509449
0.0160199
0.00250309
0.00281234
0.00190249
0.00143652
0.0016943
0.00196308
0.00279325
0.00229215
0.00202903
