0.000171859
1.30187e-05
8.53602e-05
7.0617e-05
0.000248856
0.000126042
0.00014133
0.000203462
7.7278e-05
3.68522e-05
2.5615e-05
9.62704e-05
6.33996e-05
0.000210518
0.000266408
0.000112356
0.000187356
0
0.000124536
2.88854e-05
0.000207314
9.79479e-05
0.000274528
0.000131119
0.000222844
6.76252e-05
0.000352431
5.68711e-05
6.29281e-05
0.000781112
0.000402052
0.000222237
0.000215251
0.000168927
0.0083887
0.000494677
0.000286346
0.000123242
0.00011643
9.69947e-05
0.00013947
0.000231642
8.18955e-05
0.000143402
9.88564e-05
0.000171016
0.000251045
0.000163648
1.29219e-05
0.000111714
4.58497e-05
0.000428089
0.000144449
6.45585e-05
0.000115345
0.000203423
9.65316e-05
0.00015455
0.00137298
1.10802e-05
0.000129445
9.94155e-05
0.00010953
0.000189088
0.000172371
0.000143286
0.000125962
5.74397e-05
9.42745e-05
0.000104621
4.81995e-05
0.000165285
0.000198329
0.000257553
6.38173e-05
0.000106749
0.000148831
0.000191561
0.000123262
0.000294712
0.000163641
0.000161011
0.000156809
0.000166122
8.16461e-05
0.000194071
0.000124595
0
0.00020682
0.000682556
0.000135105
0.000103221
0.000151653
0.000396615
0.000124042
0.000186923
0.000305682
0.000355584
9.003e-05
0.000807275
7.7743e-05
0.000276802
0.000243871
0.000173357
0.000191018
2.07533e-05
2.22962e-05
0.000138171
0.000126925
0.000312452
0.000131544
0.000100924
1.13347e-07
0.000514143
9.69892e-05
0.000149687
0.000289574
0.000126595
8.8543e-05
0.000179054
0.000153395
0.00019098
0.000778883
8.32608e-05
0.00012094
0.000115611
5.32474e-05
0.012778
0.000850585
0.000125658
0.000146801
9.92444e-05
8.17543e-05
0.000361918
0.000134067
0.000749332
0.000195869
0.000199523
2.89715e-05
6.68705e-05
0.000263252
8.86754e-05
0.000265723
3.1214e-05
0.00028402
6.0876e-05
0.000438776
0.000112415
0.000234866
7.38829e-05
4.60163e-05
0.000123172
0.000130788
0.000140322
0.000199538
0.000318361
0.000169923
0.000141047
0.000144785
0.000222446
0.00013756
7.2646e-05
3.69972e-05
0.000235303
0.000371812
0.000361672
0.000264854
0.000168422
6.78836e-05
0.000551514
0.000140549
0.000170218
0.000120709
5.57957e-05
0.000200601
0.000268108
4.14809e-05
0.000234868
9.20548e-05
0.000192993
3.67985e-05
4.49152e-05
0.000155628
6.96985e-05
0.000421291
6.25008e-05
0.000608043
2.77489e-05
0.000130334
0.000292626
9.73098e-05
0.000389257
0.000145179
6.26037e-05
0.000342451
0.000180146
0.000103481
7.90358e-05
5.13199e-05
7.92568e-05
0.000198451
0.000399314
0.000137398
0.000334187
0.000183342
0.000125638
0.000129714
0.000309142
0.000110473
9.86433e-05
0.000119817
5.2489e-05
0.000192321
0.000488329
0.000135848
0.000297992
0.000163785
0.000132968
0.00027474
4.86415e-05
0.000412875
0.000139992
4.27269e-05
9.23564e-05
0.000708661
0.000114327
0.000718579
6.55247e-05
0.000200409
0.000501406
5.18594e-05
0.000600078
0.000182821
0.000219598
4.39502e-05
0.000216118
1.12503e-05
0.000297742
0.00016915
4.95069e-05
7.91875e-05
0.00017524
0.000639774
0.000115984
0.000264631
0.000247545
7.50022e-05
0.000518051
0.00126541
4.425e-05
0.000690017
0.00017718
0.000109633
8.47297e-05
9.36519e-05
9.04815e-05
0.000463558
0.000112982
0.000195116
8.31906e-05
3.99589e-05
0.00344063
8.10781e-05
0.000166735
0.000941025
0.000143924
7.22419e-05
9.10156e-05
0.000168301
4.75526e-05
0.000264879
9.99796e-05
0.000130733
1.10419e-05
2.95233e-05
0.000299997
3.01696e-05
0.000124408
0.000132641
0.000174275
0.000232184
0.000165399
0.00130261
0.000257317
0.000199163
2.79564e-05
0.000223749
3.81004e-05
2.59324e-05
6.11137e-06
0.000235701
9.72396e-05
8.04119e-05
0.000134141
9.40919e-05
0.000134028
7.23883e-05
0.000760443
8.42217e-05
0.000756165
2.85102e-05
0.000145315
0.000270106
4.64197e-05
0.000140363
5.71416e-05
0.000128939
5.25022e-05
0.000288574
0.000189272
4.30433e-05
0.00113449
0.000139611
0.000227778
0.00011803
9.69836e-05
4.23721e-05
0.000189658
0.00015749
8.6561e-05
0.000226609
0.000160628
6.91343e-05
0.000150636
0.000601288
0.000483062
0.000101657
0.00046072
0.000107343
5.60853e-05
0.00277839
0.000273264
0.000253777
0.000252625
0.000358082
7.45657e-05
0.000217485
8.06299e-05
6.12311e-05
0.000167671
0.000191232
0.000145039
0.000243541
8.17777e-05
7.73931e-05
0.000405006
0.000123512
0.000111866
6.1209e-05
0.000198766
0.000154269
5.26452e-05
0.000181813
9.30467e-05
1.38348e-05
0.00013506
0.000107298
0.000153695
0.000204304
0.00016178
0.000117741
0.000127815
0.000177791
0.000180085
0.000142639
0.00020274
6.79103e-05
0.00012048
0.00017643
0.000228374
0.000155982
7.53421e-05
0.000215961
0.000849142
0.000141149
0.0001513
0.000176402
6.69381e-05
6.74895e-05
8.65722e-05
4.59862e-05
0.000187323
0.000173231
7.64782e-05
1.28008e-05
4.80222e-05
0.000188895
0.000167467
8.4004e-05
0.000302131
0.00015117
0.000256852
9.32117e-05
8.73249e-05
0.000174385
5.73245e-05
0.000236342
0
0.000180388
0.000157764
0.000430911
0.00018161
0.000430253
3.11497e-05
0.000183455
0.000176008
0.000154329
0.000142558
0.000339171
0.000185833
0.000297733
0.00140538
0.000109272
0.000236687
0.000104925
8.82405e-05
0.00014686
0.000245316
4.21937e-05
0.000364643
5.9946e-05
0.000115259
0.000161159
0.000201481
0.000158754
0.000122957
3.64029e-05
5.37495e-05
0.000688524
0.000297281
0.000120928
0.000303842
0
0.0001228
0.000267268
9.3214e-05
2.47678e-05
7.29754e-05
0.000216475
0.000275475
0.000549799
0.000629842
0.000139862
0.000238002
0.00034402
0.000310862
0.00252651
9.47795e-05
0.000107625
0.000148752
0.00015275
0.000685095
0.000212005
0.00019478
0.000104043
1.98662e-05
0.000183309
0.000674621
0.00012725
0.000190071
2.68491e-05
0.000746654
0.000779273
9.58602e-05
0.000128559
4.15065e-05
0.000186417
0.000185862
0.000158429
0.000154579
0.000416926
0.000161846
0.000271718
6.22507e-05
0.000192001
0.000371929
0.000124637
0.000104479
6.59056e-05
0.000147672
0.000146308
0.000101442
0.000120486
0.000282351
6.58032e-05
0.000271953
8.69746e-05
0.000460147
0.000858532
0.00118469
0
0.000160436
0.000123957
0.000333015
1.39507e-05
0.000103964
0.000352491
4.16924e-05
0.000174516
0.000234543
4.75681e-05
0.000200693
0.00014126
0.000136235
0.000194147
0.000137949
0.000298958
0.000496761
7.86418e-05
0.00014627
0.000139137
0.000143439
0.000136372
0.000193779
0.000170353
3.5459e-05
4.09592e-05
0.000128007
0.000112755
0.000132893
5.42245e-05
0.000206204
0.000308302
0.000321681
1.40428e-05
0.000251865
6.67431e-05
0.000144304
