0.000138229
6.83982e-05
0.000326189
5.40432e-05
0.000146546
0.000156533
0.000219607
0.000289422
0.000269574
0.000337981
0.000244606
0.000218304
6.90614e-05
0.000333436
0.000246091
0.000240094
2.51847e-05
8.05227e-05
0.000359625
0.00117736
0.000230862
0.0001939
0.000111696
0.000154888
0.000221197
2.15469e-05
0
0.000100855
0.000383972
0.000240353
9.80261e-05
0.000266303
0.000101253
0.000289361
0.000188363
0.000258422
9.03639e-05
0.000164481
0.000369007
0.000173605
8.98384e-05
0.000250582
3.66997e-05
2.57698e-05
6.25051e-05
8.14491e-05
0.000132278
0.000314407
0.00029387
3.89748e-05
0.000155799
0.000106834
0.000139901
6.26552e-05
0.000208768
0.000193456
9.54213e-05
0.000161583
5.9253e-05
4.72046e-05
0.000211319
0.000223862
6.33862e-05
0.000107246
0.000213818
0.000546958
0.000196109
9.98865e-05
0.00018573
4.26535e-05
0.000347719
0.000371686
9.47203e-05
0.00232139
0.00135084
0.000287026
0.000118905
0.000144596
0.000101612
6.13567e-05
0.000120434
0.000554955
8.10752e-05
0.000123219
0.000306081
0.00073005
0.000158241
0.000131388
9.69034e-05
0.000257942
0.000280214
0.000251768
0.000118137
0.000128753
0.00018942
4.45264e-05
0.000335228
0.000141943
0.000165476
0.000100526
0.000123906
0.000682007
3.04697e-05
0.000118851
0.000107083
0.000117017
8.42545e-05
0.000189797
0.000160805
0.000192216
0.000148395
0
5.45883e-05
0.000159896
0.000103529
0.00143209
1.27567e-05
0.000319934
0.000116481
0.000121084
7.66035e-05
8.90653e-05
4.76906e-05
0.000378294
0.000310595
6.78289e-05
0.000238799
0.000217631
1.03677e-05
0.000135284
9.4204e-05
5.63942e-05
0.000287003
0.000124449
0.00035097
0.000427726
0.000276236
8.80428e-05
0.000688779
0.000122872
0.000216592
0.000341199
0.000106762
0.000260435
4.57979e-05
7.04693e-05
9.21616e-05
0.000221853
0.000456035
0.00097013
0.00021021
0.000117978
0.000128528
0.000112932
0.000140955
0.000224991
8.67928e-05
2.18098e-05
0.000197282
0.00019213
8.02477e-05
0.000241403
0.00026783
9.43223e-05
0.000172642
0.000197715
0.000337738
0.000328293
0.00277424
0.000163983
0.000277418
0.000133906
0.000379798
0.000307467
0.000197846
9.56252e-05
0.000191678
6.51863e-05
0.000245626
0.000239819
0.000184887
0.0001682
0.000346054
0.00077906
8.98865e-05
0.000692578
0.000171651
0.000191311
0.000263191
0.000166298
0.000196632
0.000318366
0.000208214
0.00025005
4.52102e-05
0.000190447
0.000173044
0.000232823
0
0.000188718
9.31056e-05
0.00014052
0.00031748
0.000101318
0.000238457
8.93661e-05
3.27102e-05
9.33428e-05
0.00018419
0.000142404
0.00386687
0.00015004
0.000509165
3.31145e-05
0.000270931
0.00021349
0.000373302
0.00011436
5.01826e-05
0.000216536
7.31624e-05
0.00014241
0.00013769
0.00171754
0.000173865
0.000516632
0.000219694
0.000287895
0.000344927
0.000120784
0.000263617
9.314e-05
0.000192241
0.000182601
0.00021646
4.81775e-05
0.000107011
6.57638e-05
0.000222602
5.25411e-05
0.000172229
2.83482e-05
0.000171266
3.58542e-05
7.73468e-05
6.24909e-05
4.82095e-05
5.85516e-05
0.00026254
0.000319066
9.13854e-05
0.000129607
8.32997e-05
0.000163667
9.46994e-05
0
8.78169e-05
0.000180442
1.01683e-05
9.93088e-05
0.000342525
0.00022985
0.000249981
0.000751171
7.09668e-05
0.00027727
0.000176944
0.000150607
0.00145852
6.06054e-05
0.000109283
0.000268708
0.00025519
9.93491e-05
0.000102365
0
0.000139005
5.77754e-05
0.000236663
0.000207716
0.000153636
0.00101496
4.98857e-05
0.000273039
0.000201719
0.000126668
0.000193231
7.89751e-05
0.000152651
9.01336e-05
0.000140136
0.000157812
3.46137e-05
0.000270889
0.000173946
0.000164845
7.87891e-05
0.000100816
0.000237319
2.66561e-05
8.09149e-05
0.000110184
6.68312e-05
0.000200885
3.26034e-05
0.000704338
0.000421976
0.0011397
0.000169159
0.000396083
0.000265609
4.64926e-05
6.01952e-05
8.79936e-05
0.000884995
0.000542221
0.000196689
0.000154687
0.000345686
0.000312367
0.000132452
0.00116149
0.000176853
0.000119125
0.000103076
0.00011543
0.000206556
8.9501e-05
0.000137042
0.000137364
0.00155721
6.37717e-05
6.8914e-05
0.000852859
0.000317225
6.02238e-05
0.000259424
0.000299337
0.000616722
0.000196386
0.000204449
0.000767751
0.000708256
8.88987e-05
0.00288262
0.000124884
9.70548e-05
4.20617e-05
0.00017042
6.64175e-05
6.55127e-05
0.000110867
3.70801e-05
0.000111754
0.000232119
1.18058e-05
0.000110548
8.76466e-05
0.000407678
5.91522e-05
0.000113054
8.95725e-05
4.29308e-05
7.63666e-05
7.35437e-05
0.000121752
0.000157554
0.000153506
6.57138e-05
0.000317271
0.000109777
2.83714e-05
7.54936e-05
4.91578e-05
0.00013547
0.000186658
3.18927e-05
0.000172701
8.44733e-05
0.000355788
0
1.63491e-05
0.000184804
0.000154847
0.000420152
0.000216859
0.000175983
0.000231697
0.000217808
9.64065e-05
7.00751e-05
0.000204181
0.000251231
0.000369325
0.000124487
9.05021e-05
0.000113805
0.000106199
0.000193026
0.000328204
0.000181433
9.5088e-05
0.00055715
7.01316e-05
0.000246934
1.32932e-05
0.000324883
2.98927e-05
0.000154593
0.000207918
0.000183589
