0.00277276
0.00143857
0.00245121
0.00053804
0.00103593
0.00142331
0.00146762
0.00174059
0.00157545
0.000813363
0.00575921
0.00065981
0.0011978
0.00162184
0.00239499
0.00142065
0.00071487
0.00123288
0.00174104
0.00105449
0.00181732
0.00971391
0.00223208
0.00106746
0.000908513
0.00182648
0.000877271
0.00157234
0.00152012
0.0010744
0.000797875
0.00116402
0.0026507
0.000130743
0.000812101
0.00188599
0.00164672
0.000531173
0.00191326
0.00109051
0.00178379
0.000603867
0.000873242
0.0176422
0.000758659
0.000551542
0.00150671
0.00296622
0.000745357
0.00126413
0.00193283
0.000323093
0.0009963
0.000832731
0.00168744
0.00149604
0.00228722
0.000993987
0.00211454
0.00103833
0.00160216
0.0014904
0.000868427
0.000864675
0.00164079
0.00161322
0.000992916
0.00121548
0.00445345
0.00222983
0.000643647
0.000701485
0.000952647
0.00129264
0.000667248
0.00052137
0.0029987
0.000536021
0.000722459
0.000855303
0.00826083
0.00595436
0.00113503
0.000898587
0.00183205
0.023906
0.0015664
0.0012563
0.00240329
0.000924898
0.000904976
0.000661452
0.000663687
0.00143095
0.00158329
0.000266022
0.000127343
0.00111845
0.00237886
0.000782382
0.00112974
0.00141774
0.00129486
0.00208697
0.000955537
0.000937415
0.00141097
0.00136797
0.000750518
0.00229086
0.00202638
0.0030179
0.00222926
0.000665878
0.000713396
0.00138156
0.000243582
0.00104177
0.00116709
0.00077501
0.00103967
0.00124354
0.00121669
0.000952739
0.00215026
0.00162538
0.000958096
0.00104596
0.00222916
0.00157328
0.00158686
0.0015957
0.00101923
0.00165119
0.00124095
0.00253366
0.000900156
0.000510867
0.00055931
0.00142345
0.000855023
0.000877038
0.000395394
0.000613424
0.0101628
0.00105181
0.00104849
0.000604958
0.00134108
0.00231878
0.00125092
0.000333301
0.00171336
0.00161023
0.00185558
0.00138317
0.000891872
0.000520574
0.0023957
0.00068956
0.000674875
0.00179334
0.00233401
0.0012805
0.00100166
0.000725424
0.000280755
0.00140972
0.000518221
0.00325191
0.00121712
0.00182646
0.00121434
0.00123808
0.000917124
0.00128787
0.00124575
0.00061603
0.00125517
0.00168778
0.00562941
0.00306568
0.00147849
0.0092639
0.00360272
0.00172775
0.00104189
0.000732899
0.00212694
0.00811265
0.00171496
0.00123846
0.00508854
0.00253892
0.000416507
0.00112131
0.00227707
0.00141002
0.00306026
0.000907017
0.00107408
0.00170216
0.00159929
0.00128588
0.00152436
0.000431977
0.000854705
0.000809336
0.000440303
0.00103592
0.00220192
0.00172595
0.00640576
0.00156463
0.00150249
0.0007562
0.00125477
0.00207147
0.00179923
0.00146034
0.00240759
0.00231293
0.00260616
0.000765957
0.00157488
0.00117062
0.00395752
0.000896413
0.0008156
0.000742074
0.000858446
0.000723231
0.00191393
0.00156187
0.00144688
0.000886161
0.00162062
0.000761891
0.00517119
0.000801827
0.00132153
0.000737432
0.00174495
0.00148218
0.00165305
0.000913526
0.000561886
0.00228016
0.000823065
0.00143411
0.00159212
0.00113135
0.00159968
0.00200243
0.00360494
0.00304397
0.00119579
0.000706904
0.00194956
0.000668515
0.00140451
0.000886256
0.00256328
0.00143477
0.00138179
0.00146402
0.000896
0.00139355
0.0014913
0.000928956
0.000646102
0.00342219
0.000965416
0.00117301
0.0012099
0.00126949
0.000552584
0.000971571
0.00215143
0.000877186
0.00261912
0.00120666
0.000571706
0.00867594
0.00151745
0.00105247
0.00402637
0.00166769
0.000622741
0.00154317
0.00137581
0.000795448
0.00154981
0.0017353
0.00146546
0.000608822
0.000996591
0.00190673
0.00124069
0.00159596
0.00114953
0.00303639
0.0014791
0.000722188
0.00122409
0.00149236
0.000601436
0.000701917
0.00166605
0.00156299
0.000958695
0.0175416
0.00151517
0.00114547
0.0040676
0.00239755
0.00170358
0.00145511
0.0023837
0.00111805
0.000815641
0.00148579
0.000296754
0.00115995
0.000774663
0.000930921
0.00111929
0.000657101
0.000868302
0.00127802
0.00211127
0.000330844
0.0022859
0.000847423
0.000845038
0.00393496
0.00166915
0.00142092
0.000619574
0.00113002
0.0012784
0.000450454
0.000698483
0.000381265
0.00382029
0.000915977
0.00507268
0.00156936
0.00128609
0.000532444
0.000976247
0.00199814
0.000735135
0.000948586
0.000666006
0.000537061
0.000828753
0.00142772
0.000681548
0.00126807
0.000919711
0.0119773
0.000960742
0.0070248
0.000729297
0.000423362
0.00198438
0.00050943
0.00396795
0.00155717
0.000965362
0.00168075
0.00339116
0.000740891
0.00210018
0.0030753
0.00245238
0.000890286
0.00136916
0.002078
0.00129319
0.000835354
0.00154971
0.00515065
0.00235818
0.00170878
0.000843701
0.000765121
0.000851942
0.00104034
0.00143272
0.000603741
0.00157241
0.000758023
0.00200667
0.000998076
0.00043943
0.0163322
0.00184353
0.00952535
0.00130444
0.000676999
0.00060385
0.00117486
0.00105936
0.00269046
0.00051785
0.000646113
0.000866174
0.00040824
0.00123281
0.00143528
0.001015
0.00206882
0.000820654
0.00104686
0.00271549
0.00038741
0.00104801
0.00375795
0.00117596
0.00112293
0.000964492
0.00161514
0.00136133
0.00134744
0.000618778
0.000812684
0.00154271
0.0102405
0.00221734
0.00352485
0.00106743
0.00121165
0.000921048
0.005982
0.00116684
0.00150782
0.00140906
0.00169096
0.00178625
0.00166336
0.000794177
0.000483676
0.00201284
0.000469927
0.000531671
0.000884936
0.000957915
0.00142832
0.000671932
0.000821846
0.00320414
0.00074644
0.0017831
0.00186012
0.00190106
0.000741611
0.00100047
0.00128787
0.00141218
0.000415942
0.00124839
0.00179923
0.00185147
0.00225474
0.00226535
0.000634452
0.000893707
0.00168123
0.00137404
0.000761898
0.00140085
0.00147653
0.000919386
0.000757584
0.00100047
0.00125668
0.000847803
0.00172856
0.00133779
0.00115454
0.000929449
0.000932878
0.00148589
0.000944295
0.00103311
0.00125025
0.00290788
0.000829133
0.00138651
0.000876801
0.00573044
0.000722661
0.00145824
0.00193185
0.000767658
0.00147437
0.00118461
0.000867144
0.00161379
0.000880062
0.00335471
0.00119276
0.00110436
0.00086614
0.000372982
0.000984659
0.00219582
0.000730375
0.00096375
0.000865777
0.000924703
0.000641319
0.000849812
0.00174834
0.00191331
0.000824651
0.000533236
0.000946124
0.000884336
0.00142266
0.00118778
0.000877937
0.000978393
0.0282001
0.000466887
0.00416234
0.0010916
0.000611469
0.000607191
0.000619687
0.00100149
0.00120386
0.00112396
0.00204139
0.000722752
0.00104106
0.000976093
0.00141146
0.000670293
0.00064975
0.00095253
0.00770403
0.00141806
0.00044005
0.00406255
0.000964035
0.00157524
0.00641276
0.00153291
0.00183973
0.00158372
0.00196558
0.000953717
0.00122405
0.000679645
0.00277144
0.00130301
0.00144336
0.000703877
0.00188761
0.000450877
0.000538244
0.00420986
0.00274305
0.000393727
0.00110659
0.000627445
0.00109041
0.00124228
0.00103114
0.000934879
0.00104502
0.0021754
0.00114776
0.0009691
0.00180322
0.000908453
0.00104809
0.000968164
0.000878455
0.000833789
0.00108751
0.000848143
0.00186891
0.00226259
0.000761202
0.00127871
0.00369188
0.000838669
0.00167675
0.000652088
0.00137202
0.00121914
0.000410145
0.00104086
0.00178049
0.00138046
0.000681995
0.00112037
0.00065001
0.00125058
0.000833603
0.0013888
0.000388092
0.000500497
0.00181451
0.0389519
0.0008782
0.00230121
0.00178586
0.00104023
0.000577725
0.00282417
0.00128731
0.00169404
0.000485855
0.00129966
0.00101653
0.000827209
0.000924189
0.00107256
0.00102821
0.00116975
0.00107262
0.00071503
0.00103035
0.00259677
0.000813037
0.00224467
0.0208039
0.00203137
0.000345304
0.000879053
0.00438147
0.000938441
0.00316167
0.00162733
0.00221607
0.00125604
0.00167601
0.000616519
0.0014379
0.00366702
0.00114173
0.00142766
0.00167751
0.0116291
0.00269557
0.00148293
0.00478962
0.000964108
0.00165084
0.00147513
0.00090267
0.00121595
0.00118031
0.00149267
0.00123739
0.0014026
0.00100713
0.00152905
0.00073064
0.00134917
0.00106841
0.000680911
0.000578572
0.00086414
0.00122348
0.000784721
0.000945558
0.0015568
0.000833605
0.0012338
0.00235484
0.000665126
0.00127389
0.000888778
0.000667379
0.00209054
0.00144472
0.00152297
0.00192702
0.0015902
0.00150855
0.0109997
0.00127244
0.00110157
0.00566556
0.00101401
0.00483991
0.00142918
0.00169448
0.00404193
0.00181774
0.00119597
0.000968422
0.00133732
0.000877475
0.000691667
0.00171556
0.00176414
0.00174679
0.00164093
0.00114586
0.00145604
0.00219748
0.00218571
0.00118584
0.00111525
0.000613088
0.000954572
0.000748509
0.00237593
0.000797554
0.000787743
0.00115297
0.000818275
0.00460234
0.00168416
0.00371973
0.000983084
0.00120635
0.000644832
0.000856053
0.000882305
0.000384946
0.00100471
0.0027069
0.00155527
0.00111806
0.00206277
0.000701176
0.00166572
0.00106575
0.00100315
0.000941599
0.000932325
0.00251991
0.000909345
0.00210814
0.00102048
0.00261538
0.00166
0.00176673
0.000869041
0.00198901
0.00122416
0.00164673
0.000951391
0.0070609
0.00242708
0.000804035
0.00207792
0.00117387
0.00339162
0.0762159
0.00110796
0.00145286
0.00419325
0.00164235
0.00457231
0.00318867
0.0010572
0.000653781
0.00177643
0.000975497
0.0035477
0.00080987
0.00151464
0.0025579
0.00753064
0.00206743
0.00125279
0.000960602
0.00205322
0.00337444
0.00145212
0.0022467
0.000966916
0.00156061
0.00124591
0.000723273
0.00137342
0.000985981
0.000690198
0.00152149
0.00131815
0.00151768
0.00164026
0.000970701
0.00119629
0.00082238
0.00127638
0.0021803
0.00110509
0.000869818
0.00175355
0.00120512
0.000829053
0.000838128
0.000390971
0.00101214
0.000950875
0.000867504
0.000376425
0.00111304
0.000902756
0.00072713
0.00117634
0.000564893
0.00181131
0.000879305
