0.00187114
0.000934823
0.00188727
0.00327891
0.00278391
0.0100303
0.0132365
0.00156192
0.00169636
0.00248884
0.00339508
0.00143616
0.0029589
0.00129152
0.00141996
0.00172949
0.00271286
0.0168656
0.00122571
0.00138235
0.00277051
0.00260021
0.00133392
0.00162797
0.00243632
0.00535372
0.00256771
0.0017772
0.00262217
0.00220195
0.000819045
0.0026163
0.00457027
0.00233218
0.0024443
0.00310513
0.00261254
0.00215704
0.00113555
0.00305139
0.00399126
0.00167172
0.00210254
0.0038109
0.00287378
0.00163125
0.00127652
0.00397023
0.00125058
0.00250763
0.00190518
0.00242119
0.00230072
0.00230057
0.00129213
0.00235451
0.0028388
0.00226366
0.00200738
0.00284499
0.00141643
0.0029238
0.00231027
0.00494184
0.00242848
0.00163801
0.00301351
0.00225183
0.0012047
0.00230692
0.0014662
0.00264321
0.00813029
0.00348228
0.00279068
0.00169566
0.000871428
0.00165463
0.00176615
0.00193036
0.00207128
0.00212817
0.00185831
0.0245664
0.0023968
0.00135207
0.00117476
0.00157807
0.00276339
0.00174935
0.006855
0.00517719
0.00175482
0.00167596
0.00145742
0.00289452
0.0021032
0.00224539
0.00593134
0.00211088
0.00205848
0.000533511
0.00255034
0.00398806
0.00245597
0.00127483
0.00328486
0.00527628
0.00373133
0.000742121
0.002053
0.00257135
0.00150707
0.0055084
0.00190032
0.00166021
0.00390651
0.00616359
0.0020236
0.00161535
0.00237774
0.00294377
0.00211763
0.00106632
0.00224213
0.00300815
0.0100872
0.00439505
0.00137368
0.00624619
0.00154738
0.00770976
0.00450781
0.00175055
0.00197769
0.00226308
0.00132641
0.00155713
0.00151003
0.013601
0.00122514
0.00290399
0.00310631
0.00301295
0.00456599
0.00263312
0.00519448
0.00166511
0.00140541
0.00137764
0.000592561
0.005057
0.0020255
0.00359887
0.00181159
0.0076601
0.00282729
0.00529723
0.003742
0.00285884
0.0158777
0.00190675
0.00338325
0.00125551
0.00225629
0.0014647
0.00262706
0.0042628
0.00120239
0.00174832
0.0043005
0.00642668
0.00164309
0.00244772
0.000984994
0.00227451
0.00187359
0.00291953
0.00585846
0.00201099
0.00219911
0.00354244
0.00152719
0.000747309
0.00314224
0.00146065
0.00313507
0.00143935
0.00160022
0.00300285
0.00207674
0.00113859
0.00168512
0.00145629
0.00536576
0.00307607
0.00749
0.00265039
0.00240401
0.00237121
0.00249364
0.00322314
0.00673916
0.00149081
0.00192389
0.000949669
0.000929246
0.00232113
0.00672768
0.00337916
0.00551705
0.0015151
0.00135374
0.00200265
0.00180964
0.00321315
0.0019547
0.00326945
0.00644192
0.0314189
0.00180679
0.00375348
0.00453752
0.00281856
0.00198142
0.00172026
0.00100137
0.00112904
0.00217291
0.00103634
0.00866977
0.00148769
0.0022507
0.00433077
0.00224446
0.00333956
0.00764151
0.00224929
0.00178394
0.00210703
1.3509
0.00185141
0.00228922
0.00119444
0.00407749
0.00184758
0.00243468
0.00149879
0.00219493
0.00162999
0.00158017
0.0012987
0.00295353
0.0153927
0.00839953
0.00285553
0.00376734
0.00222872
0.00188304
0.00184634
0.00133555
0.00239655
0.00179791
0.00438178
0.00307246
0.00186855
0.00309783
0.00216418
0.00452748
0.00319514
0.00196989
0.00356027
0.00169066
0.00209203
0.00116266
0.00156624
0.00103867
0.00222954
0.0022477
0.00220564
0.000731015
0.0109589
0.00299882
0.00297163
0.00157334
0.0026312
0.00183917
0.000997245
0.00131124
0.00102907
0.00151416
0.0444464
0.00261051
0.00253717
0.00154893
0.00180308
0.00139594
0.00116202
0.00275533
0.00422925
0.00248565
0.00373194
0.00415828
0.00134376
0.00258597
0.00231062
0.00152391
0.00249592
0.0139583
0.00160185
0.00155783
0.000842579
0.00166648
0.00272103
0.00111214
0.00156034
0.00213808
0.00553887
0.00171532
0.004644
0.00152745
0.00221683
0.00432507
0.000814964
0.00248935
0.00232807
0.0014299
0.00377414
0.00250601
0.0025161
0.00218192
0.00170452
0.00164168
0.0146927
0.0205695
0.00537438
0.00915216
0.00414351
0.0020386
0.000895751
0.00276327
0.00103715
0.00417285
0.00150238
0.00220808
0.00112233
0.00107214
0.00132171
0.00254684
0.0022725
0.00180388
0.0686353
0.00470368
0.00804288
0.00116913
0.00186922
0.0197761
0.00350883
0.00209347
0.00830213
0.0205212
0.00171534
0.00316889
0.00354011
0.00182848
0.00110685
0.00128728
0.00275371
0.000778727
0.00184026
0.00347515
0.00304108
0.00268804
0.00069444
0.000882324
0.00112063
0.00179755
0.00249566
0.00160198
0.000844068
0.00238103
0.00187097
0.00141845
0.00134134
0.00310147
0.00210564
0.00122987
0.0125225
0.00133233
0.00205824
0.00294614
0.00263251
0.00491887
0.00849406
0.00182391
0.00212831
0.00302567
0.00114252
0.0052014
0.00252162
0.00210825
0.00603353
0.00155541
0.00166347
0.00164601
0.00164467
0.00147087
0.00228013
0.00111722
0.00132913
0.00189811
0.00255601
0.00174797
0.00198893
0.0056207
0.00146792
0.000973497
0.00368999
0.025227
0.00172131
0.00242272
0.00172791
0.00385821
0.00102961
0.00280673
0.0012784
0.00245229
0.00123172
0.00406238
0.00333881
0.0156388
0.00167682
0.00100363
0.00180666
0.00347379
0.00703847
0.0332912
0.0024081
0.000963312
0.00226136
0.00272825
0.00243185
0.00446172
0.00480123
0.001718
0.0019351
0.0346173
0.00312835
0.00153963
0.00239752
0.00250116
0.000582627
0.00175974
0.00340438
0.00165013
0.00208855
0.00132099
0.00285845
0.00489289
0.00610632
0.00398371
0.00206635
0.00160836
0.00321349
0.00114422
0.00471384
0.00404974
0.00356208
0.00209071
0.00177801
0.00253886
0.000293604
0.00192599
0.00209119
0.00143861
0.00151852
0.00475795
0.00269873
0.0028912
0.0013564
0.00189365
0.0142996
0.000942239
0.00185079
0.00194606
0.00200521
0.00165935
0.00152438
0.00262431
0.00129464
0.00248427
0.00338549
0.00184048
0.00139661
0.0033614
0.0163059
0.00624013
0.00202419
0.00254158
0.00230948
0.00178009
0.00324321
0.00180504
0.00172402
0.00225036
0.00199438
0.00079411
0.00132939
0.00175445
0.00161835
0.00335661
0.000942632
0.00461521
0.00262742
0.00275597
0.000764683
0.00377457
0.00131955
0.00164302
0.00142248
0.00361336
0.00262326
0.00216265
0.00228527
0.00175234
0.00333264
0.00200689
0.00219235
0.000721979
0.00352946
0.00139152
0.00285874
0.00134677
0.00218541
0.000892445
0.00255737
0.00172631
0.00235343
0.00162769
0.00201861
0.00170854
0.00398238
0.0047119
0.00193511
0.00270348
0.00237055
0.00903169
0.00974582
0.00194043
0.000823853
0.00240433
0.00269385
0.00317412
0.00253564
0.00210735
0.0018338
0.00594773
0.00149853
0.00179925
0.00287049
0.0024304
0.000949537
0.00450938
0.00193829
0.00247989
0.00146749
0.00228442
0.00136453
0.00105311
0.00160251
0.00491436
0.00161563
0.00153873
0.00621781
0.00186418
0.00265683
0.00169791
0.0102039
0.00234047
0.00125767
0.00218947
0.00102562
0.00251263
0.00331565
0.00319793
0.00186378
0.0024826
0.00207379
0.00138567
0.00263181
0.00227283
0.0010487
0.00149899
0.00238997
0.0004783
0.00180367
0.00347277
0.00286985
0.0022549
0.00174075
0.00169384
0.00342818
0.00271448
0.00140061
0.00276211
0.00295396
0.00305967
0.00239831
0.00151502
0.00160082
0.00125696
0.00166646
0.00130866
0.00219001
0.00237968
0.0020138
0.00179221
0.00301869
0.00244758
0.00114804
0.00226752
0.00167743
0.00216225
0.00202067
0.00560118
0.00340334
0.00246313
0.00134991
0.00115031
0.00196452
0.00275343
0.00208902
0.00257621
0.00156403
0.00330611
0.000917596
0.00255348
0.00122482
0.00315471
0.00365554
0.00180705
0.00113484
0.00380486
0.00336259
0.00192179
0.00196157
0.000949403
0.00291343
0.00152783
0.00179828
0.00243837
0.00278429
0.00138526
0.00200889
0.00181398
0.00314649
0.00445155
0.0233788
0.00176786
0.00120358
0.00168612
0.0112616
0.00291189
0.00197105
0.00520722
0.0040657
0.00193225
0.0044333
0.000951742
0.00109162
0.00165457
0.00201338
0.00444068
0.00143959
0.0023595
0.000510857
0.00500965
0.00180779
0.00407451
0.00359144
0.00262877
0.00319328
0.00344691
0.00179324
0.00154491
0.00140606
0.00176007
0.00283466
0.00150904
0.00157049
0.00114078
0.00144556
0.00583425
0.00240965
0.00191842
0.00188321
0.000853433
0.0012149
0.00592287
0.00299097
0.00124757
0.00115433
0.00225414
0.00140066
0.00137437
0.00554521
0.00191623
0.00515358
0.00153883
0.00085929
0.00443857
0.00189401
0.0070764
0.00563218
0.0018674
0.00573731
0.00695887
0.00444022
0.0022487
0.00166075
0.00227576
0.00165776
0.000746099
0.00787684
0.00419233
0.00181661
0.00586729
0.000482297
0.00270828
0.0130071
0.00275064
0.00130582
0.0013581
0.0011931
0.00123472
0.000895008
0.00250903
0.00141051
0.00159234
0.00130009
0.00200974
0.00238237
0.00221762
0.00165418
0.00184609
0.00259323
0.00170026
0.00500658
0.00179309
0.00127305
0.00223679
0.00199354
0.00159117
0.002182
0.00385323
0.00223509
0.00127782
0.00152909
0.00131017
0.00104094
0.00779789
0.00147687
0.00100282
0.000936367
0.000682397
0.00458282
0.00167586
0.0228295
0.0013137
0.00160672
0.00288485
0.00321634
0.00324484
0.00286057
0.00364592
0.00316192
0.00150033
0.00151694
0.00264993
0.00231093
0.00367989
0.00163265
0.00360338
0.00199656
0.00112954
0.0021945
0.00363017
0.00299366
0.00398138
0.00200004
0.00179604
0.00178822
0.00191992
0.00140755
0.00937468
0.00259611
0.00259844
0.00173548
0.00289028
0.00204732
0.00174501
0.00324407
0.00144539
0.00203705
0.00174305
0.00326046
0.00207155
0.00128692
0.00316404
0.00214963
0.00169794
0.00225063
0.00163906
0.000467224
0.00119319
0.0098076
0.0023249
0.00230815
0.0018077
0.0014529
0.00148665
0.00148076
0.00283872
0.00179435
0.00180262
0.00102564
0.00173089
0.00255872
0.00179295
0.00189067
0.00261815
0.00166699
0.00248548
0.00144671
0.00226065
0.00436012
0.00260082
0.00214765
0.00273468
0.00161066
0.00164507
0.00248828
0.00136327
0.00183979
0.00432084
0.00258947
0.00411932
0.00158365
0.00308228
0.00131073
0.0122498
0.00192578
0.00723085
0.00134946
0.00247981
0.00203126
0.00322684
0.0023354
0.00183083
0.00176325
0.0019175
0.00117355
0.0021273
0.00224108
0.00230109
0.00138746
0.00210274
0.00153072
0.00396918
0.00189395
0.00573144
0.00167247
0.00170297
0.000894867
0.0014851
0.00150743
0.00241925
0.00171899
0.00174376
0.00226859
0.00684455
0.00196975
0.00325672
0.00174807
0.00348885
0.00134415
0.000988107
0.00488362
0.00189225
0.00177464
0.00223107
0.00169757
0.00241176
0.00119916
0.000892202
0.0017832
0.00133789
0.00125779
0.000961117
0.00235485
0.000796908
0.00269946
0.00322669
0.00724484
0.0026312
0.00575539
0.00230826
0.00359242
0.00177276
0.0025374
0.00193876
0.00339473
0.00203266
0.000931094
0.00308037
0.00146986
0.00174126
0.000991889
0.00119542
0.00520929
0.0108532
0.00134906
0.000990429
0.00219123
0.00133653
0.00175145
0.00210057
0.00214826
0.00311989
0.000679607
0.00814508
0.0517504
0.00166464
0.0134761
0.00131319
0.00234988
0.00232825
0.00142145
0.00126862
0.00517633
0.00242981
0.00261955
0.00431664
0.00283883
0.00274873
0.00212497
0.00267831
0.00358172
0.00131001
0.0122779
0.00326206
0.00161729
0.00689735
0.00188239
0.00336993
0.00284571
0.00190768
0.00158351
0.00120544
0.000636696
0.00308598
0.00249084
0.00256923
0.00416022
0.000788374
0.00219833
0.00150907
0.00293777
0.001959
0.00288104
0.00171614
0.00361338
0.000640851
0.00158647
0.0021932
0.00551608
0.0020326
0.00569671
0.00438797
0.00173357
0.00892857
0.0013711
0.00264688
0.00183186
0.00126754
0.00288983
0.00256149
0.00189687
0.00136126
0.00259331
0.00143126
0.00172179
0.00108526
0.00314016
0.00392658
0.0050531
0.00121379
0.00426183
0.00175018
0.0124197
0.00195326
0.00152587
0.00102215
0.00192369
0.00164843
0.00202751
0.00124618
0.00291758
0.00176845
0.00235971
0.00520671
0.00228587
0.0104403
0.00164539
0.0011571
0.00168178
0.0016476
0.00319625
0.00181297
0.00461741
0.00495615
0.00227491
0.00245388
0.00164043
0.00131382
0.00282733
0.00393012
0.00270528
0.0017637
0.00219567
0.00197147
0.00268727
0.308898
0.00182909
0.0031619
0.00145907
0.00113561
0.00925333
0.000978534
0.00267872
0.00154087
0.00278716
0.00292786
0.00122778
0.00171957
0.00320229
0.00228109
0.00186115
0.00395398
0.00147273
0.0014939
0.00290205
0.00237719
0.000749006
0.0015793
0.00434725
0.0026943
0.00206471
0.00298108
0.00936786
0.00141201
0.00295675
0.00119221
0.00135944
0.00202586
0.00552754
0.00364912
0.00141578
0.00155704
0.00188882
0.00267107
0.00144581
0.00315281
0.00205619
0.00279227
0.00387686
0.00143652
0.00156386
0.00570124
0.00168008
0.0023996
0.00308737
0.00247078
0.00409324
0.00291029
0.0021197
0.00119763
0.00247904
0.00215478
0.000765975
0.00147621
0.000764479
0.00106191
0.00940197
0.00197453
0.00379389
0.00249828
0.00274732
0.00245941
0.00306682
0.00821525
0.00373387
0.00302558
0.00514922
0.00160682
0.00248298
0.00187342
0.00229653
0.00358479
0.00249801
0.00136847
0.00167719
0.00153078
0.00399194
0.00146416
0.00142703
0.00255189
0.00170074
0.00211499
0.00372689
0.00255135
0.00207184
0.00175058
0.00176873
0.00159889
0.00322016
0.00243789
0.00175621
0.0031803
0.0050765
0.00134274
0.00326946
0.00163918
0.00173957
0.00212236
0.00215732
0.00493301
0.00181955
0.000969976
0.00338318
0.00252526
0.00585212
0.00214538
0.00211259
0.00407491
0.00233992
0.00123554
0.0022171
0.0146494
0.0029769
0.00133534
0.00112506
0.00206389
0.00185445
0.00265579
0.00476361
0.000937801
0.00194548
0.00249412
0.00565839
0.00760768
0.00267577
0.00122153
0.00206033
0.00296586
0.00292113
0.00142839
0.00239855
0.00150815
0.00212034
0.00174914
0.00180917
0.00910459
0.00170071
0.00139824
0.00232185
0.00664844
0.00212769
0.00249019
0.00187023
0.00213274
0.0165763
0.0032119
0.00189658
0.00361575
0.00134975
0.0028675
0.00190484
0.00253411
0.00110089
0.0016131
0.000581641
0.00259363
0.00374049
0.00167513
0.00139106
0.000883719
0.00589082
0.00178948
0.00170665
0.00113514
0.00261228
0.00921772
0.00173317
0.00113731
0
0.00328497
0.001614
0.0024638
0.00237512
0.00658716
0.00135653
0.00131341
0.00383436
0.00229993
0.00195489
0.00160181
0.00183172
0.00153786
0.00204157
0.00560112
0.00161047
0.00249253
0.00179686
0.00337653
0.00301985
0.0018727
0.00171619
0.00613686
0.00151269
0.00464224
0.00126157
0.00132785
0.00614281
0.00169091
0.00116934
0.00280231
0.00198727
0.00277658
0.00122095
0.0019458
0.00267176
0.00233911
0.005105
0.039658
0.000731736
0.00229677
0.001362
0.00159548
0.00137444
0.0047956
0.00262117
0.0203604
0.00345225
0.0260795
0.0023527
0.00183129
0.00203159
0.00173447
0.00174248
0.0023653
0.000958878
0.00599517
0.00292224
0.00221584
0.00452491
0.000769795
0.0013803
0.00204188
0.000959922
0.0028859
0.002806
0.00232065
0.00406345
0.00145153
0.00333184
0.001422
0.0024727
0.00509418
0.00139147
0.00159776
0.00136715
0.00269813
0.00199208
0.00253341
0.00335227
0.00150877
0.00214236
0.00224142
0.00217206
0.000898578
0.00180967
0.0036978
0.00137493
0.00626746
0.00133279
0.00215705
0.00128329
0.00216939
0.001453
0.00150266
0.00228945
0.00255823
0.00143592
0.00287387
0.00157717
0.00205071
0.00226928
0.00337153
0.00222611
0.00152148
0.00316214
0.00168892
0.00299189
0.00138312
0.00117014
0.00261083
0.00106154
0.00174131
0.00294083
0.00169533
0.00167075
0.00140262
0.0043994
0.00532201
0.00121171
0.00322541
0.00164457
0.00134356
0.00779969
0.00179168
0.00123842
0.00139857
0.00133101
0.00271801
0.00131723
0.00209072
0.00164016
0.00321938
0.00244542
0.000968952
0.00261639
0.00149612
0.0021689
0.00251524
0.00226814
0.00170351
0.0705236
0.00153149
0.000837798
0.00248069
0.00160354
0.00235729
0.00733987
0.00415203
0.00105782
0.00223718
0.00213956
0.00147334
0.011192
0.00255403
0.00131529
0.00636848
0.000973181
0.00183071
0.0017777
0.0021894
0.00161789
0.00274898
0.000936217
0.00324697
0.00190651
0.00394869
0.00179388
0.00445967
0.00246839
0.0144256
0.0296173
0.000643866
0.00225847
0.00280043
0.00212977
0.00148756
0.00135074
0.00165043
0.00188083
0.00161256
0.0023748
0.00223707
0.00220371
0.002333
0.00777644
0.00202846
0.001438
0.00438533
0.0019571
0.00191095
0.00404524
0.00380576
0.0027671
0.0014138
0.0061964
0.00199654
0.0021637
0.00155441
0.00256177
0.00249996
0.00380442
0.00522684
0.00264729
0.001836
0.001203
0.00256984
0.00100986
0.00159183
0.00156746
0.00196772
0.00173843
0.0016777
0.0017019
0.00535068
0.000781546
0.00268694
0.00521693
0.00112257
0.00266285
0.00163514
0.00161883
0.00131236
0.000950037
0.00381856
0.00218518
0.00359139
0.00347706
0.00279979
0.00534568
0.00250312
0.00201371
0.00569798
0.00231566
0.0374872
0.000936621
0.00122189
0.00308381
0.00130375
0.00166627
0.00117029
0.00341544
0.00168688
0.00163565
0.00177388
0.00266572
0.00133185
0.00116783
0.00260119
0.00224559
0.0314057
0.00241028
0.00128238
0.00234174
0.00274279
0.00215797
0.00222576
0.00156512
0.00393423
0.00976964
0.00179182
0.00213973
0.00110696
0.00201169
0.00301953
0.002694
0.0014171
0.00166494
0.00154818
0.00240626
0.00142012
0.00148875
0.00356483
0.0032887
0.00148195
0.0017864
0.00193724
0.000570105
0.00124075
0.00556036
0.0021517
0.00169136
0.00172559
0.00295984
0.00213266
0.00187349
0.00122702
0.00202614
0.00192218
0.0013702
0.001687
0.00993452
0.00405831
0.00137068
0.00688167
0.00241332
0.00313021
0.0030177
0.00218055
0.00125234
0.00328854
0.00151064
0.00330712
0.00165622
0.00301916
0.001424
0.00307534
0.00162865
0.00205943
0.00261878
0.00129568
0.00245151
0.00298728
0.00172004
0.00229312
0.00264785
0.00234703
0.00366812
0.00244321
0.00184527
0.00191699
0.00163881
0.000866999
0.00402953
0.00229941
0.00196545
0.00134305
0.00189722
0.00212637
0.00700146
0.00223301
0.00225985
0.0197392
0.000806439
0.00458323
0.00576591
0.00162915
0.00188253
0.00438904
0.00258336
0.00442987
0.00259462
0.00271673
0.0012322
0.00181699
0.00164696
0.0230226
0.0017198
0.0011117
0.0017588
0.00332303
0.00140969
0.00198187
0.00906673
0.00414724
0.00240142
0.00471127
0.00180757
0.00228596
0.00173216
0.00224215
0.00171049
0.00160099
0.00646835
0.00360007
0.00235426
0.00186669
0.00209294
0.00312975
0.00175175
0.00143978
0.00107063
0.00190712
0.00131643
0.00192102
0.00196786
0.00274137
0.00160835
0.0015808
0.00154423
0.00230684
0.00601312
0.00144388
0.00754961
0.000952858
0.0017913
0.0037263
0.00175509
0.00254248
0.00196865
0.00166356
0.00496883
0.00219839
0.00253174
0.00580941
0.00111538
0.00236256
0.00188698
0.00219255
0.00211848
0.00170895
0.00150062
0.00223022
0.00125415
0.00133237
0.000813113
0.0009257
0.00161604
0.00242017
0.00345034
0.00184335
0.00909774
0.00190429
0.00191862
0.00160583
0.00230866
0.00132483
0.00186797
0.00272859
0.00260631
0.00504531
0.00101844
0.00175496
0.00217884
0.00288338
0.00235019
0.00140628
0.00161133
0.00217526
0.00203035
0.00582997
0.00205423
0.00214682
0.00201658
0.00112612
0.00268719
0.00210038
0.00246104
0.00154377
0.00549459
0.00218808
0.00199937
0.00174541
0.00133425
0.00443042
0.00231697
0.00469779
0.00232235
0.00114586
0.00153148
0.00558502
0.00143188
0.00168958
0.00276048
0.00246911
0.00262618
0.00079275
0.0019382
0.00220969
0.00579007
0.00180347
0.00235444
0.00258715
0.0022259
0.00173618
0.00324974
0.000801084
0.00230937
0.00139558
0.00128162
0.00202354
0.00173576
0.00426986
0.00216367
0.00300102
0.00236259
0.00104032
0.00205527
0.00311633
0.00135528
0.00193001
0.00633251
0.00205337
0.00131458
0.00147653
0.00266903
0.00164606
0.00176124
0.00171348
0.00257172
0.000873555
0.00264511
0.00220704
0.00264233
0.0139983
0.000809755
0.0018524
0.00131124
0.00198039
0.00209527
0.0026112
0.00190633
0.00148157
0.0017464
0.00193936
0.00114527
0.00175758
0.00287839
0.00222646
0.00232831
0.00324754
0.00126552
0.00125214
0.00138805
0.00312028
0.00176194
0.000721917
0.00699109
0.00109972
0.0024502
0.00181179
0.00402689
0.00183482
0.00324727
0.0008834
0.00128628
0.00211006
0.0018125
0.0026042
0.00254885
0.0026351
0.0106502
0.00168264
0.00381618
0.00237039
0.00209611
0.00438571
0.0035088
0.000793022
0.00204552
0.00214693
0.00187423
0.00791061
0.00193374
0.00253936
0.00387705
0.00222927
0.00175114
0.00149118
0.00548205
0.0022005
0.00287319
0.00133779
0.00260812
0.00164442
0.00190939
0.00142929
0.00256978
0.00515639
0.00419283
0.00197096
0.00300042
0.00169187
0.00226388
0.00184738
0.00307434
0.0100428
0.00122497
0.000821198
0.00545043
0.00187875
0.00142284
0.0013265
0.00296594
0.00212983
0.00244625
0.00198397
0.00232446
0.00254237
0.00162523
0.00249605
0.00200499
0.00787821
0.0017669
0.00262789
0.00155291
0.00150725
0.00308718
0.0019859
0.00145381
0.00123944
0.00283941
0.00127447
0.00232241
0.00155757
0.0033886
0.00195786
0.00072818
0.00325021
0.00169352
0.00266254
0.00567012
0.001103
0.00216493
0.00184262
0.00246563
0.00179578
0.000989736
0.00148112
0.00196654
0.00227169
0.0016833
0.00769138
0.00740061
0.00191706
0.00163161
0.00457804
0.00346331
0.00255081
0.00251633
0.00495081
0.00300943
0.00814279
0.00266149
0.00163815
0.00126658
0.000725584
0.00125077
0.000706261
0.00191334
0.00255669
0.00170868
0.00574806
0.00218377
0.00277707
0.00125
0.00195296
0.00225122
0.000929588
0.00572872
0.00201052
0.00138501
0.00250926
0.00420941
0.00444299
0.00408164
0.00189892
0.00209392
0.000605696
0.00151157
0.0016061
0.00193987
0.00212075
0.000982488
0.00244305
0.00238008
0.00399708
0.000905714
0.00203239
0.0013041
0.00263091
0.00173975
0.00498699
0.00179634
0.00100161
0.00116413
0.00143604
0.00308853
0.00370526
0.00204839
0.00156538
0.00259797
0.00307978
0.00163059
0.000845418
0.00325857
0.00531399
0.00288601
0.00146049
0.00183187
0.00129221
0.00222352
0.00254381
0.00215052
0.0017891
0.00194505
0.0201553
0.0011132
0.00113698
0.00552147
0.00523622
0.00460593
0.00363682
0.00178787
0.00379393
0.00357385
0.00245684
0.00224207
0.00148769
0.0035432
0.00203782
0.00333852
0.0044531
0.000983536
0.00297252
0.00122543
0.0030517
0.00105052
0.00122239
0.000665746
0.0018125
0.00126561
0.0145638
0.00248772
0.00087235
0.001373
0.0036309
0.00329805
0.0349432
0.00179005
0.00491234
0.00491263
0.00177585
0.00182735
0.00363707
0.001121
0.00305604
0.00542739
0.00399963
0.00592505
0.00294447
0.0025747
0.00214723
0.00227982
0.0028847
0.00150908
0.0136699
0.00271011
0.00268466
0.00127391
0.00238854
0.00193144
0.00432408
0.00737031
0.0017073
0.00586453
0.00205243
0.00207701
0.00147867
0.00245323
0.00225661
0.00124446
0.00343495
0.00444405
0.00220129
0.00127743
0.00196157
0.00255114
0.0048714
0.0025515
0.00176642
0.00371354
0.00276423
0.0024413
0.00235898
0.00197717
0.00180448
0.00365707
0.00519508
0.0159987
0.0032818
0.0055873
0.00244366
0.00188625
0.00155084
0.00167164
0.00148173
0.00115615
0.000916831
0.00066936
0.00230401
0.00397569
0.00143143
0.00166218
0.00659381
0.00143785
0.00153286
0.00208225
0.00200282
0.00103444
0.00173961
0.00146526
0.00184064
0.00177404
0.0022744
0.0042946
0.0108477
0.00266234
0.00520678
0.002425
0.00332146
0.00905378
0.00368484
0.00113847
0.00213764
0.00184836
0.00112271
0.00410152
0.00265278
0.0017421
0.00367431
0.000920111
0.00245283
0.00139244
0.00111197
0.00220248
0.00161694
0.00179535
0.00260228
0.0018074
0.00161543
0.00206225
0.00203511
0.00168929
0.00221909
0.00199121
0.000867114
0.00158308
0.00194743
0.00181781
0.00115459
0.00252153
0.00581459
0.001654
0.00183181
0.00317704
0.00243842
0.00249366
0.0016296
0.00313823
0.00230654
0.00143733
0.00141102
0.00246955
0.00220232
0.00231129
0.0032682
0.00204658
0.00140269
0.00190749
0.00196616
0.00223597
0.00207456
0.00473872
0.00318191
0.00196161
0.00115831
0.00145057
0.00145729
0.00106749
0.00237927
0.00211079
0.00129831
0.00181547
0.00220174
0.0011241
0.00259101
0.00149905
0.00223784
0.00101785
0.00199626
0.0034083
0.00250478
0.00214346
0.00933916
0.00133926
0.00514334
0.000743955
0.00134814
0.00201059
0.00214686
0.000567177
0.00285807
0.00134736
0.0122054
0.00254805
0.00156262
0.00550903
0.00512572
0.0025412
0.00225467
0.00225877
0.00418164
0.00320272
0.00210457
0.00279346
0.00265125
0.00277629
0.00214695
0.00373295
0.00214418
0.000705377
0.000940005
0.00104429
0.00085231
0.0131185
0.00200941
0.00246202
0.00139364
0.00164186
0.00798091
0.00215803
0.00204137
0.00150415
0.00143118
0.00310568
0.00193714
0.00190243
0.00567925
0.00206791
0.00149084
0.00291292
0.00552358
0.000582642
0.0103289
0.00206013
0.00333108
0.00201976
0.00291118
0.00105381
0.00209416
0.00269032
0.00222892
0.00517594
0.00380159
0.00162143
0.00201452
0.00600356
0.00157863
0.00213678
0.00191412
0.00314463
0.00136833
0.00195816
0.000860906
0.0412429
0.00112702
0.00188525
0.00340397
0.00186971
0.00151792
0.00193209
0.000489675
0.00323455
0.00435315
0.0023405
0.00124538
0.00178528
0.00291263
0.00128758
0.00133807
0.00217132
0.00328182
0.00756209
0.00315907
0.00157627
0.00221195
0.00630008
0.0020874
0.00297203
0.0023444
0.00192962
0.00112187
0.00145144
0.013735
0.0023517
0.00270946
0.00290833
0.00251191
0.00334882
0.00126207
0.00163769
0.000872762
0.00245258
0.00227048
0.00194426
0.00114243
0.0022731
0.00138111
0.00329634
0.00226207
0.0157708
0.030167
0.00391899
0.00102974
0.00100286
0.00310708
0.00209441
0.00239157
0.00357283
0.00208549
0.00166738
0.00154465
0.00213073
0.00235531
0.000745618
0.00114414
0.00262696
0.00249459
0.00399022
0.000709879
0.00247947
0.0226148
0.00145512
0.00112912
0.00195144
0.00567109
0.00169944
0.00137222
0.00995004
0.00161691
0.00294754
0.00824984
0.00820087
0.00250988
0.00113472
0.00455459
0.00515217
0.00236313
0.00367731
0.00854728
0.00220809
0.000957273
0.00342586
0.00232099
0.00194229
0.00312546
0.000998853
0.00221483
0.0101934
0.00158628
0.00376195
0.00167952
0.00165383
0.00176029
0.00309302
0.00262567
0.00130493
0.00142632
0.00162149
0.00298058
0.0017251
0.00316023
0.00413733
0.00323414
0.00216013
0.00162683
0.000967363
0.00180967
0.00161976
0.00319987
0.00148678
0.00591433
0.00893449
0.00102116
0.00114313
0.00330192
0.00157958
0.00302057
0.00311587
0.00237718
0.00206464
0.00263086
0.00253556
0.00201092
0.00337304
0.000883761
0.00213165
0.0138119
0.00273429
0.00252716
0.00722794
0.00191971
0.00258876
0.00154855
0.000958598
0.00221813
0.0106337
0.00666185
0.00139199
0.00111639
0.000975311
0.00165397
0.00131589
0.0015956
0.0026844
0.00629026
0.00128203
0.0010104
0.00407841
0.00241421
0.0024357
0.0030366
0.00441584
0.00291468
0.00224199
0.0081468
0.00185639
0.00192298
0.00476729
0.00155839
0.00562044
0.00234369
0.00102435
0.00277115
0.00203323
0.00475012
0.00207489
0.00197628
0.00247007
0.00190472
0.00207165
0.0031917
0.00200916
0.0017491
0.00185456
0.00244576
0.00190845
0.00170657
0.00180069
0.00379779
0.00226345
0.00235023
0.00206428
0.00221863
0.00116273
0.00162994
0.00524291
0.00294566
0.00190356
0.00316073
0.00271501
0.00195538
0.00131794
0.00335049
0.00852405
0.0167858
0.00118037
0.00302498
0.00184634
0.00210397
0.00460173
0.00256724
0.00151719
0.00238693
0.0020172
0.0038746
0.00179316
0.00178576
0.00161195
0.00113547
0.00171103
0.00171332
0.00236399
0.00106852
0.00178662
0.00167613
0.00172276
0.00428345
0.0210844
0.00161829
0.00170823
0.00151187
0.00176575
0.00117777
0.00218394
0.00350878
0.00210868
0.00191721
0.00204482
0.00405416
0.00120701
0.00191893
0.00140799
0.00253733
0.00184936
0.00262274
0.00174922
0.000653858
0.00109518
0.00153629
0.00116033
0.00604696
0.00252965
0.00108077
0.0242283
0.00469988
0.00187704
0.00162231
0.00215709
0.00223876
0.00373688
0.00161099
0.0023513
0.00189663
0.00884585
0.00560507
0.00152645
0.00193671
0.00168461
0.0130984
0.0016913
0.00143135
0.00391377
0.00135001
0.00136532
0.00248809
0.00589138
0.00247905
0.00362793
0.0028146
0.00249088
0.00230706
0.00147157
0.00130019
0.00231417
0.00175081
0.00205724
0.00238025
0.00104341
0.00217104
0.00350119
0.00138132
0.00326945
0.00266931
0.00285144
0.00357837
0.000698022
0.00217273
0.00434607
0.00234919
0.00196421
0.00283863
0.00229005
0.00259666
0.00151726
0.00199513
0.00226626
0.00279354
0.00142892
0.00224198
0.00192016
0.00151555
0.00486878
0.00630928
0.00155154
0.00226726
0.000868231
0.00470937
0.00221579
0.00316466
0.0028422
0.00310532
0.00339553
0.00179357
0.00136254
0.00221526
0.00279883
0.0127269
0.00199388
0.00501234
0.00231287
0.00173578
0.00286168
0.0015484
0.00128376
0.0033054
0.00145803
0.00245411
0.00155933
0.00217683
0.00203884
0.00129533
0.0020428
0.00134514
0.00517604
0.00279544
0.000982814
0.00520544
0.00509292
0.00153266
0.00460786
0.00372493
0.00223321
0.0013479
0.001587
0.0040735
0.00131086
0.0215563
0.000890435
0.00434099
0.00200219
0.00236388
0.00531898
0.00218849
0.00165289
0.0013975
0.0135337
0.00173181
0.00272121
0.0015549
0.00148523
0.0421213
0.00150888
0.00768792
0.00113394
0.00184301
0.00216932
0.0042105
0.00108697
0.00186558
0.00289402
0.00247935
0.00174187
0.00148165
0.00215759
0.0015238
0.00296022
0.00221096
0.00170213
0.0217576
0.00146105
0.00291049
0.0156544
0.00183671
0.00229787
0.000804016
0.00299874
0.00254451
0.00231423
0.00208577
0.00464098
0.0151907
0.00152222
0.00411102
0.00223143
0.0222279
0.000979897
0.0296627
0.00220298
0.00101707
0.00180282
0.00232928
0.00104893
0.00247674
0.00175175
0.00213234
0.00279993
0.00379805
0.0029917
0.00509211
0.00355428
0.00224699
0.00185716
0.00142999
0.00743061
0.0037113
0.00576283
0.00195324
0.00169012
0.000895642
0.00278238
0.00345229
0.00232664
0.00114972
0.00115132
0.00135584
0.00224522
0.00187301
0.00158669
0.00342246
0.00174367
0.00223216
0.00280843
0.00166624
0.00176667
0.00278592
0.00194283
0.0141773
0.00321987
0.000982431
0.00282497
0.00292734
0.00343044
0.00568997
0.00188573
0.00437026
0.00204882
0.000600494
0.00183239
0.00765294
0.00268115
0.000832281
0.00178664
0.00198841
0.00214245
0.00144256
0.00123231
0.00196981
0.00175413
0.00219323
0.00216182
0.00301289
0.00169853
0.0015243
0.0015474
0.00286612
0.00161209
0.00226357
0.00268322
0.00136271
0.00184731
0.00235696
0.00196505
0.00293283
0.00266075
0.00160629
0.00366354
0.00113942
0.00183524
0.00576932
0.00174955
0.00174123
0.00462891
0.00337272
0.00161848
0.00126055
0.00144636
0.00218907
0.0016413
0.00224164
0.00424792
0.00144221
0.001161
0.0019125
0.000960885
0.0117421
0.0902447
0.00361908
0.00161942
0.00564663
0.00120023
0.00272756
0.00119931
0.00546203
0.00135757
0.00281236
0.00230457
0.00145283
0.00211923
0.0015077
0.00247619
0.00226243
0.00294491
0.00354662
0.00179678
0.00412774
0.00116965
0.00128426
0.00709359
0.00170049
0.00178913
0.00237925
0.00106703
0.00113093
0.00282953
0.00194548
0.00170537
0.0018388
0.00317142
0.0014563
0.0135134
0.00273027
0.00447032
0.00172504
0.000793894
0.000892808
0.00263171
0.00226196
0.0019236
0.00242292
0.00153656
0.00260155
0.00182154
0.00558036
0.00279187
0.00263757
0.00142494
0.0194399
0.00456793
0.00302916
0.00363386
0.00131643
0.0018751
0.00192929
0.00245909
0.00322462
0.00165365
0.0016025
0.00321417
0.00136679
0.00478169
0.00396597
0.00195304
0.00268466
0.00148523
0.00176575
0.0023175
0.00204853
0.00667767
0.00187385
0.00172988
0.00151298
0.00305606
0
0.0015874
0.00273791
0.00305884
0.00198184
0.00388326
0.00215743
0.00272303
0.00217793
0.00311965
0.00318902
0.0079514
0.00252871
0.00198259
0.00211815
0.00108191
0.00215101
0.000986997
0.000946471
0.00191518
0.00238049
0.00174252
0.000856214
0.00357271
0.00117171
0.00180021
0.00140353
0.000874437
0.00325991
0.00113375
0.00185482
0.0019675
0.00185516
0.00515274
0.0546196
0.00118487
0.00213702
0.00731436
0.00102575
0.00143039
0.00179741
0.00971702
0.0041546
0.00373648
0.00210299
0.00403045
0.00252244
0.00136074
0.00411612
0.00171352
0.00134384
0.0119633
0.000842376
0.00211325
0.00212914
0.00245926
0.00143211
0.00201477
0.00193682
0.00267045
0.00294412
0.00447212
0.00226644
0.00214653
0.00125056
0.00167292
0.00176671
0.00165747
0.00107208
0.00161698
0.00141899
0.00293159
0.00330527
0.0025895
0.00256094
0.00132374
0.00192124
0.00333451
0.0062053
0.00325354
0.00322338
0.00230989
0.0044493
0.00111526
0.00174306
0.00251265
0.00253091
0.00247849
0.00303246
0.00165388
0.00202456
0.000676631
0.00079029
0.00167448
0.00219537
0.00143095
0.00259766
0.00407766
0.00307681
0.00293008
0.00103793
0.00166643
0.0116932
0.00106492
0.000883052
0.00312442
0.00179061
0.00222418
0.00233166
0.0207101
0.00204807
0.00166844
0.00238167
0.0014103
0.0014437
0.000632298
0.00174179
0.0017457
0.00166966
0.00229711
0.00313958
0.00194892
0.00209606
0.00207418
0.00540022
0.00282462
0.00547955
0.00187741
0.00172948
0.00113844
0.00153493
0.00750957
0.00354522
0.00766937
0.00386182
0.00346
0.00334059
0.00179612
0.00199934
0.00277793
0.00356023
0.00324267
0.0112908
0.0208074
0.00475373
0.00210572
0.00196993
0.0027807
0.00354398
0.00362985
0.00122927
0.00132874
0.00129264
0.00275102
0.00917356
0.00207683
0.00179969
0.0014771
0.00545922
0.00502968
0.00258421
0.000759563
0.0026576
0.00206185
0.00152929
0.00075311
0.00186177
0.00145809
0.00400311
0.00285777
0.00203376
0.00221462
0.00317025
0.00217615
0.00286517
0.00403804
0.00399143
0.00381323
0.00215339
0.00109088
0.00490006
0.00326909
0.00215997
0.00149575
0.00201556
0.00127883
0.00245254
0.00141258
0.00205724
0.0039731
0.00205912
0.00196299
0.00569382
0.0026331
0.00237649
0.00181907
0.00170229
0.00106092
0.0048803
0.0032463
0.0010448
0.00283355
0.0021457
0.00283842
0.00315561
0.00158657
0.00127073
0.00222132
0.0023227
0.00149908
0.00172121
0.00123102
0.00194548
0.00220304
0.00205743
0.00208916
0.00170714
0.000723925
0.00184256
0.00195166
0.00197795
0.00147235
0.0020882
0.00484032
0.0033764
0.00255957
0.00161973
0.00174708
0.00213957
0.001316
0.0032167
0.00196594
0.00275642
0.00417704
0.00280906
0.00247179
0.00212203
0.00221164
0.00140921
0.00216799
0.00227737
0.00468486
0.00278637
0.0192191
0.000722671
0.00322181
0.00193456
0.00516151
0.00244933
0.00135682
0.0018689
0.00178955
0.00218806
0.00238754
0.00172098
0.00193069
0.00489537
0.00269301
0.00230315
0.00172152
0.00178101
0.00180659
0.00636806
0.00166998
0.00147693
0.00287812
0.000994848
0.00271529
0.00295826
0.00231226
0.0020466
0.00152178
0.00565362
0.00758048
0.00173976
0.00143834
0.0017911
0.00123176
0.00216649
0.00256176
0.00116272
0.00146543
0.00197732
0.00118002
0.00348649
0.00527685
0.00540134
0.00532329
0.00486123
0.00756025
0.00178533
0.00118002
0.00398466
0.00147642
0.00328854
0.00307673
0.00226237
0.00362438
0.00260943
0.00125685
0.00177633
0.000799178
0.0015655
0.00199578
0.00129418
0.00317254
0.00246081
0.00127524
0.029614
0.00115404
0.00090004
0.00212964
0.00663247
0.00142898
0.00303638
0.00189943
0.00261814
0.00146535
0.0011137
0.0016503
0.00357334
0.00100907
0.00219591
0.0014333
0.00210372
0.00215319
0.00207205
0.00244575
0.00180813
0.00207606
0.00256302
0.00207313
0.0109457
0.00207767
0.00465806
0.00176431
0.00208232
0.0016915
0.00182437
0.00199839
0.00356287
0.00241807
0.00192813
0.000898492
0.00250334
0.0021922
0.000979703
0.00214393
0.00412998
0.00152962
0.00107065
0.00234061
0.00166563
0.00370579
0.00209462
0.00352596
0.00230307
0.00209554
0.00340182
0.0017441
0.000828752
0.00260315
0.00287059
0.00187381
0.00767371
0.00204368
0.000938781
0.00129062
0.00252209
0.00149861
0.0023268
0.00169583
0.0011616
0.00157725
0.0106629
0.00409999
0.00177573
0.00338724
0.0233868
0.016393
0.000961701
0.00205766
0.00130435
0.00548854
0.00257841
0.00123222
0.00134025
0.00159287
0.00168459
0.00126865
0.00142888
0.00383631
0.00126009
0.00446343
0.00112085
0.00223928
0.00157518
0.00157713
0.000889074
0.000829199
0.002196
0.00141708
0.00251895
0.00802306
0.00168079
0.00973648
0.00148045
0.00322213
0.00213308
0.00180191
0.00286709
0.00144717
0.00157336
0.00204226
0.000999214
0.00221763
0.00096532
0.00222894
0.00399783
0.00270506
0.00183244
0.00432032
0.00103051
0.00163287
0.00236403
0.000916799
0.002358
0.00289137
0.00175546
0.00255699
0.00294122
0.0011269
0.00235372
0.00241231
0.00195691
0.00239372
0.00327086
0.00206601
0.00158509
0.00313358
0.00374456
0.00113252
0.00193583
0.00218953
0.00169105
0.000910935
0.000697796
0.00220674
0.0013066
0.0017619
0.00223621
0.00353267
0.00164201
0.00184345
0.0333982
0.0024729
0.000878853
0.0076275
0.00379954
0.0014955
0.0013663
0.00351899
0.00634254
0.00136313
0.00687169
0.00741122
0.00154239
0.00155149
0.00259808
0.00122964
0.00449539
0.0014439
0.00191313
0.0061196
0.00107794
0.00268738
0.00368797
0.00428502
0.00106991
0.00120484
0.00262008
0.00345683
0.0014688
0.00133133
0.00243877
0.0013233
0.00254768
0.00172025
0.0056861
0.00133888
0.00256594
0.00203746
0.00369986
0.00366123
0.0107677
0.00227928
0.00174381
0.00155241
0.0022028
0.00140077
0.00861683
0.00275313
0.00108566
0.00545229
0.00262439
0.00219875
0.0024634
0.0020418
0.00133612
0.00354702
0.0025647
0.00353041
0.0029509
0.00627043
0.00123216
0.00176728
0.0020735
0.00273019
0.00392092
0.00295519
0.0100198
0.023755
0.00152978
0.00211257
0.00194358
0.00594273
0.0011265
0.00206323
0.00213577
0.00519011
0.00552882
0.00253526
0.00102887
0.0022043
0.0060782
0.00187397
0.00311844
0.0058125
0.00212973
0.00343772
0.00195698
0.00157238
0.000970505
0.00275461
0.00203157
0.00258502
0.00297898
0.00245887
0.00117957
0.00227632
0.00313564
0.00672771
0.00203409
0.00176926
0.00120452
0.00125354
0.00216494
0.00125774
0.00228411
0.00187788
0.00125477
0.00153488
0.00143818
0.00816696
0.00354589
0.00293314
0.00830076
0.00134728
0.00112775
0.00153468
0.00270746
0.000811753
0.0032806
0.00305622
0.00516386
0.0184319
0.00176674
0.00296646
0.00170653
0.0023685
0.00178063
0.00244336
0.00259954
0.00253689
0.00164586
0.00136706
0.00162641
0.00292588
0.000691249
0.00298986
0.00173518
0.00148075
0.00273683
0.00144134
0.00261796
0.00175226
0.00202633
0.000984763
0.00379835
0.00362006
0.00119006
0.00176785
0.00213936
0.00151276
0.00167272
0.00185759
0.00213899
0.00175013
0.00166675
0.00135997
0.00228229
0.00109642
0.00173806
0.00128074
0.00156768
0.00237628
0.00246331
0.00265584
0.00327273
0.00136545
0.0020406
0.00484729
0.00144698
0.0331724
0.00284765
0.00255432
0.00082026
0.00248004
0.00244474
0.00204153
0.00292149
0.000812111
0.00187623
0.00245699
0.00127721
0.00180178
0.00244798
0.0016655
0.00721869
0.00194402
0.00159682
0.00191559
0.00436357
0.00205583
0.00302124
0.00259416
0.00185622
0.00229954
0.00143033
0.00449928
0.00141462
0.00203046
0.00170786
0.00214593
0.00113426
0.000911851
0.00218592
0.00322207
0.00183846
0.00189514
0.00148276
0.00117604
0.00166227
0.00237983
0.0011811
0.0033214
0.00253495
0.00239226
0.00128104
0.0015333
0.00119932
0.00238264
0.00442158
0.00204173
0.00200358
0.00181289
0.00226481
0.00210571
0.00307572
0.000818439
0.00232076
0.0223552
0.00142337
0.0018289
0.00309872
0.00160881
0.00325731
0.00537465
0.00103127
0.00410103
0.0030843
0.00226891
0.00572461
0.00237111
0.00153307
0.00235242
0.0258371
0.00159672
0.00238664
0.0023434
0.00540066
0.0518808
0.000806187
0.00885637
0.00526006
0.00153044
0.000548095
0.00182887
0.00258081
0.0016008
0.00180981
0.00148022
0.00106461
0.00296269
0.00259189
0.00147735
0.000980212
0.00774569
0.00570113
0.00245336
0.00813508
0.00275162
0.0245408
0.0016201
0.00178968
0.00168086
0.00218482
0.00268885
0.00276965
0.0023484
0.00202201
0.00117093
0.00223505
0.000988675
0.0030983
0.000833206
0.000578874
0.00348723
0.00205559
0.00310993
0.00412087
0.00147201
0.0022891
0.00200654
0.00212211
0.00424124
0.0015011
0.00335109
0.00180763
0.00167884
0.0516088
0.00307072
0.00140386
0.00159292
0.00212067
0.00788437
0.0107457
0.00117192
0.00309279
0.00322996
0.00318236
0.0013754
0.00209256
0.00119824
0.00246629
0.00294761
0.0028382
0.00189898
0.000832519
0.0105799
0.00157309
0.00135482
0.00350309
0.000737733
0.00367305
0.00228589
0.00156583
0.012888
0.00147125
0.00305155
0.00138083
0.00119312
0.00137959
0.000874768
0.000861604
0.00291621
0.000965628
0.00253207
0.00319174
0.0230518
0.00500043
0.00193034
0.00147098
0.00154431
0.00473974
0.00484141
0.00129183
0.00169391
0.00286297
0.00173651
0.00189302
0.00159515
0.00119261
0.025175
0.00112264
0.0019252
0.00529473
0.000871365
0.00155862
0.00182842
0.00148094
0.00243395
0.00279301
0.00296423
0.00612512
0.0121561
0.00140343
0.00194898
0.00148196
0.00254634
0.00220801
0.00369103
0.00222311
0.00224889
0.00185561
0.00124992
0.0156242
0.00190644
0.00329202
0.00149293
0.0024241
0.0430204
0.00394762
0.0022915
0.00101381
0.0014676
0.00303687
0.00127948
0.00182862
0.00185208
0.000986774
0.00108198
0.0012248
0.00236992
0.00138603
0.00197105
0.00113577
0.00166967
0.00292789
0.00186288
0.00173446
0.00147089
0.00230667
0.00166492
0.00275153
0.00638759
0.00324163
0.00377219
0.00191463
0.00115627
0.00196381
0.00175824
0.00173852
0.00361041
0.00457425
0.00126075
0.000803527
0.00449822
0.00151159
0.00172098
0.00428275
0.00208586
0.00674091
0.00263948
0.0145521
0.00252791
0.00224898
0.00265831
0.00168068
0.00242312
0.00319878
0.00168477
0.00276744
0.00363261
0.00305303
0.00199788
0.00125129
0.00138945
0.00319444
0.0398557
0.00664545
0.00361714
0.00121227
0.00217987
0.00292265
0.00397901
0.00789017
0.00123831
0.00244357
0.00260011
0.00210412
0.00458161
0.00248069
0.00254121
0.00214755
0.00187799
0.0016774
0.00246606
0.00139834
0.00478858
0.00115142
0.00394415
0.00163774
0.00192699
0.00106243
0.0018222
0.00243898
0.0017262
0.0048062
0.000752935
0.0339308
0.00197118
0.00175014
0.00322288
0.00136628
0.00395794
0.0024547
0.00187423
0.00185751
0.00935787
0.00186102
0.00117425
0.00189184
0.00220065
0.00878877
0.00227549
0.00163612
0.00177099
0.00222148
0.00425947
0.00215269
0.00118457
0.00184292
0.000918856
0.0021995
0.00119428
0.00405176
0.00237745
0.0020744
0.00204463
0.00203323
0.00284599
0.00144743
0.0045737
0.00450413
0.00308851
0.00319332
0.00136697
0.00142509
0.00239396
0.00325088
0.00244457
0.00292116
0.00320736
0.0016511
0.00650719
0.00322368
0.00214249
0.00216235
0.0022884
0.00295165
0.00331522
0.0066041
0.00126264
0.00276076
0.00217837
0.00338246
0.00187324
0.0021032
0.00383337
0.0016296
0.000753898
0.00222841
0.00205025
0.00249722
0.00101712
0.00128998
0.00960042
0.0022415
0.00372831
0.00321353
0.00304328
0.000782258
0.00199974
0.00215961
0.00263514
0.00277859
0.00218495
0.00268579
0.00225657
0.00256025
0.00203953
0.00312228
0.00523626
0.00209718
0.00342589
0.00287003
0.00628837
0.00336695
0.00344563
0.00926708
0.0028228
0.002036
0.00258911
0.00165182
0.00339851
0.00126183
0.00207349
0.0046322
0.00427431
0.00126685
0.00150404
0.00199046
0.00175998
0.00336036
0.00619101
0.00217456
0.00199386
0.00216389
0.00219861
0.00166451
0.00247202
0.0039169
0.00202603
0.00229531
0.00404226
0.00830162
0.00230856
0.00186214
0.00346244
0.00668292
0.00194875
0.00729502
0.000799657
0.00236045
0.00252467
0.00266205
0.000983805
0.00675537
0.00228212
0.00157039
0.0043131
0.00192195
0.00269184
0.000747143
0.00361895
0.000693582
0.00221777
0.00153387
0.0015432
0.00208446
0.00125404
0.0033565
0.00267006
0.00248975
0.0023877
0.00301897
0.00223016
0.00236279
0.00130507
0.000812122
0.00201565
0.00214318
0.00181996
0.00260998
0.00418098
0.00303185
0.00171312
0.00237251
0.00145997
0.000874096
0.00082931
0.0019013
0.00525198
0.00187227
0.00258598
0.00227552
0.00114066
0.00187853
0.00189136
0.00225431
0.00157604
0.00166378
0.00205155
0.00118667
0.00208856
0.00434262
0.00146012
0.00130131
0.00215343
0.00304215
0.00620019
0.00728907
0.0021858
0.00225493
0.00498341
0.00304473
0.0031695
0.00235244
0.0015465
0.00116277
0.0016615
0.00101224
0.00464445
0.000925385
0.00269569
0.00149053
0.001957
0.00322638
0.00542009
0.00193999
0.00163107
0.00202069
0.0019954
0.00236727
0.00135379
0.00147527
0.00212408
0.00295384
0.00306566
0.00105976
0.00151039
0.00391946
0.00796716
0.020607
0.00158191
0.00321634
0.00179575
0.00226394
0.00148802
0.00204191
0.00179399
0.00101099
0.00170779
0.00237235
0.00191774
0.0139295
0.00182262
0.00485859
0.00240047
0.00258986
0.00265515
0.0021046
0.00316434
0.00324712
0.00283698
0.00220568
0.00114434
0.00664457
0.00158616
0.00202108
0.00236583
0.0023718
0.00163567
0.00186969
0.0025645
0.00281209
0.00181269
0.00118222
0.00227414
0.00238381
0.00221913
0.00413832
0.0020873
0.0011783
0.00211041
0.000807057
0.00119425
0.00203938
0.00125853
0.00138438
0.00351252
0.00177803
0.00161727
0.00150239
0.00465638
0.00187628
0.00133167
0.000959637
0.00820339
0.00269658
0.00416042
0.0016944
0.00190739
0.00324247
0.00225785
0.00199373
0.00109041
0.00192782
0.00115144
0.00129362
0.0021564
0.00395339
0.00220927
0.0024551
0.00209468
0.00265572
0.00714174
0.00267426
0.00159366
0.00124002
0.00336503
0.00236227
0.00128564
0.00225533
0.00105219
0.000671954
0.00162595
0.0014543
0.00483886
0.00163191
0.00238663
0.00221223
0.00123614
0.00463079
0.00249599
0.00202165
0.00179977
0.00342902
0.00189953
0.00574114
0.00327279
0.00136293
0.000956694
0.00136456
0.00137634
0.00206845
0.00445517
0.00165741
0.00222017
0.00318388
0.00233596
0.0012995
0.00184632
0.00657855
0.00280206
0.0011024
0.00131278
0.00192374
0.00142204
0.00322267
0.0018564
0.00140563
0.0274672
0.0013082
0.0017043
0.00207626
0.00160255
0.00356032
0.00186546
0.00107825
0.00190007
0.00225838
0.00444722
0.00142264
0.00146344
0.00305622
0.00236429
0.00319408
0.00666427
0.00265624
0.00292585
0.00150215
0.00390709
0.00133475
0.00228469
0.00217568
0.00232093
0.0117367
0.00431947
0.00429318
0.00218683
0.00308833
0.0016316
0.0040025
0.000781411
0.00150338
0.00139576
0.00207285
0.00189168
0.00125812
0.00153302
0.00216618
0.00312849
0.00178043
0.00136235
0.00306363
0.00348192
0.015201
0.00124398
0.00131137
0.00220101
0.00201194
0.00160882
0.00142679
0.00189136
0.00583393
0.00466371
0.00195381
0.0057305
0.00192585
0.00145303
0.000662633
0.0013734
0.0058767
0.00374012
0.0012999
0.00262414
0.00159
0.0141665
0.00153373
0.0015341
0.0029666
0.000658216
0.00174365
0.00134319
0.00387604
0.00457527
0.002397
0.00302815
0.00118403
0.00207773
0.00097219
0.00198981
0.00138054
0.00542524
0.0011204
0.00193824
0.00202081
0.00151856
0.000790969
0.00129676
0.0016607
0.00182301
0.00338765
0.00141042
0.00235363
0.00831196
0.0171503
0.00696789
0.00223844
0.00685504
0.00191138
0.00225889
0.00652386
0.00243094
0.00328602
0.00156424
0.00294134
0.0031435
0.002036
0.000681988
0.00259001
0.00271815
0.00230347
0.00127418
0.0026713
0.00202358
0.00142949
0.00183662
0.00163809
0.000635986
0.00143716
0.00460418
0.00829325
0.00166674
0.000854656
0.00217672
0.00209709
0.00244825
0.000923663
0.0015198
0.00405537
0.00167337
0.00200574
0.0012753
0.00188173
0.01118
0.00217849
0.00637981
0.00213958
0.0015489
0.00403405
0.00194524
0.00195939
0.00409371
0.0051839
0.00196266
0.00169825
0.00441707
0.00204537
0.00766853
0.00162358
0.00109506
0.0191088
0.0018077
0.00385704
0.00113487
0.00697861
0.00165057
0.00131047
0.00512652
0.00109233
0.00127147
0.00272846
0.00158879
0.00364597
0.00101573
0.00135073
0.00234373
0.0010742
0.00319729
0.00100086
0.00237291
0.0037242
0.0044917
0.00158305
0.00374413
0.00207472
0.00395784
0.00782842
0.0014891
0.0025781
0.00236428
0.00136175
0.0128277
0.00154393
0.00277226
0.00204989
0.00289308
0.00186747
0.00416091
0.00166275
0.00146405
0.00128752
0.00167304
0.00455036
0.00300113
0.00782357
0.00185116
0.00169594
0.00198556
0.000969292
0.00174768
0.00320269
0.00145229
0.00200587
0.000999415
0.00144381
0.00204512
0.0017055
0.00186586
0.0019428
0.00145968
0.00147998
0.00139408
0.00117051
0.00156446
0.00322104
0.00186379
0.00217566
0.00321924
0.00448776
0.0023601
0.00120612
0.00172361
0.00116234
0.0055808
0.0163029
0.00245814
0.0026403
0.00146573
0.00427111
0.00477432
0.00103028
0.0013132
0.00166221
0.00116569
0.00223397
0.00777394
0.00127567
0.00230487
0.00591791
0.00170214
0.00304258
0.00357693
0.014851
0.00213081
0.00238437
0.00154224
0.00217225
0.00236953
0.00265688
0.0015152
0.00225439
0.00452374
0.00205059
0.00132521
0.00483105
0.00411513
0.00285346
0.00260322
0.00181212
0.00150274
0.00147992
0.00522438
0.00147954
0.00140184
0.00237423
0.0023499
0.00122725
0.00300022
0.00219913
0.001476
0.000965663
0.0081679
0.00118442
0.00313719
0.00487341
0.00347968
0.00239183
0.0096961
0.00136193
0.00101481
0.00217574
0.00385363
0.0058603
0.00259346
0.0012958
0.00238105
0.00322429
0.000989031
0.00120735
0.00180266
0.00311813
0.00149748
0.0019005
0.00243501
0.0016781
0.00221161
0.00167985
0.00213257
0.00241683
0.00254656
0.00317556
0.00815726
0.00203262
0.00193073
0.00143039
0.00198631
0.00192914
0.00220864
0.00133086
0.00141081
0.00186323
0.00216476
0.0035177
0.00262589
0.00235718
0.00119011
0.00349576
0.00164352
0.0014636
0.00162317
0.00191449
0.00291952
0.00196041
0.0026237
0.00205891
0.00217575
0.00254129
0.0017423
0.00315466
0.00662074
0.00286544
0.00189076
0.00158309
0.00133035
0.0316005
0.00133745
0.00191128
0.00238043
0.0012306
0.00174601
0.00544593
0.00115014
0.00333482
0.000943418
0.00217767
0.00384312
0.00363723
0.0028751
0.000849556
0.00305514
0.00367487
0.00150682
0.0013282
0.00257097
0.00234833
0.00270916
0.0030377
0.00114
0.000784933
0.00168099
0.00266172
0.00105136
0.00567606
0.0023965
0.00140985
0.00171399
0.00170907
0.0056076
0.00237319
0.00113587
0.00215342
0.00227438
0.00141957
0.00177238
0.00254073
0.00151863
0.00242609
0.00105702
0.00111993
0.00500832
0.00216999
0.00238184
0.0011423
0.00353143
0.00114534
0.00284791
0.00184731
0.00283952
0.00128378
0.00235208
0.0011214
0.00719007
0.00247798
0.00372743
0.0034036
0.00121414
0.00213447
0.0029784
0.00622247
0.00253201
0.00189623
0.00633783
0.000758423
0.0017532
0.00187829
0.0068764
0.00306486
0.00144913
0.00230021
0.00264152
0.00119114
0.00082908
0.00389251
0.00457636
0.0036082
0.0025528
0.00322748
0.00336391
0.00345359
0.0200503
0.00234935
0.00172872
0.00200196
0.00361298
0.0013914
0.00109676
0.00231592
0.00189637
0.00129461
0.00232292
0.00327351
0.000934603
0.0012288
0.0172205
0.00664476
0.00254934
0.00262528
0.00421186
0.00332068
0.00257092
0.00202329
0.00146941
0.00215275
0.00165751
0.00492599
0.0057949
0.00364355
0.00142022
0.00241059
0.00124319
0.00169334
0.0290801
0.00655979
0.00117917
0.00220361
0.00187912
0.0015303
0.00219621
0.00315269
0.00376325
0.00224846
0.00547079
0.00232203
0.00193355
0.00155456
0.00146244
0.00142364
0.00420078
0.0046335
0.00356742
0.000956384
0.00511676
0.00214673
0.00256667
0.00309386
0.00103737
0.00143076
0.00142151
0.00168255
0.00179154
0.00107209
0.00383398
0.00279219
0.00556409
0.000691946
0.00187698
0.00216922
0.00282249
0.00149889
0.00126779
0.00244574
0.00199207
0.00374555
0.002592
0.00234882
0.00164359
0.00166224
0.0076809
0.0019617
0.00350451
0.012027
0.00299255
0.00434631
0.00277965
0.00159663
0.00225942
0.00216339
0.000528693
0.0017929
0.00114395
0.00117484
0.00192221
0.00933976
0.00277406
0.00130808
0.00145369
0.005214
0.00175747
0.0045232
0.000829605
0.00176444
0.00072178
0.00268474
0.00101857
0.00195832
0.0022249
0.00203013
0.00271497
0.00137961
0.00172265
0.00266562
0.00333771
0.0037556
0.00575053
0.0022008
0.000872927
0.00208755
0.00220841
0.00206246
0.00375765
0.0020479
0.00136516
0.0094808
0.00178371
0.00313991
0.00234599
0.000659555
0.00197407
0.00998882
0.00575944
0.00111757
0.00234725
0.00137577
0.0420187
0.00238457
0.00172219
0.000692993
0.0018421
0.00220505
0.00709639
0.00179244
0.00473107
0.00124043
0.00269243
0.00355356
0.00316951
0.00115864
0.00220932
0.00117081
0.00114603
0.00119481
0.00155589
0.00214704
0.00198194
0.00826533
0.00222035
0.0024023
0.00266481
0.0105504
0.0018363
0.00251166
0.00259295
0.00125794
0.00168197
0.01381
0.00123929
0.00168222
0.00148156
0.00346275
0.00311581
0.00129663
0.00409481
0.00309196
0.00143547
0.00355642
0.00267258
0.0018417
0.00552178
0.00215119
0.00101781
0.00186599
0.00283471
0.0047313
0.00180785
0.00221277
0.00126793
0.00248555
0.00186541
0.00204552
0.00137158
0.00242211
0.00167591
0.000923846
0.00145838
0.0013083
0.00104787
0.0097374
0.00223715
0.00141449
0.00247021
0.0011955
0.00194416
0.00213826
0.00121601
0.000969689
0.00170286
0.00233324
0.00174939
0.00280325
0.00111083
0.00138658
0.00110211
0.00411402
0.00162604
0.000930655
0.00415732
0.00190358
0.00200636
0.00177228
0.00204992
0.00223029
0.00134044
0.00208138
0.00173535
0.00348263
0.00242344
0.00169884
0.00140767
0.00458426
0.00546953
0.00148801
0.00332452
0.00106943
0.00237818
0.00112003
0.000999157
0.00130845
0.00282853
0.00110702
0.00239028
0.00115703
0.0024001
0.00197525
0.00128439
0.00483661
0.0018848
0.00204465
0.00161889
0.00184871
0.00300989
0.00240949
0.00107521
0.000846782
0.00170705
0.00117411
0.0025658
0.00229413
0.0015236
0.010538
0.00147874
0.00154904
0.00164421
0.0014724
0.00112474
0.00470297
0.00204799
0.00218489
0.0020315
0.00379837
0.000994161
0.00203844
0.00219639
0.00175416
0.0020236
0.00254008
0.00125631
0.00136022
0.00346535
0.00190149
0.00267981
0.00243629
0.00294445
0.00270563
0.00363666
0.00193465
0.0025335
0.000707013
0.00293845
0.001106
0.00279377
0.00395456
0.00165086
0.00621573
0.0028808
0.00371318
0.00140074
0.00462379
0.00151832
0.00219092
0.00211385
0.00210164
0.00298116
0.00293689
0.00211985
0.00170507
0.00315602
0.00305747
0.00196027
0.00142933
0.00266274
0.00106955
0.00166467
0.00207941
0.00837267
0.00398015
0.18025
0.222591
0.00144947
0.00248706
0.00168874
0.00190506
0.00190522
0.00118184
0.0020706
0.0040855
0.000593075
0.00177458
0.00109449
0.0342955
0.000751406
0.000579336
0.00194489
0.00235844
0.00214215
0.00210196
0.0014466
0.00219772
0.00145552
0.00488153
0.00823964
0.00156354
0.00410215
0.00235215
0.00238693
0.00175671
0.00671726
0.00132734
0.00147091
0.00253855
0.00688696
0.0022467
0.00720487
0.012966
0.0107184
0.00166583
0.00374481
0.00177185
0.00107751
0.00191877
0.00200472
0.00206976
0.00248422
0.00104273
0.00304519
0.00331209
0.00239557
0.00198892
0.00255688
0.000862843
0.000964532
0.0016921
0.00206374
0.00269246
0.00240719
0.00319929
0.00205851
0.00132675
0.000764067
0.0020379
0.00215001
0.00306046
0.00197595
0.000776253
0.00416958
0.00192748
0.00460971
0.00177433
0.00160488
0.00233683
0.00305218
0.00193384
0.0122307
0.0019328
0.00204021
0.0012581
0.00123906
0.00280218
0.00209496
0.00254542
0.00229676
0.00451536
0.0031055
0.00261005
0.00408084
0.00146612
0.00201835
0.00266689
0.00200728
0.00135902
0.00312282
0.00131346
0.00216651
0.0026086
0.00126844
0.00398024
0.00197559
0.00582408
0.00557858
0.00163922
0.000787962
0.00173059
0.00188117
0.00217343
0.002655
0.00149479
0.00316962
0.00118475
0.00218213
0.00385354
0.00200164
0.00615343
0.00107418
0.00224484
0.00160134
0.00694739
0.0012681
0.00550452
0.00302357
0.00238723
0.00232349
0.00757931
0.00289952
0.00226844
0.0025296
0.00157834
0.00160713
0.00666748
0.00150392
0.00239446
0.00260375
0.00236006
0.00398331
0.001447
0.0045252
0.00205624
0.00244502
0.0182647
0.00127085
0.0024641
0.00247698
0.00160583
0.00317739
0.00265791
0.00135983
0.00215017
0.00252009
0.00238738
0.00132188
0.00236542
0.00173704
0.00575873
0.00235357
0.00296982
0.00106331
0.00277928
0.00248404
0.00224485
0.00189504
0.0355399
0.00132025
0.00154213
0.00209757
0.00263487
0.000870026
0.00290405
0.00140823
0.00301275
0.00179895
0.00629739
0.0030461
0.00160306
0.00158146
0.00151689
0.00141014
0.00251685
0.00256992
0.00256889
0.00724496
0.0113184
0.00540672
0.00282109
0.0029524
0.00244553
0.00284283
0.00144914
0.00199389
0.0039845
0.00126305
0.00124523
0.00194849
0.00228357
0.00363075
0.00177855
0.00147692
0.00406599
0.00242013
0.00218584
