0.000323296
0.000243033
0.000239588
0.000319191
0.000165278
0.000218284
0.0003377
0.000595125
0.00030148
0.000364235
0.000453437
0.000421326
0.000670198
0.000411414
0.000422328
0.000780826
0.000201983
0.00251134
0.000391779
0.00100602
0.000285184
0.000999274
0.000143697
0.000662456
0.000783299
0.000304772
0.000285856
0.000485258
0.000525499
0.000341009
0.00022126
0.000304259
0.000456087
0.000394324
0.000106014
0.000113471
0.000614295
0.000210575
0.00039071
0.000374031
0.000277625
0.000581599
0.000239362
0.000578469
0.000865576
0.000128463
0.000517002
0.000172967
0.00022291
0.000162356
0.000362271
0.000158667
0.000383311
0.000574034
0.000275157
0.000348798
0.0258472
0.00130308
0.000369498
0.000676718
0.000488021
0.000521533
0.000295107
0.000447349
0.000382077
0.00104043
0.000171495
0.00145665
0.000960907
0.00234736
0.00156654
0.000108035
0.000257769
0.000457262
0.0041993
0.000768056
0.000399368
0.000160954
0.000371002
0.000220328
0.00115336
0.000355524
0.000544067
0.000189109
0.00034849
0.000369519
0.000140782
0.000198002
0.389514
0.000850553
0.000223137
0.000110452
0.000702025
0.000415313
0.000778481
0.00110569
0.000324758
0.000200286
0.000135316
0.000427047
0.000260405
0.000850342
0.000305255
0.000476902
8.52427e-05
0.000279781
0.000188836
0.000335973
0.000427868
0.000406424
0.00023216
0.00294991
0.000307766
0.00072289
0.000361711
0.000556133
0.000198942
0.00509179
0.000458843
0.000116781
0.000334095
0.00327779
0.000233555
0.00064054
0.000736722
0.000869333
0.00035991
0.000550357
0.000617588
0.000827749
0.00176886
0.000491084
0.000534288
0.00038002
0.000501626
0.000641065
0.000158607
0.000549958
0.000496317
0.000114921
0.000192862
0.000893077
0.000672301
0.000503001
0.000344792
0.000630084
0.000174356
0.000430332
0.00284846
0.000355882
0.000433649
0.000249677
0.00442796
0.000305289
0.0015346
0.000480212
0.000312734
0.000721941
0.000885847
0.000156362
0.000983667
0.000457673
0.00104037
0.000158382
0.000326862
0.000338419
0.000321771
7.31355e-05
0.000772854
0.000530715
0.000285567
0.000556961
0.000441967
0.000167826
0.000327531
8.43575e-05
0.000786965
0.00419133
0.00020916
0.000393521
0.000396629
0.000977517
0.00177201
0.000298513
0.000244261
0.000487378
0.000926594
0.000269561
0.000237991
0.00023935
0.000116756
0.00028485
0.000499464
0.000884949
0.000561707
0.000207322
0.000536186
0.000499259
0.000130695
0.000295653
0.000239568
0.000277748
0.000588823
0.000597065
0.000441505
0.000514543
0.000153112
0.000573883
0.000166459
0.000618714
0.000339848
0.000343054
0.00448963
0.000142287
0.000309374
0.000560163
0.000190006
0.000251727
0.000400713
0.000949805
0.000229575
0.000553911
0.000754672
0.000571649
0.000163651
0.000455925
0.000362171
0.000121855
0.000564925
0.000216659
0.000452482
0.00014752
0.000426131
0.000560949
0.000361072
0.000272724
0.000355567
0.000292317
0.000247204
0.000492988
0.00257344
0.000974102
0.000248626
0.000448069
0.000278352
0.000628276
0.000169474
0.000274809
0.000181855
0.000307066
0.00180224
0.000194923
0.000364719
0.000561738
0.00068458
5.88308e-05
0.000257319
0.00137245
0.000385806
0.00336412
0.000617161
0.000272476
0.00100886
0.000371322
0.000346738
0.00164548
0.00023494
0.00044973
0.000394231
0.000702383
0.000326973
0.000174882
0.000254606
0.000632504
0.000374997
0.000336231
0.000129109
0.000263007
0.00191396
0.000396395
0.000279788
0.000963205
0.000708969
0.000118568
0.000248546
0.00018976
0.000800157
0.000268137
0.000375047
0.000354839
0.000349202
0.000313442
0.000220418
8.81395e-05
4.37977e-05
0.000238028
0.000322167
0.000330163
0.00041762
0.000375011
0.000446571
0.000600617
0.000372708
0.000638682
0.000174804
0.000173327
0.000157384
0.000122474
0.00108094
0.000308344
0.000338068
0.000212388
0.000313827
0.00252388
0.000120366
0.000235435
0.0117797
0.000494821
0.000515086
0.000358616
0.000150342
0.00069739
0.000445783
0.000456265
0.000449587
0.00021891
0.0004455
0.000436273
0.000924757
0.000328822
0.000523328
0.000501233
0.00050304
0.000981446
0.000300967
0.000374806
0.000170922
0.000498376
0.00052812
0.0111449
0.000479539
0.000917625
0.000392421
0.000261574
0.000292306
0.000484459
0.000585631
0.000277351
0.000648148
0.000217819
0.000512292
0.000325682
0.000380212
0.000173463
0.000121114
0.000348812
8.32496e-05
0.00032008
0.000436109
0.000366498
0.000510059
0.000338233
0.000223151
0.000455001
0.000462688
0.00064138
0.000675845
0.000118742
0.000431676
0.000379299
0.000782734
0.000459901
0.000331063
0.000438135
0.00065562
0.00022913
0.000322396
0.000243375
0.000575716
0.00138326
0.000170423
0.000208802
0.000125492
0.00213447
0.000118846
0.00010692
0.000504037
0.000201294
0.000155944
0.000555209
0.000143112
0.000227329
0.000570822
0.000978674
0.000713518
0.00029738
0.00199994
0.000269602
0.000239199
0.000316843
0.000481275
0.000460533
0.000279034
0.000237374
0.000397383
0.000359747
0.000130239
0.000123356
0.00018439
0.000323558
0.000429157
0.000276047
0.000287558
0.000185826
7.16319e-05
0.00120271
0.000677266
0.000261773
0.000243166
0.000363817
0.000949816
0.000469732
0.000362887
0.00022696
0.000132422
0.000209122
0.000293807
0.000375567
0.00502207
0.000194088
0.000824814
0.000410677
0.000679649
5.72243e-05
0.000568569
0.000526316
0.000213937
0.000216054
0.000189621
0.000506585
0.000136003
0.000275814
0.000278596
0.00027214
0.000293827
0.000278495
2.55514e-05
0.000351013
0.000207361
0.000288955
0.000525973
7.83373e-05
0.00028775
0.00034204
0.000650445
0.000916019
0.000317785
0.000597347
0.000428143
3.57981e-05
0.000379386
0.000544417
0.000810094
0.000543004
0.000187957
0.00674525
8.01865e-05
0.000644756
0.000226066
0.000101022
0.00031204
0.000665104
0.000377158
0.000952555
0.000328799
0.0011491
0.000191126
0.000363279
0.00254237
4.27624e-05
0.00042739
0.00576076
0.000282701
0.000559025
0.000264342
0.000239661
0.000606628
0.000375249
0.000225006
0.00055426
0.00555959
0.000451852
0.000154045
0.000413576
0.000550089
0.000477454
0.00036182
0.000467062
0.000220452
0.00125931
0.000376565
0.000156229
0.00028087
0.0004324
0.000407647
0.000249685
0.000376253
0.000521393
0.000313085
0.000173494
0.000320533
2.85811e-05
0.000286775
0.000266828
0.000487383
0.000433228
0.000197301
0.000375694
0.000441227
0.000550122
0.000453849
0.000540422
0.000291079
0.000429886
0.00011152
0.000206931
0.000356831
4.42652e-05
0.000418644
0.000246615
0.0010416
0.000380609
0.000523708
0.000471924
0.000657278
0.000659066
0.000544025
0.000496411
0.000829252
0.000564183
0.000193355
0.000852223
0.000304207
0.000317777
0.00489726
0.000517239
0.000146485
0.000262739
0.000705254
0.0026665
0.000214023
0.000444266
0.000252266
0.000984924
0.000670156
0.000297966
0.000448646
0.000362497
0.000342535
4.69149e-05
0.000798549
0.000453205
0.000333773
0.000372391
0.000151368
0.000622443
0.000262279
0.000168428
0.000339218
0.000266638
0.000286458
0.000175697
0.000711212
0.000235816
0.000298713
0.00028742
0.00105834
0.000299752
0.0004608
0.00051141
0.000252867
0.000956687
0.000801569
0.000368282
0.000172602
9.85525e-05
0.000288466
8.7937e-05
0.000278186
0.00201331
0.000836582
0.000382941
0.000230179
0.000461902
0.000380877
0.000666397
0.000144587
0.000277693
0.000170899
0.000208917
0.000247398
0.000757295
0.00438388
0.000285257
0.000248578
0.000141569
0.000170866
0.000338001
0.000562796
7.83413e-05
0.000183188
0.000203673
0.000344319
0.000166338
0.000566254
0.000153821
0.000572898
0.000935224
0.00018113
0.0003201
0.000146713
0.000375592
0.00062049
0.000409188
0.00169709
0.000630378
0.000303085
0.00117658
0.000175287
0.000307483
0.00024928
0.000428544
0.000633357
0.000436879
0.000860446
0.000594811
0.000398825
0.000180964
0.000268486
7.93922e-05
0.000407401
0.000326905
0.000253728
0.000389896
0.00043177
0.000311343
0.000806904
0.000709411
0.000490498
0.000422389
0.000262651
0.000376801
0.000205647
0.000356349
0.000822937
0.00044589
0.000217808
0.000295006
0.00531733
0.00355364
0.000415323
0.000345754
0.000304349
0.000389659
0.000154288
0.000392625
0.000205696
3.83888e-05
0.000258204
0.000485931
0.000326021
0.000457763
0.000396445
0.000183798
0.000500372
0.000217313
0.000523546
0.00354178
0.000501721
0.000256002
0.000555387
0.000355718
0.000331108
0.000389686
0.000529453
0.000918534
0.000184547
0.000341549
0.000771056
0.000468926
0.000109688
0.000164123
0.000182744
0.000720462
0.00123243
0.000741837
6.9593e-05
0.000383376
0.000472566
0.000363951
0.000241225
5.61382e-05
0.000371235
0.000392499
0.000253706
0.000338835
0.000558202
0.000489078
0.000381386
0.000305752
0.000237778
0.000491514
0.000323212
0.000387966
0.000234007
0.000269945
0.000575124
0.000258869
0.000132338
0.000450151
0.000109672
0.000659497
0.000217816
0.000150031
7.93123e-05
0.000266562
0.000255347
0.000383199
0.000261151
0.000163858
0.000699205
0.000436446
0.000467495
0.000792697
0.000195964
0.000730844
0.000257833
0.000254568
0.000155195
0.000159111
0.000434054
0.000328109
0.000354256
0.000140209
0.000117719
0.000105768
0.000259144
0.00100112
0.000233135
0.000247024
0.000275837
0.000217631
0.000312379
0.000393318
0.000280673
0.000214798
0.000329887
0.000433738
0.000201866
0.000677763
0.000543935
0.000260326
0.000285157
0.000255723
0.000370464
4.88771e-05
0.000394788
0.00313995
0.000388873
0.000193504
0.0001308
0.00049528
0.000287107
0.000504316
2.62268e-05
0.000654258
0.000231106
0.000236882
0.00124072
0.000365035
7.671e-05
0.000247538
0.000306484
0.00136756
0.000269357
0.000145869
0.00333124
0.000245975
3.81134e-05
0.000506983
0.000294113
0.000259744
0.000329921
0.000298447
3.20905e-05
0.000265293
0.000461299
0.00150801
0.000208207
0.000215638
0.000492247
0.000538263
7.78959e-05
0.000361077
0.000367715
0.000260411
0.00820113
0.000140696
0.000194569
0.000411084
0.000397143
0.000578537
0.000426778
0.000246113
0.000376068
0.000352161
0.000580028
0.000173745
0.000631541
0.000418238
0.000373856
0.000312241
0.000342802
0.000446705
0.000201788
0.0005789
6.83419e-05
0.000753178
0.000376645
0.000370381
0.000670389
0.000806186
0.00135048
0.000380143
0.000235924
0.000471587
0.000349645
0.000175605
0.000119715
0.000276776
3.47807e-05
0.000451459
0.000387677
0.000237592
0.000878024
0.000543576
8.4572e-05
0.000251174
0.000240705
0.000262435
0.000253037
0.000135064
0.000318988
0.00102391
0.000250351
0.000323163
0.000381216
0.00225935
0.000477027
0.000562033
0.000289516
0.000215445
0.000151077
0.000138579
0.000147438
0.000649572
0.000278109
0.000197535
0.0043171
0.000167925
0.00093684
0.000279553
0.000154466
0.000241406
0.000149675
0.000262664
0.000249912
0.00121872
0.000146042
0.000334205
0.000347061
0.000271542
0.000333706
0.000271534
0.000451934
7.02911e-05
0.000230772
0.00050629
0.000202505
0.000190465
0.000595595
0.000388509
0.00066218
0.000192769
0.000389688
0.000181089
0.000313142
0.000985573
0.000150866
0.000535165
0.000326229
5.76748e-05
0.000552711
0.000138338
0.00119545
0.000251186
0.000153858
0.000607885
0.000660073
0.000190547
0.00032935
0.00264093
0.000509525
0.000189101
0.000151381
0.000330789
0.000390294
0.000402345
0.000310636
0.000487941
0.000277029
0.000106256
0.000793004
0.000442714
0.000309505
0.000127185
0.000123111
0.000506013
0.00028746
0.000497521
0.00055903
0.00054388
0.000518811
0.000707137
0.0259765
0.000399374
0.000374622
0.000458584
0.000263874
0.000336984
0.00033161
0.00027057
0.00048082
0.000166723
0.000239989
0.000280449
0.000269748
0.000272403
0.000454317
0.000456723
0.000206838
0.000282925
0.000203278
0.00172496
0.000464223
0.000134112
0.000916877
0.000285262
0.000435386
0.000454242
0.000320458
5.85399e-05
0.00063061
0.000184728
0.000275674
0.000119678
0.000440308
0.00106755
0.000302833
0.000428976
8.5855e-05
0.00429408
0.000352894
0.000667205
0.000379548
0.000426157
0.000327938
0.000225879
0.000374261
0.000126197
0.000389335
0.000542123
0.000536342
0.000489105
0.000476122
0.000324421
0.000199456
0.000490566
0.000686604
0.000666622
0.000374307
0.000317197
0.000145034
0.000194267
0.000317408
0.000962864
0.000261493
0.00017614
0.000381513
0.000277642
0.000333351
0.000175595
0.000701009
0.000421302
0.00032904
0.000648881
0.000760426
0.00061242
0.000187115
0.000644917
0.000397932
0.000525136
0.000113966
0.000475514
0.000420829
0.000207186
0.000356562
0.000420888
0.000320346
0.000376463
0.000212369
0.000464889
0.000547126
0.000252372
0.00217108
0.000264771
0.000216146
0.000242568
0.000578979
0.000458555
0.000597109
0.000215931
0.000302966
0.000606191
0.000336872
0.000970822
0.000488032
5.02359e-05
0.00297707
0.000439069
0.000676705
0.000389578
0.000256938
0.000491944
0.000225756
0.000275087
0.000751628
0.000531252
0.000208371
0.000545134
8.8314e-05
6.81341e-05
0.000128879
0.000428066
0.000821615
0.000688235
0.000167165
0.000595737
0.00022286
0.000212752
0.00029949
0.000244599
0.000329583
0.000270054
0.000485746
0.000538895
0.000181057
0.00092096
0.000372741
0.000417953
0.000822722
0.000290214
0.00056154
0.00046668
0.000195331
0.000644237
0.000486665
0.000542612
0.000448755
0.0019028
0.000840511
0.000329267
0.000259603
0.000586636
0.000103952
0.000304555
0.000536966
0.00025337
0.000550473
0.000341699
2.2e-05
0.00047951
0.00112299
0.000404793
8.6092e-05
0.00031571
0.000494705
0.000415119
0.000271477
0.00064228
0.000110043
0.00072427
0.000225853
0.000207953
0.000553446
0.000510877
0.000493193
0.000827848
0.000253578
0.000367477
0.000122986
0.00114518
0.000468882
0.000325047
0.000259961
0.000177325
0.000649021
0.000444234
0.000163144
0.000425303
7.16475e-05
0.000508367
0.000283465
0.000185683
0.000704268
0.000637633
0.000931643
0.00182633
0.000321674
0.000379944
0.000493668
0.000409132
0.000428008
0.000241845
0.000197977
0.000436265
0.000324592
0.000265781
0.000505299
0.000896689
0.000319843
0.000229212
0.000162573
0.000503305
0.000247921
0.000546545
0.000676321
0.000122998
0.000494293
0.000298975
0.000258438
0.0012905
0.000386252
0.00028806
0.000167928
0.000297492
0.000212822
0.000224709
0.000150364
0.000261091
0.00114921
0.000731393
0.000173671
0.000438414
0.000154445
0.000382126
0.000183807
0.000420729
0.000515993
0.000276111
0.000327519
0.000544635
0.000507118
0.000333716
0.000337949
0.000190836
0.000491288
7.11195e-05
0.000271902
0.000725357
0.000434412
0.000382531
0.000487206
0.00053084
0.000156825
0.000233848
0.00156479
0.000574888
0.000497936
0.000203187
0.000609703
0.000281953
0.000408764
0.000246908
0.00644579
0.000465734
0.00054948
0.000274518
0.00044329
0.000405246
0.000510612
0.000316544
0.000142636
0.000587293
0.000321416
0.000348271
9.47503e-05
0.000430425
0.000269972
0.000186246
0.00054204
0.000173404
0.000510315
0.0110094
0.000383168
0.000127323
0.00069242
0.000387141
0.000293198
0.00025708
0.000385526
0.00254702
0.000233227
0.000210582
0.000226688
0.00013048
0.000444297
0.000528395
0.00024067
6.53382e-05
0.000402596
5.53622e-05
0.000228559
0.000155095
0.000466366
0.00662976
0.000217123
0.000209813
0.00019717
0.000267146
0.000246428
0.00041253
0.000319995
0.000199859
0.000348735
0.000595282
0.00120866
0.000365785
0.000402393
0.000394227
0.000276424
0.000183377
0.000222262
0.00013207
0.000343877
0.000358335
0.000401838
8.38734e-05
0.00019517
0.000670498
0.000498689
0.000328829
0.00078949
0.000599229
0.000373589
4.59641e-05
0.000513469
0.000171462
0.000636897
0.000519048
0.000352138
0.000194554
0.00134903
0.000160788
0.000389405
0.000287922
0.000504347
0.000145367
0.000406546
0.000138981
0.000310859
0.000286251
0.000157049
0.00024172
0.000318383
0.000285541
0.000113844
0.000278459
0.000779481
0.000387444
0.000129768
0.000147345
0.000397773
0.000515333
0.0156128
0.00313277
0.000316539
0.000796608
0.000166926
0.000280703
0.000334707
0.00026029
0.000205221
0.00072086
0.00047488
0.000312645
0.000229656
0.000190428
0.000553015
0.000529708
0.000273594
0.000469084
6.98319e-05
0.00304604
0.00064239
0.000312192
0.000427094
0.000208498
0.000649502
0.000711169
0.000252543
0.000411676
0.000238799
0.000712601
0.000138063
0.000850491
0.000406815
0.000507887
0.000344564
0.000440018
0.000177592
0.000120378
0.000737197
0.000239429
0.00023539
0.000313999
0.000430643
0.00029084
0.000273379
0.00010169
0.000253081
0.000457287
2.79817e-05
0.000256798
0.000482391
0.000377148
0.000654465
0.000243504
0.000329579
0.000232209
0.000282054
0.000359349
0.000224919
0.000285091
0.000248747
0.00121232
0.000590534
0.00230114
0.000385577
0.000271191
0.000304642
0.000612725
0.000358869
0.000164749
0.000325005
0.00028322
0.000242227
0.000418345
0.00130502
0.000229698
0.000236789
0.000126738
0.000328274
0.000471188
8.87978e-05
0.000305797
0.000444056
0.000372106
0.000289189
0.00077069
0.00052941
0.000367463
0.00053874
0.000222205
0.000233302
0.000230746
0.000341573
0.000410383
0.000456805
6.06466e-05
0.000242743
0.000196972
0.000297915
0.000144573
0.000379792
0.000493092
0.000302962
0.000326105
0.000218241
0.000268013
0.000392613
0.000376512
0.000706379
0.000665876
0.00110384
0.000371545
0.000386732
0.000367078
0.000259718
0.000275532
0.000298697
0.000345411
0.00121108
4.66596e-05
0.000622138
0.000376283
0.00769839
0.000345257
0.00641053
0.00168759
9.77474e-05
0.00206822
0.000471382
0.000222115
0.000916557
0.000337812
0.000817648
0.000350378
0.000266873
0.000626913
0.000547136
0.000408121
0.000246965
0.000299565
0.000364106
0.000424226
0.000590805
0.00024054
0.000496496
0.000197972
0.000167073
0.000326375
0.000376014
0.000148981
0.00141885
0.000492479
0.000263945
0.000632881
0.000292352
0.000343242
0.000472479
0.000258489
0.000817984
0.000487375
0.000151014
0.000262377
0.000522537
4.78862e-05
0.000264809
0.000753656
0.000124942
0.00021924
0.000175898
0.000281249
0.000297907
0.000465361
0.000287539
0.000489864
0.0010648
0.000290406
0.000593054
0.00045791
0.000184133
0.00032606
0.000150906
0.000276971
0.000267588
0.000513104
0.000229971
0.000449589
0.000342189
0.000166731
0.000961404
0.000515095
0.000180401
0.000127485
0.00295579
0.000633372
0.000474582
0.000417218
0.000290661
0.000229163
0.000263219
0.000224144
0.000293065
0.000835781
0.000468319
0.00173156
0.000887514
0.000249406
0.000274438
0.000450973
0.00044158
0.000535722
0.000666365
0.000223282
0.000599312
0.000235281
0.000357444
0.000751321
0.000352592
0.000260343
0.000263252
0.000249262
0.000276802
0.00056883
0.000597821
0.000617694
0.000176971
0.000340625
0.000523422
0.00027637
0.00103563
0.000218311
0.000424302
0.000182519
0.000212777
0.00248097
0.000171096
0.000480216
0.00041082
0.000124903
0.000341171
0.00123647
0.000304725
0.000250523
0.000238077
0.000190976
0.000318127
0.000259175
0.000267014
0.000229629
0.000622681
0.000117743
0.000132442
0.000611517
0.000259345
0.000424163
0.000467484
0.000296331
0.00129741
0.000947565
0.000124953
0.000135028
0.000672478
0.000617859
0.00402472
0.000867055
0.000355306
0.000428244
0.000362259
0.000943084
0.000363446
0.000310716
0.000642817
0.000189504
9.90759e-05
0.000378581
0.000329126
0.000279606
0.000513594
0.000513139
0.000851003
0.00135345
0.000165433
0.000160563
0.00046329
0.000830013
0.000349109
0.000313984
0.00027943
0.000166899
0.000107748
0.000176038
0.000187214
0.00042002
0.000404923
0.00101679
0.000863348
0.000101028
8.23911e-05
0.000592408
0.000697189
0.000436938
0.00211973
0.000135334
0.000478456
0.000269297
0.000289628
0.000242125
0.000226656
0.000588091
0.000382294
0.000434
0.000139532
0.000288389
0.000338025
0.000429962
0.00210087
0.000575761
0.000476837
0.000361303
0.00119645
0.000511925
0.000432165
0.000706405
0.000292179
0.0021293
0.000385446
0.000749672
0.000313315
0.000106825
0.000328486
0.000256941
7.4307e-05
0.000572557
0.000396424
0.000227477
0.000196355
0.000220797
0.000274277
0.000743752
0.000561816
0.000840045
0.000575934
0.000113984
0.00021339
0.000994973
0.000548479
0.00196547
0.00157985
0.000148305
0.000258818
5.45655e-05
0.000329509
0.00037008
0.000749185
0.000213568
