0.00337674
0.00010674
8.47629e-05
0.000527801
0.000401411
0.000391083
0.00367422
0.000440614
0.000844472
0.00158595
0.000233959
0.000562181
0.000313977
0.000704393
0.000594642
0.000461671
0.000424264
0.000333955
0.000831948
0.000325363
0.000195817
0.000785645
0.000207748
0.000885173
0.00108042
0.00115285
0.000538691
0.000333783
0.000387026
0.000401584
0.00025362
0.00160182
0.000338528
0.00047772
0.000995077
0.00020692
0.000790354
0.000296785
0.000445235
0.000342772
0.000776327
0.000635536
0.000389966
0.000165682
0.000329234
0.000371754
0.000759286
0.00029753
0.00098394
0.000464042
0.000353548
0.000392681
0.000806868
0.000578703
0.000441323
0.000855389
0.000224903
0.00872035
0.00058451
0.000160516
0.000344342
0.000632945
0.000257435
0.000554476
0.000869478
0.0023871
0.000561185
0.000302067
0.000245256
0.00112066
0.000409075
0.000606641
0.000191036
0.000362476
0.000103087
0.000398895
0.00033355
0.000431827
0.000371301
9.73907e-05
0.000269859
0.00010486
0.000780752
0.000433868
0.00013506
0.000727561
0.000262347
0.000381825
0.00130801
0.000739572
0.000686223
0.00186633
0.000397117
0.000485452
0.000320147
0.000583255
0.000691387
0.000321386
0.00159148
0.000190642
0.00119305
0.000737859
0.000551993
0.000450584
0.00019677
0.000335459
0.000486924
0.000284117
0.00050943
0.00572555
0.000160827
0.000471086
0.000262923
0.000560914
0.000282055
0.00040506
0.00125332
0.000668994
0.00032851
0.00052374
0.000690262
0.000475725
0.000351451
0.000438951
0.000316284
0.000311753
0.000181751
0.000556174
0.00536188
0.000422656
0.000296989
0.000381075
0.000433992
0.00117956
0.000653598
0.000488468
0.000408424
0.000206009
0.000820258
0.000122799
5.16663e-05
0.000396609
0.000531527
0.000735479
0.000473647
0.000388002
0.00011976
0.000548402
0.000411215
0.00078935
0.00030937
0.000549032
0.000336417
0.000730604
0.00109807
0.000594395
0.000212764
0.00120733
0.000629306
0.000155606
0.000445779
0.000731851
0.000277143
0.000524078
0.00083559
0.000354481
0.000396079
0.000430996
0.000804065
0.000357793
0.000411538
0.000227637
0.000118935
0.000193402
0.000530441
0.000382367
0.00160267
0.000451285
0.000440446
0.00171984
0.000401534
0.000144999
0.000384195
0.000912503
0.000301944
0.00011867
0.000392673
0.000302391
0.00133656
0.00023641
0.000285205
0.00048716
0.000655824
0.000478458
0.00047814
0.000556423
0.00890212
0.000375823
0.000992322
0.00063454
0.000463211
0.00130084
0.000442022
0.000522323
0.000453367
0.000441715
0.000331107
0.000251765
0.000225438
0.000578207
0.000939776
0.00181885
0.000176653
0.00112385
0.000134898
0.000383581
0.00051827
0.000236816
0.000430267
0.000291689
0.00045574
0.000498627
0.000431421
0.00100395
0.00231117
0.000524844
0.00136433
0.000549833
0.000371417
0.000288396
0.000457094
0.000498779
0.000472427
0.204215
0.00235043
0.000139756
0.000368707
0.000631672
0.00116837
0.000825663
0.000286643
0.000418866
0.000378313
0.000728849
0.000277117
0.00029406
0.000636417
0.000243078
0.000430888
0.000730313
0.00119053
0.000339725
0.000483362
9.16123e-05
0.000212163
0.000688406
0.000815539
0.00039235
0.000259073
0.000360464
0.000335836
0.000334375
0.000660399
0.000155595
0.000481136
0.000162974
0.000188277
0.000329099
0.000252635
0.000934276
9.94725e-05
0.000605145
0.0010049
0.000438028
0.000203509
0.000112489
0.000305377
0.000217835
0.000377916
0.00784857
0.000330762
0.000333849
0.000426565
0.000303035
0.000205387
0.000119731
0.000224968
4.29032e-05
0.000233717
0.000528811
0.000511388
9.5192e-05
0.000885522
0.000152283
0.000872108
1.05354e-05
0.000616077
0.00012251
0.000364392
0.000242089
0.000364724
0.000485547
0.000665575
0.000451294
0.000723177
0.000217232
0.000155308
0.000716152
0.000413148
0.000230411
0.000310875
0.00101419
0.000679923
0.000746318
0.000868005
0.000401914
0.000332641
0.00051635
0.000539211
0.00106912
0.000360715
0.000620134
0.000315357
0.000858599
0.000454834
0.000888758
0.000336387
0.000228571
0.000371292
0.000415907
0.00114701
0.000627611
0.00032878
0.000268128
0.000223369
8.18816e-05
0.000532735
0.000236635
3.08265e-05
0.000536649
0.000433295
0.000433647
0.000274
0.000419131
0.000190796
8.63273e-05
0.000264197
0.000720397
0.000599993
0.00134979
0.000469963
0.000325548
0.000246441
0.000280646
0.000148346
0.000461578
0.000405182
0.00060058
0.000148814
0.000852326
0.000187506
0.00050031
0.00161022
0.000343992
0.000437206
0.00011543
0.000580035
0.000367897
0.000937535
0.000367074
0.000621165
0.000372394
0.000230605
0.000604021
0.00102552
0.00045888
0.000377216
0.000325269
0.000319843
0.000513856
0.000462063
0.00045861
0.000391319
0.000623602
0.000493673
0.000532318
0.000405596
0.00055289
0.000446429
0.000329417
0.000315828
0.000470562
0.00290618
0.00026376
7.83096e-05
0.000550554
0.0003955
0.000135085
0.000273417
0.000340862
0.000333494
0.00031445
0.000145803
0.00038251
0.000215655
0.00172699
0.000358597
0.000712205
0.000625661
0.00317023
0.000526174
0.00045544
0.000230707
0.00039534
0.000621387
0.000670355
0.000843656
0.000387134
0.000710614
0.00028239
0.000345877
0.000324414
0.000567775
0.000488044
0.000584353
0.000335945
0.000653091
0.00069152
0.000943677
0.00028793
0.000781701
0.000337171
0.000274514
0.000277101
0.000206479
0.000393124
0.000608342
0.000295472
0.000261369
0.000278571
0.000514875
0.000186139
0.000493913
0.000221592
0.000352284
0.000541538
0.000442002
0.000300028
0.000222395
0.000282752
0.000294054
0.00150974
0.000620857
0.00066713
0.00323365
0.000354219
0.000566443
0.000536743
0.00569692
0.000736478
0.000579841
0.000183338
0.000356486
0.00021317
0.000593861
0.000765024
0.00034578
0.000167686
0.00115918
0.0154227
0.000255187
0.000348828
0.000219034
0.00048939
0.000469637
0.000928175
0.000306755
0.000349699
0.000713966
0.000192618
0.000505325
0.000106266
0.000616585
0.000555063
0.0002118
0.000559782
0.000296274
0.000201067
0.000211272
0.000839936
0.000492358
0.000872157
0.00032414
0.00054555
0.000278541
0.000199813
0.000154926
0.000595728
0.000482565
0.000434943
0.00035235
0.000395701
0.000352502
0.00066394
0.000163314
0.000177218
0.00027679
0.00123015
0.000538561
0.000540851
0.000420343
0.000243438
0.000459217
0.000584671
0.000493159
0.000345671
0.00083587
0.000553695
2.08306e-05
0.000822071
0.00021981
0.00041629
0.000512667
0.000753276
0.000461247
0.0004748
0.000135723
0.000417353
0.000419824
0.000226195
0.000167397
0.00046116
0.00443747
0.00070103
4.84457e-05
0.000578972
0.00062442
0.000146849
0.000714436
0.000258135
0.000260967
0.000766187
0.000746006
0.0014507
0.000135814
9.14955e-05
0.0010574
0.000341167
0.000502128
0.000428882
0.000420106
0.00127322
0.000248072
0.000167147
0.000372146
0.000620947
0.000584009
0.000895538
0.000441863
0.000412859
0.000232799
0.000333033
0.000360666
0.000249154
0.00021019
0.00049925
0.000191002
0.00029347
0.00028337
0.000359814
0.000179685
0.000405872
0.000786339
0.000244566
0.000269325
0.000127803
0.000700465
0.000320431
0.000285164
0.000686182
0.000262365
0.00277569
0.000321542
0.00048374
0.000709595
0.000473114
0.000156494
0.000191102
0.000179435
0.000433619
0.00040793
0.000715146
0.000311255
0.000689537
0.000343126
0.000357253
0.000279147
0.000562323
9.9382e-05
0.000233075
0.000619024
0.000911813
0.00148635
0.000433248
0.000251013
4.45099e-05
0.000333699
0.000262812
0.000359659
0.000132715
0.000191042
0.0006463
0.000113822
0.000838865
0.000338458
0.00174531
0.000942602
0.00030608
0.000342434
0.00040973
0.00027764
0.000255888
0.000333401
1.38115e-05
0.000496756
0.00448574
0.000381468
0.000812426
0.00111787
0.000209315
0.000609676
0.000491148
0.00115683
0.000324947
0.000463837
0.00036458
0.000160519
0.000349979
0.00042997
0.000804422
9.86665e-05
0.000216021
0.00035912
0.000380234
3.44938e-05
0.000118389
0.00229307
0.000426868
0.000650544
0.000306995
0.000350785
4.33474e-05
0.000651173
0.000415839
0.000546391
0.000258477
0.0115037
0.000332427
0.000988685
0.000259694
0.000807714
0.00044577
0.000482893
0.000332256
0.00707503
0.000467015
0.000227346
0.000343418
0.00036777
0.000535919
0.000353293
0.000348719
0.000436071
0.00042715
0.00112001
0.000549781
0.00279445
0.000413275
0.000583008
0.00091787
0.000624859
0.000382776
0.000668993
0.00039733
0.0100912
0.000691767
0.000322984
0.000898264
0.000202377
0.000293078
0.000525366
0.000371225
8.32852e-05
0.000936697
0.00117947
0.000469928
0.000112998
0.000514095
0.000539485
0.000419979
0.000362642
0.000277943
0.000315891
0.000111388
0.000230998
0.00102662
0.000202721
0.000500477
0.000117741
0.000657196
0.000352894
0.000301501
0.00064157
0.000488799
0.000475186
0.000978448
0.000218104
0.00022845
0.000959565
0.000374323
0.000160623
0.00137391
0.000317605
0.000457836
0.000206275
0.000518865
0.000988273
0.00038217
0.000146559
0.000561483
0.000564087
0.000404211
0.000229703
0.000584215
0.000376805
0.000459698
0.000183108
0.000443013
0.000600161
0.000273714
0.00143891
0.000263485
0.000418618
0.000256772
0.00103062
0.000742756
0.000197891
0.000224089
0.000706317
0.00132037
0.000196436
0.00121835
0.000341827
0.000388116
0.000709022
0.000291021
0.00073981
0.000664516
0.000413585
0.000219663
0.000370908
0.00141985
0.000101232
0.000396876
0.000369806
0.000401164
0.000706694
0.000901382
0.000393163
0.000746531
0.000512819
9.68943e-05
0.002389
0.000498271
0.000120135
0.000405562
0.00114908
0.000197246
0.000403043
0.000207987
0.000408595
0.0012682
0.00113836
0.000408711
0.000683211
0.000362399
0.000590981
0.000181299
0.000750882
0.00051329
0.000402099
0.000290344
0.0114699
0.000355553
0.000603722
0.000387556
0.00030053
0.000271041
0.000518911
0.000143749
0.000616781
0.000172221
0.000412224
0.000207806
0.00038409
0.000548741
0.000893446
0.000637879
0.000120663
0.000964619
0.000498615
0.000513198
0.000182115
0.000457708
0.000747512
0.000720422
0.000188612
0.000301772
0.000324504
0.000436754
0.00028431
0.000112212
0.000521978
0.000363932
0.000255279
0.000466051
0.000247549
0.000637083
0.00033453
0.000590459
0.00013125
0.000215528
0.00124369
0.0005518
0.000745868
0.000201043
0.000463427
0.000618676
0.000170901
0.000790541
0.00129194
0.000315396
0.000467961
0.000244765
0.00180656
0.00141197
0.00120758
0.000172314
0.00023075
0.000509649
0.000850918
0.000597431
0.00052643
0.000819199
0.000215131
0.00701672
0.000599403
0.0007651
0.000169878
0.000411369
0.000441972
0.000496719
0.000900976
0.000148779
0.000348417
0.00064534
0.000875045
0.000506417
0.00025974
0.00125784
0.00163355
0.000212888
0.000520573
0.000288598
0.0006376
0.000537208
7.71665e-05
0.000303028
0.000246376
0.000448988
0.000232757
0.000466335
0.000934598
0.000393537
5.67604e-05
0.000750946
0.000323164
0.000384951
0.000815935
0.000119038
0.000814372
0.000218987
0.000707016
0.00029055
0.000243313
2.12284e-05
0.000309737
0.000344403
0.000486618
0.000212992
0.000430585
0.000267455
0.000330805
0.000308477
0.000144704
0.000596879
0.000435202
0.000926587
0.000239045
0.000548281
0.000520102
0.000297247
0.000189214
0.000187056
0.000224531
0.00848728
8.05051e-05
0.0001895
0.000359602
0.000748599
0.000426305
0.000360367
0.000298134
0.000985093
0.000538754
0.000498305
0.000823751
0.0004182
0.000357725
0.000320194
0.000665874
0.000551213
0.00053302
0.000601192
0.000280854
0.000631711
0.000518163
0.000892459
0.000125876
0.000327205
0.00058319
0.000674337
0.000752306
0.00029901
0.000261295
0.000559901
0.000920894
0.000263078
0.000971012
0.000347199
0.000367188
0.000420977
0.000434391
0.000279704
0.000390227
0.00063644
0.000704471
0.000207802
0.000114922
0.000184286
0.000414337
0.000267176
0.000923354
0.000722205
0.000289397
0.000126713
0.00025741
0.000657484
0.000273191
0.000630954
0.000433155
0.000203701
0.000546865
0.000421533
0.000337169
0.000457054
0.000377229
0.000140263
0.000454596
0.000481295
0.000337642
0.000281675
0.000276619
0.000124697
0.000458034
0.000397877
0.000351539
0.000335573
0.000252817
0.00100228
0.000453523
0.000671573
0.000251422
0.000697109
0.00050206
0.00100038
0.000242075
9.67704e-05
0.000764365
0.00026055
0.000481846
0.00018501
0.000483569
0.000547842
0.000471672
0.000638267
0.00288919
0.00108774
0.000316332
0.00075976
0.000570378
0.000656673
0.00100516
0.000317649
0.000239232
0.000428794
0.000365224
0.00112888
0.000425306
0.000370772
0.000314643
0.000328184
0.000271162
0.000320083
0.00104001
0.000194787
0.00029003
0.00026267
0.000377966
0.000398152
0.000787883
0.00136608
0.000108642
0.000286286
0.000469887
0.000315882
0.000273326
0.000198942
0.00137732
0.000275488
0.000378596
0.000540743
0.000978003
0.000424795
0.000236738
0.000467056
0.000898054
0.000293647
0.000431573
0.000862245
0.000357712
0.000359458
0.000300339
0.000747527
0.000536327
0.000901323
0.000462675
0.000625233
0.000633784
0.000505405
0.000229013
0.000369706
0.000523516
0.0002515
0.000915043
0
0.000355925
0.000595609
0.000597687
0.000344361
0.00122339
0.000795393
0.000354255
0.000896001
0.000400079
0.000340559
0.000592191
0.000338973
0.000232634
0.000143994
0.000748987
0.00120055
0.000362627
0.000343429
0.00430616
0.000211029
0.000345942
0.000691336
0.000456304
0.0028822
0.0019199
0.000346263
0.00170495
0.000352286
0.000737401
0.000346976
0.00115916
0.000694576
0.00085907
0.00053236
0.000651433
0.000416504
0.000576944
0.000397398
0.000322749
0.000317111
0.000438785
0.00058796
0.000456192
0.00282828
0.000161002
0.000457378
0.000310839
0.000466999
0.00457707
0.000918422
1.79481e-05
0.000232469
0.000466143
0.00120976
0.000173219
0.000577145
0.000485548
0.00110857
6.85158e-05
0.000615546
0.000347641
0.000318578
0.000182726
0.000428225
0.000876276
0.000559213
0.00044062
0.00124796
0.000236165
0.000343995
0.00041949
0.000511494
0.000329921
0.000155851
0.000142921
0.000311377
0.000338475
0.000227365
0.00053713
0.000431941
0.000278854
0.000335065
0.00181884
0.00051698
0.000473075
0.000450063
5.01942e-05
0.000497021
0.000702544
0.000484325
0.000749189
0.00023826
0.000407345
0.00172023
0.000211078
0.000758982
9.09326e-05
0.000380779
0.000289731
0.000300851
0.000828638
0.000349832
0.00037861
0.000305903
0.000335269
0.00136771
0.000598199
0.000910284
0.00273506
0.000808093
0.000684741
0.000646644
0.000522797
0.00031361
0.000371609
0.000337837
0.000735514
0.000314301
0.000211435
0.000580047
0.00119764
0.000284926
0.00105762
0.000326974
0.000548612
0.000799905
0.000338454
0.000920401
0.000288645
0.000185095
0.000156275
0.000875724
0.000659474
0.000135911
0.00113529
0.000522524
0.000586243
0.000661461
0.000684034
0.000335824
0.000394263
0.000465213
0.000838185
0.0012831
0.000740929
0.00039334
0.000523209
0.000258031
0.000454809
0.000303792
0.0022023
0.000222058
0.000310877
0.000235612
0.000206052
0.000485783
0.000595111
0.0006833
0.000334465
0.000252169
7.46214e-05
0.000466154
0.000248594
0.000104319
0.000214626
0.000321061
0.000299249
0.000333415
0.000431181
0.00105001
0.000684198
0.000346779
0.000644389
0.000371704
0.000501691
0.000920261
0.00042313
0.000699407
0.000432363
0.00129125
0.000347124
1.01904e-05
0.000424466
0.00022582
0.000328138
0.000294667
0.000155885
0.000444978
0.000721655
0.000276179
0.000195101
0.000775673
0.000189273
0.000248368
0.00184416
0.000837258
0.00032537
0.000159339
0.00140803
0.000392796
0.000861091
0.00057365
0.000455211
0.00248907
0.00160512
0.000327762
0.000318178
0.000242946
0.000218232
0.000634016
0.000210447
0.000473707
0.000390638
0.000290087
0.00684804
0.000163116
0.00263399
0.000182983
0.000579709
0.00100258
0.000565747
0.00173819
0.000341282
0.000332712
0.000264583
0.000422878
0.000416948
0.000630998
0.000382004
0.000205451
0.000120773
0.000243887
0.00053449
0.000384606
0.00182992
0.00221234
0.000291109
0.000293444
8.88605e-05
0.000446652
0.000334218
0.000351638
0.000409457
0.000243368
0.000394444
0.000662444
0.000755836
0.000188143
0.000438743
0.000400455
0.000297529
0.00056947
0.000373905
0.000533334
0.00016859
0.000374713
0.000410119
0.000258347
0.000268836
0.000152331
0.000113441
0.0012904
0.000327774
0.000670297
0.000619296
0.000451414
0.000346472
0.000778634
0.000765681
0.000280055
0.000181713
0.000241088
0.000381465
0.0002205
0.00105427
0.000563385
0.000347121
0.000359391
0.000121148
0.000101161
0.000340359
0.000938691
0.000326709
0.000645402
0.00033706
0.000268179
0.00109252
0.000391265
0.000852469
0.00059172
0.000571762
0.000300548
0.0006015
0.000263295
0.000539605
0.000526336
0.000903497
0.000919486
0.000386221
0.00286388
0.000238644
0.000430679
0.000238573
0.000482181
0.000646986
0.000389332
0.00023051
9.63193e-05
0.000608569
0.00190571
0.000573509
0.00101974
0.00122205
0.000403366
0.000703385
0.00077363
0.000457421
0.000512091
0.00121754
0.000424958
0.000136768
0.000493543
0.000424068
0.000488886
0.000751993
0.000383007
0.000302505
0.000424157
0.000140108
0.000419393
0.000592113
0.000666854
0.000409004
0.000751152
0.000414918
0.000404607
0.00141195
0.000400172
0.000489329
0.000729684
0.000235024
0.000341111
0.000377947
0.00152704
0.000367032
0.000389819
0.000603302
0.000972448
0.000207492
0.000751063
0.000476585
0.000366504
0.000636236
7.57229e-05
0.000492432
0.000399843
0.00132634
0.000348791
0.000486826
0.000622015
0.000398985
0.000655797
0.000539242
0.000426766
0.000501559
0.000579011
0.000169485
0.000654957
0.000669244
0.00042806
0.000333917
0.000291486
0.0012904
0.000925336
0.000844968
0.000669608
0.0011497
0.000206754
0.000252101
0.000197503
0.000233821
0.000195542
0.000237262
0.000159133
0.00058345
0.000421429
0.000267589
0.000658097
0.000840959
0.00168535
0.000326159
0.00100971
0.000284724
0.0003871
0.000546694
0.00103788
0.00071308
0.000341413
0.000378107
0.000384492
0.000133218
0.000547581
0.000557709
0.000541246
0.000247297
0.00048123
0.000545733
0.000393114
0.00173096
0.000964472
0.000687614
0.000245194
0.000528435
0.000263668
0.000463265
0.000264185
0.000478952
0.000545813
0.000797079
0.000672941
0.00043127
0.00303306
0.000589311
0.0003418
0.00033989
0.00083932
0.000193506
0.000846175
0.0042244
0.00016259
0.000267995
0.000371375
0.000274071
0.000470098
0.000314049
0.00687293
0.000769265
0.000868475
0.000778404
0.000355524
0.000103381
0.000366783
0.00103024
0.000172185
0.000531538
0.00383808
4.4308e-05
0.000226377
0.000250432
0.000875933
0.00043055
0.000279011
0.00684869
0.000790215
0.000150874
0.000391629
0.000332149
0.000767889
0.00109447
0.000156164
0.000514903
0.000294681
0.000893236
0.000575014
5.9786e-05
0.000277349
0.000509731
0.000319076
0.00101886
0.000105113
0.000245908
0.000315652
0.000518294
0.00035463
0.000606341
0.000291227
0.000756208
0.000447415
0.000216043
0.00134654
0.000195631
0.000437826
0.000538138
0.000696223
0.000394726
0.000180938
0.000439371
0.000269605
0.000442691
0.000633827
0.00133014
0.000303149
0.000248051
0.000767787
0.000295692
0.000656027
0.000251899
0.000744034
0.000679124
0.00104109
0.00124055
0.00107415
0.000104614
0.000302335
0.000672144
0.000526268
0.000179047
0.000436689
0.000496677
0.000491581
0.000349423
0.000641365
0.00031105
0.000248876
0.000354717
0.000598391
0.000803263
0.000563992
0.000870979
0.000297938
0.000172713
0.000176958
0.00122973
0.00170907
0.000545459
0.000981642
0.000456825
0.00114532
0.000608949
0.000586476
0.000102376
0.000807794
0.000354762
0.000645955
0.000718338
0.000764853
0.00013179
0.000429053
0.000942474
0.000461022
0.000228307
0.00043139
0.000291335
0.000465558
0.000596719
0.00047012
0.000165214
0.0003463
0.000466466
0.000383784
0.00445689
0.000727847
0.000256715
0.000536137
0.000454601
0.000117693
0.000202499
0.000515301
0.000244551
0.000261205
4.63537e-05
0.00110016
0.000415731
0.000223081
0.000430707
0.000111141
0.000174903
0.000301621
0.000602833
0.00153602
0.000426453
0.00022145
0.000717821
0.000320726
0.00205171
0.000297532
0.000217241
0.00796787
0.0014583
0.000368821
0.000865713
0.00126548
0.000445119
0.00041182
0.000562124
0.000487635
0.000391576
0.000413875
0.000476634
0.000239078
0.000358021
0.00031524
0.000631914
0.000257275
0.000475041
0.00123682
0.000236723
0.000342032
0.000930092
0.000461601
0.000260151
0.00119774
0.000408145
0.000624046
0.000220586
0.000604036
0.000157504
0.000459163
0.000307089
0.000136538
0.000556237
0.000457987
0.000662242
6.07949e-05
0.000317738
0.000572938
0.000429636
0.000294715
0.00025595
0.000744074
0.000475112
0.00039232
0.000885194
0.000276912
0.000301557
0.000353777
0.000362202
0.000330498
0.000220889
0.000228241
0.000595294
0.0019235
0.00045469
0.000550246
0.000707023
0.000304328
0.000109249
0.000440773
0.000763851
0.000311219
0.000468157
0.000484932
0.000464789
0.000219013
0.000102435
0.000513528
0.000285644
0.00034485
0.000757778
0.000525847
0.000463701
0.000135841
0.00055083
0.000248603
8.22581e-05
0.000268912
0.000421405
0.00477633
0.000115186
0.000658287
0.000202072
0.000556496
0.00215496
0.000608729
0.000257632
0.000206679
0.000653391
0.000242739
0.000416345
0.000359808
0.000385693
0.00227987
0.000226179
0.00109837
0.000524859
0.000146088
0.000663302
0.000834678
0.000216538
0.000593937
0.000518766
0.000303678
0.000659526
0.00115095
0.000117079
0.000584649
0.000541995
0.000228297
0.000482401
0.000639158
0.000187386
0.000388009
0.000535749
0.00030215
0.00029021
0.00126404
0.000681772
0.000228572
0.000298313
0.000432134
0.000814461
0.000470976
0.000364643
0.000724996
0.000822149
0.000455242
0.000311766
0.000594544
0.000553666
0.000178849
0.000386847
0.000270749
0.000525581
0.00115261
0.000255577
0.00046362
0.000206804
0.000151992
0.000429573
0.000593741
0.000257569
0.0002987
0.000250364
0.000308631
0.000379749
0.000277339
0.00024587
0.000565004
0.000466672
0.000722376
0.000350248
0.000252851
0.000553619
0.00039146
0.000355761
0.000270917
0.000787997
0.000430203
0.000424914
0.000337012
0.000406634
0.000253684
0.00063453
0.000201692
0.00016767
7.93311e-05
0.000698334
0.000263109
0.000144642
0.000497506
0.000206255
0.00566696
0.000296094
0.00334347
0.000178414
0.000255241
0.00588786
0.0007344
0.000315892
0.000333592
0.000534552
0.000485209
0.000399235
0.000370419
0.000401078
0.000834644
0.000943309
0.000243272
0.00080333
0.000180917
0.000302783
0.000269322
0.000281676
0.00056596
0.000960785
0.000310918
0.000306007
0.000462439
0.00036066
0.000368586
0.000202819
0.000281966
0.000552034
0.00029501
0.000605654
0.000305383
0.000322995
0.000482766
0.00032707
0.000430576
0.000563206
0.00049311
0.00013009
0.000419042
0.00119612
0.000445507
0.000652736
0.00306513
0.000156215
0.00502794
0.000257272
0.000170002
0.000186841
0.000281491
0.000518679
0.000319277
0.000312418
0.000484409
0.00036549
0.000405326
0.000397894
0.000830808
0.000576728
0.000625477
0.00033699
0.000331691
0.000558487
8.53392e-05
0.000256557
0.000329416
0.000363745
0.000901272
0.000699456
0.00038058
0.000368456
0.000389224
0.00179912
0.000397457
0.000313409
0.000353792
0.000529074
0.000731737
0.000548805
0.000670026
0.000321463
0.00131886
0.000232113
0.000245743
0.00018954
0.00150994
0.000191209
0.000285983
0.000178595
0.000365206
0.000642324
0.000374256
8.40996e-05
0.000146813
0.000750154
0.000489178
0.000587206
0.000110264
0.000346816
0.00028481
0.000409922
0.00107456
0.000500165
0.00230807
0.000216194
0.000773043
0.00051901
0.000488149
0.000417163
0.000523489
0.000299523
0.000405832
0.00060542
0.000139892
0.0138461
0.000118991
0.000353001
0.00234075
0.00106398
0.0003107
0.000333018
0.000317541
0.000460932
0.000718239
0.000630418
0.000625223
0.000730361
0.00122811
0.000296264
0.00104404
0.000363976
0.000887039
0.000463549
0.000623286
0.000455146
0.000225889
0.000141459
0.000699526
0.000364179
0.00043044
0.000350407
0.0004093
0.000533633
0.000176974
0.000411254
0.000421269
0.000383708
0.000641395
0.000305488
0.000408917
0.000318447
0.000370599
0.000126912
0.00108997
0.00042115
0.000915301
0.000144451
0.000396026
0.000420471
0.000390418
0.000645445
0.000331021
0.00140833
0.000287616
0.000168931
0.00036976
0.00040162
0.000237858
0.000296393
0.000341088
0.000585273
0.000395857
0.000498192
0.000593287
0.0011347
0.000255797
0.000477065
0.000189181
0.0133021
0.000654024
0.000429271
0.000536655
0.000328768
0.000921084
0.000535059
0.000157105
0.000508131
0.000388559
0.000668222
0.000384862
0.00104531
0.000236386
0.000976006
0.00159295
0.000568107
0.000231711
0.000672126
0.000408452
0.000344404
0.000110137
0.000377294
0.000310018
0.00138716
0.00101821
0.000431502
0.000274378
0.000437065
0.000282617
0.00042018
0.00128522
0.000651037
0.000624868
0.000430016
0.000443969
0.00042739
0.000872919
0.000480369
0.000425567
0.000596735
0.00071807
0.000924411
0.000320861
0.00104457
0.000371306
0.000308585
0.0003437
0.000454335
0.000472274
0.000445066
0.00115721
0.000458215
0.000455609
0.000261919
0.000117667
0.000288216
0.000782468
0.000283207
0.000602262
0.000573134
0.000120751
0.00021503
8.39806e-05
0.000482106
0.000273296
0.000427252
0.000701748
0.00108351
0.000696092
0.000309005
0.000205638
0.00030402
0.000399424
0.0003104
0.000477676
0.00178259
0.000800738
0.000441773
0.000817476
0.00147148
0.000209754
0.00122941
0.000140539
0.000228832
0.00315376
0.000534422
0.00044405
0.00047484
0.000411385
0.0006639
0.000358597
0.000330836
0.000223818
0.000222963
0.000326989
0.000739978
0.000238496
0.000338322
0.000721571
0.000699875
0.000609855
0.000413869
0.00059393
0.00090831
0.000878479
0.00191274
0.000338774
0.0021277
0.000327218
0.000359036
0.000460371
0.000704935
0.000420071
0.000372854
0.000291889
0.000629086
0.000633465
0.00026287
0.00018732
0.0005966
0.000164429
0.000215054
0.00129242
0.000851574
0.000259703
0.000578334
7.12156e-05
0.000413499
0.000144805
0.000219933
0.00120382
0.0007053
0.000647586
0.00075997
0.00171182
0.000370362
0.00206592
0.000281541
0.000337583
0.00108006
0.000498096
0.000290276
0.00106587
0.000521522
0.00069255
0.000399611
0.000311761
0.000304508
0.000565253
0.000994565
0.000599196
0.000282584
0.000324699
0.000735022
0.00069311
0.000158368
0.000284006
0.000458351
0.00102227
0.000648883
0.000430289
0.000715423
0.000352703
0.000560807
0.000401272
0.000755196
0.000700931
0.000693781
0.000194595
4.37746e-05
0.000365981
0.000715332
0.00296208
0.000182738
0.000598361
7.61362e-05
0.00149186
0.00160788
0.000127726
0.000591784
0.000561106
0.000291945
0.00191762
0.00076532
0.00076893
0.000882259
0.00051335
0.000653017
9.95469e-05
9.59616e-05
0.000343238
0.000445705
0.000535626
0.000771927
0.000494971
0.000501564
0.000207349
0.000315598
0.000185508
0.000216014
0.00141208
0.000462317
0.000547322
0.000989279
0.00134646
0.00126088
0.000632341
0.000365523
0.000295326
0.00102015
0.00113055
0.000534123
0.000250757
0.000558983
0.00158165
0.000223532
0.00029713
0.000450183
0.00808039
0.000388233
0.000584719
2.19168e-05
0.000404651
0.000603102
0.000737832
0.000238675
0.000348855
0.000421995
0.000222573
0.000493507
0.000410278
0.000259003
0.000560122
0.00054875
6.54997e-05
0.000786624
0.000515915
0.000794803
0.000398549
0.000285024
0.000350521
0.000330627
0.000556954
0.00109706
0.00077574
0.000194223
0.000149967
0.000725197
0.000114147
0.000554364
0.000246478
0.000363737
0.000497393
0.000284913
0.000286005
0.000635914
0.00075872
0.000469511
0.000557802
0.000309301
0.000159294
0.000625537
0.00042622
0.000408602
0.00127427
0.0035941
0.000368444
0.000365765
0.000449189
0.000774069
0.000787506
0.00139574
0.000234533
0.000575399
0.00042646
0.000541643
0.000410085
0.000422686
0.000570063
0.000756533
0.000364774
0.000302789
0.000697771
0.000663379
0.000429835
0.000450642
0.000946427
0.000360304
0.00111146
0.00294159
0.000351962
0.00073058
0.000420985
0.00048708
0.000632723
0.000742186
0.000377345
0.000698334
0.000323631
0.000379929
0.000332307
0.000624806
0.000415265
0.00151935
0.000314506
0.000518807
0.000331928
0.000246186
0.000266492
0.000639079
0.000377556
0.000603774
0.000248959
0.000188067
0.000149592
0.000668038
0.0047629
0.000471023
0.000559509
0.000218766
0.000327057
0.000447561
0.000287261
0.000238089
0.000367124
0.000209619
0.000494955
0.000719621
0.000305397
0.000268586
6.08376e-05
0.000611155
7.73683e-05
0.000302326
0.000498575
0.000278165
0.000449006
0.000350615
0.000121877
0.000536695
0.0014626
0.000290421
0.000440699
0.00141054
0.000316824
0.00265873
0.000180474
0.000984721
0.000400689
0.00247324
0.000721863
0.000290035
0.000911485
0.000941995
0.00275516
0.00049414
0.000573547
0.000441911
0.000179971
0.000177682
0.000261534
0.000646482
0.000325352
0.000697618
0.00111151
0.000612429
0.000855798
0.00054151
0.000214827
0.000167565
0.000193943
0.000756028
0.0001968
0.000295106
0.000405952
0.000792319
0.000458274
0.000184264
0.000172482
0.00036213
0.000379274
0.000250917
0.00185292
0.000773056
0.000703609
0.000291516
0.000254345
0.000244504
0.00059143
0.000453093
0.000452835
0.00458235
0.000640106
0.000498695
0.00050137
0.00184401
0.000281245
0.000967694
0.000378387
0.000228293
0.000686148
0.000728548
0.000615817
0.000517726
0.000364249
0.000272363
0.000449015
0.00105896
0.000332792
0.00208024
0.00114176
0.000144392
0.00062506
0.00614676
0.00154279
0.000374455
0.00048035
0.000497373
0.00101982
0.00020754
0.000274688
0.00145752
0.000199777
0.000299724
0.000548314
0.000250013
0.000116197
0.000745164
0.000682395
0.000228177
0.00029004
0.000336027
0.000336264
0.000247991
0.000322759
0.000482144
0.00050061
0.000527828
0.000949634
0.000614034
0.000169793
0.000394995
0.00133059
0.000206433
0.000371643
0.000257776
0.000229918
0.000647868
0.000286545
0.000716161
0.00115402
0.00134473
0.000998987
0.00031638
0.000216603
0.000478979
0.000136509
0.000342089
0.000301042
0.000447338
0.000520092
0.000445319
0.000230956
0.000701258
7.10243e-05
0.000538402
0.000665815
0.000613711
0.000644538
0.00106514
0.000271509
0.000238784
0.000365586
0.000561604
0.000895126
0.000363576
0.00062581
0.000267691
0.00049351
0.000232218
0.000102597
0.000342141
0.000228687
0.000311906
0.000353918
0.000918729
0.000640502
0.00069882
0.000670533
0.000348062
0.000531249
0.000363778
0.000299024
0.000381407
0.000336115
4.50717e-05
0.000535057
0.000346771
3.98472e-05
0.000561802
0.000301005
0.00091906
0.000291887
0.000293171
0.000395797
0.00137799
0.000256218
0.000347262
0.000255793
0.000232515
0.000690196
0.000209723
0.000291135
0.000241745
0.000263906
0.000462281
0.000532743
0.000288052
0.000953496
0.00104968
0.000509934
0.000462691
0.000801765
0.000546085
2.34763e-05
0.000316767
0.000290824
0.000149758
0.000480408
0.000280502
0.000629526
0.000448078
0.000443184
0.000143938
0.00013757
0.000345967
0.000563606
0.000751754
0.000621026
0.000563527
0.000407524
0.000517524
0.00123213
0.000734872
0.00043107
0.000204238
0.000283637
0.000610293
0.000558759
0.0002275
0.000619494
0.000266347
0.000516055
0.000344083
0.000531028
0.000429041
0.0003639
0.000362202
0.000248609
0.000922048
0.000670423
0.000379166
0.000182983
0.000237916
0.000142937
0.000460778
0.000425446
0.000801938
0.000295892
0.000176095
0.000707093
0.00102801
0.000391878
0.000137279
0.000306742
0.000318466
0.000338825
0.000416574
0.00220092
0.000618841
0.00051662
0.000520932
0.000413642
0.000210873
0.000477782
0.000715395
0.000753422
0.000581959
0.000415241
0.000480391
0.000188311
0.000952598
0.000414926
0.000497601
0.00585828
0.000394705
0.00115556
0.000428665
0.000797631
0.000440178
0.000236816
0.000555776
0.000694019
0.000520803
0.000462999
0.000345096
0.000112394
0.000243377
0.000881836
0.000736969
0.00102352
0.00025471
0.000409542
0.000781257
0.000490319
0.000285275
0.000466703
0.000837273
0.000506817
0.000459279
0.000845793
0.000156437
0.000302588
0.000523272
0.000537481
0.000363143
0.000415371
0.000334614
0.000377493
0.000194339
0.000598924
0.000676026
0.000430108
0.000294312
0.000536261
0.000459518
0.000227011
0.000537637
0.000400341
0.000308302
0.000477433
0.000293445
0.000638683
0.000463329
0.00021837
9.7315e-05
0.00229306
0.000566637
0.000209415
0.000159748
0.000164369
0.00075515
0.000141166
0.000480044
0.000295854
0.000862075
0.000205643
0.00448136
0.000223824
6.55673e-05
0.000316653
0.000173713
0.000215593
0.000140615
0.000744465
0.000953
0.000608865
0.000322567
0.000347524
0.000353733
0.000445056
0.00109563
0.00078393
0.000440237
0.00043153
0.0003071
0.0013234
0.000466401
0.000544512
0.000610019
0.00230778
0.000337324
0.000727105
0.000163059
0.000315021
5.85e-05
0.000693967
0.000624515
0.000665326
0.000459326
0.00115712
0.00127024
5.68445e-05
0.00020247
0.000107044
0.000145379
0.000180614
0.000379313
0.000443828
0.00132181
0.000390925
0.000285855
0.000415839
0.00030589
0.000453253
0.000675023
0.000360815
0.00160075
0.000255994
0.000674849
0.000243742
0.000175656
0.000356939
0.000992249
0.000975328
0.000286826
0.000320514
0.000727419
0.00150119
0.000114509
0.000295582
0.000270657
0.000154423
0.000500701
0.000860699
0.00053471
0.000387435
0.000392661
0.000493944
0.000392849
0.000114502
0.000627148
0.000495991
0.00061018
0.00158626
0.000353547
0.000324162
0.000954054
0.000244552
0.000989631
0.000358227
0.000344304
0.000325699
0.000448593
0.000670461
0.000773898
0.00021338
0.000269232
0.000243635
0.000831496
0.000450716
0.000331966
0.000721456
0.000735141
0.000593168
0.00122015
0.000142818
0.00104086
0.000257836
0.000412648
0.000946216
0.00136946
0.000524879
7.75999e-05
0.000175503
0.00142333
0.000535117
0.00210649
0.000362457
0.000207224
0.00106734
0.000354717
0.000827136
7.41085e-05
0.000430644
0.000678636
0.000173073
0.000638557
0.000553488
0.000240678
0.00029956
0.000391061
0.000474074
0.000212649
0.000364261
0.00760842
0.000324746
0.000598984
0.000564019
0.000746935
0.000178721
0.000578447
0.000542046
0.000296657
0.00140523
0.000472608
0.00191473
0.00347471
0.000225352
0.000444994
0.000610181
0.00106182
0.000994568
0.000744039
0.00042573
0.000451885
0.000354395
0.000581307
0.000699453
0.000520157
0.000311632
0.000934544
0.000874094
0.000654973
0.000383868
0.000784442
0.00141949
0.00031992
0.000618334
2.75497e-05
0.00035139
0.000120031
0.000233404
0.000557815
0.000458557
0.000210745
0.000863306
0.000243797
0.000221296
0.000358569
0.000110596
0.000143652
0.00048328
0.000583236
0.000219949
0.00108756
0.000622712
0.00121097
0.000153538
0.000523886
0.00151199
0.000364566
0.000667601
0.00033712
0.000310124
0.000149952
0.000582037
0.000667183
0.000955745
0.000510703
0.0012302
0.000524026
0.000251576
0.00109043
0.000221533
0.000216428
0.00257114
0.00054738
0.000592278
0.000235214
0.000583533
0.00064057
0.000554415
0.000590072
0.000592816
0.000603146
0.000154575
0.000526167
0.000950543
0.000368426
0.000305182
0.000755484
0.000395766
0.000891121
0.00165905
0.000108602
0.000385144
0.000226868
0.000592563
0.000248794
0.000389287
0.000355712
0.00045846
0.000349748
0.000273002
0.000675042
0.00086626
0.000420212
0.000800941
0.00172836
0.000464435
0.000453568
0.000561806
0.000628992
0.000429022
0.00077491
0.000407835
0.000490947
0.000428779
0.00045276
0.000228923
0.00627773
0.00114606
0.00045422
0.000114702
0.000348062
0.000366148
0.000434648
0.000997435
0.000314589
7.82797e-05
0.000506784
0.000379118
0.00049626
0.000316387
0.000397
0.000610554
0.000556556
0.000219728
0.00598553
0.000138829
0.000353968
0.000495956
0.000559592
0.000137294
0.00039262
0.00132704
0.000467986
0.00230841
0.000115433
0.000358986
0.000279012
0.000185729
0.000755263
0.00189516
0.000403575
0.00115727
0.000420257
0.00408212
0.000327973
0.00086685
0.000222032
0.000434807
0.000480599
0.000482018
0.000432666
0.000685963
0.00114632
0.000236126
0.000226062
0.000836735
0.000299638
0.000448863
0.000385851
0.00233301
0.000172939
0.000239505
0.000286123
0.00124177
3.50494e-05
0.000404059
0.000326549
0.000270394
0.00055608
0.00073322
0.00151344
0.000421788
0.00041703
0.000463633
0.000924061
0.000290358
0.00111758
0.000356472
0.000192339
7.72423e-05
0.000562163
0.000522529
0.000238828
0.000606365
0.000522121
0.000895239
0.000528629
0.000634474
0.000305155
0.000244771
0.000282942
0.000523446
0.0003567
0.0101609
0.000152114
4.09067e-05
0.000550071
0.000448384
0.00061865
0.00159374
0.000979671
0.000266986
0.000358116
0.000329388
0.000414923
0.000518842
0.000622496
0.000591268
0.00132489
0.00259097
0.000398157
0.000600879
0.000470458
0.000201761
0.000506662
0.00063519
0.00056521
0.000376104
0.000181399
0.000984701
0.0014686
0.00372717
0.000435458
8.44825e-05
0.000690582
0.000743111
0.000465112
0.000531935
0.000390431
0.000445431
0.000227057
0.000499017
0.000428194
0.000737586
0.00090257
0.000312165
0.00022394
0.000773573
0.000685418
0.00130078
0.000267864
0.00110185
0.000339938
0.000899299
0.000237295
0.000710624
0.00145834
0.00114476
0.000248575
0.00144384
0.000340526
0.0012258
0.000500202
0.000619644
0.000716434
0.000291475
9.79291e-05
0.000405279
0.000501719
0.000302814
0.000222381
0.000260505
0.000397647
0.000450096
0.00209887
0.000459549
0.000690479
0.000325218
0.000493153
0.000326126
0.00036122
0.000325603
0.0016809
0.000402058
0.000281683
0.000821492
0.000624617
0.000212387
0.0005784
0.00132823
0.000471664
0.000170992
0.00031012
0.000170247
0.000671714
0.000388276
0.000314426
0.000516407
0.000601579
0.000265033
0.000352767
8.21119e-05
0.000367064
0.000685674
0.000536927
0.000752867
0.000710061
0.00057872
0.000437557
0.000438762
0.000744134
0.000683852
0.000610994
0.000173342
0.000891196
0.000434846
0.000141901
0.000183052
0.000290462
0.000306006
3.00412e-05
0.000553457
0.000530738
0.000947981
0.000523142
0.000267752
0.000435494
0.000572811
0.000345418
0.000215646
0.000379235
0.00034645
0.000233688
0.000693505
0.000209853
0.00034669
0.00133756
0.000258983
0.000282641
0.000546866
0.000830865
0.000493724
0.000273986
0.000562384
0.000532461
0.00042836
0.000484379
0.000254542
0.000516715
0.000848564
0.000924262
0.00156882
0.00156408
0.000709002
0.000406862
0.00031099
0.000555729
0.000540746
6.89028e-05
0.000384746
0.000507739
0.000445269
0.000527531
0.000371615
0.000453883
0.000412424
0.000327424
0.0182614
0.00127249
0.00112579
0.000867174
0.000313478
0.0011029
0.000682796
0.000163679
0.000506614
0.000524455
0.000400837
0.000456389
0.000272886
0.000292767
0.000516445
0.000267787
0.000122592
0.000612749
0.000439436
0.00292906
0.000311839
0.000415419
0.000574158
0.000323898
0.000304722
0.000200214
0.000171411
0.000658465
0.000201794
0.000367128
0.000618123
0.000788444
0.000781526
0.000578419
0.0002716
0.000276333
0.000395944
0.0012106
0.000523141
0.000469869
0.000283873
0.000743483
0.000354935
0.000640516
0.00180358
0.00110399
0.000188131
0.000284685
0.000597555
0.000318065
0.000501563
0.000547057
0.000372222
0.000365805
0.000231923
0.000610735
0.00049606
0.000257836
0.000351931
0.00028122
0.000476782
0.000806865
0.000465583
0.000538513
0.000669524
0.000556966
0.00045081
0.000651574
0.00048144
0.000272351
0.000502267
0.000397715
0.000404307
0.000325472
0.000376296
0.00100026
0.000188501
0.000246175
0.000378234
0.000231769
0.000908231
0.000306324
0.00170111
0.000820402
0.000254383
0.000417716
0.00153631
0.000134121
0.000249651
0.00103547
0.000286983
0.000439876
9.07592e-05
0.000249441
0.000434746
0.00029212
0.000424077
0.00160325
0.000383982
0.00010276
0.000422853
0.000400052
8.8586e-05
0.000432746
0.000544102
0.000640242
0.000882867
0.00048145
0.000340267
0.000409143
0.000505038
0.000618988
0.000617726
0.000339228
0.000193621
0.000562162
0.000536619
0.0003589
0.00130811
0.00197707
0.00186722
0.00097838
0.00109936
0.000289924
0.000489811
0.000702052
0.00120271
0.000317415
0.000475932
0.000509255
0.000258617
0.000266308
0.000197108
0.000502658
0.000428362
0.00101937
0.0028234
0.000809762
0.000311875
0.000229044
0.00190998
0.000581149
0.000217106
0.000231777
0.000220534
0.00099276
0.00034196
0.000320169
0.000148011
0.000208602
0.00027502
0.000786023
0.000323927
0.000776465
0.000379559
0.000666208
0.000308895
0.000495318
0.00113058
0.000387456
0.000423548
0.00029227
0.000713493
0.000589475
0.000678936
0.000560507
0.00133028
9.91128e-05
0.000479569
0.00455095
0.000553004
0.002402
0.000339821
0.000375677
0.00111457
0.0120326
0.00183522
0.00100686
0.0003542
0.000746073
0.000127854
0.000275087
0.000338101
0.000335165
0.00051337
0.00100136
0.000458644
0.00114023
0.000249165
0.000463196
0.000261223
0.000219939
0.000201831
0.000269097
0.00043824
0.000275175
0.000816513
0.000280238
0.000274024
0.000313877
0.000214604
0.000225353
0.000903568
0.000436312
0.000572386
0.000392006
0.00200096
0.000302934
0.000809307
0.000521315
0.000349166
0.000789194
0.000795794
0.000166425
0.000606715
0.000418302
0.000747119
0.000189296
0.000136618
0.000249988
0.000285458
0.000200428
0.000670769
0.000495407
0.00036299
0.00120621
0.000392561
0.000378335
0.000267572
0.000435486
0.000371503
0.000127266
0.000461129
0.000333528
0.000701333
0.000228823
0.00066842
0.0005168
0.000670938
0.000582588
0.000696808
0.000509042
0.000849492
0.000267982
0.000623385
0.000610803
0.00022937
0.000377968
0.000216841
0.000627863
0.000360828
0.000236825
0.000285709
0.000432793
0.000912397
0.00456529
0.000400008
0.000408762
0.000246417
0.000172598
0.000331788
0.000471758
0.000112924
0.000169389
0.000473777
0.000384187
0.000140082
0.000158179
0.000450435
0.000549817
0.000434478
0.000347944
0.000233281
0.000619429
0.00034776
0.000181703
0.000390614
0.00124336
0.00028795
0.000892267
0.000145278
0.000333521
0.000393199
0.000231993
0.000280774
0.000183108
0.000424696
0.00073714
0.00028302
0.000394662
0.000259145
8.86469e-05
0.000182223
0.00035284
0.000434572
0.00027479
0.000646262
0.000464497
0.000472586
0.000327216
0.000344447
0.000106475
0.000575091
0.000233236
0.000673791
0.000366343
0.000588066
0.000144953
0.000428279
0.00070227
0.000684631
0.000503735
0.00133866
0.000365872
0.000574321
0.000389536
0.000375472
0.000341741
0.000161372
0.000595303
0.00113106
0.000414581
0.000195502
0.00086961
0.000568287
0.000202365
0.00458269
0.000388377
0.000301243
0.000186383
0.000378024
0.00172411
0.000708832
0.000777061
0.000314738
0.00379138
0.000195004
0.000645023
0.000208742
0.000340707
0.00033865
0.000518532
0.000377867
0.000343717
0.00459441
0.000485765
0.0104
0.00057589
0.000421575
0.000844862
0.000521771
0.000370579
0.000645855
0.000288247
0.000542193
0.000235947
0.000412352
0.000548008
0.000946972
0.000446063
0.000291794
0.00050349
0.000373251
0.0813277
0.000525335
0.00042134
0.00146154
0.000421468
0.000200093
0.000256671
0.000453929
0.00121189
0.000292407
0.000706584
0.000604773
0.000210735
0.000384474
0.000385569
0.000182307
0.000468286
0.000663174
0.000300409
0.000394634
0.00036587
0.0003349
0.000492477
0.00052983
0.000244506
0.000568494
0.000566055
0.00101656
0.00149485
0.000508651
0.000536243
0.00020002
0.000309137
0.000838157
0.000566616
0.000417853
0.000217791
0.000588648
0.000499867
0.000294728
0.000368597
0.000438537
0.0007714
0.000432856
0.000129862
0.000523823
0.000683091
0.00088345
0.0016107
0.000513871
0.000499042
0.000361876
0.000679329
0.000248319
0.000602118
0.000109156
0.000201836
0.00258616
0.000216079
0.000310907
0.000400868
0.000176791
0.000481142
0.000394417
0.000451446
0.00049088
0.000793184
0.000433835
0.000497216
6.02755e-05
0.000636825
0.000399693
0.00176527
0.000276305
0.000607781
0.000678302
0.000252345
0.000476992
0.000325357
0.000338737
0.000451802
0.000392188
0.000460383
0.000594821
0.000399434
0.00119679
0.000411635
0.000268724
0.000313043
0.000544434
0.00105096
0.000266763
0.000510675
0.000227213
0.000234832
0.00122997
0.000517126
0.000447566
0.000747292
0.000904162
0.000666798
0.000464176
0.000724787
0.000753357
0.000438627
0.00095555
0.000112553
0.000576003
4.26662e-05
0.000243818
0.000507732
0.000336068
0.000666917
0.000374332
0.000746877
0.000183221
0.000309267
0.000154295
0.000628988
0.000364854
0.000238808
0.001089
0.00187502
0.00033306
0.000383342
0.000253539
0.000188245
0.000437135
0.000305882
0.000287731
0.000901793
0.0010326
0.000326535
0.00119241
0.000731305
0.00103199
0.000298509
0.000205823
0.00049531
0.000449605
0.000609075
0.00139596
0.000495576
0.00077819
0.000304068
0.000299032
0.000352904
0.000459174
0.000543726
0.000316436
0.000846308
0.0003642
0.0016577
0.000315452
0.000370722
0.000162731
0.000205785
0.00028187
0.00060542
0.000614163
0.000241144
7.8499e-05
0.00026
0.000401325
0.00173877
0.00133697
0.000518381
0.001933
0.000256844
0.000700358
0.000237098
0.00136085
0.000114059
0.000305873
0.000333134
0.000576209
0.000449624
0.000642143
0.000256942
0.00052767
0.000374523
0.000652474
0.000227248
0.000730436
0.000392788
0.00298717
0.000294815
0.000275575
0.000915725
0.000126346
0.00330989
0.000739877
0.000289181
0.000385791
0.000525758
0.000465165
0.00120971
0.000620174
0.00019882
0.000495228
0.000610615
0.000651846
0.000283864
0.000301651
0.000364791
0.000220989
0.000325578
0.000642954
0.000460685
0.000636926
0.000185237
0.0010587
0.000764799
0.000692358
0.000658957
0.00026707
0.000410628
5.51174e-05
0.000142435
0.000258095
0.000592303
0.00060473
0.000434056
0.000408592
0.000175633
0.00135415
0.000222884
0.00153375
0.000300878
0.000433939
0.00144083
7.30431e-05
0.000358134
0.00137941
0.000182308
0.000805314
0.000494491
0.00157329
0.000271825
0.000814717
0.000653812
0.000380574
0.000484613
0.000231135
0.000305501
0.000309667
0.000400334
0.000761169
0.000259483
0.000896386
0.000534814
0.000783531
0.000776305
0.000423171
7.51469e-05
0.00036258
0.000944159
0.000990191
0.000443003
0.000886413
0.000282469
0.000388486
0.000435817
0.000657185
0.000423164
0.000392837
0.000549813
0.000579392
0.000236311
0.000455725
0.00083024
0.00052807
0.000911275
0.00234535
0.000352406
0.000654125
0.000526613
0.00047029
0.00141023
0.00642313
0.00284999
0.000325251
0.000501288
0.000446358
0.00062263
0.000310519
0.000154257
0.000315758
0.000590626
0.000213086
0.00022288
0.000769189
0.000270687
0.000514809
0.000319163
0.000328022
0.000376597
0.00092919
0.000671505
0.000591855
0.00031052
0.000464973
0.000527496
0.00213527
0.000484577
0.000316795
0.00383253
0.000203097
0.000221975
0.000625599
0.000143053
0.000510591
0.00049195
0.000627174
0.000430969
0.000165563
0.000676318
0.000176533
0.00105687
0.000249587
0.000354996
0.000657666
0.000383737
0.000326832
0.000373634
0.000514398
0.000273269
0.00036035
0.00047182
0.000844181
7.56724e-05
0.000443652
0.000275534
0.000494015
0.000159469
0.000714044
0.000987591
0.000707165
0.000221924
0.000567027
0.000368472
0.000340511
0.000472649
0.000690662
0.000585803
0.000260803
0.000160469
0.000462827
0.00105079
0.000391706
0.000368704
0.000595098
0.000301531
0.000281688
0.000539979
0.000297586
0.000716063
0.000306532
0.000703168
0.000379741
0.000610618
0.000453719
0.00096547
0.000401598
0.000667838
0.000324989
0.000445133
0.000401683
0.000236912
0.000569004
0.00122636
0.000573335
0.000386764
0.000212298
0.00077914
0.000523442
0.000749499
0.00111749
0.000221417
5.82449e-05
0.000211608
0.000298066
0.00137715
0.000435139
0.000482666
0.000670406
0.000232032
0.000156327
0.00179175
0.000319636
0.000781947
0.000312989
0.000469686
0.00111876
0.0022792
0.000673442
0.00024125
0.000467258
8.2743e-05
0.000396014
0.000830977
0.000221679
0.000639061
0.00116705
0.000688478
0.00108297
0.000296978
0.000317062
0.00067498
0.000181743
0.000522019
0.00053558
0.000373383
0.00129182
0.000673434
0.00024605
0.000148653
0.000297779
0.00126497
0.000653648
0.000265104
0.000165209
0.00235982
0.000470224
0.000529139
0.000395466
0.000473143
0.000288619
0.000454955
0.000370442
0.000307086
0.000415713
0.000338672
0.000514456
0.000512708
0.00168306
0.000989478
0.00043062
0.000405883
0.000545024
0.000278579
0.000243834
0.000685994
0.000350215
0.000341313
0.00249882
0.000808299
