0.00362903
0.000697511
0.000509603
0.000885055
0.000538675
0.000136826
0.00085461
0.000681989
0.00273054
6.56061e-05
0.000379673
0.00100525
0.000163179
0.000491035
0.000685391
0.000419818
0.000496553
0.000670473
0.000456231
0.000385126
0.000610621
0.0004268
0.000417972
0.000931861
0.000458075
0.000590219
0.000459244
0.00042439
0.000316021
0.0010875
0.00013431
0.000500227
0.000661443
0.000511437
0.00019997
0.00063992
0.000578625
0.000201171
0.00142658
0.000309314
0.000257569
0.000466378
0.000687102
0.000426872
0.000547907
0.000706585
0.000385663
0.000275008
0.00026785
0.000646284
0.000194222
0.000730608
0.000344095
0.000146719
0.000456671
0.000522342
0.000623651
0.000690172
0.000463338
0.000469738
0.000472551
0.00129921
0.000424574
0.000701082
0.000288031
0.000467633
0.000291559
0.000764395
8.06322e-05
0.000355368
0.000345481
0.000515346
0.00015567
0.000576581
0.000454477
0.000317336
0.000550522
0.000394194
0.000445113
0.00035219
0.000891114
0.000453441
0.00023784
0.000232755
0.00105104
0.000514118
0.000582839
0.000598854
0.000899158
0.000583667
0.000658443
0.000278718
0.000438546
0.000777806
0.0286238
0.000731099
0.000434052
0.000360471
0.0010509
0.00109759
0.000305609
0.000657318
0.00147709
0.000351081
0.000559657
0.000286289
0.000607222
0.000422454
0.000771005
0.000495309
0.000221385
0.000379201
0.00071461
0.000986418
0.000713321
0.000660352
0.000347903
0.000334507
0.00033039
0.000536743
0.000447958
0.0007292
0.000303708
0.000462717
0.000239795
0.000703294
0.00057497
0.000414844
0.000483255
0.000572304
0.000237835
0.000424815
0.000445682
0.000196001
0.000324801
0.000308671
0.00106264
0.000311335
0.000439904
0.00113835
0.000285235
0.000718187
0.000315319
0.000617916
0.000637509
0.000382651
0.000922919
0.000577225
0.00049578
3.61625e-05
0.00018662
0.000549409
0.000896297
0.000332999
0.000855376
0.000273863
0.000129178
0.000392643
0.000329143
4.92782e-05
0.000406045
0.000341671
0.000548299
0.000347288
0.00048795
0.000688947
0.000488016
0.00066039
0.000419542
0.000489259
0.000879549
0.000715997
0.00161678
0.000233634
0.000452273
0.003648
0.000925571
0.000591103
0.000491421
0.00271841
0.000500882
0.00725705
0.000316494
0.000491565
0.000441656
0.000651506
0.00067819
0.00037582
0.000586127
0.0005958
0.00820863
0.000474398
0.000593876
0.000315933
0.000437464
0.000313365
0.000829832
0.00369768
0.000359231
0.000527036
0.000147968
0.000739526
9.96702e-05
0.00038338
0.00101157
0.000229416
0.00101778
0.000466095
0.00040317
0.00128859
0.000554013
0.000658678
0.00145173
0.000883334
0.000289042
0.000437508
0.000459247
0.00063882
0.000294704
0.00101584
0.000338912
0.000236446
0.000739896
0.000423914
0.000633829
0.000294606
0.000250063
0.000546096
0.000525136
0.000684087
0.000573346
0.000745894
0.000157145
0.000431419
0.000847642
0.00102549
0.00137945
0.000337747
0.00220078
0.000542287
0.000692768
0.00128893
0.000527485
0.000587645
0.000562112
0.000299283
0.000823487
0.000349966
0.000357193
0.000252127
0.000421331
0.000889803
0.000422408
0.000548625
0.0027939
0.000938823
0.000743041
0.000642622
0.000482412
0.000785906
0.000424429
0.000389113
0.00125955
0.000330483
0.000874395
0.000257067
0.00022237
0.000773596
0.00055085
0.000721727
0.000886959
0.00188873
0.000504906
0.000653131
0.000498737
0.000505015
0.00067652
0.000230106
0.000343788
0.000724459
0.000811033
0.000381857
0.000154729
0.000431215
0.000313875
0.000717911
0.000724051
0.000598419
0.00108964
0.00020234
0.000420102
0.000520537
0.000748482
0.00210049
0.000526267
0.000401971
0.000876223
0.000477077
0.00074108
0.000121575
0.000259477
0.000800639
0.00114256
0.000351505
0.000968629
0.00361847
0.000179218
0.000580752
0.000572943
0.000298518
0.000641471
5.29927e-05
0.00152087
0.000413933
0.000732067
0.000390569
0.000841737
0.00108112
0.000325001
0.000119723
0.000359647
0.000432483
0.000759561
0.000778524
0.00153137
8.98711e-05
0.000544343
0.000426258
0.000532666
0.000389853
0.000522362
0.00025487
0.000330096
0.000521959
0.236701
0.000285662
0.00154863
0.000856242
0.000874979
0.000728358
0.000761057
0.00047782
0.00100841
0.00101953
0.00035548
0.000685636
0.000570236
0.000316062
0.00106224
0.000492427
0.000309292
0.00195912
0.000919835
0.000438247
0.000220837
0.000813637
0.000639171
0.000426544
0.000232042
0.000167978
0.00033416
0.00128994
0.000710199
0.000393158
8.79937e-05
0.000555582
0.000620703
0.000518231
0.00123573
0.000435076
0.000841139
0.000691744
0.000397014
0.000648668
0.00037918
0.000721727
0.000330057
0.000553103
0.000171257
0.000712799
0.00138628
0.000221621
0.000619368
0.000229765
0.000869568
0.000529544
0.000376132
0.000279447
0.000228556
0.000288244
0.000214963
0.00164144
0.000664415
0.000485302
0.000861854
0.000747443
0.000828097
0.000321361
0.000307696
0.000819897
0.000185653
0.000402894
0.000185609
0.000531953
0.000955659
0.00202188
0.00102214
0.000136376
0.000653403
0.000950811
0.000332031
0.00048744
0.000141333
0.000643831
0.000669436
0.000364211
0.000381593
0.0009841
0.000574842
0.00071139
0.000331977
0.00045851
0.000967845
0.000519719
0.000280454
0.00291737
0.0172144
0.000364072
0.000516433
0.000581007
0.000904198
0.000137358
0.00326163
0.00047637
0.000866005
0.000497661
8.84736e-05
0.00092998
0.000281259
0.000290316
0.000611263
0.0022689
0.00123326
0.000529618
0.000249094
0.000238242
0.00057133
9.40513e-05
0.00023464
0.000526982
0.000453877
0.000619031
0.000262675
0.000277796
0.000290235
0.000374402
0.00116782
0.000386648
0.00403015
0.00196398
0.000368915
0.000523261
0.000714785
0.000619699
0.00063517
0.000498486
0.00103253
0.0011404
0.000345679
0.000467366
0.00141425
0.000663183
0.000506772
0.000251691
0.000343103
0.000108191
0.00037803
0.000225512
0.000818227
0.000382888
0.000918653
0.000438791
0.000391638
0.000633219
0.000423702
0.000708683
0.000523145
0.00121999
0.000161551
0.000278903
0.00107875
0.000564309
0.000725857
0.00106242
0.000693837
0.000647951
0.0001401
0.000601156
0.000698308
9.10643e-05
0.000578124
0.00062923
0.000568096
0.00162992
0.000420403
0.000379795
0.000709521
0.00245424
0.000460166
7.34367e-05
0.000554744
0.00269223
0.000109682
0.000831162
0.00172119
0.000408131
0.000716633
0.00108992
0.00541832
0.00110808
0.000653702
0.000292428
0.000294693
0.00117482
0.000727692
0.000750311
0.00139076
0.000389219
0.000551441
0.000956379
0.00067738
0.000534172
0.000375124
0.00029084
0.000742827
0.000689579
0.000428513
0.00118818
0.000308021
0.000287333
0.0132457
0.000574688
0.000516889
0.000340335
0.000379469
0.000289303
0.000162499
0.000411501
0.000297696
0.000140288
0.000553995
0.000384512
0.000404021
0.000600023
0.000635297
0.0013144
0.00162396
0.000415968
0.000511563
0.000261754
0.000279217
0.000392615
0.000512211
0.000409601
0.000309968
0.000389195
0.000608836
0.000974984
0.00042969
0.000592463
0.000471658
0.000419864
0.000271842
0.00030474
0.000880154
0.000203003
0.00073953
0.000460254
0.000501824
0.00081525
0.000791375
0.000517414
0.000384344
0.000100019
0.000222723
0.000430735
0.000271706
0.00100856
0.00313594
0.000405671
0.000295479
0.000635633
0.000345908
0.000339616
