0.000174953
1.30187e-05
8.60486e-05
7.15958e-05
0.000231357
5.57521e-05
0.000101307
0.000182803
0.000198021
0.000184895
8.05284e-05
1.88734e-05
5.28051e-05
0.000134747
0.000325486
0.000109821
0
0.000136484
0.000904434
0.000175702
2.56428e-05
0.000111008
4.2306e-05
0.000117729
0.000121704
0.000225882
0.000128858
0.00014648
0.000312659
0.00014864
0.000160442
0.000367102
9.84029e-05
0.000258904
0.000182861
4.59418e-05
9.39554e-06
0.00019541
8.43241e-05
0.000176868
0.000286348
0.000163672
0.000367542
0.000963501
0.00015867
0.00010754
0.000455527
0.000108038
0.00036734
0.000101963
5.28854e-05
7.80178e-05
0.000132246
1.75189e-05
6.57923e-05
0
8.66069e-05
7.92379e-05
0.000120582
9.74758e-05
0.000479178
0.000341341
9.83861e-05
0.000931178
0.000378051
0.00422698
9.77111e-05
0.00014454
0.000596031
2.63627e-05
0.000117889
9.70991e-05
0.000111086
4.24351e-05
0.000127128
0.000581017
0.000442732
0.000242231
8.84651e-05
0.000302239
0.000271879
0.000110564
0.000301194
4.73438e-05
0.000216052
0.000113978
7.09914e-05
0.000253514
0.000212494
0.000122612
0.000679443
0.000304067
0.00197121
0.00014433
0.000285243
6.01143e-05
0.000156494
0.000156599
0.000152546
8.28471e-05
0.0001602
9.28631e-05
1.9886e-05
6.92951e-05
0.000129042
0.000255373
0.000285647
0.00013917
5.44907e-05
0.000676598
0.000198802
0.000258314
0.000190371
7.56761e-05
0.000133109
0.000367659
0.0004103
0.000136512
0.000228504
2.55984e-05
0.000223575
9.44448e-05
1.5579e-05
3.73792e-05
0.000193827
0.000292255
0.000263328
0.000441181
0.00012887
0.000281778
6.21416e-05
0.000170043
0.000129085
0.000165136
4.17474e-05
0.000188166
0.000200225
0.000249129
0.000165558
0.000220347
0.000193735
0.000106146
0.000213914
0.000186018
6.23334e-05
4.11985e-05
0.000270985
7.01661e-05
0.00220599
0.000140334
0.000104732
6.77829e-05
0.000426322
0.000239041
0.000110359
0.000194405
0.000289376
0.000156644
0.000168344
1.85441e-05
0.000613748
0.000411938
0.000329602
0
0.000406788
9.81852e-05
0.000171096
0.000147731
0.000623194
8.79035e-05
9.10058e-05
0.000175138
0.000100862
0.000615414
9.78133e-05
0.00019879
0.000262212
0.000199462
0.000217491
0.00160775
0.000424679
0
0.000375703
0.000127975
0.000265672
0.000203458
0.000151135
0.000187045
1.58102e-05
3.50418e-05
0.000448938
0
3.36009e-05
0.000223421
0.00092879
0.000414471
0.000128704
0.000404725
0.000286217
0.000639514
0.000316432
0.000240003
8.74689e-05
0.000748478
0.000122875
0.000130294
3.16416e-05
0.00012576
9.98997e-05
0.000161162
0.000151068
0.000116149
0.000253616
6.48463e-05
0.000146737
6.85922e-05
0.000263765
0.000173625
8.05396e-05
0.000107287
0.000218524
0.000130807
0.000174991
0.000245463
2.88273e-05
4.72579e-05
0.000266644
6.66974e-05
0.000280068
4.71939e-05
0.00021876
0.00039734
0.000222205
6.7595e-05
2.53497e-05
0.000874726
1.19824e-05
0.000141493
0.000127416
0.000192491
0.000149507
0.000491932
0.000185498
8.22336e-05
0.0026919
0.00054873
0.000112118
0.000262914
0.000481341
9.93698e-05
0.000189007
0.000236806
0.000566335
0.000363901
2.06864e-05
8.80052e-05
0.000179606
0.000266208
0.000125811
0.000255877
2.95105e-05
0.000109625
5.58977e-05
7.68743e-05
8.61389e-05
9.15487e-05
0.000575156
0.000100168
5.99973e-05
0.000495138
7.2189e-05
0.000488872
0.000207833
0.000326516
9.3381e-05
0.000120432
0.000178391
0.000147706
9.70034e-05
0.000297817
0.000263814
0.000162798
0.00368992
0.000131413
0.000230591
7.11277e-05
0.000868193
0.000118321
0.0010382
5.02392e-05
0.000133514
0.000287347
0.000101889
0.000118519
7.33833e-05
0.0018046
0.000124708
4.10853e-05
4.18259e-05
0.000207173
0.00012631
0.000683819
0.000247408
0.000169209
0.000939731
8.15482e-05
0.000228482
0.000242692
0.000119606
5.32478e-05
0.000290925
0.000171316
4.36319e-05
0.00113552
0.000141186
0.000228301
0.000119056
9.86451e-05
4.32016e-05
0.000192459
0.000138542
8.75661e-05
0.000228253
0.000163451
0.000701398
7.16266e-05
0.000243085
0.00019838
2.18677e-05
4.88744e-05
0.000133558
0.00010526
0.000349742
0.000180997
0.000140741
0
0.000198074
0.000255268
6.01466e-05
7.6951e-05
0.000344836
0.000172346
7.43624e-05
0.000110989
5.64707e-05
0.000168639
0.0002121
8.56132e-05
7.72434e-05
0.000295559
0.000264131
0.0001078
5.69922e-05
0.000125873
0.000197375
0.000105872
0.000468432
1.9401e-05
6.21295e-05
0.000131961
6.05112e-05
0.000210335
0.00014899
0.000214481
0.000222172
0.000179651
1.39423e-05
5.76274e-05
0.000178718
0.000282711
0.000161548
0.000104934
1.89378e-05
0.0135961
0.000185713
0.000999799
7.06388e-05
0.000159477
0.000208519
0.00015302
0.000249151
0.000120477
0.000275265
0.000168998
8.42487e-05
0.000356041
4.67208e-05
4.59551e-05
0.000100031
0.000187441
9.34366e-05
0.000150332
0.000297353
0.000212146
0.000147975
0.000161229
3.70617e-05
0.000178574
8.59368e-05
0.000263495
7.00763e-05
0.000194413
0.000285864
0.000145345
9.87865e-05
0.000341154
0.000111435
0.000181913
0.000182711
0.000431203
0.000284361
0.000177038
7.2836e-05
8.56893e-05
0.00019938
5.64651e-05
3.95434e-05
0.000248645
0.000156411
0.000118313
0.000138654
0.000125302
0.000121404
9.39001e-05
0.000110368
0.000267927
5.09656e-05
0.000369177
0.000183379
3.80537e-05
7.49956e-05
0.000332128
3.22794e-05
0.00498235
8.78853e-05
0.000187014
0.000263087
1.83235e-05
5.55481e-05
7.19082e-05
0.000174744
0.000227689
0.000156278
0.000219842
4.43823e-05
0.00013344
0.000103088
0.000192376
0.000129163
0.000220267
0.000170659
8.504e-05
5.2419e-05
7.08907e-05
0.000263696
0.000163485
0.000205415
0.000115801
0.000292637
0.000487919
0.000172076
9.29079e-05
6.00127e-05
0.000159399
0.000123532
0.000107414
3.56864e-05
0.000369872
6.03528e-05
0.000141844
0.000161235
0.000193396
5.434e-05
9.2619e-05
0.000142254
0.000256132
4.53441e-05
0.000177745
6.39616e-05
0.000195045
7.50984e-05
3.96506e-05
8.17938e-05
0.000172967
0.000263077
0.000486489
8.23264e-05
0.000232959
8.31811e-05
0.000149215
9.1831e-05
1.17665e-05
0.000297482
0.000152381
0.000149173
9.86695e-05
7.37577e-05
0.00037114
1.80875e-05
1.41719e-05
8.96066e-05
0.00014896
0.000271505
0.000261162
3.28789e-05
0.000917434
0.000283765
0.000231177
0.000260355
0.00029373
0.00025175
0.000113798
8.0697e-05
9.49285e-05
0.000417478
0.000142875
6.01912e-05
0.000100228
0.00018417
0.000164043
2.93557e-05
0.000239553
0.00237066
0.000243282
7.57088e-05
0.000111262
0.000644594
3.41797e-05
0.00017064
0.000172222
9.81712e-05
0.000120627
7.77126e-05
5.85468e-05
0.000224226
0.00056857
0.000193907
0.000170767
0.000131089
8.70967e-05
0.00018832
0.000531125
0.000163552
6.10733e-05
4.25832e-05
2.59087e-05
6.68848e-05
0.000187285
0.00017221
0.000161355
0.000185586
0.000221655
1.58347e-05
0.000258177
0.000132634
8.04827e-05
0.000874878
4.14958e-05
8.68239e-05
6.14694e-05
0.000143813
9.25229e-05
6.10749e-05
0.000144655
0.000282958
0.000191022
0.000146361
0.000168594
8.39697e-05
0.000158972
0.000480588
4.24689e-05
8.69538e-05
6.6616e-05
0.000107344
0.000200825
0.000159768
8.67955e-05
0.000294691
0.000118581
0.000106359
0.000536204
8.01808e-05
0.000242067
0.000223435
9.67339e-05
0.000388262
2.19956e-05
7.86035e-05
0.000120961
0.000137774
6.01739e-05
0.000136003
4.21471e-05
0.000275301
0.00207729
9.03199e-05
7.37067e-05
0.000385872
9.97221e-05
0.000359114
7.52871e-05
0.000175858
0.000123113
4.39172e-05
0.000134433
0
1.86449e-05
0.000377354
0.000165324
0.000266784
0.000124099
0.000100097
0.000126042
0.000234197
0.000342184
4.33194e-05
0.000159185
0.000263339
0.000471741
4.21713e-05
0.000172177
9.88282e-05
3.90356e-05
0.00202343
0.000543863
0.000109265
0.000106077
8.65159e-05
3.90908e-05
0.000175466
3.87113e-05
8.80157e-05
0.00014975
0.000514051
9.54242e-05
5.12513e-05
0.00028573
9.57938e-05
0.000227256
0.000217485
0.000237881
0.000291588
0.000146227
0.000159662
5.2804e-05
0.000267736
0.000237162
7.40915e-05
7.49835e-05
9.9112e-05
7.16719e-05
6.7031e-05
0.000266236
0.000196699
0.00020635
9.38313e-05
6.98548e-05
0.000185417
0.000306054
0.000284013
0.000103602
0.000153557
0.000104662
9.95152e-05
0.000409298
6.43422e-05
0.000101918
5.3348e-05
2.87676e-05
3.546e-05
3.57723e-05
0.000581117
1.28859e-05
0.00018436
4.62155e-05
0.000183657
6.77258e-05
0.000112884
0.000363056
0.000126691
0.000243439
0.000116719
0.000874869
7.00953e-05
0.000266174
0.00055604
0.000119698
1.77481e-05
0.000230079
0.000218663
0.000303281
0.000227877
5.19648e-05
0.00012205
0.000265319
0.000156906
0.000175683
0.00119752
7.91933e-05
0.000401208
7.78141e-05
0.000374085
9.63562e-05
0.000902586
7.41261e-05
0.000198868
0.000164128
4.20511e-05
0.000191423
0.000145013
0.000139097
5.6293e-05
6.18061e-06
9.83147e-05
5.82966e-05
7.02459e-05
0.000104153
0.000186198
0.0019827
0.000151346
2.37896e-05
0.000284132
4.34142e-05
0.000509558
9.51604e-05
0.000168418
8.1425e-05
0.000152564
0.000241378
0.000164942
0.000252251
0.000626318
0.00014722
0.000132652
6.54898e-05
0.000272938
0.000139412
0.000230135
0.000189181
0.000162062
0.000198477
0
0.000132778
1.24572e-05
0.000123098
0.000221043
0.000157358
5.16976e-05
0.000116108
0.00122558
6.21801e-05
0.000141663
0.00014363
0.000168136
0.000287316
0.000121983
1.76899e-05
0.000193266
0.000139937
3.7911e-05
0.000115413
0.000102187
0.000373845
0.000143455
0.000138973
1.13418e-05
0.00037134
3.53581e-05
0.0007436
0.000332047
0.000257825
0.000288447
0.000128853
0.000151373
0.000173943
1.7706e-05
0.000135263
0.000202078
2.25122e-05
0.000134772
9.63304e-05
0.00011139
0.000205861
0.000101991
8.71325e-05
0.000288965
0.000497457
0.000260773
0.000246942
0.000102274
8.43395e-05
4.25396e-05
8.41928e-05
0.000549466
0.000188724
0.000113989
0.000159869
0.00039746
4.76176e-05
5.18361e-05
7.8627e-05
0.000156275
3.1214e-05
0.000181203
0.000127775
0.000135265
0.000175279
4.40477e-05
0.00016713
9.41533e-05
0.000116357
0.000109665
0.000119163
3.40522e-05
0.000405942
0.000285749
0.000181971
0.000113027
0.000189328
0.000704375
0.000297655
0.000198735
7.33262e-05
4.17512e-05
0.000851393
7.2405e-05
8.82263e-05
0.00017196
0.00106625
6.07975e-05
0.000303574
0.000584813
3.07074e-06
2.25905e-05
0.000374039
0.000171604
0.000254455
0.000190669
9.68575e-05
0.000311975
0.00011506
0.000147792
0.000583163
0.000836811
0.000144202
0.000448752
0.000289466
0.000152084
5.44167e-05
5.98752e-05
7.76519e-05
0.000618182
0
0.000385361
9.31377e-05
0.000231855
0.000102722
0.000558159
0.000145411
0.000218427
0.000216442
0.000144145
0.000307532
0.000222666
0.000120025
0.000141975
5.40051e-05
0.000124479
7.66952e-05
0.000109693
0.000129165
4.3628e-05
0.000582711
0.000226099
8.18752e-05
5.51897e-05
0.0001749
9.73143e-06
3.02884e-05
0.000160216
5.80807e-05
5.60473e-05
0.000136093
8.85161e-05
5.37675e-05
7.0599e-05
1.95703e-05
0.000116165
0.000634191
0.000120091
0.000278319
0.000125939
7.88022e-05
0.000148139
0.000138371
0.000160675
0.000848263
4.746e-05
0.000238301
9.07475e-05
0.000115452
0.000205984
0.000182543
3.86618e-05
0.000191426
0.00015924
0.000131026
0.00010524
7.03282e-05
6.98045e-05
0.000458884
0.000191973
0.000392667
9.18069e-05
0.000125685
0.000167736
5.47849e-05
0.000512254
0.0003078
0.000150886
8.29011e-05
0.00012696
8.32388e-05
9.51273e-05
0.000201962
0.000195376
0.000127179
0.0011494
4.36985e-05
0.000170497
4.30037e-05
0.000271321
9.88715e-05
0.000118326
0.000487824
0.000150608
0.000313356
0.000258759
0.000100918
0.000169326
0.000124776
0.000173615
8.73413e-05
2.88155e-05
5.47721e-05
8.94687e-05
0.000118232
0.000452322
0
0.00135171
0.000353848
0.000609838
0.00022459
0.000242774
0.000149337
0.000480034
0.00011107
0.000359537
0.000107601
0.000113342
0.000197139
0.000131302
0.000211743
0.00014389
0.000340251
0.000312908
0.000124165
0.000200994
0.000177867
0.00023395
0.000299909
6.2479e-05
0.000237757
7.28476e-05
0.000198978
0.000118366
6.82639e-05
0.000123905
8.34672e-05
0.000193994
9.74344e-05
0.000220598
0.000121995
0.000193792
9.00373e-05
0.000376492
0.000306668
7.91804e-05
0.000165245
0
0.000174344
1.35792e-05
4.55318e-05
7.58772e-05
0.000155047
0.000243766
0.000123371
0.000231885
6.83638e-05
0
0.000139822
0.000182683
0.000109595
0.000103989
0.000340967
0.000188691
7.60365e-05
6.53544e-05
0.000126861
0.000116918
0.000151225
0.000191771
0.0015595
0.00027581
0.000124545
0.00127802
0.000132655
5.90803e-05
0.000100974
5.2261e-05
0.000231372
5.62708e-05
9.6166e-05
0.0001847
0.000284323
6.40987e-05
3.0799e-05
0.000154042
0.000147457
0.000214154
0.000127797
0.00273772
0.000117029
0.00627819
0.000591924
0.000174539
0.000466945
0.000311879
0.000241423
0.000595441
7.88191e-05
0.000194724
0.000119513
0.000217346
8.1226e-05
0.000200274
0.000100699
0.00050454
7.47745e-05
5.20261e-05
0.000386532
0.000180426
0.000272672
1.26437e-05
0.0161744
0.000121057
0.000215411
0.000162017
9.36389e-05
0.00015356
0.00022144
4.58411e-05
9.71359e-05
0.000148187
0.000303776
0.000109198
0.000673004
9.65886e-05
8.44104e-05
8.33343e-05
8.49959e-05
8.62611e-05
7.79962e-05
3.72966e-05
0.000508426
0
8.27658e-05
0.000260967
6.6111e-05
7.57806e-05
0.000131799
9.62703e-05
4.07299e-05
0.000134253
3.5337e-05
0.000174861
0.000187774
0.000166215
7.11125e-05
0.00377713
6.93027e-05
0.000423979
6.82405e-05
0.00188847
8.48231e-05
0.00118468
0.000235149
0.000244138
0.000175694
0.00026589
0.000131631
0.000156146
5.81812e-05
1.26677e-05
0.000124145
0.000131269
0.000108333
5.64631e-05
0.000232298
8.70194e-05
0.000409866
0.000102823
7.62859e-05
0.00016177
0.000270979
0.000291889
0.000225814
0.000590245
0.00016712
0.000320043
0.000104091
0.00021039
0.000328384
0.000182484
5.52778e-05
0.000221664
0.000146677
1.05548e-05
0.00048584
0.000153644
0.000235518
0.000161564
0.00180826
7.58981e-05
7.03811e-05
8.64245e-05
0.000484647
0.000118957
0.000329224
0.000181947
0.000489303
0.000127777
7.74482e-05
7.0944e-05
0.000569425
0.000525464
4.53863e-05
0.00152375
0.000282976
0.00586235
3.3617e-05
1.21526e-05
0.000540674
0.000203977
0.000534399
0.000103742
0.000577813
0.000266653
0.000345062
1.27201e-05
0.000161803
4.59121e-05
9.01127e-05
9.21825e-05
0.00011382
0.000470128
0.00056641
0.000509786
0.000137881
0.000123617
0.000187961
0.00024037
0.000168303
0.000149938
0.000165027
7.18879e-05
0.000252334
0.000205172
0.00011985
0.000239969
0.000101956
5.24352e-05
8.9381e-05
4.13169e-05
0.000117887
2.31455e-05
8.44515e-05
0.000234843
8.14459e-05
0.000277893
0.000172863
0.000166684
9.90321e-05
6.6478e-05
5.62731e-05
6.83447e-05
0.000128408
0.000128444
0.00201332
0.000185432
0.000106248
3.40794e-05
0.000251208
7.16828e-05
0.000170269
0.000191695
6.58801e-05
1.70354e-05
0.000164525
0.000277638
0.000107283
0.000111865
0.00240282
5.10862e-05
0.000177637
9.77175e-05
0.000109361
0.000111671
4.10415e-05
0.000191045
9.48502e-05
2.12283e-05
6.12985e-05
0.00597455
0.00017545
0.000234691
0.000115522
0.000243837
0.000116306
0.000423661
0.000192641
0.000270456
0.000411793
0.000121137
0.00021821
2.6221e-05
6.5923e-05
0.000113552
0.000143355
0.000328413
0.000183235
8.35917e-05
0.000117245
5.27064e-05
0.00128074
0.000152412
7.74731e-05
0.000208346
0.000547475
0.000191508
0.000162379
0.000154189
0.000343832
4.00141e-05
4.57916e-05
0.000228319
8.09553e-05
0.000192267
0.000211924
0.000172115
3.27103e-05
0.000187971
7.54064e-05
0.000100148
9.16867e-05
4.02771e-05
0.000107276
0.000184676
0.000180858
0.00028691
8.72033e-05
0.000148726
0.000119097
0.000143977
0.000149562
0.000216503
0
2.99161e-05
0.000177001
0.000569206
0.000119472
1.13375e-05
0.000790302
8.74018e-05
3.45761e-05
0.000139326
3.46203e-05
0.000103915
0
0.000120383
7.03535e-05
0.000368402
0.000192291
3.63821e-05
0.000242611
0.000453143
0.000947338
0.00160086
0.000233265
0.000222576
0.000254663
1.94616e-05
7.28065e-05
0.000770996
6.30428e-05
0.000201557
0.000269516
0.000289115
0.000109788
0.000880357
0.000115442
0.000186611
0.000145598
0.000150358
0.000103572
0.000217861
0.000234235
0.000220645
0.000333771
6.21046e-05
0.000118012
0.000227622
0.0016095
0.000145256
0.000497847
0.00048387
1.24813e-05
0.000116338
0.000700212
3.35977e-05
0.000284386
0
0.000226067
0.000108109
0.000211288
0.000422407
0.000265085
0.000196747
0.000175147
0.0010795
0.000178587
0.000108845
0.000284083
8.23616e-05
4.58586e-05
3.95033e-05
8.44132e-05
5.04026e-05
0.000127401
0.000315291
0.000213353
0.000373493
0.000163155
0.000229253
0.000348795
4.35691e-05
0.000263617
0.000219819
0.000243776
8.44307e-05
0.000122162
6.45237e-05
0.00097497
0.000363896
1.76022e-05
5.13296e-05
0.000165137
0.000106156
5.46797e-05
0.000130012
0
0.000115776
3.78151e-05
0.000420986
0.000272379
3.07883e-05
0.000330028
0.000151466
0.00010383
7.65742e-05
4.88251e-05
0.000238965
0.000259597
0.000280115
0.000826112
0.000201628
0.000257387
0.000109676
0.000177468
3.53614e-05
0.000111659
0.000186717
9.53048e-05
2.69481e-05
0.000164502
6.43434e-05
0.000103378
0.000194475
0.000146243
1.95016e-05
5.02637e-05
0.000721121
7.26236e-05
5.54833e-05
0.0002379
3.5764e-05
3.72016e-05
9.97081e-05
2.71181e-05
3.62778e-05
5.81744e-05
4.07682e-05
0
0.000183779
0.000167958
0.000264395
9.53486e-05
9.13133e-05
0.000134597
0.000172781
0.000325147
0
0.000118012
0.000650101
0.000159177
0.00118443
0.000229875
0.000138987
5.44177e-06
0.000103495
3.83272e-05
0.000357031
0.000123768
0.000175858
0.000117443
0.000151082
0.000382978
0.000171514
3.59992e-05
0.000272359
0.000131586
0.000237741
2.66041e-05
0.000150441
0.000103973
0.000118328
8.94059e-05
0.00018078
8.88609e-05
0.000368451
0.000382736
0.000860165
7.71104e-05
0.00069447
6.77465e-05
0.00021849
0.000108957
0.00014062
0.000445194
0.000261454
0.000609676
0.000274828
0.000295261
0.000100797
8.65842e-05
0.000196073
0.000152824
0.000189106
6.82625e-05
0.000173655
4.87155e-05
0.00014584
7.2823e-05
0.000288802
0.000328061
0.000173287
0.000119877
7.52363e-05
0.000174238
0.000170806
0.000302299
0.000189828
0.00101632
0.000508545
3.43879e-05
7.17222e-05
0.00737057
0.000406808
0.000330052
4.85403e-05
0.000604917
0.00022411
4.25678e-05
0.000141142
0.00010648
0.000218327
3.84422e-05
7.24079e-05
8.73295e-05
5.30324e-05
8.55167e-05
7.53227e-05
9.20458e-05
0.000236236
3.53384e-05
9.14317e-05
0.000105256
1.194e-05
0.0076803
0.00013149
0.000369052
0.000121272
6.01425e-05
5.70267e-05
0.00013075
0.000129678
0.000154341
0.000233104
0.00031519
8.95868e-05
0.000335138
9.44957e-05
4.1692e-05
0.000133846
0
0.000170417
0.000443171
0.00029588
7.04319e-05
0.000309937
0.000104543
6.46627e-05
8.79553e-05
0.000237762
2.98752e-05
0.000102224
0.000153748
7.08436e-05
4.38903e-05
0.000120835
8.18628e-05
7.58008e-05
9.34468e-05
8.8757e-05
0.00017552
0.00010966
0.000132253
0.000162806
0.00013611
1.23632e-05
0.000114896
0.000390794
0.000728017
0.000157891
8.22647e-05
0.00194935
0.000278015
0.000292678
0.000215154
0.000139503
0.000261181
0.000180385
0.000377958
0.000202744
0.000128978
0.000144049
0.000604074
0.00020744
0.000203665
0.000129495
0.000102377
0.000243958
8.74922e-05
0.000203929
0.00033982
9.45852e-05
0.000302219
0.00137031
6.5632e-05
0.000260906
0.000286184
0.000114994
0.000110839
0.000112739
5.82929e-05
0.000121049
3.74798e-05
0.000133975
0.000140569
9.68655e-05
0.000228062
0.000149499
0.000167
0.000103591
0.00040758
7.22434e-05
8.08146e-05
7.06169e-05
3.15698e-05
0.000201324
0.00012241
0.000152131
0.000144416
5.20598e-05
