0.000450321
0.000982593
0.000331517
0.000390996
0.000199097
0.000238349
0.000118721
0.000167724
0.000184563
0.000348575
0.000180565
0.000141963
0.000117583
0.000357463
0.000524507
0.000270198
0.000275746
0.000725521
0.000254726
0.000839988
0.000202439
0.000223535
0.000172407
0.00059845
8.22932e-05
0.000326423
0.000325422
0.000141671
0.000802888
0.000628623
0.000553199
0.00022305
0.000100532
0.000302277
0.000155232
0.000362761
0.000526567
0.000436496
0.000457662
0.000165804
0.000244783
0.00033372
0.000247719
0.000716447
0.000906747
0.000321044
0.00037159
0.000105196
0
0.000287326
0.000589672
0.000267007
9.64711e-05
0.000409819
0.000336074
0.00029188
0.000158581
0.000874582
0.000287428
0.000248314
0.00042894
0.000546254
0.000250567
0.000219025
0.00108098
0.00100357
0.000389147
0.00623226
0.000750481
0.000147495
0.000428576
0.000926405
0.000437855
0.000432176
0.00052388
0.000481153
0.000338777
0.000389046
0.00037651
0.000294377
0.000492074
0.00103915
0.000229007
0.000796644
0.00070897
0.000261303
0.00345796
0.00041471
0.000461448
0.000260078
0.00077911
0.000433118
0.000655879
0.000321031
0.000374091
0.000213397
0.00108343
0.00053724
0.000361335
0.000685256
0.000332591
0.00116448
0.000251317
0.000515093
0.00142234
0.00040381
0.000317231
0.000499753
0.000388399
0.000436677
0.00358049
0.00029648
0.000146924
0.000421365
0.000286924
0.000295493
0.000499135
0.00781204
0.000535541
1.26676e-05
0.000252341
0.000397267
0.000248211
0.000981943
0.000290951
0.000185835
0.000125799
0.000238698
0.000598576
0.000450314
0.000194728
0.000997184
0.000100279
0.000345682
0.000241507
0.000353595
0.000175777
0.000380924
0.000117723
0.0010966
8.10879e-05
0.000734333
0.000492552
0.000472279
0.000966135
0.000326982
0.000315957
9.13267e-05
0.00167213
0.000441276
0.00039519
0.000172207
0.000343275
0.000100673
0.00029089
0.000285613
0.000359392
0.000352896
0.0003704
0.000864868
0.00176908
0.00147247
0.000361665
0.000446541
0.000351724
0.000115079
0.000569593
0.000464294
0.000219892
0.00407478
0.00345676
0.000763888
6.54444e-05
0.000525002
0.000333587
0.0014584
0.00048048
0.00152992
0.000171578
0.000356323
0.000321836
0.000368718
0.000213005
0.000161
0.00053271
5.90731e-05
0.000186163
0.00018348
0.000672956
0.000558022
0.000355151
0.00024446
0.000308005
0.000243017
0.000771392
0.000349929
0.000311132
0.00206418
8.04123e-05
0.000215138
0.000153719
9.11525e-05
9.83231e-05
0.000137154
0.000354514
0.000510184
2.75653e-05
0.000205592
0.00633806
9.87714e-05
0.000329897
0.00122345
0.000498053
0.000285292
0.000268258
0.000177518
0.000174683
0.000750857
0.00016797
0.000722991
1.04167e-05
0.000498225
7.64961e-05
0.000747077
0.000223546
0.000604713
0.000436068
0.000239627
0.000222925
0.000231776
0.000185329
0.000363694
8.21278e-05
0.00062593
0.000432513
0.000393105
0.000403409
0.000502811
0.000282759
0.000174087
0.000456396
0.000437
0.000640726
0.000150728
0.000381599
8.68881e-05
0.000567415
0.000544378
0.000633794
0.000264494
0.000195843
0.00104361
0.00053728
0.000305515
0.000213224
0.000205247
0.000724935
0.00023243
0.00040822
0.000155371
0.000113166
0.000856302
0.000265305
0.000233804
0.000520826
0.000713777
0.00058116
0.000318283
0.000781184
0.00023846
6.73394e-05
0.000223904
0.000361004
0.000412522
0.000268078
0.000546908
0.000329493
8.40709e-05
0.000322399
0.000252314
0.000164164
0.000366406
0.00289685
0.000316496
0.000181676
0.000537257
0.000708612
0.000514894
0.000634073
7.40966e-06
0.000315691
0.0003856
0.000197589
0.00197364
0.000386802
0.000390169
0.000426525
0.000589451
0.0112691
0.00151339
0.000282651
0.000162291
0.000214052
0.00228043
4.60496e-05
0.000350881
0.000237784
0.000658839
0.00032956
0.000369561
0.000545762
0.00189512
0.000529448
0.000231842
0.000662568
0.000617989
7.65142e-05
0.000510022
0.000489956
0.000282304
0.000818857
0.000316837
0.00069975
0.000603761
0.000503685
0.000188249
0.000267305
0.000164702
0.000648488
0.000304384
0.000249816
0.000369847
0.000725323
0.000209817
0.000402884
0.000638597
0.000385503
0.000416751
0.000532878
0.00019568
0.000256846
0.00016454
0.000517475
0.000200923
0.000292655
0.00277948
0.000305169
9.77311e-05
0.000161225
0.000442104
0.000417824
0.00021514
0.000192637
0.000829804
0.000355532
0.000369828
0.00102125
0.000169585
0.000968363
0.00061551
0.000745238
0.000538937
0.000411447
0.000366151
0.00228555
0.000354867
0.000884674
0.000473137
0.000379517
0.000443119
0.000438291
0.000324317
0.000242242
0.000274361
0.000140994
0.000786853
0.000349015
0.000906574
0.000249803
0.000220432
0.000698259
0.000688376
0.000419543
0.000451564
