0.0011185
0.000361371
0.000875469
0.00113999
0.000423422
0.000322302
0.0019312
0.000224503
0.000623667
0.000501599
0.000241731
0.000658946
0.000906086
0.000479654
0.000411667
0.000268831
0.000564254
0.000499608
0.000217983
0.000254172
0.000559969
0.00067003
0.000405899
0.000819271
0.000431072
0.000614425
0.000147507
0.000569278
0.00120379
0.000418373
0.000537649
0.000464795
0.000582289
0.00022953
0.000220899
0.000318845
0.000263184
0.000964116
0.000525611
0.00034225
0.000621356
0.000213088
0.00027527
0.000309916
0.000179166
0.000972147
0.000535111
0.00243273
0.000271964
0.000351646
0.000561619
0.00029714
0.000497351
0.000196479
0.000245365
0.000579208
0.000476147
0.0012291
0.000613112
0.000662309
0.000961998
0.000521701
0.000235137
0.00023708
0.021631
0.000119652
0.000453143
0.000329635
4.77483e-05
0.000285098
0.000573423
0.000281824
0.000559444
0.000593218
0.00100941
0.00177779
0.000189128
0.000661609
0.000241857
0.000167617
0.000318833
0.000164842
0.000253625
0.000400195
0.000315022
0.000282682
0.000370538
0.00103574
0.00104491
0.000386116
0.000354558
0.000506356
0.0011961
0.000367378
0.000216418
0.000440551
0.0016361
0.000271267
0.000630185
0.000483158
0.000386246
0.000210201
0.00082063
0.000137306
0.000324863
0.000373085
0.000277056
0.000200468
0.000391574
0.000659686
0.00067975
0.000425402
0.000765325
0.000421328
0.000911114
0.000180625
0.000950113
0.00076049
0.000383822
0.000408113
0.000625295
0.000886773
0.000665628
0.00207484
0.000209447
0.000613191
0.00035389
0.000165465
0.000370336
0.000898364
0.00016155
0.000423067
0.000229756
0.000243039
0.000477385
0.000142988
0.000665206
0.0007428
0.000321518
0.000230392
0.000416766
0.00169376
0.00148009
0.000428096
0.000685057
0.000245188
0.0007512
0.000638155
0.00133027
0.000183548
0.000508062
0.000530326
0.000777529
0.000438837
0.000809831
0.000340505
0.00036098
0.000463288
0.000710162
0.000425364
0.00317436
4.2024e-05
0.000521067
0.000365569
0.000445829
0.00044822
0.000488963
0.000427027
0.000341013
0.000300585
0.000684037
0.000496297
0.000784758
0.000239212
0.000776385
0.000280132
7.74409e-05
0.000410824
0.000906662
0.000594267
0.000254198
0.000451118
0.0003005
0.000777965
0.000898862
0.000609787
0.000226629
0.000482024
0.000359056
0.000250416
0.000286637
0.000143564
0.000164075
0.000388788
0.084769
0.000250675
0.000326461
0.000486016
0.000114409
0.000520984
0.000610636
0.000854235
0.00518385
0.000297561
0.000262108
0.000381039
0.000490287
0.000301265
0.000535507
0.00354526
0.000474365
0.00049687
0.000427402
0.00036953
0.000298081
0.000191436
0.000314248
0.000293358
0.00101113
0.000546299
0.000201067
0.000414539
0.000511708
0.000264028
0.000325531
0.000821321
0.000341361
0.000333872
0.000426479
0.000227914
0.00040812
0.00033219
0.000475117
0.000483116
0.000374301
0.000377855
0.000356671
0.000187221
0.000492418
0.0011578
0.000109626
1.52708e-05
0.000639678
0.00236784
0.000464508
0.000419234
0.000613585
0.000618145
0.000454287
0.000516475
0.000869357
0.000457078
0.00399567
0.0004161
0.000384837
0.000161374
0.00386966
0.000435452
0.000156739
0.000439121
0.000476843
0.000209308
0.000157824
0.000407941
0.000211553
0.000467075
0.00128283
0.000833344
0.00256077
0.000202778
0.000526878
0.0003526
0.000472535
0.000327649
0.000714129
0.000289924
0.000478256
0.000257863
0.00064277
0.000745747
0.000419037
0.00030967
0.000109418
0.000137431
0.000149328
0.000339192
0.0006943
0.000481125
0.000305817
0.000599927
0.000278048
0.0004217
0.000321351
0.000669614
6.93639e-05
0.000258253
4.00072e-05
0.00045357
0.000342066
0.000592996
7.74899e-05
0.00054248
0.000331421
0.000414692
0.000818737
0.000403315
7.26896e-05
0.000310481
0.000883923
0.000338797
0.000375263
0.000748547
0.000592751
0.000397558
0.000355228
0.000393612
0.00065256
0.000354074
0.000839501
0.000338498
0.000373654
0.000103989
0.000239804
0.000314499
0.00139005
0.000328959
0.000152171
0.000147879
0.00205064
0.000237582
6.26717e-05
0.000201529
0.000141237
0.000533395
0.000254278
0.000208002
0.000427856
0.000204829
0.000579375
0.000275742
0.000546136
0.000694489
0.000232064
0.000475132
0.000253077
0.00057781
0.000208452
0.000280443
0.000468846
0.000516728
0.000204686
7.18536e-05
0.00050925
0.00096
0.000287424
0.000366122
0.00321272
0.000251039
0.0006738
0.000176015
0.000541907
0.00016235
0.00048406
0.00051921
0.000295055
0.00021302
0.000260504
0.000154181
0.000210921
0.00126743
0.000176419
0.000492094
0.000433612
0.000415974
0.00330145
0.00163367
0.000360092
0.00023223
0.000245774
0.000763744
0.000207793
0.000466054
0.000490552
0.000409417
0.00122529
0.000357715
0.00070488
0.0053561
0.00046847
0.000280905
0.000266191
0.000358457
0.000750396
0.00011336
0.00028406
0.000282497
0.000861601
0.000391244
0.000522658
0.000338838
0.000584035
0.000337655
0.00048653
0.000426403
0.000217234
0.00028968
0.000989234
0.000383596
0.000588306
0.000718907
0.000417255
0.00125423
0.00220213
0.0032966
0.000262533
0.000292655
8.27841e-05
0.000767892
9.38691e-05
0.000392864
0.000357229
0.000300945
0.000459839
0.000304297
0.000547567
0.000751973
0.00069367
0.000369589
0.000363754
0.000368291
0.000284355
0.00112106
0.000160162
0.000893337
0.000658118
7.60295e-05
0.00067106
0.000514828
0.00102151
0.000392309
0.000265154
0.000296877
0.000124983
0.000268766
0.000616451
0.00106789
0.000257262
0.000362697
0.000446354
0.000115634
0.000202383
0.000795397
0.000789718
0.000476186
0.000359401
0.000323298
0.000212498
8.92857e-05
0.000349981
0.000324436
0.000370059
0.000409534
0.000684375
0.000609847
0.000264113
0.000329344
0.000368769
0.000492275
0.0011181
0.000846366
0.000522326
0.000188976
0.000664329
0.000169549
0.000135418
0.000646895
0.000292152
0.000657849
0.000420231
0.000352271
0.000441214
0.00580334
0.000413798
0.000144002
0.000137337
0.000157799
0.000235964
0.000275653
0.000317285
5.82129e-05
0.000266798
0.000992949
0.000172621
0.000352915
0.000300527
0.000607714
0.00167923
0.00018827
0.000172792
0.000400312
0.00116476
0.000529109
0.00533124
0.0015162
0.000102303
0.000435897
0.000613476
0.000229561
0.000369442
0.000472219
0.000177159
0.00037229
0.000643563
0.000461543
0.000719318
0.000439962
0.00127703
0.000206057
0.000286322
0.000245757
0.00140778
0.000478634
0.000192843
0.000441153
0.0101804
0.000332581
0.000217566
0.000382489
0.000836662
0.000117478
0.000421077
0.000309459
0.00057244
0.00552002
0.000458857
0.000235681
0.0162721
0.000379322
0.000169484
0.000265627
0.000198538
0.000120236
0.000355185
0.000173569
0.00892218
9.40433e-05
0.000290605
0.00052389
0.000500019
0.00056581
0.000527203
0.000308175
0.000182907
0.00196028
0.000477303
0.000703294
0.000434723
0.000299868
0.000697387
0.000222783
0.000129182
0.000280097
0.00108891
0.00048885
0.000382408
0.00101783
0.000735894
0.000473795
0.000351525
0.00167856
0.00043433
0.00119881
0.000208158
0.00141526
0.000257093
0.00102594
0.00089296
0.000232614
0.000569194
7.55864e-05
0.000292816
0.000219217
0.00166882
0.000907859
0.000378854
0.000239337
0.000825128
0.000403817
0.000868491
0.00103268
0.000820191
0.000147547
0.000407849
0.000225296
0.00028959
0.000194719
0.000713698
0.000478999
0.00177526
0.000719504
0.000102585
9.35433e-05
0.000359816
0.00107148
0.000628152
0.000371899
0.000312614
0.000439219
0.000101452
0.000273938
0.000222056
0.000249913
0.000985013
0.000136142
0.00021402
0.000547797
0.00097078
0.000448997
0.000194828
0.000871523
0.00106056
0.000482149
0.000975451
0.000270085
0.000321454
0.000263957
0.000521607
0.000779665
0.000637369
0.000309184
0.000271972
0.000635296
0.000523636
0.000568656
0.000156796
0.000290404
0.000172524
0.000786923
0.000300728
0.00101955
0.000700584
0.000603008
0.000531749
0.000865579
0.00601543
0.000433613
0.000274636
0.000213496
0.000367813
0.00128502
0.000438866
0.000432311
0.000207806
0.00043737
0.000495791
0.000259676
0.00140422
0.000283682
0.000616185
0.00034034
0.000377803
0.000433491
0.000355883
0.000362096
0.000425488
0.000792548
0.000256483
0.00274451
0.000150252
0.000500329
0.000322437
0.000180877
0.00102105
0.000138241
0.000167478
0.000477642
0.00145228
0.0005801
0.000497703
0.000229603
0.000589394
0.000809517
0.000437675
0.000441852
0.00010336
0.000864797
0.00101705
0.000723072
0.000434639
0.000388674
0.000520971
0.000277293
0.00135502
7.41846e-05
0.000351165
0.001886
0.000925402
0.000148459
0.000579215
0.000734382
0.000293489
0.00013709
0.000434886
0.000765788
0.000361941
0.000173611
0.000366343
0.000373896
0.00053887
0.00026912
0.00250376
0.00041552
0.000387143
0.000843729
0.000103023
0.000789016
0.000540888
0.000503895
0.000348064
0.000510704
0.000703162
0.000519711
0.000339538
0.000216415
0.000192794
0.000386788
0.0003512
0.000333506
0.000322623
0.000310633
0.000251112
0.000315984
0.0615335
0.000840743
0.00054128
0.000481865
0.000684777
0.000256757
0.000501538
0.0106668
0.000325683
0.000215403
0.00025265
0.000257348
0.00113427
0.000234089
0.000357862
0.000378583
0.000237969
0.000402174
0.00062047
0.00137357
0.000385862
0.000439456
0.000447375
0.000124342
0.000179056
0.000781004
0.000207098
0.000172065
0.000754832
0.00033296
0.000315342
0.000167278
2.42627e-05
0.000175128
0.00036316
0.000888317
0.000407012
8.60292e-05
0.000162576
0.000581673
0.000254491
0.000431752
0.00035659
0.000111101
0.000195986
0.000281692
0.000450766
0.000708204
0.000276463
0.000462992
0.000247097
0.0004996
0.000189722
0.000493923
0.000701559
0.000355557
0.000100877
0.00130684
0.000297317
0.000562007
0.000143909
0.000208333
0.000328624
0.000367276
0.000507483
0.000188702
0.000430024
0.000475505
0.000278876
0.000212402
0.000483769
0.000576362
0.000625402
0.000705097
0.00276978
0.000399251
0.000512064
4.45748e-05
0.000699494
0.000444323
0.000110169
0.0002846
0.000262244
0.000392013
0.000249333
0.000439738
0.000143252
7.84545e-05
0.000948823
0.000573622
0.000491031
0.00032301
0.000218428
0.000305431
0.000270065
0.000867978
0.000215243
0.00104315
0.000160732
0.00124394
0.000595928
0.000224751
0.00379689
0.000514623
0.000553444
0.000154041
0.00087891
0.000356275
0.000639651
0.00310508
0.00118661
0.000158909
0.00053243
6.39732e-05
0.000151839
0.00141487
0.000336993
0.000401969
0.000275003
0.00050498
0.000445717
0.000805438
0.000144921
0.000372625
0.000263704
0.000272233
0.000278871
0.000134247
0.000178164
0.00111116
0.000321405
4.96386e-05
0.000282564
0.000371329
0.000151967
0.00014632
0.00067187
0.000937922
0.00115024
0.000325307
0.000370302
0.000362153
0.000554612
0.000254823
0.000260295
0.000291481
0.00119122
0.00316663
3.68501e-05
0.000571443
0.000241829
0.000543214
0.000582147
0.000391878
0.000733488
0.000477502
0.000470935
0.000288113
0.000159896
0.000668978
8.35963e-05
0.00016155
0.000293007
8.46992e-05
0.000146099
0.00046272
0.000322672
0.00172831
0.00087542
0.00247916
0.000327538
0.000320348
0.00021335
0.000366653
0.00045926
0.000861734
0.000133555
0.00147129
0.000279831
0.000531367
0.00031883
0.000436289
0.00023366
0.000702146
9.27366e-05
0.00655565
0.000258942
0.000126964
0.000386342
0.000517245
0.000223473
0.000200666
0.00028103
0.000382282
0.000180114
0.000725288
0.000574935
0.000426175
0.00050976
0.000372609
0.000576066
0.00129462
0.000133775
0.00100252
0.000202377
8.01201e-05
0.00526735
0.000219817
0.000436765
0.00112618
0.000156028
0.00282775
0.000567681
0.000532597
0.000913797
0.000181834
0.000945973
0.000289053
0.000338707
0.00156357
0.000600592
0.000668816
0.000350007
0.000894217
0.000234223
0.000420346
0.000472026
0.000481593
0.000417854
0.000308658
0.000435774
0.000133781
0.00043415
0.000633905
0.000221812
0.00158039
0.000993745
0.000251839
0.000153765
0.00050362
0.000648436
0.000576194
0.000402436
0.000226219
0.000255302
0.000335422
0.000205758
0.000567591
0.00209629
0.000297156
0.00341943
0.000231943
0.000766712
0.00025705
0.000505784
0.00201828
0.000441666
0.000299494
0.000306076
0.00028969
0.000300075
0.000171251
0.00132111
0.000278227
0.000417123
0.000520175
0.00163982
0.000511325
0.000639368
0.000515785
0.000165033
0.000339604
0.000478775
0.000475072
0.000336785
0.000866774
0.00922934
0.000282513
0.000403874
0.000327042
0.000609212
0.000450676
0.000511105
0.000211764
0.000764261
0.000316005
0.000500742
0.00193309
0.000370737
0.000636179
0.000490921
0.000395279
0.000339564
0.000558755
0.00018857
0.000206723
0.00028205
0.00151404
0.00367572
0.000561493
0.000875476
0.000353751
0.000232025
0.000208603
0.000389935
0.00216228
8.91698e-05
0.000204154
0.000313525
0.000528496
0.000598447
0.000176076
0.00633095
0.000569538
0.000568843
0.000281102
0.00030432
0.000251522
0.000559416
0.000746313
0.000501149
0.000218081
0.000388413
0.000762707
0.00524241
0.000345542
0.000342485
2.73742e-05
0.00295663
0.000501977
0.000140397
0.000314074
0.00018969
0.000518974
0.00049799
0.000111548
0.000828906
0.000822549
0.000573939
0.000735818
0.000604489
3.56962e-05
0.0051754
0.000765399
0.000265353
0.00055995
0.000523963
0.000357176
0.00160804
0.000793154
0.000321389
0.00201113
0.000203816
0.000455806
0.000418634
0.000276021
0.000214179
0.000236187
0.000381047
0.00136041
0.000123021
0.000355668
0.000791385
0.00044405
0.000207028
0.000548599
0.000377063
0.000321339
0.000245974
0.000236243
0.000841131
0.000310433
0.000831761
0.000521324
0.000473023
0.00027919
0.0010242
0.000417717
0.000252023
0.000379307
0.000653126
0.00619353
0.000152488
0.000378611
0.000331245
0.00053322
0.000382747
0.000255768
0.000758888
0.000507285
0.000206217
0.000332061
0.000170864
0.000177835
0.00106693
0.000314758
0.000291012
0.00141847
0.00377495
0.000621476
0.00423
0.0002792
0.000226905
0.000402749
0.00039663
0.00166997
0.000769364
0.000582021
0.000313566
0.00129409
0.000395284
0.000661497
0.000333214
0.000879877
0.000410132
0.00056144
0.000443343
0.000163051
0.000153106
0.00187217
0.000180049
0.000208156
0.000307774
0.001045
0.000699479
0.00293131
0.000645022
0.000243865
0.000153395
0.000169058
0.000288803
0.000385599
0.000442715
0.000172775
0.000562109
0.000321334
0.000895444
0.000151432
0.000397881
0.000328503
0.000673003
0.000220205
0.000499016
0.000400445
0.000111075
7.71576e-05
0.000349082
0.000346378
0.00044878
0.000372865
0.000187534
0.000625535
0.000252953
0.000363224
9.2418e-05
0.000615525
0.000229094
0.000457342
0.000608075
0.000234299
0.000299179
0.00030064
9.80198e-05
0.000191253
0.000204239
0.00122044
0.000213635
0.00118819
0.000762241
0.000136908
0.000703909
0.000326848
0.000355034
0.000373947
0.000424167
0.000590733
0.000200199
0.000352611
0.000281612
0.000187195
0.000120273
0.000385572
0.000535138
0.000766524
0.000338917
0.000267312
0.000457433
0.000422126
0.000228856
0.00084355
0.000323922
0.000514597
0.000231711
0.000394243
0.000330855
0.000883186
0.000360701
0.00224
0.000241112
0.000217785
0.000576715
0.00112466
0.000538997
0.00115369
0.000483707
0.00406075
0.000204989
0.000530891
0.000341745
0.000552147
0.000915193
0.00108669
0.000468511
0.000585776
0.000370839
0.000307063
0.000248064
0.000607911
0.000266731
0.000135871
0.000375722
0.000636665
0.000421272
0.000423823
0.000323147
0.000391966
0.000451825
0.00163641
0.000256501
0.0003357
0.000507061
0.000427334
0.000382979
0.000485179
0.000263642
0.000389676
0.000327165
0.000493485
0.000400779
0.000188374
0.000138199
0.000231892
0.000861114
0.000318799
0.00131162
0.00044945
0.00140379
0.000315994
0.00021492
0.000716854
0.000609874
0.0003323
0.000406373
0.00059455
0.000268924
0.00042887
0.00062132
0.00773146
0.000356955
0.000420644
0.000351955
0.000528282
0.000287057
0.000327632
0.000504194
0.000324318
0.000289732
0.000382727
0.000508636
0.000525377
0.00291481
0.000491426
0.000108754
0.000598372
0.000157452
0.000272826
0.000300849
0.000548595
0.00587542
0.000590135
0.000474828
0.005209
0.00024667
0.000580682
0.000295045
0.000280257
0.00019725
0.000212345
0.000210739
0.000220291
0.000458379
0.000153533
0.000174196
0.000343883
0.00125979
0.000372503
0.000657052
0.000193471
0.000603135
0.000492361
0.000318514
0.000471821
0.000380162
0.000234551
0.000322522
0.000605163
0.000187793
0.000207984
5.30765e-05
0.000849092
0.000547515
0.000194556
0.000126885
0.000416046
0.000224021
0.000340115
0.000210419
0.00044163
0.000310095
0.000561755
0.000475406
0.00059564
0.00052636
0.000445792
0.000122625
0.000638625
7.93637e-05
0.000421388
0.000530615
0.000123622
8.62457e-05
0.000291703
0.000552009
0.000315205
0.000144987
0.000757502
0.00027372
0.000496603
0.000661403
0.000388827
0.000483231
0.000684569
0.000543511
0.000255093
0.000263681
0.000207952
0.000258894
0.00124315
0.000480917
0.000217145
0.000302995
0.000956996
0.00022633
0.000624356
0.000559245
0.000332788
0.000386106
0.000309257
8.4352e-05
0.000228258
0.000751427
0.000505833
0.00109186
0.000263679
0.000117105
0.000379008
0.000533809
0.000307031
7.91796e-05
0.000218612
0.000310367
0.000937534
0.000342517
0.000225542
0.000366233
0.00059305
0.00042551
0.00192179
0.000261
0.000242465
0.000386513
0.000376702
0.000473334
0.00010151
0.00020259
0.00137995
0.000372412
0.000234699
0.000488406
0.000196032
0.000611337
0.000810977
0.000263731
0.000798819
0.000428134
0.000592874
0.000108523
0.000246226
0.000430837
0.000237249
0.000142358
0.000438494
0.000109573
0.000229598
0.000198782
0.000341542
0.0011644
0.00076533
0.00034071
0.000132278
0.000695831
0.000556107
0.000597653
0.00584136
0.000629582
0.00159012
0.000309398
0.000484951
0.000150149
0.000305132
0.000333379
0.000222469
0.000251896
0.000487744
0.000126436
0.000191278
0.000771398
0.000364575
0.000376333
0.000513269
0.000343093
0.000355844
0.000316848
0.000239294
0.000202315
0.000470793
0.000534485
5.57159e-05
0.000592341
0.000962524
0.000116868
0.00109283
0.000678501
0.000257555
0.00014412
0.000278441
0.000228164
0.000938123
0.000481676
0.000471273
0.000412255
0.000326375
0.000233383
0.000652993
0.000249731
0.000350681
0.000437392
0.000165949
0.000546005
0.000384687
0.000338216
0.000258769
0.000303814
0.000164239
0.000331649
0.000297214
0.000618983
0.000232773
0.000402678
0.000342925
0.000226162
0.0019195
0.00118762
0.00220477
0.000891738
0.000440684
0.000452179
0.000739698
0.000621902
0.000567738
0.000375711
0.000235134
0.000721576
3.90256e-05
0.000203438
0.000652766
0.000282467
0.000374568
0.000310608
0.000445812
0.000216694
0.000213211
0.00043571
0.000698506
0.000299434
0.000737786
0.000298462
0.000510271
0.000362162
0.000348932
0.000277069
0.00017646
0.000414516
0.000733874
0.00023224
0.000113969
0.000497477
0.000232439
0.00380041
0.000591946
0.000907047
0.000716768
0.00110494
0.00111006
0.000308787
0.00027872
6.87772e-05
0.000355897
0.000448327
0.0230107
0.00176989
0.000340817
0.000509917
0.000139208
0.000844594
0.000413317
0.000860127
0.000706161
0.000533045
0.000863113
0.000436165
0.000324122
0.00110441
0.000384071
0.000248842
0.00057027
0.00150051
0.000244361
8.34702e-05
0.000427489
0.0043823
0.00100714
0.000313528
8.23349e-05
0.000593282
0.00048194
0.000103929
0.000760483
7.50748e-05
0.00062023
0.000436421
0.000477327
0.00123579
0.000258241
0.000325365
0.0010083
0.00103883
0.000189232
0.000593416
0.00111054
0.000865147
0.000240599
0.000238369
0.000324846
0.00080358
0.000301408
0.000707932
0.000428003
0.00021034
0.00048281
0.0166895
0.000313027
0.000344784
0.000485345
0.000192748
0.00047868
0.000298718
0.000588708
0.000671781
0.00138565
0.000532454
0.000580191
0.000495971
0.000440816
0.000744496
0.000614601
0.00030538
0.000346859
0.000322299
0.000275237
0.000282112
0.000380347
0.00124425
0.00162418
0.000391692
0.000155103
0.00077884
0.00066279
0.000478893
0.000194816
0.000681391
0.000900917
0.0002318
0.000381443
0.000424704
0.000809096
0.000398789
0.000452171
0.00084504
0.000228907
0.000237593
0.000496675
0.000501971
6.39772e-05
0.000102771
0.000273974
0.00025185
0.000267654
0.000363384
0.00052071
0.000291391
0.000245432
0.000373515
0.00111603
0.000137132
0.000240735
0.000355923
0.000668026
0.000338528
0.00098717
0.000262322
0.000356413
0.000694876
0.000181088
0.000368935
0.000210089
0.00034873
0.000278415
0.000361831
0.00283797
0.000198145
0.000227999
0.000147566
0.000219416
0.000398418
0.000495109
0.000382629
0.00145129
0.000200072
0.000575267
0.000461624
0.00051195
0.00149369
0.00018215
0.000231108
0.000933619
0.000275138
0.000505292
0.000298081
0.000688768
0.000189645
0.000587657
0.000582391
0.000366679
0.000616558
0.000330495
8.11487e-05
0.000476733
0.000442245
0.000745392
0.000214324
0.000470264
0.000675119
0.000769929
0.000645595
9.43281e-05
0.000390204
0.000377815
0.000333602
0.000528835
0.000824618
0.000907603
0.00268295
0.000479471
0.000431218
0.000536521
0.00348099
0.00117465
0.000352152
0.000367222
0.000269644
0.000385714
0.000671591
0.000487286
0.00017691
0.000453542
0.000187592
0.00022272
0.000510177
0.000384313
0.000646709
0.000765425
0.00011401
0.000737414
0.000360716
0.00052835
0.000512522
0.000649317
0.000242139
0.000405975
0.000441846
0.00120565
0.000214912
0.000273101
0.000395501
0.000663541
9.31666e-05
0.000372098
0.000540865
0.000323973
0.000264671
0.000712914
0.000788321
0.000215243
0.000517153
0.000131721
0.00434301
0.00211649
0.000354002
0.000753586
0.000558778
0.00087049
0.000216316
0.000412143
0.000465541
0.00068025
0.00049811
0.00533521
0.000241063
0.000179517
0.000827426
0.000658932
0.000519364
0.00034334
0.000100945
0.000795428
0.000250189
0.000229157
0.000741769
0.000666289
0.000287272
0.000422468
0.000458725
0.000621994
0.000390688
0.000394014
0.000644985
0.000612264
0.00450152
0.000406042
0.000324057
0.000342741
0.000449787
0.000193842
0.000108206
0.00051165
0.000267358
0.000309755
0.00166339
0.000543471
0.000246713
0.00137076
0.000256361
0.000252706
0.000614538
0.000318068
0.000478755
0.00030053
0.000386231
0.000382559
0.00151247
0.000577724
0.000394364
0.000263072
0.000173783
0.000353195
0.000147879
0.000239006
0.000693138
0.000299112
0.000364347
0.000190367
0.000636713
0.00036963
0.000585382
0.000284169
0.000715248
0.000301631
0.000159746
0.000748264
0.0002583
0.000500317
0.000404644
7.24929e-05
0.000403378
0.000338833
0.000192255
9.92776e-05
0.00705837
0.000444457
0.000212933
0.000611363
0.000410772
0.000259169
0.000307819
3.6902e-05
0.000414438
0.000825973
4.5688e-05
0.00029815
0.000187506
0.000156565
0.000277758
0.000228704
0.000591202
0.000237503
0.000333165
0.00035134
0.000327127
0.00151318
0.000579695
0.000269125
0.0006823
0.000691176
0.000284366
0.000545453
0.00072239
0.000257247
0.00151642
0.000340581
0.000774224
0.00069827
0.000382609
0.001699
0.000339602
0.000936498
0.000358654
0.000514535
0.000490773
0.00129121
0.000475271
0.000235763
0.000411393
0.000494456
0.000819201
0.000460529
0.000202038
0.00042649
0.000538146
7.44842e-05
0.000461309
0.00152165
0.000551461
0.000638591
0.000427991
0.000349792
0.000320265
0.000699477
0.000270991
0.000455146
0.0012627
0.000327572
0.000134214
0.000181991
0.00071789
0.000222402
0.00105786
0.000166175
0.00142431
0.000582481
0.00022781
0.000234137
0.000435858
0.000607232
0.000754698
7.8717e-05
0.00115348
0.000245096
0.000291754
0.000642938
0.000332293
0.000705113
0.000702889
0.000455519
0.000367991
0.000159054
0.000287926
0.000232338
0.000801266
0.000128629
0.000142384
0.000576697
0.000292522
0.000473474
0.000465291
0.00020774
0.00108558
0.000176428
0.00150346
0.000183007
0.000175382
0.000464651
8.66208e-05
0.000639757
0.000326522
0.00179358
0.000211966
0.000393326
0.000368504
0.000537341
0.000867416
0.000433911
0.000438642
0.000511032
0.000197455
0.000369808
0.000296982
0.00056846
0.000523998
0.00118578
0.000247239
0.000839281
0.000324966
0.000890081
4.56914e-05
0.000271867
0.000974341
0.000233672
0.000402615
0.000402973
0.000608083
0.00455254
0.000376191
0.00116316
0.000373982
0.000536809
0.000661088
0.000494168
0.00030544
0.000489531
0.00036363
0.00146892
0.00187171
0.000270615
0.000381468
0.00409452
0.000354498
0.000273063
0.000933604
0.000424322
0.000472383
0.000253208
0.000471556
0.000817657
0.000399704
0.000230212
0.000402942
0.000262346
0.000543558
4.89887e-05
0.0194579
0.000383802
0.000326877
0.000242405
0.000298721
0.00055367
0.00113324
0.000239591
0.000530051
0.000359464
5.40745e-05
0.000634346
0.000595386
0.000325535
0.000257203
0.000161696
0.000289405
0.000214195
0.000244751
0.000320424
0.000212151
0.00017839
0.000762308
0.000978495
0.000597835
0.000314996
0.0003219
0.000457089
0.000141424
0.000409466
0.000474013
0.000223137
0.000542402
0.000252555
0.000533257
0.000664125
0.000870746
0.000165611
