0.00374334
0.000429014
0.000972744
0.000545438
0.00057118
0.000253772
0.000376846
0.000629998
0.00016294
0.000514751
4.96199e-05
0.000622799
0.000262627
0.00066519
0.000207074
0.000450553
0.000578182
0.000418264
5.2362e-05
0.000533279
0.00067283
0.00013002
0.000214843
0.000679443
0.00695123
0.000424681
0.000142931
0.000400226
0.000592464
9.32503e-05
0.00069685
0.000249084
0.00060501
0.000241544
0.000115698
0.000381036
0.000368332
0.000334813
0.00016351
0.000428433
0.000301765
0.000244959
0.000367431
0.000369217
0.0128848
0.000326044
0.000462771
0.000383986
0.000545956
0.000383001
0.000280299
0.000482453
0.000210665
0.000917719
0.000513923
0.000425732
0.000176006
0.000231029
0.000245104
0.000672073
0.000250051
0.00084262
0.000248067
0.000696607
0.0001881
0.000291747
0.000778511
0.000996884
0.00043891
0.00756361
7.19888e-05
0.000375364
0.00033128
0.000816113
0.000956092
0.000615479
0.000334137
0.000587595
0.000762298
0.000904592
0.000351507
0.000127252
0.00100388
0.000609185
0.000456134
0.000425746
0.00050912
0.000135997
0.000621887
0.000399568
0.000241164
0.00279976
0.000345467
0.000515371
0.000472337
0.000566018
0.000281783
0.00046931
0.00247772
0.000102224
0.000419925
0.000250805
0.000525691
0.000482369
0.000264956
0.000169968
0.000632196
0.000674591
0.000495336
0.000398652
0.000272645
0.000763853
0.000628828
0.000469789
0.00270542
0.000209117
0.000469531
0.00101815
0.000457594
0.00062411
0.000354585
0.00106064
0.000421249
0.000571427
0.000871377
0.000584078
0.000485941
8.47597e-05
0.000482924
5.70424e-05
0.000306432
0.000414409
0.00036524
0.000188669
0.000357927
0.000575486
0.000228209
0.000577587
0.000630472
0.000396
0.000823532
0.000149649
0.000329904
0.00032325
0.00013341
0.000394269
0.000348215
9.9039e-05
0.000243175
0.000290614
0.000235907
0.000237043
0.000515177
0.000460841
0.000993589
0.000604752
0.000399248
0.000153014
0.000943928
0.000634148
0.000405701
0.000545554
0.000537148
0.00030804
0.00126475
0.000154951
0.000180773
0.000301726
0.000244295
0.000373671
0.000630855
0.000401626
0.00076772
0.000157367
0.000495378
0.0181662
0.000840079
0.000317855
0.00708539
0.00103621
0.000416611
0.00085081
0.000692841
0.000475895
0.000387263
8.04123e-05
0.000387694
0.000277377
0.000623706
0.00072392
0.000492792
0.00039831
0.00157436
0.000850739
0.00027294
0.000199314
0.00811424
0.000964503
0.000241964
0.000871177
0.000423801
0.000496101
0.000566336
0.00062863
0.000301466
0.00179994
5.1873e-05
0.000291883
0.000446862
0.000182846
0.000684209
0.000285721
0.00108126
0.000398853
0.000822838
0.000278101
0.000222378
0.00136596
0.000493104
0.000173029
0.000249807
0.00178405
0.000225096
0.000622688
0.000318237
0.000254875
0.000635977
0.000600298
0.000314559
0.000427793
0.000114806
0.000878924
0.00156923
0.000715584
0.000357572
0.000128565
0.000283285
0.000321989
0.000404119
0.00137541
0.00049856
0.0020541
0.000539582
0.000526872
0.00400009
0.00123931
0.000194361
0.000546272
0.000354954
0.00164192
0.000438171
4.5991e-05
0.000492792
0.000497828
0.000992468
0.000590627
0.000345054
0.000321171
1.08386e-05
0.000391548
0.000221412
0.000424543
6.81402e-05
0.000380254
0.000868974
0.000264309
0.000171555
0.00023162
0.000442302
0.000314367
0.00161291
0.000302498
0.000389845
0.00024359
0.00075219
0.000340956
0.000244965
0.000383921
0.000531935
0.000399742
0.000166672
0.000374697
0.000728248
0.000218282
9.0567e-05
0.000299032
0.000647875
0.000185282
0.000364258
0.000246436
0.000550181
0.00017868
0.000391394
0.000245606
0.00657981
0.000351125
0.000634092
0.000925962
0.000116429
0.000529546
0.000407083
0.000335782
0.00165357
0.000435798
0.000567644
0.000227602
0.000691811
0.000442691
0.000395768
0.00021525
0.000343514
0.000240283
0.000199988
0.000108494
0.00115363
0.00109289
0.000559264
0.000426805
0.000247997
0.000446003
0.000363322
0.000365061
0.000336277
0.000452409
0.000732843
0.000265052
0.00116143
0.000444706
0.000711687
0.000225626
4.60666e-05
0.000722134
0.000262209
0.000353734
0.00262441
0.000794887
0.000348444
0.00054468
0.000614452
0.00016876
0.000279604
0.000504422
0.000699698
0.000610887
0.00032633
0.000270562
0.00058986
0.000316278
0.000229394
0.000370016
0.000278989
0.000770739
0.0004146
0.000209771
1.52708e-05
0.000610448
0.000368617
0.000358394
0.00165117
0.000185118
0.000651603
0.000532532
0.000415883
0.000210447
0.000959264
0.0017243
0.000396582
6.85524e-05
0.000324607
0.00069699
6.52441e-05
0.000616486
0.000648831
0.000266762
0.000434238
0.000364711
0.000379156
0.000274136
0.000178481
0.000395241
0.000569598
0.000709813
0.000555872
0.00578701
0.000127182
0.00115755
0.000306697
0.000395644
0.000215828
0.000367622
0.000343487
0.000356735
0.00140667
0.000440071
0.000444571
0.00048851
0.000454589
0.000541631
0.000470375
0.000332636
0.00106203
0.00032017
0.000352786
0.000473444
0.000298552
0.000613852
0.000340925
0.00032978
0.000350924
0.000134216
0.000321749
0.000375999
0.000445724
0.000254552
0.00071365
0.000176573
0.000413016
0.000218752
0.000691622
0.000457157
0.0004309
0.000223688
0.000556353
0.00117389
0.000273323
0.00242577
0.000761525
0.00079676
0.000554979
0.000546347
0.000250284
0.000225273
0.000325912
0.000445446
0.000385189
0.000787641
0.00047457
0.000139706
0.000282299
0.000311542
0.000217245
0.000290333
0.000506528
0.000183324
0.000356223
0.000279842
0.000234621
0.00109439
0.000321136
0.000354336
0.0013762
0.000570463
0.000241648
0.000552649
0.000371139
0.000459534
0.000139501
0.00026532
0.000325704
0.000267697
0.000458266
0.000518722
0.000613393
0.000425114
0.000368374
0.000527808
0.000670673
0.000173753
0.000588972
0.000472334
0.000634567
0.000223598
0.000322343
0.00012894
0.00068468
0.000361688
0.000250809
0.000437922
0.000360311
0.000134474
0.000453554
0.000949233
0.00171028
0.000565423
0.000737017
0.000110837
0.000402192
0.000438225
0.000327592
0.000496077
0.000431077
0.000136801
0.00021387
0.000249518
0.000151133
0.00104635
0.00118862
0.00019698
0.000514882
0.000297064
5.52413e-05
0.000261821
0.000439036
0.000487986
0.000504792
0.000606183
0.000762276
0.000887742
0.000242694
0.000159602
0.000335097
0.000161917
0.000262547
0.000413483
0.000517116
0.000317093
0.000227972
0.000206786
0.000629602
0.00142055
0.00291432
0.000315623
0.000218079
0.000206546
0.000253146
0.000521348
0.000321124
0.000866677
0.000195145
0.00160833
0.000163013
0.00168273
0.000300163
0.000283737
0.000609334
0.000317155
0.000315989
0.000176283
0.000102095
0.0002107
0.000522172
0.000365485
0.000180966
0.000359722
0.000270928
0.000565142
0.000231898
0.000333308
0.00060773
0.000502486
0.000278926
0.000298485
0.000379658
0.000287262
0.00039659
0.000324468
0.000153471
0.000451462
0.000574138
0.000141165
0.000218247
0.000301222
0.000160726
9.57507e-05
0.000286366
0.000286924
0.000309397
0.000352326
0.000373868
0.000239283
0.000181211
0.000490563
0.000338487
0.000294231
0.000335558
0.000160638
0.000240554
0.000530599
0.000381861
0.000213048
0.000293438
0.000235179
0.000119377
0.000237776
0.000532842
0.000286383
0.000246889
0.000508413
0.000491805
0.000622878
0.0013371
0.0003576
0.000594404
0.000565728
0.000599091
0.00066903
0.000640114
0.00058496
0.000546949
0.000127618
0.000351333
0.000435626
0.00169793
0.000224329
0.0634216
0.00265926
9.50467e-05
0.000611135
0.000711227
0.000631691
0.000215441
0.00120449
0.000293929
0.00161479
0.00193533
0.000169777
0.000537043
0.000696385
0.00183309
0.00030301
0.000574884
0.000541136
0.00037619
0.000326326
0.000704878
0.000731313
0.000551549
0.000477648
0.000315426
0.000530768
0.00036161
0.00246413
0.00248681
0.000126953
0.000514957
0.000308384
0.000170552
0.000658988
0.000594971
9.17998e-05
0.000132353
0.000437966
0.000420389
0.000616038
0.000299262
0.000428194
0.00096627
0.000548534
0.000438975
0.000631069
0.00258639
0.00375436
0.000847122
0.000243126
0.000981586
0.000422841
0.000285703
0.000316062
0.000318938
0.000399048
0.000229545
0.000585494
0.0014442
0.000286594
0.000381158
0.000429584
0.000175725
0.000300567
0.000661744
0.000493444
0.000401949
0.000684011
0.00741992
0.000318426
0.000200816
0.000447805
0.000509907
0.000285662
0.000933598
0.000305367
0.000517011
0.000224239
0.000401633
0.000509315
0.00053985
0.000274824
0.000292336
0.000117326
0.000317828
0.000120781
0.000468305
0.000747365
0.000101435
0.00150256
0.000472005
0.000385271
0.00296694
0.000391455
0.000398311
0.00100357
0.000110719
0.000100556
0.000291694
0.000816365
0.00110621
0.000545539
0.00121723
0.00103484
0.000429663
0.000491607
0.000689368
0.000183138
0.00243428
0.000600952
0.000427898
0.000373374
0.000141808
0.000238831
0.000856271
0.0015937
0.000989962
0.000453252
0.00039358
0.000330982
0.00064463
0.000212427
0.000193384
0.000204572
0.000194341
0.000554841
0.000346333
0.000646463
0.000408845
0.000485737
0.000551997
0.000496981
0.000595641
0.000313499
0.00144824
3.75841e-05
0.000425314
0.000430936
0.000423138
0.000261712
0.000405179
0.00043262
0.000400374
9.33143e-05
0.000617899
0.000244309
0.000290418
0.000650694
0.000333461
0.00033378
0.000224837
0.000880671
2.29504e-05
0.000144631
0.000578774
0.000684578
0.000245611
0.000260369
0.000301423
0.000345228
0.000420111
0.000486057
0.000570374
8.15023e-05
0.000673478
0.000121302
0.000182952
0.000317917
0.000544443
0.000184309
0.000127102
0.000370198
0.00157749
0.000177683
0.000596131
0.000406221
0.000473478
0.000330359
0.000320526
0.000801968
0.00079835
0.000839835
0.000359161
0.000703229
0.000265512
0.000425649
0.000275892
0.000575478
0.000627139
0.000504958
0.00473736
0.000616407
0.00140637
0.00026872
0.000415592
0.00047839
0.000661882
0.000367495
0.000163018
0.000274091
0.00125067
0.000177133
0.000508689
0.00119172
0.000483007
0.000712526
0.00026001
0.000510425
0.000241128
0.000373891
0.00030996
0.00137308
0.00052188
0.000444176
0.000349858
0.00236687
8.25555e-05
0.000225512
0.000362728
0.000427531
0.00111531
0.00031476
0.000415721
0.00044639
0.000578481
0.000745058
0.000490034
0.000267469
0.000576708
0.000192311
0.000537988
0.000362228
0.000517923
0.000703134
0.000339318
0.000321077
0.000316084
4.12157e-05
0.0003018
0.000356118
0.000230788
0.00036188
0.00134177
0.00036385
0.000485483
0.000985454
0.000116881
0.000276754
9.37153e-05
0.000304514
0.000387564
0.00016009
0.00198444
0.00109368
4.14092e-05
0.000382245
0.00171906
0.000194038
0.000278804
0.000702663
0.000606988
0.000440765
0.000336748
0.000282851
0.000866243
0.000364354
0.00108357
0.000165337
0.000431202
0.000248515
0.00035949
0.000243575
0.000467238
0.000456913
0.00019506
0.000294933
0.000264568
0.000531941
0.000489134
6.55887e-05
0.000612346
0.000730469
0.000830337
0.000305792
0.000306942
0.000436455
0.000153527
0.00026513
0.00021062
0.000483024
0.000445449
0.000452821
0.000462802
0.000374659
0.000199793
0.000372479
0.000646817
0.000398932
0.000425168
0.000352337
0.000279521
0.000347629
0.000834998
0.000113884
0.000608378
0.000474805
0.000494802
0.000481575
0.000557094
0.000567877
0.000289232
0.000414099
0.000158195
0.000292707
0.000162372
0.000129201
0.000106791
0.000236853
0.000402148
0.00031452
0.000817416
0.000569383
0.000256766
0.000602308
0.000815457
0.000375287
0.000461206
0.000515548
0.000464708
0.000277029
0.000541414
0.000358787
0.000358029
0.000420965
0.00045549
0.000545937
0.000374875
0.0003955
0.000293745
0.000498788
0.000382433
0.000468054
0.000344892
0.000437691
0.000192153
0.000198984
0.000302162
0.000166389
0.000535395
0.000406606
0.000329334
0.000259264
0.00047937
0.00026792
0.000329495
0.00113257
0.000184863
0.00131267
0.000321869
0.00055426
0.000945528
0.000383437
0.000159394
0.000668136
0.00046763
0.000475143
0.00100733
0.000632806
0.00657906
0.000485868
0.000498643
0.000431053
0.000179668
0.000278274
0.000377769
0.000569269
0.000334451
9.46351e-05
0.00015092
0.000178791
0.000361884
0.000123445
7.31729e-05
0.000245797
0.000230308
0.00068141
0.000270046
0.000212831
0.000401918
0.000319915
0.00447311
0.000191547
0.000428697
0.000212882
0.000644007
0.000332913
0.000368745
0.000383531
0.00018548
0.000396011
0.000671073
0.000236362
0.000494418
0.000857922
0.000763839
0.000920985
0.000487364
0.000173192
0.000214893
0.000453317
0.000513888
0.000608687
0.000414852
0.0011318
0.000555229
0.000917033
0.00726547
0.00516102
0.000552181
0.000331586
0.00011708
0.000534528
0.000663847
0.0011891
0.000650317
0.000249954
0.000272128
0.000398358
0.000591352
0.000172831
0.000739739
0.000212127
0.000305531
0.00030111
0.00124211
0.000438873
0.000415377
0.000148779
0.000607655
0.00152973
0.000372375
0.0824088
0.00887107
0.000297924
1.0733e-05
0.000490532
0.00055083
0.000579082
0.000134785
0.00110208
0.000139184
0.000538008
0.000428816
0.000164225
0.000730055
0.000501301
0.00034138
0.00040995
0.000498444
0.000621443
0.000755227
0.000232652
0.00081457
0.000225593
0.000644916
0.000777338
0.000801495
0.000536537
0.000546053
0.000658642
0.000400304
0.000945208
0.00054057
0.000286452
0.000343403
0.000251118
0.0363591
0.000292206
0.00135095
4.22882e-05
0.00235856
0.000286636
0.000344109
0.000306466
0.000574297
0.000193913
0.000430578
0.000797615
0.000634955
0.000997804
0.000651665
0.00035483
0.00022157
0.000487282
0.000218785
0.000354265
0.000292989
0.000270402
0.000143904
0.00221643
0.000163128
0.000344569
0.00041877
0.000231817
0.000529493
0.000393434
0.000341483
0.000392212
0.000385181
0.000361063
0.000317287
0.000389081
0.000328934
0.000240736
0.000677068
0.000343549
0.000590107
0.000551122
0.000358958
0.000436242
0.000493976
0.000652807
0.000312609
0.000198149
0.000260119
0.000367627
0.000228562
0.000156033
0.000425564
0.000429053
8.59477e-05
0.000787381
0.000692369
0.000539648
0.000285451
0.000454461
0.000466744
0.000147419
0.000136838
0.000383073
0.000538765
0.00143975
0.000148682
0.000714255
0.000429202
0.000333302
0.000792884
0.000114448
0.000321241
0.000315114
0.000385284
0.000575701
0.000199454
0.000414581
0.000375754
0.000344632
0.000323147
0.000528598
0.000748632
0.000262911
0.000157157
0.000295587
0.000902784
0.000794109
0.00037005
0.000400168
9.89707e-05
0.000403799
0.00063069
0.000491412
0.000260455
0.000290619
0.000281985
0.00046638
0.000327607
0.000547214
0.000258251
0.000377201
0.000213679
0.00038692
0.000233004
0.000621069
0.000165626
0.000155428
0.000755451
0.000130055
0.000329908
0.000358926
0.000247129
0.000451854
0.000383482
0.000416385
0.000421577
0.000658955
0.00497187
6.20996e-05
0.000201012
0.000610602
0.000701578
0.000451748
0.000357817
0.000240335
0.000311023
0.000450591
0.000185448
0.000420732
0.000467156
0.00150929
0.000325217
0.000367007
0.000463883
0.00060681
0.000475202
0.000455002
0.000120506
0.000766174
0.000308862
0.000703681
0.011938
0.00043006
0.000713046
0.000492944
0.000271922
0.000457887
0.000507286
0.000169798
0.000764302
0.000470679
0.000463536
0.00050173
0.00058139
0.000882067
0.000342747
0.000355538
0.00150683
0.000217944
6.47091e-05
0.000231329
0.000304688
0.000196832
0.000352297
0.000373818
0.000629446
0.000441553
0.000252645
0.000502737
0.0004937
0.000305708
0.000594631
0.000254731
0.0010469
0.000473336
0.00054752
0.000337208
0.000468572
0.000205434
0.00041089
0.000333349
0.000250359
0.00739376
0.000369162
0.00116479
0.000790243
0.000349662
0.000434548
0.000322288
0.000566478
0.000577451
0.000331961
0.00029245
0.000359277
0.000900954
0.000131976
0.000575008
0.000329778
0.000502596
0.000237108
0.00121484
0.00106191
0.000303534
0.000385477
0.000680968
0.000897188
0.00118219
0.00219766
0.000349455
0.000396629
0.000827699
0.000120692
0.000192362
0.000398813
0.00935342
0.000143775
0.0007803
0.000208709
0.000306363
0.000606481
0.00024451
0.00306967
0.000473751
4.17299e-05
0.00106056
0.000333444
0.000178312
0.000402554
0.000378142
0.000119552
0.000384343
0.000352852
0.000281682
0.000280103
0.000255678
0.000491397
0.000530077
0.000622567
0.000772232
0.000285637
0.00193543
0.000280637
0.000292349
0.000480682
0.000669537
0.000206141
0.000476166
0.000376434
0.000334117
0.000507198
0.000234043
0.000665748
0.000522427
0.000529704
0.000185902
0.000238035
0.000516785
0.000782837
0.000483483
0.000362649
0.00017042
0.000509796
0.000328086
0.000216573
0.000439329
0.0003771
0.000481097
0.000760581
0.000352717
0.0246666
0.00073142
9.34847e-05
0.000183507
0.000694546
0.000144058
0.000326969
0.000304515
0.0002788
0.000202924
0.000541987
0.000542
0.000187761
0.000443536
0.000280238
0.000205685
0.000530336
0.000622971
0.000422281
0.000636691
4.94509e-05
0.000673857
0.0011288
0.00053976
0.00022418
0.00044727
0.000330422
0.000746184
0.000206464
0.00422071
0.000714769
0.0011651
0.000355453
0.000145143
6.31859e-05
0.000233924
0.000387231
0.000465672
0.000551936
0.000348773
