0.000988732
0.000706776
0.000885097
0.000768795
0.000447885
0.000767901
0.0007281
0.00194216
0.00127217
0.000540397
0.000984831
0.000845916
0.00193638
0.000513118
0.00126618
0.00193368
0.000499912
0.00186455
0.00192744
0.00772574
0.00270948
0.000811058
0.00165192
0.00204562
0.000612883
0.00255855
0.000943906
0.00171659
0.00116003
0.000910511
0.00075944
0.00116355
0.00162585
0.0011768
0.000826222
0.00030171
0.000542919
0.00222016
0.000640642
0.00059568
0.000918919
0.021925
0.00074392
0.00098454
0.00039735
0.00196645
0.000621854
0.00108216
0.00121982
0.000396279
0.00023743
0.00100318
0.00105996
0.000461723
0.000925412
0.00109308
0.00128498
0.000600285
0.000952053
0.000939598
0.000722729
0.000629536
0.000831865
0.000726353
0.000984125
0.000629077
0.00098361
0.000724991
0.000834437
0.00110049
0.000787605
0.000774596
0.00143739
0.000650929
0.000543797
0.000698713
0.000243843
0.00187944
0.000424846
0.00228132
0.001028
0.000957986
0.000181759
0.000744537
0.00109448
0.000957287
0.000311527
0.00135934
0.00101541
0.00264666
0.000669213
0.000580219
0.000723651
0.00141876
0.00100596
0.000169324
0.000273555
0.00129466
0.00179866
0.000464715
0.000494236
0.00139451
0.000775488
0.00102687
0.000644795
0.00101126
0.000515962
0.000451068
0.000473332
0.000773333
0.0116112
0.000384011
0.00013001
0.000775041
0.000908155
0.000471101
0.000734945
0.000580247
0.000508884
0.000789858
0.000953536
0.000903943
0.0047353
0.000797763
0.00153401
0.00101501
0.00106143
0.00126285
0.000688453
0.00138394
0.000794575
0.0010957
0.00137194
0.000590608
0.000505927
0.000740519
0.000351057
0.000872848
0.000732627
0.000748002
0.000490108
0.000434274
0.000648861
0.0024512
0.000927294
0.00129039
0.0011038
0.0236826
0.00114398
0.00131649
0.000846125
0.000730767
0.00133241
0.000680211
0.00143336
0.00071498
0.000665812
0.000834031
0.00109529
0.000697473
0.00103383
0.000729781
0.000806563
0.000983346
0.000991785
0.000603821
0.000814705
0.000698309
0.00602795
0.00187039
0.00106131
0.000182809
0.00166433
0.000795233
0.000462588
0.000720163
0.00126024
0.000949166
0.00138708
0.00117181
0.000870002
0.00109133
0.00026042
0.00284947
0.00147684
0.00134556
0.00116387
0.000290417
0.000924983
0.00581029
0.00165661
0.00103525
0.000629026
0.00543201
0.00190165
0.000926234
0.00102718
0.000730049
0.000702883
0.00105446
0.000641277
0.000901442
0.000167165
0.000551177
0.000525285
0.00112656
0.000991447
0.000776647
0.00180421
0.00018357
0.000630498
0.000636506
0.000700613
0.000619263
0.000948447
0.000465055
0.000644226
0.000293658
0.000502826
0.00111152
0.00160019
0.000792256
0.00159189
0.00132604
0.000636157
0.00172418
0.000675815
0.000535906
0.00199646
0.000553096
0.000802828
0.000226513
0.000815297
0.00225027
0.00121806
0.000302636
0.000618691
0.00313423
0.000718851
0.00617274
0.0606998
0.00019478
0.000384393
0.000485415
0.00219032
0.0006838
0.000528559
0.000542076
0.000698287
0.00155568
0.00185605
0.00272477
0.00162365
0.000559762
0.00115573
0.137234
0.00114467
0.000976111
0.00161384
0.000782558
0.000894266
0.000641951
0.00060255
0.000885312
0.000273489
0.000904528
0.000513767
0.00106914
0.000593646
0.000303616
0.00078427
0.000492174
0.001725
0.00030362
0.00095668
0.000391268
0.000589472
0.00365157
0.000585726
0.000778563
0.00053962
0.000801684
0.000381487
0.00112076
0.00355295
0.000803668
0.00143316
0.00112098
0.00120478
0.000891272
0.00184183
0.00188224
0.000881469
0.00194757
0.000477378
0.000557087
0.000911354
0.00367224
0.000788905
0.000575343
0.00118292
0.00102921
0.000726495
0.000383144
0.00047409
0.00113703
0.000814649
0.000650801
0.000887061
0.00156082
0.000746755
0.00107405
0.000816134
0.000662871
0.000870303
0.000574206
0.000709568
0.00121302
0.00136832
0.000935208
0.000618021
0.00362054
0.000748162
0.00102301
0.000687072
0.000631495
0.00048988
0.000547634
0.00073768
0.000958135
0.000408304
0.000925591
0.000953017
0.00122144
0.000483728
0.000758548
0.000392017
0.00671776
0.000953866
0.00422406
0.000651438
0.00121398
0.00074751
0.00304898
0.00159726
0.00155741
0.000487632
0.000329898
0.00211828
0.00149157
0.000748284
0.000551671
0.000653458
0.000884422
0.00209531
0.00130605
0.000702632
0.000928508
0.00102173
0.00081852
0.00133085
0.000592995
0.00191298
0.00192514
0.000620919
0.00240282
0.000929388
0.00131169
0.000905366
0.000597052
0.000676887
0.000835058
0.000876926
0.000455637
0.00041944
0.000679426
0.000987003
0.000465808
0.000826114
0.000892544
0.000539083
0.000822974
0.000743291
0.000909114
0.00109725
0.000660245
0.00151974
0.00392595
0.00108135
0.000351608
0.000678991
0.000663911
0.000632602
0.00113268
0.00101277
0.0171612
0.00219614
0.011404
0.000655108
0.000396536
0.00104517
0.000743014
0.00106262
0.000538223
0.00144956
0.000644809
0.000483196
0.00117269
0.000570397
0.000415177
0.00104447
0.000764513
0.000226016
0.0014623
0.000496768
0.000756022
0.000688246
0.000706854
0.000830237
0.00125022
0.000570398
0.00373353
0.00789446
0.00111002
0.000949926
0.00061093
0.000503088
0.000518633
0.000874503
0.00223786
0.000467799
0.00114656
0.0246218
0.00172207
0.000747118
0.000721801
0.00081426
0.000468274
0.00126592
0.000854087
0.000835525
0.000370936
0.00380106
0.00180384
0.000473212
0.00111395
0.000906633
0.0011104
0.00160731
0.00126287
0.00132441
0.00793032
0.00157217
0.0020016
0.000879408
0.000613233
0.000399326
0.00075738
0.000694225
0.00065065
0.00129799
0.000728245
0.0023848
0.00070494
0.000397454
0.000682051
0.000458347
0.000553037
0.000408585
0.00137186
0.0373204
0.000904825
0.000668304
0.00165132
0.000475995
0.000294703
0.00556287
0.000464065
0.000641931
0.000208151
0.00155491
0.000338735
0.000882692
0.000510182
0.000817556
0.000778264
0.000941647
0.00108574
0.000722573
0.000809404
0.00168357
0.00218351
0.000598269
0.000728909
0.000629808
0.000564737
0.000753804
0.00175944
0.00105587
0.00105681
0.000687705
0.000449087
0.000138467
0.000608722
0.0015357
0.000857892
0.000644003
0.00303756
0.00089543
0.00132496
0.000592139
0.000771884
0.00138584
0.000983143
0.000505456
0.000192205
0.00405513
0.000214336
0.000801483
0.00066141
0.00178797
0.000441715
0.000493796
0.00271434
0.000999686
0.000907245
0.001328
0.000419102
0.000771541
0.00140533
0.000695764
0.000880803
0.00126679
0.00206728
0.000889946
0.000672239
0.000861825
0.000656057
0.00042025
0.00087436
0.00203719
0.00102006
0.000924665
0.0010287
0.000318742
0.000867477
0.00150496
0.000998485
0.000496426
0.00120894
0.000616688
0.00154644
0.000680527
0.00224496
0.0012952
0.00047037
0.000623191
0.000677653
0.000850244
0.0010427
0.00120268
0.000634212
0.000246904
0.00122083
0.000442167
0.00164548
0.000431871
0.00207248
0.00142768
0.000655033
0.000871062
0.000969967
0.00136371
0.00100145
0.00089629
0.000482823
0.000880168
0.000966831
0.000411757
0.000686849
0.00105974
0.000445778
0.000440447
0.000869399
0.00193702
0.00462943
0.00063282
0.000898361
0.00123801
0.000959654
0.000282018
0.000697776
0.000752554
0.000431002
0.00104254
0.00234442
0.000897487
0.000872213
0.000739137
0.00060108
0.000601127
0.000512578
0.00105756
0.00117056
0.000702444
0.00278905
0.00161804
0.00087523
0.000737971
0.000870569
0.000913868
0.00156807
0.000946111
0.000517884
0.000627836
0.000574184
0.000297628
0.000635041
0.000634205
0.000783831
0.00147946
0.00178649
0.0013805
0.000539318
0.000230571
0.000770838
0.000665698
0.000987236
0.000859423
0.00145279
0.000943637
0.000561081
0.00134083
0.000326279
0.000408702
0.000677025
0.00140165
0.000519985
0.000694131
0.00104017
0.000662073
0.00158125
0.000333808
0.0006089
0.000679823
0.000362867
0.00121857
0.000570019
0.000836228
0.000261336
0.000787197
0.000865585
0.00177491
0.00114491
0.0018777
0.00151355
0.000856707
0.0010578
0.00116494
0.000718486
0.000562305
0.00331106
0.000625769
0.00101654
0.000592522
0.000673239
0.000919758
0.00139228
0.000650798
0.000659186
0.00191545
0.00169165
0.000815294
0.000706071
0.000841145
0.000968783
0.000955789
0.000402214
0.000647442
0.000411604
0.000607558
0.000648476
0.00064428
0.00150562
0.000970351
0.000508432
0.000977038
0.00066831
0.001239
0.000496501
0.000744849
0.000869782
0.000939597
0.000773617
0.000798129
0.00093559
0.000515511
0.00116706
0.000521386
0.00117232
0.000498031
0.00107852
0.00165596
0.000614871
0.0061404
0.000568262
0.000865761
0.000620797
0.00111086
0.000517322
0.00472871
0.00276342
0.000371084
0.00146954
0.000685141
0.013664
0.000616215
0.000630588
0.000781737
0.0011995
0.00465935
0.00234831
0.00377218
0.00128408
0.000721824
0.00855481
0.00128886
0.000804248
0.00115972
0.00102919
0.00180971
0.00052977
0.00134772
0.000752416
0.000854911
0.000629899
0.00114063
0.000485528
0.00104806
0.00120924
0.000801356
0.00164255
0.00070722
0.00105365
0.000476025
0.000646272
0.00103282
0.00103652
0.000922366
0.000886564
0.00116776
0.00137677
0.000948996
0.00081788
0.000779043
0.00106697
0.00062874
0.00107711
0.000604712
0.00122601
0.0020373
0.000777892
0.00109408
0.000757204
0.000830162
0.000491269
0.000544476
0.000948652
0.000708742
0.0017477
0.00118516
0.0054352
0.000761331
0.00100154
0.000323967
0.000187034
0.000707557
0.000827225
0.000524287
0.00412234
0.000995878
0.00184054
0.00077005
0.00161023
0.00100914
0.00102998
0.000585594
0.000532796
0.000261096
0.00127298
0.000491667
0.000665678
0.000967875
0.00106286
0.000620894
0.00102592
0.00141722
0.00293873
0.00467435
0.0015444
0.000491519
0.00052191
0.00128501
0.000767833
0.000711932
0.000923106
0.00187184
0.000690142
0.00195876
0.000683221
0.000775177
0.000556513
0.00128053
0.000527257
0.00106838
0.000678842
0.00119192
0.000897547
0.00050812
0.000860346
0.00106423
0.002132
0.000812597
0.000595548
0.000733163
0.00602249
0.00107472
0.000509009
0.00088583
0.00043446
0.0012418
0.000369943
0.000822871
0.00663306
0.000709879
0.00097203
0.000888724
0.00044887
0.00411024
0.000949196
0.00374848
0.0017528
0.00564702
0.00103091
0.000461984
0.000891369
0.0010941
0.0010659
0.000126057
0.000959376
0.00252837
0.00074476
0.000668571
0.00205856
0.000410252
0.000553819
0.00263105
0.000797358
0.000746613
0.00112987
0.000680711
0.000626302
0.000744196
0.00126564
0.00121015
0.00264049
0.00092944
0.00195896
0.000710198
0.0009776
0.000712059
0.000356311
0.00109135
0.000635653
0.000596967
0.0127394
0.000428962
0.000563365
0.000575765
0.000837776
0.00085434
0.00110406
0.00135625
0.000930329
0.000809424
0.000684336
0.000782024
0.000694038
0.000537748
0.00109145
0.000968392
0.000757808
0.000681673
0.000639008
0.000764612
0.000551052
0.00130781
0.000748018
0.000562882
0.0010536
0.00123285
0.000738355
0.00146431
0.000716542
0.000968935
0.000789218
0.000659632
0.000979498
0.000880345
0.00280274
0.00102641
0.00127478
0.000378001
0.000535095
0.000883422
0.000485021
0.00237769
0.000483408
0.000834002
0.000917066
0.000463668
0.000979621
0.000772592
0.000910294
0.000210851
0.00141311
0.000648855
0.00091759
0.00919786
0.000539325
0.002849
0.00425858
0.00116212
0.000796754
0.00138224
0.000497353
0.00355994
0.000636553
0.000591705
0.000620901
0.000294499
0.000455103
0.000811016
0.000359702
0.000736268
0.00370478
0.00329896
0.000831494
0.00145685
0.000709727
0.00027574
0.00227315
0.00118539
0.000782812
0.000240605
0.000865596
0.00115656
0.00241617
0.000609155
0.000742402
0.000419519
0.00106734
0.000593118
0.000743896
0.00699823
0.000870778
0.0334698
0.00669151
0.000724719
0.000272354
0.000625363
0.0008412
0.00102207
0.00147289
0.00122159
0.00109592
0.000359133
0.00127199
0.000750236
0.000700559
0.00116596
0.00163499
0.000791529
0.00119019
0.000691366
0.000827332
0.00210247
0.00111532
0.000849259
0.0021137
0.000351134
0.000838569
0.000769645
0.000412246
0.000296546
0.000821684
0.00409647
0.000832258
0.000862009
0.000681065
0.00138054
0.000339103
0.00238867
0.00117766
0.00114992
0.00169074
0.000648202
0.000895792
0.000595702
0.000627425
0.0010362
0.00109447
0.00104387
0.00101519
0.00082346
0.00128515
0.00302536
0.00286865
0.000604397
0.0138731
0.000645042
0.000631763
0.00053038
0.00139482
0.00123511
0.000924019
0.00142115
0.00115547
0.000709874
0.000254683
0.000620135
0.00124732
0.00120337
0.00075842
0.00108709
0.000719675
0.000602158
0.000792299
0.000653135
0.000734238
0.0012071
0.000703245
0.00105389
0.000949478
0.000652361
0.00109932
0.00117426
0.00116934
0.000600216
0.00111141
0.00139778
0.00209673
0.00195961
0.00115839
0.000576833
0.00135894
0.000309749
0.00268924
0.000782146
0.00222092
0.00143363
0.000693738
0.000510713
0.000305256
0.000628749
0.000676077
0.00143461
0.00212178
0.000845667
0.00114489
0.000237807
0.000620156
0.000917015
0.00106458
0.00116319
0.00136056
0.000963285
0.00106318
0.00282725
0.00166223
0.000675307
0.000504442
0.00174085
0.00814069
0.000583083
0.000570604
0.000715958
0.000547997
0.000585118
0.00113376
0.00523505
0.00197558
0.000980655
0.000622804
0.000798835
0.00118673
0.0010006
0.000500911
0.00102207
0.000639117
0.000978965
0.00057827
0.00392499
0.000511862
0.00108963
0.000975175
0.00104718
0.000752854
0.000983982
0.00178902
0.000597029
0.000561026
0.000882501
0.00070602
0.00145441
0.000558774
0.00075166
0.000911996
0.000536232
0.000627273
0.00109478
0.000387549
0.00028703
0.00131334
0.000798998
0.000856331
0.00110375
0.00155484
0.000355115
0.00101164
0.000600366
0.000562205
0.000893062
0.000510928
0.000546014
0.00068885
0.000618784
0.000654826
0.000537775
0.00213993
0.000554292
0.000306002
0.000510662
0.00124553
0.000907528
0.00058906
0.00105964
0.00142055
0.000816742
0.000621173
0.000713566
0.000736013
0.00142232
0.000488201
0.000607168
0.00107203
0.000442828
0.00131841
0.000512267
0.000998558
0.00167856
0.000623305
0.00117839
0.00118082
0.00123398
0.000792776
0.000910295
0.00105488
0.000877724
0.000919926
0.000658897
0.000200527
0.000730417
0.000301643
0.000725662
0.00107769
0.00123813
0.0014074
0.000721821
0.000691861
0.000317711
0.00176509
0.00129094
0.0044448
0.000807846
0.00144715
0.00112085
0.0022985
0.00174979
0.00093117
0.00160516
0.000532335
0.000925175
0.00192
0.000479044
0.000540916
0.000879039
0.00102253
0.00110012
0.0010499
0.000749912
0.000363157
0.00270426
0.00168707
0.00118625
0.00106109
0.000913329
0.000836902
0.000434618
0.00109706
0.000527353
0.00125074
0.000800473
0.00185323
0.000750168
0.000595076
0.000342733
0.000921664
0.000473405
0.00029025
0.00143095
0.00055837
0.000748764
0.000830957
0.00394908
0.00184535
0.00187468
0.0011682
0.00143782
0.000458663
0.0010509
