0.000514815
0.000276578
0.000581514
0.000487324
9.86733e-05
0.000315311
0.000164678
0.00122837
0.000288508
0.000138303
0.000371288
0.000503705
0.000714967
0.00204922
0.00018472
0.0111855
0.00222647
0.000448865
9.53633e-05
0.00024273
0.00120959
0.000580274
0.000100124
5.95931e-05
0.00037122
0.000665701
0.00067934
0.000469599
0.000422081
0.000731476
0.000205982
0.000207066
0.000478273
0.000761134
0.000185398
0.000239844
0.000253755
0.000644794
0.0008917
0.000308193
0.00063733
0.000247472
0.000377294
0.000355238
0.000665155
0.000315613
0.000824402
0.000257205
0.000194222
0.000488066
0.000430834
0.000527797
0.000240626
0.000317258
0.000267486
0.000152334
0.000248047
0.000413185
0.00040032
0.000327097
0.000423812
0.000918873
0.00120064
0.000419715
0.000196581
0.000188127
0.000152138
0.00129208
0.000244536
0.00038669
0.000532642
0.000459501
0.0005654
0.000241834
0.000967213
0.000428119
0.000474992
0.000247863
0.000228776
0.000714442
0.000749286
0.000218457
