0.000441575
0.000255171
0.000627914
0.000495266
0.000225879
0.000191115
0.000372397
0.000128592
0.000741449
0.000255718
0.000325681
0.00068982
0.000502874
0.000399801
0.000220591
0.000588024
0.00111445
0.000128818
0.000170047
0.000712383
0.000378118
0.000965731
0.000354219
0.000533898
0.000728962
0.000334977
0.000378216
0.000460188
0.000276758
0.000342857
0.000285033
0.000503895
0.000455227
0.000174644
0.000418792
0.000375097
0.00019556
0.000537746
0.000415893
0.00035473
0.000452955
0.000171335
0.00046179
0.000266363
0.000128542
0.000666689
0.000842909
0.000410419
0.000316837
0.000542512
0.000195576
0.000294563
0.000571433
0.000555965
0.000672652
0.000184333
0.000455629
0.000519859
0.000357541
9.55544e-05
0.000160398
0.000791808
0.000393676
0.00107552
0.000288719
0.000527547
0.000498354
0.000266763
0.000256166
0.000891255
0.000355293
0.000280238
0.00024971
0.00177596
0.000348984
0.00326827
0.000860848
0.000302118
0.000639362
0.000447542
0.000901921
0.000448593
0.00048707
0.00133356
0.000215451
0.000200364
0.000283311
0.000185228
0.000311602
0.000456978
0.000391139
0.00012199
0.00107398
0.000387802
0.00248868
0.000303358
0.00042986
0.000478059
0.000745861
0.000748537
0.000466512
0.000667093
0.000225373
0.000293241
0.000418528
0.00029827
0.000408417
0.00206413
0.000757152
0.000622038
0.000323697
0.0003055
0.000123701
0.000296762
0.000303648
0.000311046
0.000453676
0.000170234
0.000255947
0.00025644
0.000760445
0.000242807
0.00082718
0.00025971
0.000961694
0.000894119
0.000374748
0.000306083
0.000556116
0.000413399
0.00177028
0.000198111
0.000561994
0.000447907
0.00050789
0.000575559
0.00034758
0.000156168
0.000229039
0.000182428
0.000105925
0.000597794
0.000224986
0.000307225
0.000445257
0.000492664
0.000302152
0.000390219
0.000449512
0.000744489
0.000353884
0.000481524
0.0005204
0.000268153
0.000462206
0.000361098
0.000350051
0.00159274
0.000408039
0.00108164
0.000260032
0.000394678
0.000545572
0.0125023
0.000193686
0.000325758
0.000463422
0.000322591
0.000261762
0.000211593
0.00207519
0.000470588
0.00047083
0.000143875
0.000405269
0.000254533
0.00021701
0.000527618
0.000351996
0.000121287
0.00050745
1.02493e-05
0.000540992
0.000214926
0.000767549
0.000461229
3.44742e-05
7.80005e-05
7.64961e-05
0.000708819
0.000350757
0.000278336
0.000468815
0.000585675
0.000815235
0.000600313
0.000386105
0.000811735
0.000275224
0.000220287
0.00028749
0.00163703
0.000489627
0.00111191
0.000420797
0.000277513
0.000411491
0.000467048
0.00118419
0.000944389
0.0112026
0.000708643
0.00030784
0.000475483
0.000540958
0.000258358
0.000251321
0.000174606
0.000722819
0.00050244
0.000854001
0.000217743
0.000501934
0
0.00109418
0.000375174
0.000247295
0.000751173
0.00107524
0.00110327
0.00051002
0.00075897
0.000291695
0.000276428
0.000218958
0.000255438
0.000268791
0.00108694
0.000649227
0.000514205
0.000336803
0.000872263
0.000262969
0.000335352
0.000484266
0.000577838
0.000562311
0.000357297
0.000277441
0.000390903
0.000442875
0.000327895
0.000180371
0.000418099
0.0002145
0.000415155
0.000591142
0.000541098
0.000763886
5.47608e-05
0.000313308
0.000698993
0.000269147
0.000809875
0.00039903
0.000300011
0.000467331
0.000540132
0.0014705
0.0008489
0.000116429
0.000596158
0.000829127
0.00025547
0.000535307
0.000412598
0.000170461
0.00104919
0.00388567
0.000146809
7.92117e-05
0.00122049
0.000242643
0.000369337
0.00264773
0.000551465
0.000240052
0.000234832
0.00037157
0.00144674
0.000263933
0.000570465
0.000877583
0.000346616
0.000437795
0.000132232
0.000203258
0.000246291
0.00021988
0.000151199
0.000713877
0.0011174
0.000228689
0.00041003
0.000369929
0.000253324
0.000351496
0.000290187
0.000906186
0.000655847
0.00032853
0.000434808
0.000552709
0.000200762
0.00393351
0.000430214
0.000352851
0.000239332
0.000681694
0.000375476
0.000201182
0.000208077
0.000390631
0.00101105
0.00388766
0.000343843
0.000433603
0.000804162
0.000482988
0.000313592
0.000319125
0.00018866
0.000353819
0.000404129
0.000517467
0.000398122
0.000391393
0.000335957
0.000495213
0.000287712
0.000612597
0.000349577
0.000327943
0.000216154
0.000704931
0.000484225
0.000134989
0.000247888
0.00097915
0.000359937
5.36693e-05
0.00117333
0.000332829
0.000163629
0.00170321
0.000612674
0.000281785
0.000404603
0.000381506
0.000435484
0.00107502
0.000704659
0.000539744
0.000237171
0.000202496
0.000738392
0.000850037
0.000334386
0.000331703
0.000502145
0.00164797
5.46045e-05
0.00119595
0.000343327
0.000720247
0.000381803
0.00138459
0.000402132
0.000321575
0.00072813
0.00013758
0.000583883
0.000462463
0.000354761
0.00463871
0.000711117
0.00110267
0.000223571
0.000245581
0.000145919
0.000253256
0.000203504
0.000340444
0.000330503
0.000201843
0.000598812
0.000492986
0.000248837
0.000414906
0.000758405
0.000473643
0.000331509
0.000215263
0.000553659
0.000886284
0.000500469
0.000283614
0.000327581
0.000538216
0.000381775
0.000475735
0.000558205
0.000501226
0.000645317
0.000196043
0.00093612
0.00011632
0.000581282
0.00115492
2.2498e-05
0.000567241
0.000506352
0.000528698
0.000214755
0.000414769
0.000320161
0.000316493
0.000311258
0.00216834
0.00023234
0.00155838
0.000252996
0.00024987
0.000489868
0.000183268
0.00090538
0.00473457
0.000465473
0.000437232
0.00143611
0.0011149
0.000444494
0.000353716
0.000223944
0.000405573
0.000338658
0.000271333
0.000328454
0.000487849
0.000599162
0.00013779
0.000419905
0.00695434
0.000835854
0.00138397
0.000368057
0.000471349
0.000269383
0.000411612
0.000213302
0.000520165
0.000294697
0.000731849
0.000330426
0.000229124
0.000208039
0.00169038
0.000934577
0.000780747
0.00296463
0.000356475
0.000469427
0.000692086
0.000223696
0.000285175
0.000301714
0.00355253
0.000578261
0.000456778
0.0010125
0.000294906
0.000278024
0.000504508
0.000339536
0.00172609
0.00286274
0.000760544
0.00112172
6.67299e-05
0.000407063
0.000910763
0.000292617
0.000903525
0.000373801
0.000472292
0.000275436
0.000696623
0.000913329
0.000586297
0.000578569
0.000259994
0.000283264
0.00060548
0.000330034
0.000575386
0.000569586
0.000569952
0.000596102
0.000462755
0.00129009
0.00132231
0.00030599
0.000521005
0.00203863
0.000729689
0.000836852
0.000215619
0.000658723
0.000367437
0.000333219
0.000550909
0.000867892
0.000300638
0.000313457
0.000253557
0.00102796
9.25246e-05
0.000527264
0.000203582
0.000671632
0.000397941
0.000564659
0.00067476
0.0036324
8.27433e-05
0.000721387
0.000268494
0.000999835
0.000520338
0.00213742
0.00121557
0.00031002
0.000567745
0.000365631
0.00117395
0.00126067
0.000634754
0.000510222
0.000155278
0.000498904
0.000647796
0.000244937
0.00114425
0.000679091
0.000568608
0.000334204
0.00022045
0.000423519
0.000250136
0.00041944
0.000137363
0.000753426
0.000751125
0.000461626
0.000309263
0.000664942
0.000208126
0.000473978
0.000212245
0.000683427
0.00086706
7.91027e-05
0.000240813
0.000256744
0.000635892
7.74061e-05
0.000154741
0.000544763
0.000132378
0.000462243
0.000712033
0.00041278
0.000921228
0.000927058
0.000489549
0.00054783
0.000424857
0.000224393
0.000827406
0.000447459
0.000601794
0.0002017
0.000460216
0.00295008
0.000329486
0.000476959
0.000394753
0.000164541
0.00028809
0.000307492
0.00101952
0.00076625
0.000114583
0.00026714
0.000114088
0.000319547
0.000523338
0.000889985
0.000372832
0.000213609
0.000569947
0.000420237
0.000425517
0.00031644
0.00107151
0.000439971
0.000491749
0.000535272
0.000560573
0.000303948
0.000374317
0.000791838
0.000286681
0.000744057
0.000673539
0.000309587
0.000564072
0.000370427
0.000924474
0.000613387
0.000858703
0.000329065
0.000116803
0.000461038
0.000458498
0.000504753
0.000268752
0.00166164
0.000574103
0.000765319
0.000794814
0.00011124
0.00016665
0.000212877
0.00104489
0.000279159
0.000300821
0.000673833
0.000468405
0.000550389
0.000507062
0.000650276
0.000543603
0.000767838
0.000657594
0.000434452
0.000255366
0.00432866
0.000581553
0.000520102
0.000645174
0.000678466
0.000214249
0.000549927
0.000328346
0.000834957
0.000329777
5.58738e-05
0.000257018
0.000386498
0.00190604
0.000287634
0.000349519
0.000465965
0.000474175
0.000229293
0.000585034
0.000199142
0.000445246
0.000869344
0.000803965
0.000758441
0.000433327
0.000388834
0.000266347
0.000518787
0.000445579
0.00039399
0.000233398
0.000294826
0.000308742
0.000448381
0.000509142
0.000151627
0.000228452
0.0002122
0.000551209
0.000768774
0.000417871
0.000662478
0.000221192
0.000657508
0.000660214
0.000472996
0.00587479
0.000632054
0.000279472
0.000518413
0.000416559
0.000369126
0.000441671
0.00474075
0.000458022
0.000215008
0.000313919
0.000274352
0.000412313
0.000473376
0.000862061
0.000374097
0.000603459
0.000114409
0.00112664
0.00157462
0.000377309
0.00066636
0.000414818
0.000912738
0.000370676
0.000499236
0.000397128
0.000791617
0.000147812
0.000803436
0.000565054
0.000168249
0.00120491
0.000656869
0.000720275
0.000734797
0.000631456
0.00640402
0.00077259
0.000414512
0.000563795
0.000158888
0.000495523
0.00116085
0.000133522
0.000168989
0.000825812
0.000460876
0.00599651
0.000667682
0.000736949
0.000302689
0.000522586
0.00216988
0.000468632
0.000260482
0.000209127
0.000284049
0.000566658
0.000468676
0.000752881
0.00020848
0.000451026
0.000805967
0.00103613
0.000457224
0.000191652
0.000404116
0.000400425
0.000265955
0.000230049
0.000285505
0.000303388
0.000598415
0.000532521
0.000425049
0.00265547
0.000532041
0.000477336
0.000214951
0.000247155
0.000385592
0.00108207
0.00023792
0.000293691
0.000654228
0.000859645
0.000506753
0.000389566
0.000371801
0.00044379
0.000399754
0.000779003
0.000228111
0.000218573
0.000289521
0.00118274
0.000184108
0.000116342
0.00227183
0.000699013
0.00024526
0.000613192
0.000470893
0.00125675
0.000404054
0.000528977
0.000511416
0.000685547
0.000575916
0.000499693
0.000684109
0.000513905
0.000148062
0.000345243
0.000745144
0.000386645
0.000348609
0.000332203
0.00131277
0.000538546
0.00165957
0.000425425
0.000244006
0.000299863
6.47256e-05
0.000442459
0.000480831
0.000336946
0.000606507
0.000463139
0.000652618
0.002113
0.000280323
0.00513015
0.000659378
0.00141026
0.000937449
0.000461824
0.000371374
0.000166711
0.000783262
0.000725941
0.0213446
0.000452192
0.000197212
0.000118743
0.000360594
0.00027526
0.00291813
0.000210545
0.000526376
0.000161456
0.000196218
0.000171605
0.00100603
0.00031729
0.00043456
0.00094293
3.65653e-05
0.000220421
0.000375398
0.00039564
0.000918769
0.00034642
0.000922637
0.000484256
0.000248194
0.00101786
0.000406459
0.000258726
0.000350729
0.000449023
0.000218493
0.000267572
0.000465123
0.000581529
0.000213033
0.000750109
0.000217383
0.00655888
0.000373918
0.000524681
0.000455974
8.37284e-05
0.000480189
0.000417008
0.000407916
0.00292386
0.00183922
0.000344002
0.000419269
0.000429284
0.000553905
0.000523613
0.00015298
0.000389938
0.00163305
0.000677842
0.000647481
0.00019573
0.000441159
0.000422612
0.000931657
0.000285557
0.00020547
0.000230373
0.000832176
0.000229769
0.000742458
0.000465254
0.000334804
0.000369606
0.000974959
0.000918088
0.000446149
0.000760278
0.000599976
0.000146446
0.000600437
0.000354226
0.000377217
0.000209248
0.000581633
0.0005857
0.000429243
0.000799597
0.000419009
0.000541579
0.000260874
0.000224177
0.000266701
0.000469827
0.000231021
0.000430092
0.000332664
0.00035642
0.000138608
0.00084133
0.000430087
0.000247011
0.000337082
0.000392803
0.000859206
0.000845353
0.000364533
0.0016131
0.000249727
0.000655219
0.000353267
0.00031344
0.00086404
0.000286895
0.00247132
0.000623234
0.000322026
0.0003373
0.00132643
0.000576095
0.000471999
0.000678525
0.000141219
0.000647373
0.000527436
0.000504312
5.54866e-05
0.00012443
0.000302162
0.000953777
0.000657661
0.000133844
0.00136498
0.000477842
0.000191689
0.000406057
0.000688993
0.000208461
0.000259836
0.000773506
0.000286023
0.000259904
0.000481815
0.000265306
0.000225195
0.000586967
0.00151067
0.000314324
0.000438601
0.000237173
0.000485124
0.000149877
0.00144869
0.000413193
0.000208546
0.00040759
0.000123086
0.00083841
0.000523894
0.000395852
0.000279648
0.000295438
0.000311059
0.000594277
0.00027536
0.00129852
0.000557283
0.000387354
0.000259309
0.000810141
0.00072294
0.000168612
0.000415815
0.000639613
0.000804205
0.000497594
0.000325582
0.00045181
0.00105871
0.000482959
0.00037024
0.000226491
0.000101157
0.000332768
0.000336952
0.000228745
0.00107435
0.000364115
0.000360512
0.000206667
0.000330586
0.000452184
0.000660119
2.28811e-05
0.000293531
0.000584319
0.000733621
0.000466796
0.000157446
0.000496946
0.000146463
0.000299582
0.000326392
0.000112204
0.000287659
0.000326844
0.000162962
0.000472473
0.000450646
0.000409514
0.000677603
0.000998598
0.000489142
0.000316289
0.00036065
0.000291964
0.000514665
0.00040141
0.000290431
0.00424827
0.000633514
0.000903234
0.000361526
0.00288032
0.000276449
0.000317534
0.000484624
0.000558473
0.00039262
5.8914e-05
0.00150382
0.000308976
0.000370623
0.000719738
0.000620098
0.000571833
0.000204607
9.99129e-05
0.000280548
0.000421698
0.000244146
0.000597206
0.000355471
0.00013947
0.000511377
0.000570725
0.000542096
0.00391068
0.00785637
0.000248934
0.000116835
0.000198225
0.0003306
0.000936423
0.000636511
0.000431386
0.000652102
0.00075793
0.000453483
0.000657674
0.000447114
0.000344332
0.00075548
0.000270589
0.000139015
0.000411034
0.000365614
0.000399016
0.000734637
0.000338074
0.000359299
0.000354221
0.000232818
0.00057594
0.000227414
0.000646358
0.00140049
0.000640828
0.0004521
0.113707
0.000219401
0.000630579
0.000257725
0.000289949
0.000308895
0.000423187
0.000232063
0.000390269
0.0126957
0.000500882
0.000389908
0.000394259
0.000537616
0.000300985
0.000260336
0.000165159
0.000217608
0.000193936
0.000122176
0.000446919
0.000391218
0.000483094
0.000285154
0.000600222
0.000410079
0.000323684
0.000130109
0.00038933
0.000477121
0.000507641
0.000421608
0.00023308
9.27387e-05
0.000259217
0.0306967
0.000751868
0.000448854
0.000285025
0.000641106
0.000484098
0.00011241
0.00101067
0.000232366
0.00151332
0.000470789
0.000436591
0.000284725
0.000844071
0.000630475
0.000284678
0.000482595
0.000661562
0.00127579
0.00019021
0.000381128
0.00250632
0.000703079
0.000374445
0.000518864
0.000265504
0.000188455
0.000279372
0.000316375
0.00126722
0.000105339
0.000322574
0.000634879
0.000459164
0.000392212
0.000318914
0.00103534
0.000123313
0.000194936
0.000380476
0.000993259
7.67661e-05
0.000472188
0.000361984
0.000359417
0.00130479
0.000925814
0.000361088
0.000316761
0.000189449
0.0290427
9.83829e-05
0.000158671
0.00128795
0.000426678
0.000179612
0.000517646
0.000547339
0.000179356
0.000128861
0.00198586
0.000421474
0.000738323
0.00023524
0.000285941
0.000657609
0.00045094
0.000370499
0.000532081
0.000379863
0.000564636
0.000229565
0.000606123
0.000515499
0.000468715
0.000465363
0.000372512
0.0117464
0.000316507
0.000462761
0.00115721
0.000265789
0.000358849
0.00011016
0.000485735
0.000358266
0.00109789
0.00046708
0.000375004
0.000327582
0.000712758
0.000153932
0.000546524
0.000782613
0.00018902
0.000214299
0.00044557
0.000712954
0.000403428
0.000134978
0.000245477
0.000360249
0.000625195
0.00011627
0.000222215
0.000498523
0.000550912
0.000231272
0.000465298
0.000917425
0.000724183
0.000756515
0.000226341
0.00224271
0.000327603
0.000601387
0.000216824
0.0013856
0.00301169
0.00033796
0.000619643
0.000135143
0.000337434
0.000408843
0.000286627
0.000484519
0.000750363
0.000716953
0.000148914
0.000359749
0.000304736
0.00395801
0.000147474
0.000508567
0.000295228
0.00078378
0.000144321
0.00032071
0.000341044
0.00143486
0.000460783
0.000201979
6.61882e-05
0.00039629
0.000385532
0.000182832
0.000459286
0.000655539
0.000315285
0.000272493
0.000362302
0.000469537
0.000243694
0.00112149
0.000510609
0.00044725
0.000524565
0.000346774
0.00024194
0.000383912
0.000576449
0.000290576
0.00067702
0.000528434
0.000397639
0.000428296
0.000125011
0.000883251
0.000249386
0.000891899
0.000435913
0.000451852
0.00211597
0.000345344
0.000390554
0.000391316
0.000195982
0.000353748
0.000126697
0.000309715
0.00102763
0.000102431
3.05336e-05
0.000408805
0.000240698
0.000117281
0.0012443
0.000179087
0.000884943
0.000292181
0.000585401
0.000511448
0.000848618
0.000584945
0.000314285
0.000730061
0.000677615
0.000145007
0.000455832
0.000173273
0.000487682
0.000939114
0.000136458
0.000390608
0.00039295
0.000227955
0.000167372
0.000367698
0.000102699
0.000398603
0.000482203
0.000340041
0.000453678
0.000594489
0.000885904
0.000269284
0.000205513
0.000361384
0.00164375
0.000239559
0.000266568
0.000585663
0.000129629
0.00025409
3.55451e-05
0.000163693
0.00027618
0.000532512
0.00024604
0.000137648
0.00126841
0.000915471
0.00030908
0.000580406
0.000578387
0.000200389
0.00118445
0.000547954
0.000727164
0.000166398
0.00374685
0.000324309
0.00223551
0.000625417
0.00044722
0.000379066
0.000454259
0.0021444
0.00160548
0.000480929
0.000381812
0.000430755
0.000292533
0.000254557
0.000817282
0.000951258
0.000159585
0.00047189
0.000257164
0.000152639
0.000185851
0.000636139
0.000621431
0.000641684
0.000410336
0.000332172
0.000455479
0.000685721
0.000367486
0.000811156
0.000399704
0.000352099
0.000449945
0.000252681
0.000473752
0.00143067
0.000204817
0.000205637
0.000171911
0.000142135
0.00141698
0.000395627
0.000358508
0.000337393
0.000756314
0.000222911
0.00126083
0.000208571
0.000665946
0.000380488
0.000260718
0.000364733
0.00111782
0.000158632
0.000887186
0.000266826
0.000813041
0.000477124
0.000358823
0.000284166
0.000824955
0.000602541
0.000147414
0.000200157
0.00044438
0.000393306
0.000234063
0.000542918
0.000235762
0.00027035
0.000596506
0.000386752
0.00068821
0.000233373
0.000668841
0.000816524
0.000505033
0.00103197
0.00105444
0.00194997
0.000351719
0.000660104
0.000857715
0.000487163
0.00116429
0.000395212
0.00152205
0.000345806
0.000359939
0.000231934
7.61801e-05
0.000481144
0.000423366
0.000469817
0.000227345
0.00050119
0.000396036
0.000450906
0.00034089
0.000362433
0.000384884
0.000474669
0.000621469
0.000631159
0.000504955
0.000357882
0.000385241
0.000833631
0.000471105
0.000471841
0.000387932
0.000492559
0.000953413
0.000374318
0.000689192
0.000647666
0.00074758
6.29016e-05
0.000562339
0.00108952
8.63977e-05
0.000629666
0.00021392
0.000760963
0.00191677
0.00111905
0.00035077
0.000272099
0.0012634
0.0005543
0.000458659
0.000329269
0.000392075
0.000313952
0.00186859
0.000490098
0.000299708
0.000411524
0.000138321
9.23962e-05
0.000204664
0.000438446
0.000260509
0.00224273
0.0129725
0.000190373
0.00260068
0.000832496
5.01903e-05
0.000150733
0.000112541
0.00116198
0.000289044
0.000334657
0.00025449
0.000489564
0.000474801
0.00157487
0.000310659
0.000338395
0.000347619
0.000276317
0.000654693
0.00012712
0.000273664
0.000273294
0.000818342
0.135287
0.000417729
0.000455608
0.00077098
0.000376376
7.37181e-05
0.000251143
0.00124576
0.000334744
0.000156025
0.000416885
0.00112155
0.000147644
0.000766814
0.00025989
0.000341933
0.00097763
0.00114941
0.000628067
0.000300899
0.000726986
0.0035248
0.000120267
0.000650475
0.000645088
0.000124598
0.000153818
0.000256888
0.00154738
0.000380509
0.00136198
0.00162525
0.000239862
0.000414117
0.000637777
0.00348659
0.000320553
0.000437076
0.000206785
0.000424786
0.000665661
0.000320997
0.000560344
0.000415337
0.000576123
0.000392368
0.00056501
0.000849005
0.000494818
0.000514668
0.000591628
0.000516159
0.00044194
0.000402064
0.00117054
0.000488887
0.00045498
0.000388252
0.000387834
0.000808881
0.000306815
0.00049214
0.000234601
0.00065052
0.000614377
0.000418742
0.000323017
0.000722174
0.000254389
0.000575771
0.000489851
0.000215097
0.000910098
0.000657322
0.000473962
0.000480337
0.000388974
0.000299936
0.000455525
0.000153176
0.000351877
0.000175049
0.000647574
3.72622e-05
0.000287829
0.000399619
0.00035939
0.000640394
0.00240178
0.00103948
0.000199933
0.000470507
0.00038021
0.000528122
0.000171376
0.00062137
0.00377219
0.00109657
0.000721305
0.000374766
0.000221051
0.000634434
0.000323178
0.000310057
0.000574026
0.000102527
0.000788018
0.00249253
0.000910586
0.000303675
0.000609581
0.000750142
0.000355029
0.000544435
0.000135992
0.000541932
0.000665841
0.000488751
0.000276274
0.000587463
0.000376144
0.000445236
0.000317233
0.000421433
0.000415931
0.000404621
0.00088684
0.000333528
0.000378058
0.00012356
0.000511671
0.000106025
0.000779101
0.00033516
0.000300091
0.000201559
0.000587521
0.00026282
0.000286693
0.000327617
0.000404646
0.000192176
0.000283286
0.000528373
0.000496062
0.000653421
0.000576902
0.000277449
0.000339148
0.00065172
0.000377941
0.000658165
0.000545769
0.000388396
0.000311966
0.00101215
0.000793664
0.000217737
0.0009524
0.000292121
0.000242538
0.000492771
0.000584298
0.000673951
0.000377611
0.000449753
6.58432e-05
0.000238162
0.000189085
0.000123762
0.000288897
0.000253372
0.000212487
0.000512285
0.0001532
0.000375824
0.000507299
0.00366858
0.000240812
0.000292466
0.000885974
0.000393302
0.000338267
0.000500972
0.000183977
0.00054716
0.000801181
0.000287501
0.000779474
0.000313142
0.000455326
0.000354298
0.000251212
0.000427614
0.000473275
0.00101125
0.000547102
0.000530885
0.000188017
0.000183518
0.00704605
0.000906278
0.000523621
0.000470961
0.00144196
0.000288356
0.000230041
0.000238728
6.86791e-05
0.000217035
0.0011097
0.00125219
0.000376766
0.00057256
0.000288278
0.00014089
0.000261931
0.00067714
8.07676e-05
0.000403034
0.000599039
0.000908054
0.00070777
0.000556158
0.000346011
0.000826057
0.00039338
0.000413093
0.000554966
0.00021844
0.000312785
0.000256072
0.000288645
0.000452743
0.000231391
0.000762359
0.000555703
0.000139748
0.00299955
0.000535143
0.000402696
0.000449261
0.000376757
0.000526436
0.00122654
0.000202977
0.000236951
8.27089e-05
0.00137013
0.000413545
0.000237402
0.000424203
0.000615021
0.000653688
0.000598553
0.00019974
0.00037553
0.00072007
0.000207778
0.000217176
0.00114049
0.000222249
0.000410537
0.000461856
0.00108852
0.000842592
0.000419032
0.000493878
0.000346556
0.000809923
0.000491877
7.15156e-05
0.000153659
0.000275126
0.000982003
0.00223421
0.00031455
0.000242988
0.000517853
0.000937046
0.000251941
0.000671926
0.000610041
0.000629152
0.000241422
0.00127953
0.000530437
0.00041061
0.000410452
0.000358797
0.000445205
0.000298854
0.00039215
0.000302887
0.000174492
0.000699813
0.000839365
0.000516288
0.000732962
0.000321766
0.000879421
0.000208685
7.71246e-05
0.000645629
0.00026764
0.000777154
0.000318916
0.000453132
0.00236491
0.000417315
0.0015844
0.000530321
0.000355635
0.000514001
0.00103955
0.000353286
0.000143277
0.000606632
0.000539062
0.000209044
0.000600804
0.000564821
0.00012957
0.000794429
0.000384206
0.000451589
0.000490858
0.000258284
0.000737015
0.000116689
5.5023e-05
0.000221581
0.000167419
0.000435128
0.000192953
0.000339301
0.000556733
0.000505732
0.000604149
0.000769815
0.000362545
0.000311195
0.000109901
0.000648449
0.000139013
0.000698823
0.000299842
0.000462182
0.000481098
0.00128866
0.000719371
0.000372042
0.000849718
0.000464488
0.000377583
0.000558286
0.000239522
0.000402877
0.000691108
0.000609955
0.000315389
0.000612478
0.00037743
0.000182994
