0.00209381
0.0114733
0.00162902
0.00170653
0.00198664
0.00103952
0.00196619
0.00217809
0.00205805
0.00292641
0.00192416
0.0018163
0.00147582
0.00147174
0.00499192
0.00201622
0.00134596
0.00483311
0.00266877
0.0018745
0.00162754
0.0011206
0.00466419
0.00325959
0.00126491
0.00248433
0.00116584
0.00117434
0.00390805
0.00145921
0.00121095
0.00118941
0.0020284
0.00128041
0.00311363
0.00187026
0.000538406
0.00202191
0.00201767
0.00117063
0.000868797
0.00118578
0.00128174
0.00142685
0.00184065
0.00234549
0.00199963
0.00170391
0.00182744
0.00176184
0.00153677
0.00109466
0.00310426
0.0019819
0.00155703
0.00358567
0.00198605
0.0162556
0.00094543
0.00201795
0.00279246
0.00269613
0.00102171
0.00172207
0.00228139
0.00177218
0.000775706
0.000961513
0.00240867
0.00159118
0.00144581
0.00145647
0.00449278
0.00308175
0.00153682
0.00131353
0.00662642
0.00138724
0.000743442
0.00943947
0.00160987
0.00265959
0.00206207
0.00159148
0.00102581
0.00529292
0.00265019
0.00485682
0.000955925
0.007768
0.0021142
0.00157092
0.000669192
0.00270372
0.00417273
0.00459046
0.00168965
0.00222078
0.00290477
0.0014858
0.00204898
0.00283167
0.00156003
0.00181767
0.00130453
0.000940629
0.00149216
0.00356151
0.00293582
0.00422859
0.0024674
0.00334586
0.00146537
0.00252954
0.00102491
0.00152972
0.00151069
0.00253797
0.00185028
0.00184408
0.00168398
0.00250308
0.00165356
0.00201172
0.00203418
0.00149042
0.00215846
0.00270538
0.00149027
0.00125952
0.00198442
0.00332946
0.00131745
0.00243756
0.00145502
0.00101417
0.00120298
0.000585563
0.00171331
0.00153256
0.00315102
0.00241161
0.00189276
0.00138183
0.00169489
0.00542741
0.00291205
0.00234424
0.00199846
0.00200248
0.00352319
0.00172238
0.00222393
0.00284399
0.00182923
0.00318757
0.00226838
0.00654559
0.00126419
0.00434859
0.00283515
0.00371819
0.00139335
0.00139142
0.00286204
0.00414091
0.00137182
0.00147652
0.000518722
0.00143048
0.001937
0.00164803
0.0012624
0.00452607
0.00204425
0.00148012
0.00148328
0.00161626
0.00212465
0.00308115
0.00155497
0.00211341
0.000738522
0.00227586
0.000915472
0.00179615
0.00687442
0.0051195
0.00115206
0.00423149
0.00191357
0.00248128
0.00289187
0.0138703
0.00477814
0.000823425
0.00127861
0.00355583
0.00229018
0.00236888
0.00223397
0.00204322
0.00345764
0.00165215
0.00234292
0.00213765
0.00420615
0.00192174
0.00782908
0.00191017
0.00220186
0.00174092
0.00117499
0.00318674
0.0020792
0.00175693
0.00555197
0.00180017
0.00182738
0.0015873
0.00175464
0.00181661
0.00202704
0.00173609
0.00324991
0.00145374
0.00196082
0.00288983
0.00274806
0.000982275
0.00201686
0.00104953
0.00122972
0.00180979
0.00244704
0.00226018
0.00162189
0.00193125
0.00160074
0.00567349
0.00218468
0.00220129
0.00257738
0.00132951
0.000967421
0.00154553
0.00216538
0.00260236
0.00721552
0.000365668
0.00203373
0.000783553
0.00249019
0.00142293
0.00159314
0.00195278
0.00171563
0.00170485
0.00140841
0.00230326
0.00203391
0.000775232
0.00250191
0.00276595
0.00227108
0.00186125
0.00237279
0.00946945
0.00107949
0.00140614
0.00150876
0.00204029
0.00145353
0.00197396
0.0015232
0.00179115
0.00604402
0.00174627
0.00323713
0.00238676
0.00261287
0.00682286
0.00210875
0.00220421
0.00184935
0.00279017
0.00298651
0.00181318
0.00132864
0.00169175
0.0010171
0.00595594
0.00414626
0.00191072
0.00182967
0.00157975
0.00175761
0.000790105
0.00172488
0.00223935
0.00170383
0.00728468
0.0016994
0.00364179
0.00169406
0.00253278
0.00416391
0.00107696
0.0014518
0.00154739
0.00463911
0.00581283
0.0015098
0.00143386
0.000919501
0.00178427
0.00172567
0.00210363
0.0033325
0.00308373
0.00863069
0.00216699
0.00301687
0.00155054
0.00283116
0.00128231
0.00119519
0.00217729
0.00249661
0.00171172
0.0015346
0.00127965
0.00143196
0.00203138
0.0035272
0.00364753
0.00533767
0.0022843
0.00284125
0.00181649
0.00562106
0.00236809
0.00173718
0.00253953
0.00279895
0.00578197
0.0026047
0.00306462
0.00372708
0.00182084
0.0016877
0.00145219
0.00159614
0.00218609
0.00093363
0.00291245
0.00109359
0.00166681
0.00140712
0.00257061
0.00176892
0.00200446
0.00153413
0.00148998
0.00163604
0.00190916
0.00193868
0.00708192
0.00168303
0.0025919
0.00134159
0.00214642
0.00091029
0.0012519
0.000822774
0.0016833
0.00161819
0.00130854
0.00224213
0.00103039
0.00615993
0.00626644
0.00304481
0.00071637
0.00152947
0.00115341
0.00146729
0.00141462
0.000993417
0.00119154
0.0015602
0.00134862
0.00236647
0.00130879
0.00428171
0.00140923
0.001282
0.00205512
0.000712564
0.000777393
0.00269254
0.00251951
0.0017727
0.00341827
0.00121629
0.00153252
0.00298091
0.00141416
0.0394421
0.00153337
0.0344621
0.00084481
0.00280941
0.00123008
0.001548
0.0010818
0.00114627
0.00274736
0.00248996
0.00185477
0.00194285
0.00202495
0.00271982
0.00191153
0.00157518
0.00209035
0.00357354
0.00144718
0.00134921
0.00555737
0.00122883
0.00156218
0.0028612
0.00159608
0.00101148
0.00483901
0.00126197
0.00105341
0.00148164
0.000962093
0.00395881
0.00247594
0.00293933
0.00198518
0.00116995
0.000926931
0.00145233
0.000774075
0.00220364
0.00137975
0.00373724
0.000923034
0.00243215
0.00143825
0.00134533
0.00174633
0.0018458
0.00214322
0.00211495
0.00180742
0.00157143
0.00216842
0.00180577
0.00140468
0.00162202
0.00218059
0.00126146
0.00448646
0.00186548
0.0017775
0.00594937
0.00172508
0.00118948
0.00170942
0.00204191
0.00175324
0.00125797
0.00159057
0.00159359
0.00495925
0.00122566
0.00173549
0.00112508
0.00074133
0.000979577
0.00610716
0.00201712
0.00273069
0.000866718
0.00287286
0.00227367
0.00201291
0.00167624
0.00416866
0.0023401
0.00208913
0.00407329
0.00224341
0.00089545
0.00310934
0.00154348
0.00124847
0.00163753
0.00196981
0.00397613
0.00149341
0.000875267
0.0141279
0.00220483
0.00145663
0.00147548
0.00136394
0.00231154
0.00140295
0.00834614
0.00319874
0.00140039
0.00211816
0.00243581
0.0014777
0.00130105
0.000821558
0.00180647
0.00225491
0.00587359
0.00203504
0.00205351
0.0013243
0.00290229
0.00228244
0.00223476
0.00241644
0.00447313
0.00117336
0.00123597
0.00219935
0.00214281
0.00408757
0.00174805
0.00198674
0.00347169
0.00297731
0.00123687
0.00113975
0.00136593
0.00147553
0.0013812
0.00169784
0.00152551
0.00198036
0.00212693
0.00166345
0.00396565
0.00348556
0.00200332
0.00126183
0.00204647
0.00229533
0.0027009
0.00118481
0.00267865
0.00153407
0.00208024
0.00210624
0.0239284
0.00713407
0.00277825
0.00104812
0.00335897
0.00151695
0.00196593
0.00185928
0.00144769
0.00122587
0.00109416
0.000623024
0.00177398
0.00166486
0.00197634
0.00132465
0.00180564
0.00212704
0.00228644
0.00362424
0.00167779
0.00204456
0.00381544
0.00140156
0.00287718
0.00305767
0.00266905
0.00172433
0.00692657
0.000928757
0.00386321
0.00271299
0.00858795
0.00265394
0.00140445
0.00250358
0.000622059
0.00242959
0.00163637
0.00304495
0.00179797
0.00507154
0.0013779
0.00146078
0.00126891
0.00225031
0.00181935
0.00148786
0.00361417
0.00192781
0.0025175
0.00305691
0.00171221
0.00190145
0.00319144
0.00235187
0.00315213
0.00128594
0.00363078
0.00123541
0.00116008
0.00141807
0.00130585
0.00135285
0.00134195
0.00223629
0.00112006
0.00137501
0.00265532
0.00248333
0.00134871
0.00195861
0.0023
0.00149904
0.00236232
0.0019379
0.00658371
0.00441368
0.124759
0.00178866
0.00184318
0.00178209
0.00200332
0.00147941
0.0015847
0.0020344
0.00133252
0.00248513
0.00178782
0.0014907
0.00743226
0.0034307
0.00119006
0.00152167
0.00200229
0.00192975
0.00157318
0.0014622
0.00294172
0.00197769
0.00180084
0.00173078
0.00131368
0.00205378
0.00252877
0.000897546
0.0389563
0.00216004
0.00124221
0.00324848
0.00140806
0.00187657
0.00516002
0.00244666
0.001701
0.00121461
0.00200534
0.00282107
0.00172716
0.000905076
0.00840219
0.00618218
0.0014143
0.00215056
0.00122469
0.00157865
0.00286245
0.00360436
0.00395491
0.00390323
0.00176267
0.00308974
0.00169715
0.00228247
0.00258871
0.00297826
0.00117437
0.00156902
0.00177859
0.00165726
0.00170648
0.00141191
0.00188608
0.000624585
0.0025293
0.00164519
0.00161234
0.00154555
0.0112984
0.00167996
0.00194165
0.00136242
0.00177254
0.00167332
0.00329346
0.000797334
0.00156282
0.00157599
0.00288719
0.00156717
0.00100972
0.00128689
0.00134798
0.0020538
0.00058729
0.00237893
0.00399804
0.00296756
0.0013828
0.00196765
0.00653836
0.00125171
0.00331498
0.00159571
0.000893793
0.00154935
0.000999252
0.00171144
0.0016557
0.00158037
0.000952435
0.00457549
0.00214952
0.0038044
0.0019166
0.00145876
0.00204148
0.00130355
0.003712
0.0018204
0.00154043
0.00206356
0.00116392
0.00240055
0.00115588
0.0032259
0.00405125
0.00114828
0.00423892
0.00144512
0.00433583
0.00195212
0.00272508
0.00224295
0.00115258
0.00122957
0.00161944
0.00155378
0.00123201
0.00195403
0.00143072
0.00482553
0.00246509
0.00116115
0.00252866
0.00233752
0.00146521
0.00171406
0.00578936
0.00231709
0.00256785
0.00192715
0.00110493
0.00189094
0.00226478
0.00171822
0.00182092
0.00156899
0.00214222
0.00303347
0.00236694
0.00912186
0.001601
0.00192135
0.00172946
0.00302303
0.00306139
0.00135725
0.00188337
0.00153523
0.00354173
0.00135994
0.00211037
0.0018596
0.00164809
0.00187764
0.00355206
0.00166004
0.00149451
0.00587857
0.00232822
0.00111913
0.00209323
0.00240648
0.00152873
0.00170247
0.00142813
0.00185681
0.00251095
0.00158118
0.00156252
0.0072637
0.000963305
0.00120435
0.00213912
0.00160782
0.00194079
0.00161267
0.00037542
0.0017346
0.00176878
0.0022007
0.000580011
0.00195794
0.0259322
0.00168892
0.00262371
0.00624362
0.00159666
0.00172632
0.00227443
0.00105719
0.00222912
0.00183835
0.00539289
0.00345389
0.00224291
0.00226486
0.00120471
0.00245783
0.00191913
0.00436749
0.00158442
0.00246565
0.000501734
0.00164182
0.00218748
0.00216812
0.00562241
0.00131174
0.00514066
0.00139496
0.00291126
0.00156597
0.000713897
0.00185062
0.00267921
0.00182084
0.00320432
0.00459859
0.00137699
0.00109094
0.00155707
0.00159617
0.00204798
0.0014791
0.00299496
0.00258372
0.00203734
0.000887277
0.00271885
0.0014839
0.0023533
0.00120289
0.00318559
0.00116643
0.00199028
0.00221663
0.00217819
0.000775553
0.00124313
0.00239212
0.00218473
0.00786098
0.00269206
0.0038053
0.00143574
0.00156156
0.00682542
0.00136269
0.00249731
0.00177365
0.00256491
0.00179251
0.00201364
0.00174083
0.00187872
0.00194617
0.00248463
0.00119892
0.00198855
0.000677202
0.0023097
0.00145326
