0.00292511
0.000254542
0.000224972
0.000554294
9.65796e-05
0.00018879
0.000728817
0.000456745
0.000546642
0.00313302
0.000148736
0.000161664
0.000671345
0.000397608
0.000395095
0.000158463
0.000109162
0.000195875
0.000440847
0.00093393
0.000240833
0.000206815
0.000367121
0.000270244
0.000235993
0.000272079
0.000141104
0.000299244
0.000443912
4.24885e-05
0.00022392
0.000500772
0.000296718
0.00158752
0.0002458
0.00144332
0.00113755
0.000585152
0.000514685
0.00040515
0.000170441
0.000476017
0.000409673
0.00140027
0.00032015
0.000480307
0.000406268
0.000353396
0.00160852
0.00017947
0.000197891
0.000135338
0.000497658
0.000748573
0.000241947
0.000553572
0.00143308
0.000796404
0.000276796
0.000945423
0.000715328
0.00041987
0.000176758
0.000677249
0.000345045
0.000482402
0.00104069
0.000299366
0.00013704
0.000325886
0.00103006
0.0014391
0.000447337
0.000191593
0.000341352
0.000248082
0.000713806
0.000294394
0.000269652
0.000121122
0.000231015
0.000219184
0.00150267
0.000141293
0.000117503
0.00029108
0.000525143
0.000167164
0.000131967
0.000174392
0.000340904
6.43173e-05
0.000305599
0.000163557
0.000309785
0.0019566
0.000961135
0.000206339
0.000196159
0.000909999
0.000247368
0.000245785
0.000553496
0.000778244
0.000406256
0.000275784
9.5001e-05
0.000448064
0.000224991
0.000609883
0.00037377
0.00039658
0.000845773
0.000236439
0.00104004
0.00030386
0.000294041
0.00044179
0.000465371
0.000270494
0.00025362
0.000407524
0.000300063
0.000480704
0.000322829
0.000693976
0.0118433
0.0003883
0.00042791
0.000735097
0.00027829
0.000143031
0.000671262
0.000621216
0.000715282
0.000248109
0.000702859
0.000184216
0.000340833
0.000276063
0.000230413
0.000535911
0.000576771
0.000260305
0.000268058
0.000436196
0.000318762
0.000156841
0.000553766
0.000293143
0.000177943
0.000417129
0.000240007
0.000426354
0.000649174
0.000205454
0.000733922
0.000524877
0.000406491
0.000470851
0.000209786
0.000342129
0.000280076
0.000337959
0.000211007
0.000169353
0.000567447
0.000574947
0.000769825
0.00210195
0.000120518
0.000361384
0.00119406
0.000560366
0.000172049
0.000388301
0.000157059
0.000271926
0.000355772
0.000252315
0.000212092
0.000110535
0.000188971
0.000436294
0.000609797
0.00037058
0.000208329
0.000938001
0.000247248
0.0119771
0.000273303
0.00021513
0.000485742
0.000425614
0.000350714
0.000354936
0.000605685
0.000352651
0.000434941
0.000496779
0.00054221
0.000307257
0.000210222
0.000204785
0.000196992
0.00081492
0.000632167
0.000437525
0.000319163
0.000202712
0.000192325
0.000511726
7.05667e-05
0.000339427
0.000753041
0.000255916
0.000324879
0.00178073
0.000341108
0.000548816
7.68244e-05
0.000513318
0.000341621
0.000161148
0.000342714
0.000338846
0.000417893
0.000144584
0.000268988
0.000450807
0.00037627
0.000122773
0.000419938
0.000275581
8.4843e-05
0.000680795
0.000281841
0.00112535
0.000246411
0
0.000265223
0.000421907
0.00020543
0.000231465
0.000604171
0.00116506
0.00366432
0.000623852
