0.00118119
0.000531279
0.0011347
0.00118107
0.000478909
0.000932543
0.000736666
0.000406309
0.00176625
0.000962271
0.000780921
0.000521989
0.00192971
0.000448405
0.000786304
0.000754146
0.000928293
0.00111959
0.000166064
0.00074553
0.00122381
0.000792413
0.00144242
0.000675147
0.00100346
0.0017686
0.000684659
0.000861946
0.000958912
0.00071173
0.00150908
0.000719169
0.000688566
0.00144227
0.00115888
0.000518327
0.00116043
0.00111276
0.00062203
0.00111984
0.000806188
0.000797545
0.00230464
0.00105858
0.00161039
0.000720694
0.000698148
0.000784748
0.000929159
0.000657714
0.000578321
0.000835029
0.00146268
0.000770602
0.00216794
0.00105081
0.000485935
0.00161497
0.00118459
0.000854852
0.000195009
0.000499824
0.000746561
0.00118865
0.00049976
0.00052886
0.000715134
0.000681329
0.00520454
0.000947473
0.00086856
0.000687253
0.00137258
0.000626821
0.000971975
0.00129869
0.00150473
0.00102934
0.000646315
0.00269116
0.00101812
0.00139831
0.000207422
0.000795857
0.00167087
0.000967872
0.000962539
0.000504611
0.00115551
0.00428475
0.000594822
0.00137088
0.000343893
0.000782848
0.00115519
0.000460029
0.00158365
0.000503101
0.00698145
0.000625098
0.00121961
0.00186771
0.00106611
0.00099928
0.0014546
0.00321467
0.00458086
0.000999165
0.000664318
0.000422155
0.00152349
0.000510474
0.00137677
0.000647298
0.00126019
0.000908445
0.00137785
0.00101578
0.00156447
0.00173606
0.00161391
0.00153809
0.00125797
0.00301665
0.000812631
0.0017864
0.00107185
0.00125591
0.000860243
0.000642598
0.000448818
0.000701572
0.000641125
0.000852249
0.00198771
0.000469575
0.00163094
0.00286352
0.00143806
0.000207877
0.00122378
0.000795852
0.000589605
0.000328113
0.000856731
0.000671278
0.000625964
0.000785159
0.000922929
0.000402333
0.00490689
0.0017641
0.00121216
0.000935721
0.00170866
0.000832965
0.00111078
0.000900059
0.000731185
0.000342416
0.000608251
0.00135277
0.000771424
0.00119305
0.0137614
0.000634667
0.00172075
0.00103215
0.00144147
0.000857543
0.00160013
0.000474114
0.00199192
0.000984626
0.000826472
0.000983349
0.00111018
0.000920951
0.000238559
0.00043768
0.000996491
0.000694591
0.000873593
0.000693565
0.00107085
0.000598162
0.00119038
0.00489954
0.000492235
0.000339924
0.000975507
0.000906581
0.00127102
0.00076405
0.000535103
0.00339367
0.00022135
0.00100236
0.000993362
0.00335795
0.000538824
0.000720536
0.000571072
0.00152796
0.000508591
0.000331972
0.00649928
0.000992412
0.00248437
0.00078619
0.000842993
0.00272188
0.000735666
0.000414988
0.000898751
0.000852577
0.000621159
0.00138922
0.00145907
0.00732304
0.000685265
0.000970107
0.000520665
0.00261182
0.000466325
0.00354866
0.000554328
0.000924591
0.000671091
0.000584655
0.000587033
0.000427104
0.000650644
0.000858924
0.000954581
0.0017205
0.000461409
0.00123658
0.00120176
0.0021035
0.00100093
0.00235923
0.00097422
0.000740479
0.00121334
0.000993698
0.000985149
0.00061154
0.00123174
0.000653701
0.00106469
0.00156189
0.000666833
0.000592882
0.0034953
0.00118945
0.000605434
0.000923629
0.00114655
0.000784008
0.000273139
0.000845341
0.000780999
0.00145765
0.000893762
0.00077889
0.000468567
0.000751554
0.000971113
0.00171337
0.00100588
0.000823008
0.000490233
0.000355763
0.00346837
0.00380072
0.000818767
0.000617684
0.000965329
0.000760493
0.000969209
0.00569712
0.00100294
0.000998082
0.00110599
0.000899454
0.00666686
0.0011964
0.000725791
0.000465427
0.00103388
0.00142951
0.000671787
0.000589309
0.00525276
0.000787144
0.00130021
0.00130267
0.000692594
0.0102974
0.000560257
0.000407844
0.00144119
0.000788122
0.00133239
0.000685806
0.000520109
0.00129574
0.000993992
0.00074818
0.000369111
0.00148005
0.000649985
0.00136035
0.00117863
0.000493832
0.00042519
0.000664124
0.000758554
0.0017368
0.00082825
0.00102755
0.0196228
0.000846804
0.0010272
0.00120721
0.000614824
0.000770422
0.000849156
0.00102298
0.000893023
0.00193984
0.001413
0.000171243
0.000886218
0.000538082
0.000684113
0.000600916
0.000786797
0.000516694
0.000685507
0.000720157
0.000526861
0.00116174
0.0106124
0.00106495
0.00053303
0.00153533
0.000624945
0.00102129
0.00220189
0.000450472
0.00153806
0.00123626
0.00100744
0.000431671
0.000432402
0.003101
0.00172469
0.000965395
0.00140487
0.000786072
0.000392152
0.000538716
0.00103203
0.00113343
0.000801141
0.00105474
0.00123144
0.00132738
0.000901119
0.00145817
0.000680563
0.000664396
0.000780384
0.000833271
0.00107163
0.000405013
0.00262028
0.0008623
0.000567386
0.00132395
0.00221453
0.00112007
0.00199164
0.000671163
0.000463086
0.00057688
0.00134059
0.030922
0.00087076
0.00123705
0.0012593
0.00194772
0.00102036
0.00143186
0.0010893
0.000663991
0.000501653
0.00052397
0.0011542
0.000655961
0.000480302
0.000379252
0.0015518
0.00196768
0.000970252
0.00104092
0.00134536
0.000976793
0.000310502
0.00104501
0.000904255
0.00178854
0.00247225
0.00202416
0.00100346
0.000948133
0.000934916
0.000768067
0.000577836
0.00136433
0.000640785
0.00100884
0.000531735
0.000816391
0.000672075
0.000508439
0.000898936
0.00162255
0.000725132
0.000871556
0.0012251
0.000535104
0.00121492
0.000642337
0.000939956
0.001038
0.000700333
0.00488193
0.00140909
0.00149393
0.000589236
0.00124426
0.0025473
0.000509262
0.000672702
0.000685118
0.00128913
0.00136107
0.00101218
0.00044157
0.00120319
0.00127788
0.00102288
0.00158289
0.000927677
0.000590634
0.000555889
0.00056312
0.00088865
0.00181248
0.000502527
0.000511064
0.00108707
0.00147564
0.00127643
0.000959209
0.000566658
0.000981545
0.00151379
0.0008371
0.000693477
0.00280102
0.00178124
0.000684516
0.000451086
0.000698208
0.000788483
0.00193526
0.000520074
0.000555306
0.000336299
0.00129624
0.000921107
0.00163889
0.000935582
0.00276801
0.000834728
0.00103948
0.000504467
0.00101397
0.000462312
0.00126715
0.00107397
0.00350813
0.00117049
0.00316574
0.00106468
0.00106214
0.000993763
0.000525154
0.00045155
0.000848789
0.00125241
0.000831244
0.0013427
0.000687872
0.000870072
0.00200645
0.000787359
0.000490934
0.00125859
0.00112565
0.000693069
0.00118089
0.000729476
0.00113776
0.000802826
0.00110793
0.000510494
0.000660625
0.000384556
0.000878059
0.000732315
0.000983912
0.000625531
0.00119429
0.000520568
0.00147812
0.00166704
0.000659974
0.0013801
0.00105345
0.000746493
0.00110801
0.00190556
0.00132063
0.00128621
0.000213328
0.000645104
0.000967524
0.000440416
0.000854903
0.00167934
0.000580696
0.00119809
0.000631745
0.000510073
0.00170368
0.00256913
0.00105108
0.00034724
0.00138337
0.00862492
0.00104177
0.0012482
0.000643038
0.000920893
0.000430667
0.00157307
0.000939982
0.0013232
0.000433368
0.000419301
0.000542591
0.000578026
0.0015107
0.00102327
0.00072182
0.00087101
0.000749623
0.000912256
0.000577466
0.00753525
0.000925389
0.000419062
0.0014078
0.000546613
0.00108195
0.000865654
0.00135277
0.00111411
0.000814629
0.0014091
0.00128351
0.000319527
0.00127382
0.00239128
0.000693604
0.00100552
0.0012176
0.000513385
0.00189187
0.00595949
0.000485583
0.000597436
0.000588376
0.000989091
0.00245388
0.000483597
0.00210482
0.00059611
0.0013627
0.000556104
0.00142549
0.00068478
0.00114036
0.00136021
0.0015732
0.00334888
0.000585725
0.000425718
0.000648161
0.00110643
0.00126208
0.00132033
0.000837391
0.000307367
0.000758517
0.00145277
0.000860134
0.000813375
0.000404008
0.00273525
0.00104321
0.000686945
0.000842021
0.000919998
0.000698603
0.00102091
0.00124734
0.00102898
0.000567723
0.00159771
0.000943683
0.00048741
0.00115803
0.00038909
0.000863802
0.00118251
0.000982839
0.00529421
0.00154866
0.000849564
0.000662224
0.00214684
0.000826644
0.000763691
0.000558957
0.000791069
0.000992072
0.00105161
0.000808505
0.000795632
0.00125121
0.000873788
0.000666658
0.00131856
0.00125496
0.000966488
0.000612285
0.00164794
0.00109688
0.000628357
0.00201229
0.00103213
0.00296843
0.00158473
0.000538708
0.00110664
0.00155587
0.00175931
0.00121639
0.000362017
0.00072145
0.000962535
0.00072059
0.000689097
0.000826875
0.000792005
0.000694297
0.00094652
0.00107712
0.000465931
0.000849321
0.000895732
0.000721075
0.000925726
0.00149861
0.000880434
0.000841964
0.000892912
0.000575579
0.000882022
0.000792979
0.000919511
0.00361414
0.000808477
0.000997581
0.000989224
0.00159558
0.000782201
0.000828915
0.00295849
0.000512516
0.000921815
0.000981932
0.000945647
0.00489315
0.000436828
0.000794375
0.00224509
0.00116174
0.00642317
0.00197615
0.000574982
0.000829972
0.000330774
0.00100809
0.00104623
0.000990585
0.000669395
0.000719065
0.000898952
0.00049379
0.00108934
0.00103039
0.000799168
0.000342751
0.000778803
0.000704698
0.00298758
0.00229157
0.00109479
0.00128668
0.000933874
0.00105556
0.00152646
0.00565818
0.00805004
0.000551577
0.00145998
0.00295616
0.00188771
0.00119834
0.00115588
0.00168202
0.000813422
0.000709264
0.000854292
0.00093352
0.000855611
0.000513113
0.00219267
0.000506724
0.00116437
0.000739118
0.0220849
0.00113814
0.00160541
0.000875647
0.000862676
0.000821427
0.00114288
0.000773425
0.0013962
0.000418548
0.000619228
0.00123095
0.000817555
0.0013924
0.000967558
0.00115897
0.000766763
0.00298253
0.000486005
0.00153399
0.00103988
0.0010083
0.00121914
0.00135344
0.0015009
0.000408843
0.000425161
0.000331458
0.00114119
0.000524712
0.000959176
0.00128203
0.000923117
0.00143815
0.000953392
0.00109107
0.00076996
0.000905576
0.00189418
0.000380115
0.000679612
0.00349521
0.0125956
0.00133594
0.000538713
0.00184268
0.00103529
0.000821387
0.00149456
0.000786247
0.00121178
0.000979149
0.000401886
0.00119485
0.000753404
0.00102366
0.000874963
0.000716399
0.000993285
0.000597217
0.00027731
0.00132001
0.000584422
0.0010988
0.00105505
0.000525117
0.000941458
0.00105552
0.0043737
0.000604123
0.000737457
0.000585667
0.000894003
0.00339876
0.00062222
0.000679937
0.00461893
0.0010991
0.0007687
0.00771465
0.000884849
0.00150526
0.000731513
0.00211373
0.000660038
0.00122972
0.000673062
0.000349809
0.000420615
0.000816405
0.000561953
0.00988847
0.00147252
0.0021302
0.00318612
0.000440647
0.00041481
0.000485908
0.00176482
0.000585952
0.000543164
0.000591006
0.000712351
0.00125932
0.000596608
0.000854419
0.000734935
0.000513549
0.000888661
0.000471076
0.000921866
0.00121924
0.000796087
0.00098434
0.00104397
0.00107652
0.0017466
0.000611469
0.000842035
0.000808602
0.00137713
0.00264174
0.00089918
0.00114607
0.000372448
0.000522584
0.00404577
0.00270187
0.00261331
0.000713929
0.00428387
0.000768713
0.000449022
0.00121517
0.00111832
0.000843238
0.000621863
0.000645849
0.00110885
0.000497636
0.000732322
0.00171361
0.0010074
0.000704798
0.00138387
0.0034194
0.00044312
0.000353507
0.000491523
0.00105285
0.0008048
0.00027505
0.00192833
0.000533076
0.000950124
0.000608301
0.000326134
0.0005682
0.00105072
0.001497
0.000876553
0.00292927
0.00127504
0.00111052
0.0423688
0.000447669
0.000418138
0.00260901
0.000487107
0.000723915
0.00137441
0.000377176
0.0012351
0.0010631
0.00171075
0.000964683
0.000702002
0.00162861
0.00077307
0.000699463
0.00102005
0.00114557
0.000568431
0.000916917
0.000505086
0.000892679
0.000975216
0.0140693
0.00114077
0.000788192
0.000907687
0.00106624
0.00180285
0.00122559
0.00125889
0.00842411
0.00170282
0.001253
0.000790759
0.00219615
0.000807327
0.0010007
0.00102692
0.000838507
0.000567955
0.000623977
0.00130908
0.00103497
0.000910035
0.000658661
0.00177973
0.000467409
0.000485444
0.000648008
0.000345512
0.000766126
0.00093581
0.0014927
0.000448471
0.000749381
0.0017826
0.00150301
0.00109334
0.000810624
0.000405827
0.000868544
0.00282236
0.00135139
0.00113736
0.000989556
0.000614161
0.000494182
0.000518315
0.00057602
0.00128393
0.000859588
0.00081627
0.00178911
0.00673154
0.00708822
0.000742964
0.000687025
0.00133658
0.00144003
0.000457095
0.000539618
0.000491021
0.000475454
0.000535151
0.00107012
0.00123973
0.00145466
0.000587455
0.000970482
0.000738768
0.000766545
0.000601204
0.00114449
0.00117487
0.00116981
0.000928341
0.000309398
0.000813068
0.00152394
0.000564466
0.000895722
0.00316604
0.000623729
0.000874328
0.00197162
0.0030528
0.000629618
0.000260174
0.0279757
0.00132677
0.000956557
0.00302111
0.00361466
0.00193542
0.000842374
0.000739774
0.00171449
0.000686346
0.00142769
0.00105646
0.000922578
0.000985607
0.000945451
0.00096676
0.000746038
0.00356992
0.000893423
0.000965275
0.000809029
0.00105332
0.000695746
0.000741875
0.000419335
0.00068816
0.000552835
0.000541051
0.000409639
0.000776892
0.000737854
0.00063309
0.000776467
0.00042053
0.000279513
0.000815017
0.00108533
0.000957275
0.00107913
0.000807352
0.000668619
0.000569966
0.000541406
0.00272755
0.0005281
0.000346648
0.000686101
0.000805183
0.000831337
0.00485831
0.00147335
0.000812477
0.00100782
0.00130229
0.000698361
0.000597888
0.015789
0.000981209
0.000637299
0.00216238
0.000546059
0.0010884
0.00121634
0.000831555
0.000826346
0.00125633
0.00122294
0.00148914
0.000366732
0.0121226
0.00155484
0.00187215
0.000754593
0.000453203
0.000859067
0.00151808
0.00071837
0.000666572
0.000561122
0.000944356
0.000763293
0.00108394
0.00130063
0.00145472
0.000298517
0.00179852
0.000608471
0.00101331
0.000986461
0.00224828
0.000325213
0.00484916
0.00121237
0.00118912
0.00123243
0.000487775
0.000647342
0.000688397
0.000698992
0.00108303
0.00115325
0.00090064
0.00536948
0.000420693
0.000740193
0.000850473
0.0011742
0.0014948
0.0015032
0.000572209
0.000585342
0.00109484
0.000903442
0.000497421
0.000792724
0.000172071
0.00119542
0.000902677
0.00268241
0.000792572
0.000856621
0.00145383
0.00110636
0.00064807
0.000720709
0.00116661
0.000565195
0.000766039
0.000714879
0.000863718
0.000458357
0.000804378
0.00106629
0.000396836
0.00105162
0.00130089
0.000968889
0.00156286
0.00097095
0.000627318
0.000989176
0.00107831
0.00341146
0.000667307
0.000187648
0.000958794
0.00081978
0.00102955
0.00302139
0.000475005
0.00236761
0.000885143
0.00121678
0.000177918
0.000700036
0.000438728
0.00139707
0.00155616
0.000835405
0.000678724
0.00102782
0.00294418
0.00130355
0.00121224
0.0105426
0.00108761
0.000426498
0.00184942
0.000913541
0.00273735
0.000464223
0.00136102
0.000603006
0.000492087
0.000605818
0.00150458
0.000518737
0.000675761
0.000718282
0.00142502
0.000857462
0.001119
0.00097036
0.00130946
0.000628893
0.000808052
0.00153993
0.000839266
0.00185067
0.00120578
0.000959376
0.000613989
0.00125742
0.000945807
0.000724235
0.00120714
0.00085592
0.000842763
0.00113588
0.00451257
0.000987268
0.00433924
0.00121476
0.00124101
0.000567279
0.000708146
0.00568341
0.000814098
0.0011069
0.00100721
0.00123503
0.00131308
0.00076197
0.000917264
0.000708673
0.000698652
0.000426289
0.000463436
0.000472252
0.00133734
0.000735811
0.000663717
0.000702454
0.00098384
0.00106148
0.00103278
0.00715945
0.000812119
0.00342494
0.00109476
0.00192309
0.00108628
0.00135113
0.000868678
0.000711426
0.000978412
0.000709977
0.000938981
0.00117736
0.00126342
0.000411366
0.000724048
0.000742715
0.000822856
0.000192659
0.000421752
0.00213161
0.000584579
0.000883807
0.00322802
0.00207441
0.000957945
0.000816531
0.000875636
0.00081472
0.000866007
0.00114309
0.00152242
0.000761157
0.00109481
0.00103623
0.00153454
0.00141936
0.000680238
0.00107994
0.00085417
0.000627778
0.00200937
0.0010866
0.000939876
0.00237483
0.000758643
0.000695867
0.00102448
0.000886008
0.00382343
0.00608402
0.000835184
0.0016772
0.000271138
0.000896502
0.00129031
0.000505776
0.000474183
0.000871675
0.000678279
0.00103645
0.000860091
0.00151852
0.000669817
0.000891119
0.000545465
0.00086869
0.00148554
0.00134482
0.000555609
0.00120021
0.00104726
0.00100595
0.000579891
0.00104239
0.000845187
0.00143118
0.00460354
0.00069899
0.000314464
0.00072891
0.000931782
0.000903222
0.000564395
0.000643025
0.000575038
0.00118272
0.00109354
0.00285668
0.00117083
0.000621176
0.00124346
0.000655514
0.000741555
0.000584827
0.000576024
0.00101762
0.00143656
0.00728904
0.000743501
0.00177384
0.000316345
0.0015834
0.00142067
0.000909161
0.00120381
0.000121715
0.000686953
0.000991841
0.00113107
0.00107352
0.00229414
0.000905828
0.000859822
0.0009339
0.000895597
0.000826734
0.00110264
0.000588643
0.00141484
0.000504885
0.00128777
0.000871132
0.00119664
0.00104446
0.00136451
0.000616668
0.000718172
0.000830849
0.00159315
0.00133667
0.000854232
0.000992431
0.017704
0.000574095
0.000728783
0.000563588
0.000429709
0.00181329
0.000255422
0.000582954
0.000309021
0.00181064
0.000856524
0.00111963
0.000644022
0.000905809
0.00062364
0.00150884
0.000994671
0.00112357
0.00159428
0.000706071
0.00038404
0.000543183
0.00135684
0.00412684
0.00108102
0.000724755
0.00102245
0.000254276
0.00112774
0.0100588
0.00100982
0.000658837
0.00190335
0.000622587
0.00100109
0.000826726
0.0008959
0.00109749
0.000680101
0.00385304
0.00083825
0.00172837
0.00312702
0.00058134
0.000581625
0.000530656
0.00274658
0.000746802
0.00125681
0.00134628
0.00122688
0.0017563
0.000461644
0.00142576
0.000520643
0.00186898
0.000946721
0.00130191
0.000785187
0.000889765
0.00109407
0.00401995
0.00108126
0.000654186
0.000853053
0.000907784
0.00114352
0.000517257
0.00123378
0.000558012
0.000725599
0.000293992
0.000844974
0.00101965
0.00148479
0.00116542
0.000951267
0.00107662
0.00121052
0.0020367
0.001206
0.000941657
0.000476977
0.000766421
0.000567715
0.00135592
0.000127908
0.00225172
0.00177007
0.000695513
0.00109963
0.000539663
0.000618905
0.00394255
0.000448101
0.000871019
0.00117046
0.000667145
0.000569216
0.000711415
0.000821537
0.00118745
0.000972177
0.00148401
0.00165377
0.000558
0.00428956
0.000718568
0.00152623
0.000558492
0.000302469
0.000494121
0.00140051
0.000839501
0.000425869
0.00103085
0.000924062
0.000457403
0.000994345
0.000813964
0.00157136
0.000589868
0.00102202
0.00283397
0.00127912
0.00134592
0.000244016
0.00112762
0.00101555
0.00108116
0.00422187
0.000857814
0.00107217
0.000680819
0.0010494
0.00314817
0.00108291
0.000757388
0.00047026
0.00078244
0.00123841
0.000539316
0.000603722
0.00111038
0.00117359
0.00054302
0.000911092
0.0029319
0.00445567
0.00094026
0.00077785
0.00248781
0.0016265
0.00120449
0.00102181
0.000260996
0.00102265
0.000890075
0.000844032
0.000682697
0.00134465
0.00061179
0.00199393
0.00114694
0.00167979
0.00168439
0.000619771
0.00051497
0.00136542
0.00794594
0.00121156
8.28582e-05
0.000851855
0.000417289
0.000821181
0.00319623
0.000932274
0.000501316
0.0116418
0.000802449
0.00110487
0.000434291
0.00121368
0.000319072
0.00113425
0.000337003
0.000963025
0.000348883
0.00120699
0.000546851
0.000796722
0.00118532
0.00115093
0.00205373
0.000273638
0.000742562
0.00877416
0.000464213
0.000759598
0.000228932
0.000936242
0.00144526
0.00623012
0.000734672
0.000871891
0.00115664
0.000857957
0.000643048
0.00046935
0.000776813
0.0021673
0.00116307
0.000722275
0.00271523
0.000748931
0.00067963
0.00533197
0.000653059
0.000821104
0.000814137
0.00125206
0.00232166
0.000463611
0.000741615
0.00211643
0.00147015
0.00109393
0.00138222
0.00157439
0.000667094
0.00091786
0.000891246
0.00129698
0.00286456
0.00080985
0.00114307
0.00352176
0.000765795
0.00135963
0.000357034
0.000590272
0.00297062
0.000479348
0.000606202
0.000709462
0.0012234
0.000388373
0.00132628
0.000283302
0.000971213
0.000992383
0.00540676
0.00165734
0.00140958
0.00079162
0.00118204
0.000859245
0.000834803
0.000790372
0.00106073
0.00221849
0.00278492
0.00172623
0.00127455
0.000807174
0.00100649
0.000681574
0.00661543
0.000885859
0.00123454
0.000856117
0.00164801
0.000515452
0.000669743
0.000579963
0.00110479
0.000742723
0.000802841
0.00414886
0.00131663
0.00115576
0.000736325
0.00117883
0.000343682
0.00113168
0.000494852
0.000656411
0.000724079
0.000367627
0.00136377
0.00114747
0.00135274
0.00122131
0.000670765
0.00113873
0.000658708
0.000748341
0.000185526
0.000545709
0.000433728
0.000350172
0.000808578
0.000891432
0.00295334
0.00114883
0.00185347
0.00196718
0.001167
0.000816441
0.000419047
0.000246413
0.00127076
0.0012781
0.0009495
0.000818911
0.000782892
0.000301639
0.000716421
0.00078384
0.000875809
0.000565722
0.00105821
0.000731347
0.000963751
0.000969145
0.000297439
0.000655323
0.000542991
0.00150853
0.000233291
0.00527351
0.000700999
0.00108596
0.00110639
0.00136634
0.000798384
0.00109119
0.00144365
0.00126364
0.000431434
0.00050034
0.00133731
0.000910506
0.000371339
0.00285677
0.00127667
0.00044726
0.000346646
0.000707069
0.000638875
0.000849514
0.00187931
0.0011321
0.000213242
0.00196155
0.000465282
0.00154001
0.000775184
0.00123125
0.00123087
0.000926786
0.00046736
0.000449636
0.000845677
0.000494195
0.000678265
0.000789381
0.00174102
0.000643618
0.000763245
0.000547672
0.0019284
0.00155673
0.000848216
0.00117814
0.000130403
0.00109423
0.00577406
0.00103777
0.000754988
0.000429602
0.000621908
0.000778316
0.00077731
0.00158789
0.000917849
0.000520828
0.0010132
0.00119491
0.00107554
0.000955484
0.000398937
0.000835252
0.000828811
0.000728702
0.00088813
0.00627903
0.000467295
0.000943742
0.000825267
0.00108179
0.000671819
0.000619656
0.000862404
0.000885616
0.000847512
0.00451918
0.00129338
0.000455408
0.000905445
0.00153023
0.00139436
0.000846662
0.000771654
0.00113887
0.00524256
0.000895939
0.000715195
0.00110568
0.0025397
0.000799542
0.000521598
0.00190682
0.000627143
0.00088678
0.00197662
0.000967742
0.00159673
0.00121363
0.000608179
0.00344484
0.00387538
0.00146874
0.000173667
0.000125768
0.000477494
0.000575413
0.00122236
0.00108526
0.000841847
0.00128516
0.00081214
0.000851502
0.00200593
0.00361096
0.00107237
0.000980435
0.00259877
0.00716963
0.000327112
0.00763504
0.00159273
0.000731743
0.00128854
0.000467572
0.0012381
0.00122747
0.00110242
0.00276137
0.00141584
0.00124909
0.000567043
0.00469647
0.0012229
0.000739882
0.00136607
0.000743509
0.00095814
0.00068068
0.00100357
0.00149064
0.00146138
0.000484737
0.00106085
0.00619327
0.000474504
0.000592543
0.00101963
0.000520487
0.00120875
0.000850524
0.00106278
0.00088368
0.000969724
0.000749499
0.00104227
0.0119602
0.000856762
0.00116207
0.00176674
0.000387912
0.000665568
0.00112498
0.000543575
0.000786896
0.00520466
0.00304932
0.0014533
0.000621214
0.000442617
0.000971463
0.000870939
0.00160455
0.00177792
0.00080943
0.000431036
0.00109329
0.0013238
0.0011337
0.000334185
0.000633407
0.0043278
0.00128741
0.000348933
0.000418078
0.00187774
0.000726409
0.000465182
0.00189664
0.000835506
0.00155151
0.000680073
0.00189118
0.000973818
0.000979712
0.00101954
0.00115805
0.000584314
0.00573072
0.000616064
0.00141452
0.00106341
0.00278574
0.00173491
0.000846102
0.00171112
0.000852293
0.000619083
0.000679807
0.00129931
0.00257407
0.00107213
0.000472973
0.000918139
0.000936121
0.000963597
0.000952985
0.000389216
0.000651302
0.000974826
0.000870256
0.000696055
0.000833724
0.00292528
0.000810852
0.00102804
0.000548719
0.00111288
0.00143238
0.000480456
0.000844421
0.000441916
0.000975666
0.000987412
0.000928417
0.000417995
0.00140425
0.000716612
0.0014879
0.00022251
0.00239757
0.000756139
0.00097188
0.00331634
0.000383311
0.00298044
0.000463673
0.00171361
0.00107438
0.000446339
0.00114823
0.000541962
0.000277888
0.0045557
0.000310569
0.00036798
0.0010608
0.00454102
0.000452784
0.00114958
0.00435424
0.00113295
0.00374904
0.00135402
0.00129383
0.00110341
0.000817736
0.00177787
0.00113837
0.00285228
0.00159857
0.000689399
0.00137176
0.00112267
0.000706081
0.000324888
0.00070575
0.000867976
0.000705736
0.000882986
0.000716847
0.00210646
0.00137223
0.00170688
0.000655186
0.000958017
0.00373024
0.00191229
0.00050197
0.000378027
0.000688096
0.00119481
0.000958998
0.000605147
0.00126164
0.00189959
0.00330928
0.000874001
0.000996334
0.000598279
0.00206186
0.00337203
0.000826398
0.00139655
0.000874291
0.000551214
0.000520747
0.000978275
0.00197914
0.00131742
0.000913337
0.000929041
0.000902082
0.000745289
0.000735432
0.00110223
0.00135299
0.000664648
0.00181381
0.000539776
0.000767638
0.0016396
0.00225056
0.000613686
0.000905097
0.0011322
0.000627868
0.000906628
0.000453673
0.00462477
0.000941417
0.000522598
0.000402139
0.000526691
0.000753345
0.000357628
0.00717206
0.00129695
0.000920652
0.000621022
0.000509509
0.000675569
0.000883873
0.00114417
0.00088097
0.000361399
0.000851439
0.00169335
0.000663162
0.000641671
0.00431257
0.00139074
0.000915136
0.000490506
0.000928036
0.000941631
0.000608553
0.00100152
0.00140557
0.00073774
0.000883963
0.000507498
0.000912294
0.000502287
0.00202676
0.0017748
0.000544432
0.00280484
0.00048233
0.0019438
0.00103058
0.000764809
0.000346042
0.000914107
0.00105831
0.00129992
0.0010142
0.00150354
0.000709451
0.000443102
0.00067749
0.000925253
0.000490329
0.00153858
0.000584677
0.000736255
0.000697697
0.000712297
0.000586004
0.00135654
0.00217863
0.0015306
0.000832372
0.0282695
0.000986584
0.000922581
0.00248122
0.000748224
0.000390137
0.000508075
0.000693566
0.000836479
0.00128221
0.0021258
0.000643826
0.000969047
0.000885383
0.000408351
0.00197106
0.00152397
0.000892918
0.000863904
0.000495249
0.00132486
0.000861644
0.00616299
0.000464349
0.000836527
0.000469018
0.000904469
0.00105796
0.00157284
0.00125626
0.00168336
0.000700318
0.00216248
0.00055765
0.00180253
0.000697713
0.00098373
0.00272171
0.000195616
0.00125225
0.0013206
0.00104916
0.000317181
0.000522579
0.000434786
0.000798715
0.000630235
0.0020479
0.000474191
0.000439189
0.000455235
0.000599194
0.00117304
0.00156193
0.000499011
0.00030363
0.000466774
0.00119027
0.000938324
0.00108817
0.00068665
0.000552657
0.00186345
0.000970397
0.000325826
0.000923621
0.000175532
0.00463187
0.00053596
0.00232191
0.000760693
0.000742159
0.00129102
0.000723537
0.000601379
0.00187207
0.0011263
0.000285621
0.000787888
0.000596903
0.00101721
0.00114161
0.00457049
0.00187109
0.000266327
0.000574429
0.00100796
0.000506215
0.000590794
0.0010735
0.000889737
0.000567952
0.000445102
0.00113761
0.000703197
0.00186341
0.00146926
0.000590832
0.000780091
0.00167909
0.000917233
0.000990323
0.000626733
0.000860377
0.00182047
0.000671695
0.0011137
0.0010434
0.000691831
0.000517517
0.00190983
0.000539259
0.00105132
0.00135406
0.000824055
0.00132893
0.00097579
0.00183475
0.00113254
0.00115239
0.00108397
0.000847621
0.00174657
0.00133724
0.00115498
0.000511752
0.00173346
0.00125368
0.000205168
0.00110995
0.00116354
0.000221377
0.00102327
0.00161815
0.00105523
0.00117179
0.000818755
0.00108079
0.000531485
0.00047095
0.00146182
0.00143015
0.00115936
0.000673104
0.000605927
0.00121128
0.0118248
0.000785166
0.00134341
0.000368945
0.000640655
0.00121038
0.000399298
0.00182608
0.000628103
0.000831068
0.000421299
0.000889147
0.00114734
0.00062203
0.00241569
0.000741551
0.00110025
0.000902213
0.000322086
0.000968804
0.000605685
0.00116065
0.000586887
0.000973355
0.000582824
0.000973355
0.06668
0.000915
0.000947001
0.00102991
0.000950641
0.000564774
0.00151076
0.000554457
0.000815527
0.00086875
0.000798814
0.000714736
0.000906198
0.00161501
0.000956216
0.000794247
0.000673695
0.00131032
0.00105287
0.000539997
0.000806056
0.000801589
0.000793825
0.000675042
0.00124104
0.00141986
0.0240517
0.00799887
0.000440611
0.000907857
0.000514013
0.000918612
0.000847926
0.000835912
0.00311428
0.000909673
0.00132629
0.000370075
0.00119551
0.00136398
0.00688404
0.00073203
0.000922966
0.000576294
0.000994675
0.00079974
0.00102937
0.000402039
0.0012026
0.000559049
0.0010651
0.012465
0.00066775
0.00200436
0.000626542
0.000596613
0.000613971
0.000782102
0.000572492
0.00063063
0.000703365
0.000994692
0.00172799
0.00110486
0.000431795
0.000882481
0.000758635
0.00430122
0.000595406
0.000769539
0.00105562
0.00066277
0.00575791
0.00154388
0.000167155
0.00074891
0.000964006
0.189779
0.00124807
0.0014409
0.000980177
0.00138249
0.00110856
0.00171326
0.000473863
0.00592662
0.00111003
0.00133033
0.00750828
0.00106338
0.000746365
0.000683393
0.000828457
0.00418085
0.00163564
0.000799261
0.000475113
0.0020997
0.000511248
0.000474392
0.00072423
0.00166948
0.00047182
0.000776332
0.000601921
0.000513911
0.00109093
0.000683758
0.000704456
0.0016813
0.000643778
0.000723917
0.00123712
0.00388922
0.00127076
0.000775194
0.000980298
0.00120566
0.00144659
0.000973143
0.0021858
0.00281532
0.00092139
0.000643814
0.0008855
0.000704939
0.00072049
0.00104105
0.00082331
0.00495952
0.000457233
0.000842429
0.000833208
0.000879203
0.001072
0.000976607
0.000660054
0.000658388
0.000553624
0.000651072
0.000564284
0.00106819
0.000689141
0.00218463
0.00133536
0.000978418
0.000435541
0.000905895
0.000976471
0.00137419
0.000417921
0.000518836
0.0876365
0.000709226
0.000393966
0.00497937
0.00086074
0.000351911
0.000596554
0.000417492
0.00119592
0.000702201
0.000637796
0.000639208
0.000891191
0.000685801
0.00101394
0.000603973
0.00101601
0.0003607
0.000441923
0.000840789
0.00031912
0.00108217
0.00127369
0.000848197
0.00196027
0.000404232
0.000992419
0.000774703
0.00555442
0.00195916
0.00146911
0.000400276
0.000639312
0.0223828
0.00215525
0.00088899
0.00124339
0.00106908
0.00262006
0.0005008
0.000850579
0.00124439
0.00139293
0.000990466
0.00136443
0.000546152
0.000961808
0.00052187
0.00053611
0.00086593
0.000698991
0.000787254
0.00112455
0.000840906
0.00141795
0.00103047
0.00235505
0.000593059
0.00134288
0.000928337
0.00172628
0.000842334
0.000239758
0.000637665
0.000578893
0.00457032
0.000516671
0.000914541
0.00155915
0.0022036
0.00119102
0.0602599
0.00051872
0.000721764
0.000776654
0.000553056
0.000534719
0.000494318
0.0028298
0.000580697
0.000776571
0.00107648
0.00133029
0.000522328
0.000681908
0.00168326
0.000837123
0.000885253
0.000885761
0.00120097
0.000985005
0.000958875
0.00116084
0.000912093
0.000567491
0.00129201
0.000645337
0.00142497
0.000930375
0.0023913
0.000876543
0.00103161
0.00230398
0.00123183
0.00223794
0.000871186
0.00350106
0.00111359
0.000942261
0.000466215
0.00101004
0.00250038
0.000538397
0.00506469
0.000650983
0.000351485
0.000917017
0.000587182
0.000966763
0.00159651
0.000718443
0.000433358
0.000658311
0.00132341
0.00275765
0.000472099
0.00092521
0.000702923
0.00127288
0.000961643
0.00069845
0.00102663
0.000197765
0.000763028
0.000881969
0.00190845
0.00166799
0.000568829
0.00240069
0.00105486
0.00590906
0.00143398
0.00112261
0.00078273
0.000507167
0.00138917
0.000936781
0.00715567
0.000907891
0.000368699
0.00112089
0.00126689
0.0043798
0.000717782
0.00122201
0.000565179
0.00193412
0.00199132
0.00126667
0.00131663
0.000571042
0.00167626
0.000583922
0.00167149
0.000534521
0.000847528
0.00180399
0.000559574
0.000556958
0.00105478
0.000765977
0.00440245
0.000616698
0.000902323
0.000662953
0.000819535
0.00078631
0.00115165
0.000727852
0.00171245
0.000503448
0.00239508
0.000688163
0.00116453
0.000766036
0.00120384
0.000556957
0.000560409
0.00120549
0.0012012
0.000422309
0.00263455
0.00120752
0.000934635
0.00107219
0.00178179
0.00103705
0.000738983
0.000713411
0.00231814
0.00113598
0.00151106
0.00236759
0.000345203
0.00071072
0.00172651
0.000440804
0.000723709
0.000916999
0.0012357
0.00077678
0.000919159
0.000918928
0.00105234
0.00119964
0.000998213
0.00221427
0.00081759
0.00143515
0.00162503
0.00121995
0.00111699
0.0017231
0.00063371
0.00169519
0.00443941
0.000830695
0.000502108
0.0010847
0.00099685
0.000680891
0.000777517
0.00135025
0.000707074
0.000658897
0.000762282
0.00101897
0.000756219
0.00156806
0.00263031
0.00103445
0.0012459
0.00268464
0.00161668
0.00175474
0.00145383
0.00203348
0.000669754
0.000793698
0.00131284
0.000910959
0.000872843
0.00167377
0.00109893
0.0011135
0.00150667
0.000481713
0.000988158
0.000574321
0.00070191
0.000711907
0.00214127
0.00981746
0.00108702
0.000523575
0.00127345
0.00135467
0.000698207
0.000507393
0.00253131
0.000877728
0.00131642
0.0148891
0.000473113
0.000478021
0.00100852
0.000600148
0.00145019
0.00056278
0.00114118
0.00117188
0.00112477
0.000259104
0.000633962
0.00063017
0.000965218
0.00148561
0.000638002
0.000614372
0.000654625
0.00041591
0.00102315
0.000566743
0.000959634
0.000786669
0.0018575
0.00206004
0.000890198
0.000382495
0.00116087
0.00351913
0.00550208
0.00103854
0.000446092
0.000547134
0.000675478
0.000613069
0.000949697
0.00109452
0.000709401
0.00106016
0.000268804
0.00071199
0.000540481
0.000320035
0.00037713
0.000631516
0.00150978
0.000957388
0.000764642
0.000785089
0.000821173
0.000935444
0.000691526
0.00116605
0.000797382
0.00128318
0.000282607
0.000669154
0.000601299
0.00187074
0.00124172
0.000555618
0.000399821
0.00272136
0.00246205
0.00107275
0.00086697
0.000672515
0.000856543
0.00167924
0.00092104
0.000833005
0.000794829
0.00202758
0.000883657
0.000881328
0.000357616
0.000832833
0.00102721
0.000491546
0.00130497
0.000633185
0.00046408
0.0107909
0.00073991
0.000936868
0.00168505
0.000866499
0.00169115
0.000600055
0.000982708
0.000904765
0.000767663
0.00139569
0.000929909
0.000827839
0.000948977
0.000455088
0.00318618
0.000564037
0.00061428
0.000713641
0.00092699
0.00138035
0.00111086
0.000985634
0.00100557
0.000303239
0.000472273
0.000513096
0.00156358
0.000717611
0.0476304
0.000553345
0.000640812
0.00147099
0.00154764
0.00119031
0.000880114
0.00173633
0.000490995
0.000576511
0.000456372
0.000658907
0.000625551
0.00058024
0.00118167
0.000459657
0.00140042
0.00085105
0.00115381
0.00105807
0.00121431
0.000387053
0.000198528
0.0014698
0.0010253
0.00108153
0.000456262
0.00117678
0.00053814
0.00102808
0.00106816
0.00121257
0.000499372
0.000714559
0.000364914
0.000874158
0.000698202
0.00194165
0.000597793
0.001225
0.000665659
0.00110034
0.000301936
0.00157112
0.00173239
0.00085416
0.00028679
0.00079391
0.00122771
0.000870297
0.00148144
0.000797476
0.00102954
0.000791096
0.000603795
0.000628282
0.00102664
0.000615953
0.000764407
0.0005022
0.000939512
0.000852676
0.000737364
0.0015653
0.000625746
0.000921756
0.00112299
0.00388862
0.000281863
0.000885804
0.00140582
0.000332248
0.00091303
0.00276828
0.00107945
0.00071598
0.00380914
0.00147753
0.000867886
0.00048667
0.0034562
0.000263315
0.000505705
0.00178011
0.000951544
0.00159753
0.00106126
0.000658009
0.000787335
0.000749388
0.000937248
0.000445676
0.00145736
0.00261003
0.00133519
0.000653103
0.00119783
0.00338238
0.0010588
0.000852552
0.000698418
0.00119712
0.00117522
0.000428064
0.00133718
0.000820444
0.000678325
0.000422551
0.0013069
0.00131451
0.000789255
0.000659595
0.000877877
0.00134629
0.00795122
0.000764561
0.00108711
0.000769713
0.00167857
0.00046759
0.000543806
0.0008813
0.00139809
0.000726918
0.00198601
0.000514094
0.000796977
0.000564133
0.000372862
0.00124499
0.00159058
0.000442745
0.000763284
0.00120157
0.00154495
0.000679668
0.000733078
0.00146662
0.000993177
0.000966832
0.000480343
0.000657776
0.00244386
0.000492362
0.00117954
0.00124439
0.00203473
0.00170557
0.00119373
0.00158982
0.000860078
0.000936213
0.0008579
0.00151415
0.000740319
0.00112314
0.000732785
0.00109267
0.00271049
0.000690459
0.00064483
0.000955133
0.000826921
0.000684968
0.000714443
0.000910705
0.00196672
0.00110447
0.000625698
0.00390667
0.000752973
0.00114213
0.00114845
0.000648697
0.00113
0.000569668
0.00116073
0.00345028
0.000653055
0.000509032
0.000383995
0.00113815
0.000493634
0.00100026
0.00151252
0.00143089
0.000640694
0.000466024
0.00113259
0.00318843
0.000582439
0.0220037
0.000501857
0.000730317
0.000583765
0.000960034
0.00224375
0.00165628
0.00112007
0.00107875
0.000869719
0.000837439
0.000849967
0.0013061
0.00079737
0.000702022
0.000492688
0.00111815
0.000907175
0.000751361
0.00114312
0.000434055
0.00137027
0.000680215
0.000898272
0.000951344
0.000953803
0.000434129
0.00120621
0.00043686
0.000747306
0.00144587
0.000972133
0.00064368
0.0011737
0.000558722
0.000695928
0.00090051
0.000959307
0.00117355
0.00109365
0.000841353
0.000842845
0.000999147
0.00192281
0.00090593
0.000739861
0.000916961
0.000928784
0.000727822
0.00122884
0.000847561
0.00107396
0.00066387
0.00564271
0.000738626
0.000562883
0.00096751
0.00115172
0.000914246
0.00154286
0.00152826
0.00045803
0.00068747
0.000742632
0.000749609
0.000591347
0.000791218
0.000787296
0.000673837
0.000952152
0.00959392
0.000855463
0.000368552
0.000572835
0.0032562
0.000716518
0.000811999
0.000921839
0.0010599
0.00101084
0.00380149
0.00104106
0.000760081
0.000924902
0.000296362
0.000801554
0.00189498
0.000477337
0.00203841
0.000345368
0.000873798
0.000587149
0.000661087
0.000686543
0.00119696
0.000624439
0.00113321
0.000943202
0.00174606
0.00102486
0.00374878
0.000506183
0.000989381
0.000885377
0.00111557
0.000644466
0.000358055
0.000554488
0.000345732
0.00274671
0.00204056
0.000733342
0.000303245
0.000802458
0.00061611
0.000913695
0.000616914
0.00105613
0.000507014
0.00127419
0.00096779
0.00138138
0.000639227
0.000708905
0.00131275
0.00218487
0.000952713
0.00106137
0.00100247
0.000464104
0.000518604
0.00182437
0.000670291
0.000205324
0.000818718
0.00411194
0.000297103
0.0010963
0.00127397
0.00200998
0.0152002
0.00130753
0.000419015
0.000533414
0.00309442
0.000589696
0.00136755
0.000381436
0.0047692
0.00060437
0.00110703
0.000262317
0.000723777
0.00094463
0.00162288
0.000601646
0.000422345
0.000974158
0.00158182
0.000735136
0.00119567
0.00174387
0.000927413
0.00192181
0.00091784
0.00223743
0.00014501
0.000626594
0.00060591
0.000631197
0.000423852
0.00183065
0.000689055
0.000752514
0.00839543
0.00101233
0.000597426
0.00088406
0.000668487
0.000886986
0.00105122
0.000858305
0.00156343
0.000953673
0.00129367
0.00531885
0.00275328
0.000718079
0.000899746
0.00164532
0.000960925
0.000755742
0.000594159
0.000590038
0.000623573
0.000695391
0.000588347
0.000889768
0.0016071
0.00124205
0.000640369
0.000784705
0.000506627
0.00121837
0.00551263
0.00121298
0.00088045
0.000410211
0.00138024
0.000661054
0.00133186
0.00221606
0.000726739
0.000801676
0.000368105
0.00156006
0.000367179
0.0010556
0.000981038
0.000927319
0.00134267
0.000908137
0.00108819
0.000455044
0.000843392
0.00219081
0.00239824
0.000821136
0.00214023
0.000416955
0.000955887
0.000634472
0.000522296
0.00685852
0.00106658
0.000629538
0.000999632
0.000637779
0.00127741
0.000955256
0.000770917
0.00137012
0.000989381
0.00191287
0.000790884
0.000797393
0.000769817
0.000802151
0.000105775
0.000750287
0.00108617
0.000669013
0.000598998
0.00102093
0.000987777
0.00062285
0.000775525
0.000721131
0.00137495
0.00443029
0.00130054
0.000227881
0.0012985
0.000634768
0.00205331
0.000483247
0.000723049
0.000307917
0.0028584
0.00127526
0.000880926
0.00141422
0.00123001
0.000792674
0.0022915
0.00346877
0.000791302
0.00114963
0.000722546
0.000577358
0.000959031
0.000319137
0.00223048
0.00107134
0.000956506
0.000536105
0.00364313
0.0011249
0.00116909
0.000536629
0.000720186
0.000846268
0.001991
0.000719546
0.00100724
0.000910652
0.000974967
0.000813468
0.00758948
0.000384779
0.00167528
0.00447426
0.000872737
0.000453655
0.00088008
0.000861343
0.000659952
0.00121678
0.0012838
0.000924212
0.00112857
0.00121188
0.00130667
0.00150222
0.000976968
0.00112384
0.00130983
0.0136189
0.00074637
0.00092805
0.000197501
0.00134071
0.00498631
0.000742451
0.000627374
0.00184305
0.00136536
0.000704726
0.000743809
0.00117927
0.00113641
0.000341638
0.00018624
0.00231951
0.00052125
0.00062963
0.000534838
0.000794557
0.000660959
0.0006182
0.000831006
0.00609203
0.001331
0.00164555
0.000544201
0.000520985
0.000621937
0.000266812
0.000324616
0.000482564
0.000158542
0.000743436
0.000623492
0.000720661
0.000576372
0.000777511
0.000762545
0.00114284
0.000793739
0.000939245
0.000700674
0.00138321
0.000707035
0.00123577
0.000629939
0.0039021
0.00146383
0.000954999
0.000543549
0.00154099
0.000795258
0.0032267
0.00170111
0.0353031
0.000967292
0.000774671
0.00140804
0.000686607
0.00218525
0.00456776
0.000660028
0.000984281
0.000494946
0.000790876
0.00032624
0.000825985
0.00106649
0.00116958
0.00456755
0.000690187
0.000575115
0.000780115
0.000662214
0.000634623
0.000472762
0.00109219
0.0012664
0.00205688
0.000857217
0.00140554
0.00106774
0.0013316
0.000523624
0.000870669
0.0011424
0.000767032
0.000726188
0.000455526
0.000652337
0.00102594
0.000884046
0.000157407
0.00139895
0.00076724
0.00257052
0.000768185
0.0016463
0.000959747
0.00137634
0.00115977
0.000630406
0.000740398
0.000937342
0.000627003
0.00030777
0.00139096
0.00129621
0.000807246
0.00673561
0.000831017
0.000556538
0.00269828
0.00217417
0.000934869
0.00027586
0.00133974
0.000462396
0.00107705
0.000661057
0.00144882
0.000883943
0.000754897
0.00177184
0.000961044
0.000493789
0.00061249
0.000986407
0.00151863
0.00121908
0.000836487
0.000919698
0.000584071
0.000851967
0.000937934
0.000861636
0.00250254
0.000742078
0.00292952
0.00089184
0.000667718
0.00107252
0.00329556
0.00138
0.00162468
0.000730196
0.000285176
0.0001631
0.000848184
0.00684831
0.000575177
0.000744449
0.000702735
0.000847405
0.0015698
0.00103584
0.00135909
0.00075741
0.00122146
0.00223123
0.000670431
0.00049144
0.00133663
0.00191094
0.000459779
0.00170157
0.00189973
0.000762029
0.00138725
0.00470094
0.000983008
0.000632759
0.000293186
0.00748381
0.000491028
0.00426191
0.00114259
0.000820028
0.00384789
0.000828176
0.000871385
0.00116647
0.000792415
0.000818426
0.000618378
0.000482874
0.00113442
0.00137496
0.00123546
0.000885097
0.000581275
0.00320658
0.000681125
0.000457242
0.00235626
0.000350752
0.00166953
0.000626672
0.000984501
0.00258875
0.00156295
0.000909137
0.00267963
0.000881639
0.000239832
0.00562892
0.00470901
0.00149508
0.000989697
0.000940023
0.000354917
0.000594801
0.00123438
0.000587851
0.000571243
0.000861258
0.000584621
0.000390262
0.00143873
0.000787397
0.000698642
0.00867532
0.00139124
0.000762248
0.00369583
0.000995997
0.0019079
0.00170403
0.00117145
0.00111082
0.000590538
0.000805058
0.000976311
0.00128542
0.000891598
0.000365225
0.00233847
0.000390242
0.0189168
0.000193407
0.00141029
0.00116908
0.000709435
0.000938305
0.000678547
0.000838174
0.00280485
0.0014605
0.00129613
0.00215691
0.001382
0.0007253
0.000753724
0.00342408
0.000916114
0.00051192
0.000780175
0.00160524
0.00133838
0.00105033
0.00055086
0.000915893
0.000500191
0.000785432
0.000681693
0.000547829
0.00122058
0.00059185
0.00080057
0.000404051
0.000583739
0.00160048
0.000820298
0.00108475
0.000584931
0.000617146
0.000800735
0.000311234
0.00112203
0.000654251
0.000753736
0.000852598
0.000769498
0.000591705
0.00107064
0.00105828
0.000945432
0.0015536
0.000953468
0.000693272
0.00129668
0.00100894
0.000391743
0.00144463
0.000943786
0.0017423
0.0072629
0.000502846
0.000899813
0.0193373
0.000918852
0.00058948
0.000923601
0.000474829
0.000653552
0.000445889
0.000525777
0.000805844
0.00106624
0.00111029
0.000521125
0.00102547
0.00179399
0.00108405
0.000512201
0.00222878
0.000708944
0.0019357
0.000700644
0.000978773
0.00233798
0.00167207
0.00060671
0.000448704
0.00077
0.000630684
0.000840653
0.000990583
0.000916017
0.00242284
0.00123258
0.000417774
0.00043719
0.000625269
0.000887855
0.00142785
0.000899686
0.000601989
0.000511844
0.0020242
0.00115408
0.00101624
0.00103526
0.000745253
0.000390907
0.00305874
0.000725679
0.00043436
0.000479717
0.001911
0.000324093
0.00142869
0.000622979
0.000516445
0.0012471
0.00127041
0.00112961
0.00102264
0.000559409
0.00154355
0.00060112
0.000434204
0.000359608
0.00413798
0.00286418
0.000550707
0.00118281
0.000676134
0.00116827
0.000990063
0.00064507
0.00207082
0.000442607
0.0022454
0.00124826
0.000688767
0.000542547
0.000342555
0.00101852
0.00139716
0.0018319
0.0109623
0.00077732
0.000644034
0.00033423
0.000666451
0.0011745
0.000938435
0.00116633
0.000415803
0.000601234
0.00207799
0.00258048
0.000505751
0.000830538
0.000650826
0.00152912
0.000930589
0.00117723
0.00440168
0.000421444
0.00741077
0.000185404
0.00104109
0.00107707
0.000970285
0.00104825
0.00394682
0.000765738
0.00028002
0.000726059
0.000817671
0.000683075
0.000882482
0.000957101
0.000794052
0.000721087
0.000688002
0.000495096
0.000997154
0.00104017
0.00131007
0.00185509
0.000493152
0.000589071
0.00065107
0.000534681
0.00193964
0.00067805
0.000533617
0.000806359
0.0016629
0.000738976
0.000889744
0.000973962
0.00169012
0.00090902
0.000814887
0.00316376
0.00125987
0.000539015
0.00105901
0.000680349
0.000934245
0.00118382
0.000388397
0.000810889
0.000967497
0.00233961
0.0014276
0.000239257
0.00172504
0.000568079
0.00117597
0.00146453
0.00034762
0.000677553
0.00173132
0.00082334
0.00112629
0.00073064
0.00352167
0.000546428
0.00218519
0.00104829
0.00142452
0.00110269
0.000584021
0.00158139
0.00138276
0.000722675
0.00111496
0.00155008
0.000462634
0.00227347
0.000712341
0.000578158
0.000537209
0.000539593
0.001402
0.00118348
0.00098498
0.00122247
0.0010351
0.00108624
0.000528807
0.00190976
0.000400795
0.000921686
0.000110259
0.00840031
0.000709115
0.00135641
0.00189583
0.000959283
0.000409108
0.000773503
0.000645735
0.00351535
0.00194208
0.000931849
0.00195171
0.00071542
0.000582148
0.000721851
0.000930351
0.00273728
0.000906758
0.000945155
0.00131228
0.0116287
0.000788437
0.00147856
0.00139501
0.000495935
0.000715451
0.000725105
0.000678862
0.00360821
0.000606969
0.000975449
0.00264217
0.000595678
0.000602214
0.00068916
0.000852969
0.000946159
0.000732693
0.000661245
0.000741831
0.000996018
0.000909374
0.000555264
0.000708221
0.0014836
0.00127988
0.000485601
0.000312204
0.000571861
0.00100533
0.000615744
0.0011295
0.000969349
0.00066105
0.00101219
0.000703967
0.000777009
0.0006203
0.00092108
0.00112026
0.000578472
0.00062759
0.0010237
0.000863118
0.0010973
0.0014755
0.00215211
0.00318807
0.00189297
0.00184861
0.00131874
0.000972002
0.000819357
0.00144438
0.000914897
0.0154385
0.00115761
0.00163586
0.000373593
0.00164045
0.00152233
0.00263518
0.000390495
0.000768192
0.000448959
0.00100446
0.0022813
0.000453623
0.00108593
0.00262578
0.000459759
0.000637442
0.00170535
0.000722727
0.000588471
0.000752193
0.00196406
0.000722372
0.000583918
0.00178641
0.000446646
0.00162633
0.000621053
0.00101796
0.00127944
0.00160664
0.00143865
0.000592013
0.000701031
0.000945529
0.000597374
0.00110112
0.00133433
0.000709613
0.000410822
0.000505726
0.000985248
0.000719558
0.00131298
0.000381405
0.000799724
0.00160697
0.00349761
0.00170141
0.00123758
0.000739155
0.00160144
0.00115084
0.000926257
0.000532675
0.000695632
0.000704683
0.00118407
0.0013913
0.00128786
0.000642331
0.000497946
0.000679295
0.00105194
0.000900419
0.00280448
0.00128828
0.00112885
0.000790935
0.00106853
0.000990133
0.00165281
0.000762664
0.000660898
0.000270623
0.00199856
0.00122737
0.000547787
0.000580656
0.000963111
0.00105438
0.00127074
0.0011257
0.000758017
0.000401809
0.00105329
0.00149137
0.00108955
0.00120023
0.000590716
0.000932623
0.00073476
0.000948712
0.000765158
0.00120111
0.000608262
0.00248732
0.00142981
0.00104937
0.000494508
0.00110228
0.00115695
0.00094979
0.000910286
0.000653199
0.00135377
0.00139435
0.000879871
0.00063849
0.00133599
0.00102333
0.00062228
0.000514812
0.000471149
0.00078001
0.00149628
0.00368069
0.000698134
0.00223184
0.00111736
0.00129318
0.00058872
0.000735367
0.00154632
0.000854731
0.00117601
0.00135419
0.000573803
0.000479107
0.00071041
0.000607428
0.000561643
0.000631959
0.000661164
0.00120536
0.000791188
0.000396693
0.00102879
0.000809001
0.00103198
0.000264488
0.00604071
0.00246179
0.0003924
0.00113862
0.00058535
0.00068633
0.000727503
0.00128209
0.00445721
0.000985361
0.000453184
0.0010439
0.00106983
0.000948904
0.000233324
0.000713142
0.00129186
0.0010326
0.00461258
0.000756932
0.00168006
0.00346844
0.000861265
0.0007404
0.00127841
0.000588102
0.000892846
0.000806891
0.000856468
0.00176097
0.00075193
0.000769624
0.000509825
0.000745474
0.00183201
0.00107971
0.00228105
0.00366148
0.000591408
0.00108542
0.00227313
0.00209965
0.000629689
0.00035423
0.000607813
0.00118301
0.00164174
0.00169314
0.000883945
0.000367907
0.00168199
0.000375564
0.00122526
0.000336093
0.000955178
0.00242848
0.00221452
0.00158405
0.000639754
0.00115031
0.00129994
0.00160402
0.000593123
0.00126974
0.000788669
0.000656013
0.000652495
0.000958336
0.000879533
0.000958191
0.001928
0.0018516
0.000252932
0.000468631
0.00114046
0.00473188
0.000546398
0.00109152
0.00126835
0.000957946
0.000776207
0.00276089
0.00150596
0.00114534
0.000675463
0.000739147
0.0012198
0.00053023
0.000894301
0.000739385
0.000736784
0.00179788
0.000606298
0.000682197
0.00111393
0.000613586
0.000674671
0.000912081
0.000654602
0.00131142
0.000595191
0.000751369
0.00135969
0.00407303
0.00141171
0.000754492
0.000526398
0.00139746
0.00112283
0.00114661
0.000690657
0.00086315
0.00086761
0.000310417
0.000572442
0.00105297
0.00135164
0.00151707
0.00102878
0.00077521
0.00032609
0.0029126
0.000582502
0.00304965
0.00108771
0.000648363
0.00082104
0.000994118
0.000720377
0.000818708
0.00105783
0.00084076
0.00121602
0.00101583
0.00128868
0.000916068
0.000361648
0.00150948
0.00132086
0.00109453
0.000700378
0.00113547
0.000873149
0.000149218
0.00196936
0.00104563
0.000581101
0.000253591
0.0017124
0.000909051
0.00187068
0.000620639
0.00158003
0.00187955
0.000801026
0.000933008
0.000891824
0.000585475
0.000768628
0.00216769
0.000755115
0.00102821
0.000302706
0.000968627
0.00345265
0.000930989
0.000915843
0.000399008
0.000483412
0.00120795
0.00109148
0.00577455
0.000978701
0.000722579
0.00073694
0.000507988
0.00145439
0.000758157
0.000780014
0.00114154
0.000535364
0.00105092
0.000843423
0.000729268
0.000788324
0.00215527
0.000833839
0.000655037
0.00102298
0.000762249
0.000776539
0.000671475
0.000176371
0.000936765
0.00115571
0.00107909
0.000789916
0.000794492
0.00116436
0.000729409
0.0200577
0.00124597
0.00131598
0.023311
0.00221038
0.000726318
0.000640983
0.000746923
0.000322066
0.00050119
0.000897547
0.000400963
0.00057617
0.000721977
0.000541927
0.00103788
0.00100335
0.0157848
0.00848556
0.000393232
0.00173718
0.000919304
0.000339213
0.00410435
0.0012131
0.00127053
0.00038416
0.000839852
0.000723647
0.000374865
0.0014411
0.000838465
0.000859443
0.000468521
0.00143357
0.00101098
0.000842335
0.0009727
0.000177077
0.000956917
0.00128194
0.00137619
0.000391121
0.00485598
0.000722074
0.00495806
0.000740433
0.000493051
0.000579877
0.000958912
0.000505397
0.000974767
0.00130546
0.000718343
0.000604973
0.000613711
0.00197145
0.000487863
0.000595326
0.000211379
0.000282093
0.000766468
0.000744567
0.000766797
0.000983088
0.000809792
0.000883751
0.000971904
0.00083151
0.0117331
0.000525964
0.000945775
0.00126567
0.00185422
0.000570282
0.000490838
0.000991865
0.00123784
0.0226016
0.00114063
0.000530703
0.000413547
0.000679611
0.00157925
0.000760845
0.00360236
0.00138935
0.00109558
0.00284173
0.00159099
0.000878566
0.00130771
0.000865924
0.00405085
0.0018287
0.000516971
0.000938482
0.000599156
0.0009804
0.000344164
0.00103336
0.000672237
0.000820233
0.00137522
0.000771739
0.000647817
0.00105859
0.00097245
0.000944903
0.00107183
0.000643258
0.0103935
0.00117727
0.000479675
0.0139677
0.00109283
0.00125725
0.000968357
0.00771418
0.000498114
0.00154815
0.00184716
0.00257437
0.000984742
0.000257447
0.00432951
0.000790127
0.000572931
0.00126848
0.0018252
0.000580478
0.000736181
0.0023067
0.000243683
0.00114304
0.00090932
0.000451418
0.00126004
0.000826244
0.000188255
0.000725627
0.00187432
0.000482375
0.000906822
0.000439199
0.000821283
0.000367263
0.00152356
0.00128429
0.000711264
0.000694437
0.00155458
0.000875549
0.0027835
0.000717654
0.000633387
0.000570704
