0.000512445
0.00139928
0.000105249
0.000686097
0.000809824
0.00113388
0.000504796
0.000672069
0.000599824
0.000673946
0.00306122
0.00132693
0.000252253
0.00149822
0.000216676
0.000888839
0.000579709
0.000642582
0.0013417
0.000879891
0.0023729
0.000863695
0.00126608
0.00121653
0.000323204
0.000259246
0.000637834
0.000706357
0.000895027
0.000828382
0.000484751
0.000734864
0.000741054
0.000487014
0.000790667
0.000449463
0.000580905
0.00163954
0.000765837
0.000496046
0.000470628
0.000918462
0.000711037
0.000878902
0.000496282
0.000522719
0.000391252
0.000669308
0.00047201
0.000464278
0.000294433
0.000229268
0.00058729
0.000608394
0.000529178
0.00049048
0.000405076
0.000852103
0.000407341
0.0015292
0.00060092
0.000910615
0.000734771
0.000756701
0.000440231
0.000468053
0.000409406
0.000131746
0.000558813
0.000400737
0.00043636
0.000660235
0.000366812
0.00134136
0.00103473
0.000365916
0.000600439
0.00102351
0.000773046
0.000686882
0.000374935
0.000286804
0.000987079
0.000586754
0.000230532
0.000909462
0.00066104
0.00068087
0.000468047
0.000466566
0.000601578
0.000726806
0.000720645
0.000586244
0.000634165
0.000817088
0.000564206
0.00227382
0.0010096
0.000371741
0.000899762
0.000561928
0.000364733
0.000880054
0.00219199
0.000214164
0.000609916
0.000422247
0.000105895
0.000595032
0.00118069
0.000912025
0.000953438
0.00202702
0.000683339
0.000331338
0.000331071
0.000487235
0.000738755
0.000702618
0.000287373
0.000814407
0.000954803
0.00897503
0.00108687
0.000931724
0.00052213
0.00598652
0.000778709
0.000297122
0.00076561
0.000593567
0.00171552
0.00074967
0.000796476
0.000746218
0.00113917
0.000675831
0.0011671
0.0170992
0.000580823
0.000819936
0.000561327
0.000794913
0.00077379
0.00351661
0.00861415
0.00102211
9.71079e-05
0.00478738
0.000176153
0.000423227
0.00203896
0.00134314
0.000466142
0.00113006
0.000308755
0.000449568
0.00127766
0.000352927
0.00330066
0.000120761
0.00168831
0.000345474
0.000558501
0.000361433
0.000167384
0.000957329
0.000302696
0.00101904
0.000945932
0.000480293
0.00112541
0.000873781
0.000360655
0.000423569
0.000302036
0.000425481
0.000762153
0.000472209
0.00123009
0.000616054
0.00101238
0.000897884
0.00144914
0.000308602
0.00197968
0.000641568
0.000406158
0.000741866
0.000568336
0.000870932
0.000540854
0.000900468
0.000959752
0.000322679
0.000356742
0.000278422
0.000531476
0.000838974
0.00506378
0.000820939
0.000836764
0.000903747
0.000340455
0.000810855
0.000426427
0.00119495
0.000583259
0.000808263
0.000461492
0.000524463
0.0006833
0.000777554
0.00121227
0.000345526
0.00405503
0.00039662
0.00293134
0.000346364
0.00163841
0.00189161
0.000773323
0.000897274
0.000542388
0.000711315
0.000716263
0.000378317
0.000536773
0.000538259
0.000729436
0.000429099
0.000400172
0.000509893
0.000502623
0.000960343
0.00127847
0.00111999
0.000995128
0.000297055
0.000245579
0.000115291
0.00109638
0.00545093
0.000499549
0.000845762
0.000916266
0.00151616
0.0006881
0.000696936
0.00044177
0.00101153
0.00053272
0.000384761
0.000495408
0.000484684
0.000868198
0.0106313
0.00158501
0.000854737
0.000585175
0.000866294
0.00025427
0.000825516
0.00175156
0.00027093
0.000782829
0.000231853
0.000417093
0.00147997
0.000637334
0.000453595
0.000228727
0.000438086
0.000568081
0.00082581
0.00087054
0.000252426
0.000331431
0.000344529
0.00060723
0.000527108
0.00374343
0.000560126
0.00064035
0.000719715
0.000665481
0.000281259
0.000595339
0.000479907
0.000614347
0.00111935
0.000343865
0.000572586
0.000650939
0.00124674
0.000980702
0.000957118
0.000518704
0.000799589
0.000589857
6.76849e-05
0.0010205
0.000867395
0.00194914
0.000686494
0.000531227
0.000695892
0.000808329
0.000670288
0.000576381
0.000320586
0.00046223
0.000822927
0.000287338
0.000957425
0.000608458
0.00102876
0.000488816
0.000375884
0.0008198
0.000624817
0.000380267
0.00122399
0.000554021
0.00087045
0.00935463
0.000681364
0.00061531
0.000758283
0.000363234
0.00258644
0.000415864
0.00057768
0.0005913
0.000200755
0.000920435
0.000328047
0.00353005
0.000310044
0.000585269
0.000252666
0.000809098
0.000507979
0.000522939
0.000175214
0.080539
0.000511187
0.00105723
0.000592623
0.00114721
0.000923827
0.00075851
0.000276168
0.000491359
0.000526827
0.00072758
0.000765265
0.000676856
0.00043187
0.000571613
0.000675413
0.000666769
0.00145699
0.000477236
0.00303979
0.00139501
0.00040867
0.000775672
0.000475447
0.000380757
0.00120674
0.000448093
0.000417727
0.000370203
0.00088224
0.000668232
0.000719201
0.00130229
0.000544647
0.000761604
0.000827206
0.000986381
0.000348198
0.000488889
0.00108972
0.00098555
0.000631069
0.00133464
0.00117678
0.000649261
0.000985501
0.00139892
0.000664943
0.000722251
0.000423859
0.000734801
0.000801378
0.000937895
0.00135441
0.00106748
0.00174547
0.000619867
0.000594575
0.000635286
0.000216449
0.000490982
0.000207572
0.00248415
0.000945279
0.00019117
0.000636575
0.000817455
0.000235783
0.000494191
0.00105244
0.000398497
0.000469507
0.000475882
0.0005724
0.000314379
0.000637421
0.00022467
0.000506193
0.000755088
0.00130432
0.000756162
0.00011927
0.00069418
0.000972011
0.000400765
0.000746471
0.000374354
0.000491935
0.000396486
0.000519059
0.000781247
0.00084857
0.000399404
0.00152683
0.00069114
0.000843538
0.000529356
0.000565629
0.00129984
0.00064788
0.00189786
8.81758e-05
0.000979064
0.000512165
0.000535214
0.000323121
0.000705366
0.000877516
0.0009459
0.000771619
0.000460915
0.000612996
0.000660051
0.00115944
0.000351618
0.000715502
0.000564429
0.000387496
0.000804771
0.00439751
0.00130604
0.00064162
0.00181298
0.000669155
0.000589449
0.000942606
0.00298032
0.000515541
0.000583848
0.00028815
0.000768574
0.00320867
0.000789171
0.000161433
0.000526649
0.000412522
0.000256005
0.00022606
0.00093707
0.000556447
0.000276979
0.00063262
0.000655622
0.00407093
0.000205798
0.000601522
0.000511348
0.00112927
0.000525324
0.000978754
0.00150183
0.000355273
0.00123758
0.000732236
0.00127084
0.00100342
0.000472132
0.000455499
0.000461143
0.000350211
0.000797508
0.000297521
0.000924045
0.000806495
0.00034713
0.000448735
0.000591723
0.000982381
0.000571752
0.000650757
0.0007028
0.000592467
0.000256017
0.000382865
0.00411495
0.00201739
0.000552967
0.000352369
0.000372563
0.002189
0.000601234
0.00057847
0.000544702
0.00129452
0.000901993
0.00131251
0.000350008
0.00135294
0.00110129
0.000197295
0.000611842
0.000797624
0.000892384
0.000673578
0.00365495
0.000678273
0.000219504
0.000873448
0.000377886
0.000312827
0.00276361
0.000486668
0.000767574
0.000895637
0.000856999
0.000560234
0.00102157
0.00147729
0.000221659
0.000464942
0.000404731
0.000615993
0.000706585
0.000388237
0.000573276
0.000519269
0.000503298
0.000389555
0.000679772
0.000692314
0.00035555
0.00161534
0.000431882
0.000464633
0.000373888
0.000700201
0.000723347
0.000882218
0.00101669
0.0043838
0.00107643
0.000369338
0.000766842
0.000754782
0.000299035
0.000279198
0.000920536
0.000272583
0.000225394
0.000525096
0.000372662
0.000497368
0.000726743
0.000964043
0.000473492
0.000386343
0.000870995
0.000315929
0.000325465
0.00617562
0.00137584
0.000612721
0.000738964
0.00110532
0.000773438
0.00175477
0.000971932
0.00063028
0.000700695
0.000266805
0.000885829
0.000395256
0.000977643
0.000547416
0.000442806
0.000433241
0.000536719
0.000606918
0.000748143
0.000481199
0.000593165
0.000578516
0.00101644
0.0125393
0.000407084
0.000301959
0.000775444
0.000777603
0.000466172
0.00050087
0.000425732
0.00043362
0.000345556
0.000408795
0.00161106
0.000584202
0.00126111
0.000601276
0.000872879
0.000365502
0.000314943
0.000764881
0.00630759
0.000793843
0.000377938
0.000991807
0.000691624
0.000467683
0.000198719
0.000865366
0.000701252
0.000253168
0.000536826
0.000998051
0.00119689
0.000590964
0.000493502
0.00141652
0.000869571
0.00193919
0.00216525
0.00092137
0.000373097
0.00166079
0.000765362
0.000409065
0.0013344
0.000852939
0.000816031
0.000745236
0.000467708
0.000582831
0.000944301
0.000646173
0.000492331
0.00016101
0.00133736
0.000516953
0.000526367
0.000872622
0.000786559
0.000238536
0.000441586
0.000521962
0.00036346
0.000472673
0.000814757
0.0017486
0.000850416
0.00277725
0.000306426
0.00309162
0.000696887
0.000691312
0.000557143
0.00442802
0.000510077
0.00131148
0.000820121
0.00157273
0.000400259
0.000485362
0.000928256
0.000483931
0.000398763
0.00190963
0.000639558
0.000783546
0.000221509
0.000181493
0.000447215
0.000538945
0.000610287
0.00097449
0.000714252
0.00134714
0.000519433
0.00247962
0.000621751
0.00099995
0.000610991
0.000442082
0.000327407
0.000473946
0.00154679
0.000618896
0.000636082
0.00314321
0.000494816
0.00147543
0.000235378
0.000683385
0.000374104
0.000375028
0.000391095
0.00327146
0.000540444
0.00204644
0.000649404
0.000641183
0.000320559
0.000374574
0.00127484
0.00102366
0.00680308
0.000771048
0.000398166
0.000524934
0.000956163
0.000836997
0.000103081
0.000469095
0.000756076
0.00044553
0.00123927
0.000672995
0.000367889
0.00039227
0.00116948
0.000560714
0.000871364
0.000846731
0.00022832
0.000377747
0.000320139
0.000535446
0.000986703
0.000726791
0.000205289
0.000503947
0.000900583
0.00161077
0.0013338
0.00022508
0.000279932
0.000381394
0.00080302
0.000387464
0.00025615
0.000377765
0.000694902
0.000996918
0.000281144
0.00122937
0.000817674
0.000180986
0.000458692
0.000422563
0.000759092
0.00156144
0.000435697
0.000870976
0.00122635
0.000684555
0.000394766
0.000322165
0.000863492
0.000685747
0.000617323
0.000962547
0.00122662
0.000149697
0.0038335
0.000398898
0.000267149
0.000789181
0.000911404
0.00584794
0.00076836
0.000171018
0.00390268
0.000391205
0.00097962
0.00207471
0.000877559
0.000396197
0.000343097
0.000901798
0.000743302
0.00107615
0.00032988
0.00130651
0.000286679
0.000482097
0.000862094
0.00171847
0.0012143
0.00108627
0.00121426
0.000716729
0.00144935
0.000368455
0.00107541
0.00154572
0.00303676
0.00076933
0.000816398
0.00237955
0.000285184
0.000449326
0.000438748
0.00044343
0.000981883
0.00052936
0.000549723
0.00203698
0.000874343
0.000320852
0.000909131
0.000395681
0.00035369
0.000613796
0.00102435
0.000391713
0.000698593
0.00111362
0.000570683
0.000780415
0.000397566
0.000427193
0.00109438
0.000351488
0.00103363
0.00216136
0.000787321
0.000886202
0.000617376
0.000525696
0.000613053
0.000400484
0.000633365
0.000449038
0.000449448
0.000391861
0.00084201
0.000694914
0.00199717
0.00221087
0.000414008
0.00985258
0.000640152
0.00244085
0.000540434
0.00089533
0.00237301
0.000463708
0.00375528
0.000591525
0.000449622
0.000538848
0.00064799
0.00171539
0.00125633
0.00334641
5.06971e-05
0.000606467
0.00137636
0.000414212
0.000561423
0.000473717
0.00291405
0.000259442
0.000679427
0.00179366
0.00159052
0.00130938
0.000529652
0.000792103
0.00058694
0.000535979
0.000596573
0.000712667
0.000646412
0.000438104
0.00121738
0.000570196
0.000646671
0.000650827
0.000664162
0.000401778
0.000540604
0.000624047
0.000942134
0.000531061
0.0010167
0.000596363
0.000772495
0.000590748
0.000951933
0.00105572
0.00103027
0.00315534
0.00149522
0.00117576
0.0606217
0.00162617
0.000266403
0.000740132
0.00071436
0.00032948
0.00162497
0.0009368
0.000377901
0.000849956
0.00155126
0.000713846
0.00063236
0.000526731
0.0038208
0.000203402
0.000370723
0.00325506
8.59323e-05
0.000883618
0.000403189
0.000453942
0.000698777
0.000530291
0.000495449
0.000644786
0.000587206
0.000343845
0.000373868
0.00103671
0.000650722
0.000403998
0.000192377
0.00842821
0.00040448
0.00122963
0.000385339
0.000576139
0.000367716
0.000585241
0.000530809
0.00100436
0.000766932
0.000650431
0.00062953
0.000828481
0.00101651
0.000907117
0.00080694
0.000126041
0.00033576
0.00107633
0.00128814
0.000358242
0.000662136
0.000639289
0.000753322
0.000639407
0.000770467
0.000371492
0.000325399
0.0003631
0.000518408
0.000237931
0.000649099
0.000416049
0.000615769
0.0022993
0.000502588
0.000588663
0.000454005
0.000915926
0.000719265
0.000545866
0.00101592
0.00217
0.000567787
0.000460243
0.000769949
0.000979551
0.000933125
0.000658918
0.000546842
0.000736277
0.00105463
0.000561886
0.000562242
0.00110228
0.000729933
0.000877007
0.000240544
0.00104756
0.00109815
0.000608254
0.000329363
0.000480777
0.000479069
0.00199775
0.000153461
0.000383804
0.000523825
0.00112513
0.000425296
0.000732117
0.000363897
0.000394111
0.000635545
0.00333182
0.000669056
0.000471474
0.0020361
0.000670268
0.000584343
0.00030218
0.000463771
0.00120411
0.00196922
0.000822142
0.000577895
0.000721809
0.000528434
0.00016771
0.00025785
0.00056288
0.00137952
0.000349991
0.00120735
0.000566016
0.000463981
0.0258559
0.000626807
0.0010343
0.000530649
0.000202156
0.000511159
0.000598505
0.00223745
0.000590874
0.000192934
0.000473648
0.000850514
0.000747892
0.0012367
0.000190077
0.000887075
0.000407216
0.000746802
0.000826972
0.000261177
0.000638195
0.000501336
0.00032686
0.000406778
0.00473808
0.000242736
0.000634956
0.002373
0.000700977
0.000585852
0.000343139
0.00103362
0.0012267
0.000617505
0.000397355
0.00067254
0.000668989
0.00103941
0.0203867
0.000799382
0.000490924
0.000481733
0.000873163
0.000660026
0.00159583
0.000593592
0.00135434
0.000815922
0.00155476
0.000549922
0.000387877
0.000496602
0.000858801
0.000737442
0.000584245
0.00128578
0.000194292
0.00023435
0.000416148
0.000766793
0.000603646
0.000502926
0.0328929
0.000941256
0.000873557
0.00222012
0.000892335
0.00137445
0.000745561
0.000344808
0.0008588
0.000911191
0.00036655
0.000449089
0.000789787
0
0.00110423
0.00119887
0.000745886
0.000482741
0.000262796
0.00042495
0.000791398
0.000400076
0.000321126
0.000237427
0.00230971
0.00050137
0.000562864
0.0025885
0.000520458
0.000550916
0.000437734
0.000502937
0.000698243
0.000454831
0.000904367
0.00111305
0.000404054
0.00540639
0.000416892
0.00118995
0.000889184
0.00101195
0.00273296
0.00120289
0.000722361
0.000608631
0.000978998
0.000791267
0.000436246
0.000533665
0.000695545
0.0006761
0.000608025
0.000547251
0.000533099
0.00131986
0.00506351
0.000371387
0.00197174
0.000317305
0.000589846
0.000591705
0.000382466
0.000378596
0.000878888
0.000355155
0.000748221
0.000440459
0.00136644
0.00079244
0.00189948
0.000658855
0.000309513
0.000763009
0.000589781
0.000631758
0.00103393
0.00318252
0.000628502
0.000148421
0.000598632
0.00169301
0.000801043
0.000550536
0.000358881
0.000682328
0.000305471
0.00436029
0.00108767
0.000517333
0.000506387
0.000510093
0.00199507
0.000631906
0.000822782
0.00106419
0.000829319
0.00106622
0.000221073
0.000421084
0.00151236
0.000542625
0.00060123
0.000523821
0.000513928
0.000795043
0.00066302
0.000795855
0.00113146
0.00032177
0.000775911
0.000438648
0.000326578
0.000456185
0.000474377
0.000529856
0.00498213
0.000473985
0.000555695
9.7734e-05
0.000759254
0.000654982
0.00070155
0.000404161
0.000690066
0.000515699
0.000673875
0.000801
0.00100369
0.000297779
0.000448373
0.000623136
0.000950171
0.000772657
0.00158775
0.000670361
0.00040201
0.000927103
0.000449538
0.000631142
0.000855655
0.00130265
0.00108019
0.000926319
0.000586527
0.0160784
0.000413605
0.000556864
0.000591891
0.000357084
0.000998039
0.000677845
0.000708294
0.000606389
0.00108991
0.000431878
0.000889389
0.00153722
0.00111991
0.000660663
0.000420429
0.0003339
0.000521542
0.000384584
0.00378283
0.000410842
0.000432451
0.000370479
0.00051614
0.000476266
0.000525874
0.00011124
0.000878604
0.000523584
0.00132902
0.000909491
0.000527929
0.00255676
0.000490731
0.00088865
0.0013964
0.000618355
0.0235824
0.00158098
0.00105546
0.000594513
0.000620293
0.00249272
0.00043915
0.00103591
0.00092603
0.000427678
0.000554848
0.000588387
0.000678005
0.000660165
0.000759689
0.000625751
0.00162031
0.000176382
0.000372304
0.00144505
0.000644973
0.000436801
0.000937737
0.00156889
0.000865654
0.00026466
0.000929393
0.000577746
0.000902042
0.000670095
0.000858648
0.00101979
0.000930897
0.00032928
0.000352847
0.000611335
0.000553531
0.000820287
0.000381392
0.000555007
0.000281538
0.000696535
0.000501101
0.000452888
0.000805238
0.000925678
0.00125181
0.000448915
0.000390539
0.000395209
0.000610234
0.0010671
0.000889359
0.00062881
0.000525525
0.000263248
0.00131402
0.00114281
0.000662424
0.000636732
0.000525448
0.000613817
0.000283603
0.00101275
0.00101656
0.000173518
0.000274945
0.00166345
0.000282045
0.000231366
0.000286802
0.00173793
0.00053484
0.000148875
0.000290166
0.00065786
0.000717
0.00161116
0.00034781
0.00225434
0.000420875
0.000647207
0.00128567
0.00061219
0.00067213
0.00185133
0.000704774
0.000591675
0.000551482
0.000249097
0.000755165
0.000769227
0.00106555
0.000681061
0.000627771
0.000593103
0.00075449
0.000842167
0.000625682
0.0011293
0.000487205
0.000395975
0.0002479
0.000455718
0.00874434
0.00667692
0.000233593
0.000284935
0.000733503
0.00115578
0.00362663
0.000340388
0.000389008
0.000910664
0.000672977
0.000585581
0.000977977
0.000750292
0.000180002
0.000543672
0.000609681
0.000834152
0.000484141
0.000407936
0.000286715
0.000446972
0.000389884
0.000607399
5.96603e-05
0.000457068
0.00175072
0.000670872
0.00190191
0.000391451
0.000701441
0.00166868
0.00431244
0.000433116
0.00128651
0.000889829
0.000601806
0.000464186
0.000812934
0.000701221
0.000748239
0.000607286
0.000466611
0.000465897
0.0006226
0.00110728
0.000797592
0.000436559
0.00085708
0.000617033
0.000386463
0.000853857
0.000550406
0.000793725
0.000598481
0.000502753
0.000809242
0.00154763
0.00746292
0.000386964
0.000886129
0.000642267
0.000800255
0.00025761
0.000302838
0.000960356
0.00020006
0.000746469
5.51447e-05
0.00101376
0.000367698
0.000674609
0.000793207
0.00124897
0.000336201
0.000424123
0.000560015
0.000601889
0.00107734
0.000756037
0.000640332
0.000634182
0.000752386
0.000947997
0.00119815
0.001312
0.000802775
0.000444496
0.00497901
0.000845114
0.000665635
0.000426705
0.000850832
0.000538118
0.00111934
0.000319414
0.000290092
7.74299e-05
0.00019583
0.000820901
0.000739241
0.000830443
0.00029961
0.000716637
0.00083089
0.00093245
0.000913216
0.000556406
0.00165322
0.000604053
0.000525248
0.000303454
0.000389197
0.000162802
0.000613478
0.000686328
0.00129376
0.000768132
0.000824849
0.000322861
0.000665628
0.000604168
0.00683312
0.00109103
0.000922189
0.000859074
0.000166062
0.00110866
0.000851389
0.00156552
0.000725915
0.000905386
0.00125476
0.000618377
0.000134319
0.00107344
0.000445737
0.000681947
0.000760597
0.00087323
0.000252863
0.000908571
0.00108508
0.000770785
0.00470324
0.000737868
0.000465019
0.000502603
0.000775532
0.00027449
0.000450284
0.000580642
0.000647597
0.00219787
0.000713332
0.000455438
0.00029349
0.000300323
0.000263267
0.00222469
0.000493404
0.000582166
0.000983302
0.000574838
0.00151971
0.00071099
0.000213124
0.0119047
0.00129837
0.000950975
0.000416443
0.000496274
0.000765625
0.000551966
0.000480184
0.000708481
0.00937405
0.000780473
0.000401155
0.00128429
0.000241708
0.000899505
0.000661763
0.000406556
0.00148031
0.000461712
0.000592002
0.000857919
0.00619926
0.00309498
0.00104606
0.000740573
0.000590025
0.00098848
0.00100285
0.000839217
0.00156325
0.000461453
0.00093299
0.000445369
0.00084965
0.00120361
0.000514947
0.000574043
0.000814053
0.000120866
0.000609524
0.000821446
0.000606656
0.000758411
0.000729451
0.00180049
0.000432579
0.00120583
0.00275389
0.00055992
0.000916252
0.000491867
0.000661471
0.000606878
0.00078663
0.00065279
0.000422876
0.000736127
0.000503853
0.000596143
0.000527362
0.0005963
0.000814811
0.00155641
0.000195537
0.000585096
0.000352536
0.000533073
0.000614044
0.0011493
0.000249834
0.0011209
0.000545078
0.000431081
0.00143172
0.00099413
0.000192346
0.00129989
0.0012504
0.000683961
0.000266435
0.000836943
0.000918259
0.00045779
0.000287763
0.000927731
0.000688571
0.00107244
0.000698835
0.000978147
0.000318824
0.000913731
0.000917106
0.000567107
0.000922324
0.00555466
0.000319987
0.000939108
0.00467687
0.00135585
0.000669182
0.000441632
0.000469231
0.00044189
6.2504e-05
0.00106555
0.00103784
0.000474373
0.00141541
0.00247752
0.000592287
0.00110163
0.000353348
0.000140309
0.00039318
0.000316118
0.00055295
0.000337853
0.00113567
0.000947961
0.000944668
0.000505392
0.000699078
0.000642948
0.000779453
0.000428697
0.000393293
0.000630987
0.000552403
0.000337861
0.000412661
0.000201733
0.000136183
0.000895098
0.000343034
0.000446611
0.00138811
0.000658292
0.000655743
0.00100728
0.000873955
0.000340057
0.000790737
0.0046494
0.00037471
0.000280799
0.000730741
0.00068183
0.000201428
0.000509765
0.000749009
0.00046854
0.000813275
0.000569692
0.000614082
0.00070844
0.000513544
0.00377196
0.00031887
0.000847988
0.000690784
0.000296101
0.000384236
0.000339479
0.000942747
0.000596325
0.000332439
0.000506163
0.000865428
0.000435118
0.000486245
0.000567282
0.00276706
0.000766415
0.000885523
0.000625655
0.000442417
0.000427151
0.000470978
0.0007152
0.0011302
0.000299684
0.00028259
0.000874154
0.000598439
0.000188031
0.000510953
0.00111284
0.0021826
0.000660431
0.00139576
0.000535573
0.000391616
0.000703625
0.0026341
0.000566473
0.000719673
0.000632678
0.000663086
0.00148454
0.00142088
0.000256288
0.000732765
0.00048904
0.000672095
0.000569588
0.000736613
0.00218446
0.000273109
0.000422082
0.000616442
0.000296631
0.000811342
0.000492279
0.00035507
0.000764447
0.00101214
0.000659096
0.000189947
0.00112374
0.000593011
0.00113597
0.000624501
0.000557449
0.00118646
0.000428139
0.000413279
0.000653203
0.000546462
0.000442537
0.000934912
0.000267664
0.00191212
0.000805082
0.000232934
0.000674992
0.000490151
0.000477436
0.00237456
0.000620107
0.000545934
0.000425529
0.000762556
0.00138627
0.000651491
0.000506154
0.00034448
0.000712985
0.000501081
0.000557413
0.00041505
0.000972324
0.000204089
0.00175414
0.000563168
0.000707692
0.00402709
0.000696563
0.000558928
0.00131591
0.000439925
0.000214539
0.000609896
0.000255265
0.00579869
0.000285813
0.000532925
0.00124045
0.00239163
0.000675566
0.000533369
0.00021815
0.00133003
0.000588129
0.000474358
0.000572388
0.00620121
0.00152508
0.000646865
0.00043454
0.000432666
0.000680177
0.000541311
0.00163351
0.000124971
0.000793333
0.000470366
0.000459843
0.0114439
0.000559395
0.00115279
0.000304404
0.00142323
0.000804637
0.000660776
0.000113024
0.000553523
0.000735301
0.00070588
0.000872374
0.000529416
0.000583925
0.00108548
0.000988734
0.00102586
0.000235511
0.000834527
0.00104872
0.000412517
0.000460211
0.000650114
0.000960526
0.000875063
0.000716477
0.000581885
0.000696745
0.00190542
0.000540737
0.000740834
0.000594353
0.000668425
0.000844559
0.00145731
0.000595577
0.000403817
0.000784474
0.00139962
0.00117356
0.00062587
0.00271838
0.000258378
0.000770875
0.000685952
0.000291724
0.00074975
0.00170726
0.000962933
0.000328019
0.00157959
0.000537235
0.000913961
0.00211049
0.000818893
0.000659057
0.000527676
0.000584201
0.000340548
0.0006715
0.000726775
0.000649705
0.000637119
0.000392731
0.00135922
0.000944327
0.000639026
0.000436402
0.000514016
0.000773469
0.000786015
0.00065066
0.000301739
0.000149726
0.00031692
0.000590142
0.00123005
0.000997936
0.000112804
0.000610483
0.00341878
0.000641994
0.00115938
0.000590746
0.00065078
0.00237767
0.00141972
0.000856114
0.00079813
0.00122606
0.000365598
0.000643988
0.00101849
0.000816842
0.000552924
0.000759169
0.000237944
0.000780777
0.00145023
0.00512982
0.000641424
0.000783382
0.000343117
0.000379579
0.000315094
0.000519068
0.00055124
0.000743585
0.000798934
0.000879562
0.000492431
0.00254676
0.000561762
0.000824183
0.000325633
0.00164066
0.00153637
0.00148601
0.00110327
0.00049205
0.000800079
0.000608249
0.000188455
0.000700789
0.000323728
0.00103585
0.00193324
0.00224772
0.000812922
0.00121106
0.000482156
0.000424464
0.000485436
0.000593833
0.00180533
0.00105576
0.000557864
0.00143983
0.000627314
0.00119386
0.00113057
0.00155333
0.000681601
0.00119558
0.00029144
0.000668482
0.00132891
0.00154148
0.000896155
0.000735205
0.000327651
0.000520474
0.000512243
0.00130704
0.00133399
0.000343239
0.000550458
0.000587586
0.00101806
0.00045933
0.000711178
0.000128074
0.0012211
0.000884148
0.000473961
0.000270336
0.00052364
0.00126226
0.00108028
0.00143584
0.000566386
0.000287177
0.000238574
0.00396627
0.000538935
0.000744205
0.000594218
0.000835097
0.000717134
0.000402677
0.000392649
0.000590201
0.00109503
0.000678142
0.000738075
0.00118527
0.000897294
0.00247044
0.00322626
0.000823273
0.00240255
0.000760008
0.000259418
0.0002486
0.000287549
0.000797103
0.000829876
0.00129886
0.000544225
0.00075784
0.000819308
0.000935064
0.000557413
0.000282507
0.000584416
7.78818e-05
0.000312047
0.000488801
0.000605772
0.000259432
0.000652829
0.000509066
0.000495529
0.000736447
0.000699812
0.000906081
0.00010056
0.000881974
0.000537808
0.000291042
0.000941622
0.000251196
0.000794978
0.000610239
0.00028923
0.000539604
0.000752127
0.00042436
0.000601449
0.00046735
0.000219698
0.000647685
0.000453492
0.00182335
0.00053369
0.0018142
0.00037753
0.000627344
0.00032901
0.000441631
0.000701136
0.000436478
0.000336602
0.000775373
0.0014045
0.000445746
0.000396546
0.00121433
0.000429604
0.000531797
0.000387704
0.000434277
0.00114264
0.000690309
0.000779845
0.00232613
0.00187387
0.000274539
0.000494146
0.00060128
0.000796912
0.000654717
0.00026124
0.000565851
0.00162742
0.00115487
0.00310456
0.000353823
0.000402305
0.000623926
0.000612064
0.000932297
0.000598077
0.00118811
0.000908652
0.000618433
0.000176718
0.000589524
0.000344682
0.000945175
0.00242491
0.00148091
0.00486831
0.000221226
0.00170604
0.00039523
0.000695046
0.000996182
0.00180139
0.000641852
0.000349804
0.000638179
0.000450167
0.000675209
0.00303376
0.000619381
0.000497688
0.000927067
0.000647443
0.0005778
0.000782812
0.000761011
0.00220638
0.00168282
0.000989178
0.000418167
0.000349993
0.000437627
0.000934214
0.000498917
0.000384451
0.000688227
0.00020305
0.000717428
0.0131488
0.00164564
0.000675332
0.000358885
0.00100146
0.00062808
0.0005194
0.000524248
0.000685271
0.00113956
0.00045961
0.000659561
0.000329872
0.00048047
0.000684364
0.000676214
0.000381106
0.000442013
0.00446234
0.000514024
0.000470647
0.000527552
0.00113472
0.000653566
0.000741575
0.00508677
0.00105636
0.000526222
0.00142396
0.000445841
0.00281637
0.000360716
0.00091728
0.000578293
0.000819771
0.00116125
0.000879138
0.000760032
0.000579623
0.000493996
0.00203353
0.00109787
0.000872011
0.000608307
0.00100357
0.000199181
0.000506139
0.000732044
0.000604293
0.000440236
0.000489766
0.00213898
0.000476004
6.89128e-05
0.000375722
0.000374455
0.000373019
0.00027181
0.000774259
0.000531791
0.000851428
0.000451374
0.000851532
0.00215575
0.000499091
0.000100681
0.00075119
0.00115752
0.000471292
0.0238464
0.000592376
0.000372413
0.000598745
0.000855156
0.000503042
0.000627428
0.00166719
0.001152
0.000626166
0.000387869
0.00037996
0.0012814
0.000469071
0.000670108
0.000531666
0.000928272
0.00255329
0.000482266
0.000501107
0.000596995
0.00108139
0.00214415
0.000326317
0.000631666
0.00073696
0.000233689
0.00058276
0.000275506
0.000579589
0.00102379
0.00118644
0.000491474
0.000304646
0.000360734
0.000275818
0.000894554
0.000425078
0.00081387
0.000556147
0.00125289
0.000975786
0.000281671
0.000964075
0.00174318
0.000445323
0.000815963
0.000939416
0.000528384
0.00101393
0.000594065
0.00344204
0.000618552
0.000390866
0.00073615
0.000610166
0.000641748
0.000600637
0.00145834
0.000230266
0.00115153
0.000783673
0.00127289
0.000310544
0.000489978
0.000201002
0.000766874
0.000906661
0.000479691
0.000695925
0.0010618
0.000449503
0.000812502
0.000524427
0.000546892
0.000964702
0.000835657
0.00369683
0.00113442
0.000808857
0.000746731
0.000443966
0.0034193
0.000798836
0.00057792
0.00234325
0.00101264
0.000705978
0.00100332
0.000662837
0.00187572
0.000215765
0.000350137
0.000580031
0.00095347
0.000699385
0.00117642
0.0007781
0.000441631
0.000565926
0.000538427
0.00122884
0.00710578
0.000538914
0.00101971
0.000749854
0.000410208
0.000829242
0.00208622
0.000373976
0.000452617
0.00275528
0.000356688
0.00106058
0.00102499
0.00141009
0.000716076
0.000371453
0.000663994
0.0034907
0.000388593
0.00244291
0.000648513
0.000391411
0.000449059
0.000495441
0.000731573
0.000788563
0.000561422
0.000282209
0.000389476
0.000369666
0.00113891
0.000652122
0.000349606
0.00277564
0.000474834
0.000452116
0.00298913
0.00108301
0.000246274
0.000296654
0.000238835
0.000510766
0.000389945
0.000537022
3.61863e-05
0.00065134
0.000403307
0.000250856
0.000414156
0.000633659
0.000890707
0.000693623
0.000747002
0.000405945
0.000393065
0.000424452
0.000345388
0.000368496
0.000326863
0.00141065
0.000441194
0.000810738
0.00142925
0.000606125
0.000233279
0.000627502
0.000363039
0.000765053
0.000968111
0.00202929
0.000248193
0.000443247
0.00020549
0.00101378
0.000573533
0.00117625
0.00022608
0.000975426
0.000827895
0.000704603
0.00745366
0.000782667
0.0015505
0.000511074
0.000457887
0.000784813
0.000663552
0.00043157
0.000129562
0.000856272
0.000705975
0.000314921
0.000447256
0.000748332
0.000486591
0.000496358
0.00055246
0.000444514
0.000978173
0.0006411
0.000225874
0.00051007
0.000821506
0.0006153
0.000261863
0.00161396
0.000444247
0.000458474
0.00539377
0.000874348
0.000729352
0.000673671
0.000566388
0.000499435
0.00096122
0.000276469
0.000526737
0.000385295
0.00597961
0.000414501
0.000970928
0.000509882
0.00195389
0.000458501
0.000494362
0.00129723
0.00055472
0.000590814
0.0109815
0.000486779
0.000440148
0.000790187
0.000596185
0.000870642
0.000467521
0.00137128
0.00122146
0.000505311
0.000550258
0.000730453
0.00145204
0.000413542
0.000523406
0.000218747
0.00150451
0.000610584
0.000713598
0.000457943
0.000764396
0.000352233
0.00102578
0.000678356
0.000237622
0.00185856
0.000813695
0.000529609
0.00171697
0.00093924
0.00101205
0.000530031
0.000452274
0.000571794
0.000681709
0.00193417
0.000787936
0.000461663
0.000761293
0.00129783
0.000659883
0.000781356
0.00135788
0.000301842
0.00119546
0.000241322
0.000676989
0.0047606
0.000682147
0.00309222
0.000384134
0.00079886
0.000673654
0.000898626
0.00498489
0.000636162
0.00111068
0.000725556
0.000983467
0.000772286
0.000312585
4.25705e-05
0.000806686
0.000909463
0.000458974
0.000233226
0.00111263
0.000912234
0.000862961
0.000401202
0.00122771
0.000261662
0.000907788
0.000419959
0.00157911
0.00150087
0.000326763
0.000598292
0.00106153
0.000486766
0.000645204
0.0255895
0.000881799
0.000497034
0.000528852
0.000445351
0.00116466
0.000314611
0.000685802
0.00138326
0.00198878
0.000865299
0.000364378
0.000552027
0.000233324
0.00075752
0.000435177
0.000789282
0.000458288
0.00294803
0.000855422
0.00060258
0.00046961
0.000505179
0.000710761
0.00040075
0.000332669
0.00100254
0.00148201
0.000302533
0.000508522
0.00063444
0.000319737
0.00219468
0.000480165
3.94855e-05
0.0019855
0.00151372
0.000720545
0.0011766
0.000462465
0.000752069
0.000358908
0.00057433
0.00062001
0.000543183
0.0010021
0.000946789
0.000285263
0.00100706
0.000919699
0.000636465
0.000609073
0.000777759
0.000936123
0.000625522
0.000288073
0.00044393
0.000420625
0.000340019
0.000504709
0.000513495
0.000625373
0.000566644
0.000575569
0.000486162
0.000431685
0.000855674
0.00100392
9.36036e-05
0.00101833
0.00251705
0.000622053
0.000289675
0.0144346
0.000796925
0.000648317
0.000377833
0.00036725
0.00499573
0.00258323
0.0010015
0.000572623
0.000293829
0.000585157
0.000855344
0.000280074
0.00188232
0.000376771
0.000485007
0.000686323
0.000918911
0.00531151
0.000124723
0.000769429
0.000637801
0.00074329
0.000685886
0.00169866
0.00094618
0.000651675
0.000937841
0.0031436
0.000785467
0.000878914
0.000300526
0.000859675
0.000781544
0.000604488
0.00128252
0.000569049
0.000310301
0.000809567
0.000292753
0.000990585
0.000575873
0.000948263
0.000605335
0.00039779
0.000822134
0.000606733
0.000422152
0.000403647
0.00180392
0.000594873
0.000646956
0.000523478
0.000791902
0.00114437
0.0031322
0.000592715
0.000368651
0.00065501
0.000875677
0.000666243
0.000938343
0.00105763
0.00217339
0.000561954
0.00109447
0.000578599
0.00038529
0.00080581
0.000669215
0.000522156
0.000598758
0.000547785
0.0001131
0.000803044
0.00041214
0.000775172
0.000338101
0.000501248
0.000356355
0.000344339
0.000577145
0.000978164
0.000672908
0.000422717
0.00490906
0.000580582
0.000192317
0.000683786
0.000552638
0.000786608
0.000513178
0.00100866
0.000828661
0.000633666
0.000219617
0.000810192
0.000191314
0.00100653
0.00151205
0.000530122
0.000807681
0.000293302
0.000780377
0.000868521
0.000165656
0.000388368
0.00047572
0.000846752
0.00042042
0.000303314
0.00060559
0.00101046
0.000725419
0.000821077
0.000814466
0.000643346
0.00177446
0.000217012
0.000707534
0.000556935
0.000694931
0.000580042
0.000392908
0.000802509
0.00069666
0.000233457
0.000600659
0.000398609
0.000714679
0.00107686
0.0018152
0.00124464
0.00026585
0.000769567
0.000536801
0.000741922
0.0132884
0.00133604
0.000475286
0.0023854
0.000994967
0.000484391
0.00216689
0.00121953
0.000561627
0.00035209
0.000302858
0.00169367
0.000498089
0.000824891
0.000178025
0.000539304
0.000369229
0.00190367
0.000894052
0.000722622
0.000641036
0.000633713
0.000532057
0.00620809
0.00157585
0.00120216
0.000922464
0.000543678
0.000530081
0.00118714
0.000243991
0.00140984
0.000832474
0.000300768
0.000544401
0.000701365
0.000700716
0.0050473
0.000378988
0.000750531
0.00126211
0.000565365
0.00082392
0.000311458
0.000274733
0.000524092
0.000553375
0.00333296
0.000320722
0.000474933
0.000698077
0.00342312
0.000720231
0.000384497
0.000526044
0.00221487
0.000886701
0.0005617
0.000710892
0.000640951
0.00147767
0.000480985
0.000306457
0.00052286
0.00160676
0.000552101
0.000384544
0.000674581
0.00122498
0.00058184
0.000828947
0.000517823
0.000896426
0.00137117
0.000337816
0.00114278
0.00032434
0.000936227
0.000572969
0.000799339
0.000660542
0.00115226
0.0006887
0.000149404
0.000519
0.00137592
0.000301737
0.00102685
0.00117014
0.000373567
0.000322937
0.000580922
0.000508005
0.000552342
0.00112934
0.000532192
0.000865084
0.000959617
0.00053696
0.0010674
0.000979987
0.000534357
0.000360826
0.00054084
0.000687635
0.00103602
0.000309011
0.000203772
0.00106232
0.00111884
0.000918149
0.000686276
0.000788899
0.000379093
0.00075754
0.000712752
0.00108824
0.000601982
0.000372421
0.000223542
0.00135409
0.00107321
0.00108782
0.000584804
0.000331656
0.00167923
0.000619249
0.000467034
0.000482542
0.000429945
0.0022858
0.000446283
0.00183265
0.000761697
0.000283909
0.000626377
0.000671338
0.000628098
0.00194295
0.000507984
0.00122538
0.000660154
0.00101402
0.000828531
0.000723043
0.000597877
0.000940126
0.00149279
0.000527408
0.000869584
0.00432687
0.000917206
0.000385577
0.000282041
0.00115911
0.00074498
0.000454022
0.000458747
0.00188658
0.00125944
0.000572219
0.00147602
0.000475047
0.000561243
0.00287101
0.000459213
0.000767441
0.00127197
0.00111297
0.000442255
0.000332408
0.000511725
0.00154273
0.000244382
0.000366134
0.000913778
0.000651539
0.00080035
0.000612374
0.00199747
0.000557237
0.000798978
0.00115883
0.000695327
0.00046249
0.000427017
0.000680539
0.000866064
0.000633514
0.0012162
0.000731596
0.000494862
0.000982036
0.00101579
0.0012884
0.000845011
0.000724533
0.00281059
0.000698094
0.000195342
0.000168497
0.00014317
0.00103739
0.00129499
0.000686661
0.000786989
0.00031966
0.00105493
0.000734089
0.000213055
0.000331488
0.000572628
0.00033582
0.00149627
0.000583415
0.00045947
0.0011892
0.00127355
0.000584104
0.000953486
0.000504513
0.000157048
0.00309791
0.000508275
0.000741335
0.000899497
0.000510224
0.000898962
0.00122249
0.00075116
0.000831738
0.00120593
0.000519807
0.000813135
0.00107557
0.00124503
0.0134994
0.000800447
0.000578798
0.00118753
0.000509374
0.00324867
0.000426139
0.00236755
0.000317199
0.000886075
0.00105518
0.000856681
0.000347466
0.000568494
0.00106048
0.00109043
0.00108529
0.000541489
0.000427846
0.000730804
0.000243776
0.000998769
0.00157278
0.000712322
0.00153288
0.000505031
0.000804243
0.00113664
0.000433493
0.000415162
0.000657907
0.000981816
0.000658151
0.00105047
0.000695072
0.00178999
0.0019159
0.00111668
0.00205435
0.000410455
0.000633344
0.00074929
0.000307928
0.000645593
0.000817061
0.00110278
0.000398992
0.00050872
0.00153668
0.00042664
0.000536862
0.000474226
0.00109068
0.000411533
0.00142189
0.000268687
0.000630871
0.000453356
0.00117141
0.000346387
0.000335209
0.000979293
0.00245853
0.000692021
0.00111674
0.000490648
0.000715728
0.000482911
0.000827883
0.00107731
0.0017559
0.000319559
0.000940916
0.000830756
0.000701208
0.000409844
0.000267831
0.000886887
0.000153287
0.000341425
0.000497042
0.000544288
0.000256785
0.00137307
0.00822199
0.000922953
0.00051073
0.000410877
0.000617459
0.000633793
0.000746039
0.000397331
0.000450121
0.000530995
0.000610077
0.000656499
0.000625779
0.000397846
0.00186702
0.00116097
0.00134822
0.000745436
0.00775315
0.000875061
0.000577553
0.000198383
0.000241118
0.000434347
0.000435704
0.000372012
0.000467405
0.000645966
0.000642978
0.000599834
0.000276994
0.0182545
0.000787664
0.000395863
0.000366594
0.00122955
0.000437532
0.00177766
0.0014939
0.000268768
0.00042011
0.00124907
0.00137995
0.000489411
0.000407693
0.000775632
0.000389762
0.000649472
0.00165662
0.000383437
0.00185651
0.000507383
0.000935467
0.000667362
5.65854e-05
0.000526374
0.000617156
0.00118015
0.000381207
0.000886186
0.000799753
0.00019766
0.000887032
0.000447925
0.00099036
0.00150144
0.000139314
0.0039722
0.000510002
0.000749298
0.000288208
0.00235937
0.000504036
0.00984075
0.000685791
0.000379958
0.00145826
0.00114335
0.000597259
0.000741278
0.000722059
0.000698213
0.000946475
0.00047655
0.000451832
0.000520503
0.000936972
0.000537874
0.000759447
0.000338601
0.000431249
0.000429667
0.00074359
0.000777675
0.000292873
0.000274391
0.000381384
0.000102667
0.000514903
0.000605845
9.84865e-05
0.000708662
0.000582344
0.000220448
0.000421707
0.000502361
0.000532456
0.000920162
0.00107831
0.000510817
0.00184152
0.000978748
0.000491122
0.000489328
0.00731742
0.00513251
0.00154501
0.000505779
0.000221957
0.000261516
0.000830993
0.00116264
0.00779984
0.000374993
0.000265206
0.00057315
0.000873636
0.00133422
0.000530438
0.000799285
0.00164145
0.000196452
0.000358711
0.00100737
0.00041265
0.000476888
0.000647878
0.000661422
0.000484953
0.00192522
0.000812074
0.000542067
0.000622243
0.000356875
0.00086179
0.0013272
0.000649195
0.00130902
0.000893844
0.000714553
0.00094881
0.000790325
0.000639612
0.000454761
0.000811466
0.00100854
0.000432883
0.000653707
0.000149737
0.000269569
0.000713092
0.00032489
0.00104992
0.0186718
0.00139355
0.000675105
0.000577797
0.000592723
0.000618377
0.00160703
0.000576323
0.00133187
0.00167236
0.000417602
0.000788399
0.000412516
0.000921886
0.00106206
0.000856113
0.00064776
0.000515473
0.00048781
0.00270568
0.000205512
0.000680371
0.0006566
7.36884e-05
0.000572726
0.000446765
0.000599398
0.000909074
0.000495293
0.000772902
0.000426338
0.000573855
0.000129554
0.00136209
0.00729402
0.00146028
0.000423737
0.000765555
0.000472807
0.0016582
0.000860247
0.000120337
0.000717315
0.000213301
0.000720888
0.000239495
0.000216104
0.00068999
0.000775207
0.000527289
0.000407461
0.000328072
0.000368403
0.000817223
0.000568564
0.000583621
0.000822865
0.00495639
0.000117188
0.00105799
0.00026245
0.000437357
0.217704
0.000444771
0.00125862
0.0003982
0.000941264
0.000826001
0.000906104
0.000971331
0.000446463
0.000381532
0.00107973
0.000720011
0.000289843
0.00101433
0.00083842
0.000642559
0.000416437
0.00059832
0.00149678
0.000216557
0.000585296
0.000407593
0.000470816
0.000547283
0.00273817
0.000411726
0.000739376
0.000681645
0.000565008
0.000560676
0.0333367
0.000687786
0.000379496
0.000875682
0.00182875
0.000688272
0.000421607
0.000379182
0.00243463
0.000646874
0.000661955
0.000384641
0.000317538
0.000999235
0.0005886
0.000365147
0.000842138
0.000700301
0.00226452
0.000991805
0.000598608
0.000331721
0.00196519
0.000622982
0.000533875
0.000968904
0.000367587
0.000685902
0.0390923
0.000289221
0.00030843
0.000244357
0.000448488
0.00102798
0.000546717
0.000351699
0.000945196
0.000298451
0.000427866
0.000619769
0.000900282
0.000398514
0.00109905
0.000288307
0.00100228
0.000395006
0.00551518
0.000370163
0.000842436
0.00110338
0.000879895
0.000549503
0.000804476
0.000782289
0.000468388
0.000267957
0.000618589
0.00045701
0.000477353
0.000547966
0.000503939
0.00120854
0.000559075
9.50322e-05
0.000215743
0.000249684
0.000345914
0.000520921
0.000713483
0.000187989
0.00361926
0.000713682
0.000724546
0.000785486
0.000825569
0.00036944
0.000110309
0.00558609
0.000391299
0.000921391
0.00104574
0.00038234
0.000992157
0.00177522
0.000642821
0.00124053
0.00131926
0.000569628
0.000520139
0.000546298
0.000490262
0.000678159
0.000698323
0.000265982
0.0006981
0.000784513
0.000967527
0.000297454
0.00113645
0.000903091
0.000925063
0.000881938
0.000770828
0.000235522
0.000724692
0.000290507
0.00170852
0.0123226
0.000327369
0.000779702
0.000289742
0.00119015
0.000847671
0.000660544
0.000752876
0.000552962
0.000263906
0.00066787
0.00089212
0.00506265
0.00191706
0.000670392
0.000690657
0.00181494
0.00122306
0.000599748
0.000420009
0.000549137
0.000566451
0.000464806
0.00147147
0.00365473
0.00121285
0.00151733
0.000688507
0.00127096
0.000618887
0.00044348
0.000170242
0.000609124
0.0391186
0.000239325
0.000651151
0.000108943
0.000403668
0.000528793
0.000210304
0.000659356
0.00071234
0.000575787
0.000685639
0.00115823
0.000405806
0.00106553
0.000464555
0.000469397
0.00316103
0.000773225
0.000535854
0.000960483
0.001314
0.000631892
0.000267938
0.000295822
0.00120235
0.0003046
0.000434041
0.000773769
0.000559498
0.000462874
0.000667331
0.000515776
0.000522736
0.000339379
0.000515273
0.00105232
0.000515344
0.000823037
0.000857196
0.000442378
0.000706144
0.000350764
0.00051009
0.000652004
0.000917954
0.000598318
0.000625905
0.000308151
0.00100435
0.000932288
0.000559472
0.000253091
0.000562032
0.00049058
0.000981069
0.00254003
0.00052424
0.00146301
0.0027907
0.00497765
0.000449688
0.00163584
0.00128161
0.000679977
0.000594287
0.00153695
0.000419006
0.000503478
0.000144817
0.0030983
0.00052754
0.000790984
0.000685247
0.000366644
0.000778693
0.000894954
0.000354622
0.000689385
0.000939862
0.000673228
0.00533249
0.00141969
0.000459686
0.000283136
0.00118687
0.00235163
0.0026994
0.000529848
0.000331258
0.00175481
0.000736505
0.000462652
0.00152514
0.0017142
0.000753341
0.000435349
0.000647362
0.0005269
0.000505376
0.000708733
0.000324609
0.000619004
0.00050003
0.00117049
0.00186821
0.000788001
0.00114063
0.000525067
0.000629997
0.000782704
0.000367786
0.000260888
0.000386373
0.000250841
0.000572746
0.000286787
0.000633714
0.000290091
0.000219394
0.000653906
0.000506708
0.00129703
0.000558591
0.00051093
0.000194068
0.00136232
2.94443e-05
0.000373415
0.000242127
0.000788836
0.000449316
0.000484234
7.5e-05
0.00115539
0.00143396
0.00165861
0.000625262
0.00215634
0.00157583
0.00266379
0.000269378
0.000821491
0.000737099
0.000606218
0.000428978
0.000618542
0.000565637
0.00137153
0.000176938
0.00127461
0.000406974
0.00143677
0.000350445
0.000899269
0.000354531
0.000358721
0.000838031
0.000328069
0.000652311
0.000530487
0.000289151
0.000505896
0.000690584
0.0015662
0.000433264
0.000966332
0.000531253
0.00138075
0.000671067
0.00160085
0.000690997
0.000508422
0.00111922
0.000906806
0.00046905
0.000681062
0.000655358
0.000430317
0.00187504
0.000413281
0.0109476
0.027339
0.000110999
0.000807176
0.000584317
0.000900516
0.00016854
0.000143159
0.000370229
0.000407327
0.00227829
0.00099392
0.000525929
0.000713056
0.00104023
0.000370605
0.000766978
0.000842726
0.000457924
0.000523717
0.00050568
0.0121355
0.000925217
0.00246159
0.000659939
0.000459987
0.000752576
0.000614025
0.000880555
0.000527442
0.000164651
0.00018533
0.00276441
0.000810773
0.000596122
8.01476e-05
0.000972873
0.00155284
0.000727181
0.000619187
0.000285974
0.000320134
0.00199597
0.000441435
0.000361219
0.000318371
0.0014094
0.00470924
0.000604448
0.000107594
0.00052876
0.000211563
0.000524166
0.00115024
0.00124425
0.000392423
0.000921051
0.00103786
0.000159297
0.00153848
0.000805907
0.000728267
0.000607942
0.000615538
0.000919289
0.000273508
0.000834005
0.000882241
0.000459122
0.00033745
0.000752711
0.000775445
0.00110341
0.000538237
0.00217975
0.00256624
0.00271344
0.000589787
0.000825234
0.000721435
0.000615259
0.00022091
0.000751102
0.000760983
0.000464215
0.00029474
0.000595905
7.35317e-05
0.0009794
0.000471373
0.00180843
0.000711304
0.000613988
0.0011779
0.00222504
0.000487149
0.000848839
0.000295737
0.000221584
0.00237636
0.000675954
0.00104198
0.000606464
0.000626399
0.00181997
0.000341545
0.00414328
0.000751453
0.000382119
0.000200921
0.00054131
0.000690237
0.000530483
0.00148934
0.000718909
0.000799865
0.000935906
0.000550923
0.000746211
0.000511689
0.000865006
0.00103015
0.000614263
0.000436997
0.033207
0.000578755
0.00142442
0.000481947
0.000801547
0.00110123
0.000974872
0.000551905
0.000814122
0.000836245
0.00457111
0.000686961
0.000908311
0.00354046
0.000682705
0.00121737
0.000901656
0.00118329
0.000681106
0.000132008
0.000467868
0.000565726
0.000525542
0.000959682
0.00073893
0.000879307
0.000649104
0.000231047
0.00150134
0.00082349
0.000474462
0.000452919
0.000209718
0.000355152
0.00510492
0.000552266
0.00123043
0.000721125
0.000980556
0.000647865
0.000485683
0.000928197
0.000928657
0.000247744
0.000610424
0.00204617
0.000745906
0.00666703
0.000413227
0.000389373
0.000554155
0.00067748
0.000775556
0.00231582
0.000644309
0.00106065
0.000409711
0.000162361
0.00101355
0.00030665
0.0011939
0.000786802
0.00316266
0.000582559
0.000562336
0.000325226
0.000357404
0.000419513
0.0230971
0.000645751
0.000642186
0.00124696
0.000660499
0.00141528
0.00063918
0.000549714
0.000357209
0.000464593
0.00201253
0.00118549
0.000468336
0.0009979
0.00458071
0.000818218
0.000202315
0.000572962
0.000544855
0.000447015
0.000468251
0.000261826
0.000704872
0.000623624
0.000312419
0.00151165
0.000535378
0.000480886
0.000358658
0.000361443
0.000521895
0.00136432
0.000287232
0.000387895
0.00151154
0.000937904
0.00164352
0.000148004
0.000287918
0.000886279
0.00104164
0.000298582
0.00072501
0.00199265
0.000422185
0.000103697
0.000388608
0.0057778
0.000869618
0.000420553
0.000908629
0.000582865
0.000600488
0.00151175
0.000249979
0.000501993
0.000857479
0.00074552
0.00017504
0.000508353
0.00181521
0.000541701
0.00750946
0.000328758
0.00169269
0.000771406
0.000786586
0.000306386
0.000626485
0.000977172
0.00188881
0.000548776
0.00145159
0.000786059
0.000410895
8.30792e-05
0.000532616
0.000827048
0.00117585
0.000390974
0.000734334
0.000262935
0.000449173
0.00138101
0.000781848
0.000216041
0.000383018
0.000723379
0.0015347
0.00105935
0.000507574
0.000889783
0.000167218
0.000725027
0.000747132
0.00148266
0.000789085
0.0060742
0.00462857
0.00105795
0.000628371
0.00134146
0.000686866
0.00114478
0.000642892
0.000266612
0.00035514
0.00116082
0.000849354
0.000566147
0.000708406
0.000900836
0.0010169
0.000117336
0.000551814
0.000456418
0.000543697
0.000698669
0.00125217
0.000899793
0.000613522
0.000342487
0.000247889
0.000459391
0.000727737
0.0067986
0.00107658
0.00015851
0.000383184
0.000773537
0.00145478
0.00099651
0.000649891
0.000662197
0.000679432
0.00139613
0.000456539
0.00101221
0.00822074
0.00124783
0.000556467
0.00346371
0.000500426
0.00059144
0.000784588
0.000283291
0.00132208
0.000835282
0.000362872
0.000773471
0.000938073
0.00126084
0.000482362
0.00148171
0.000681078
0.000321551
0.000341147
0.000387914
0.0008584
0.000269383
0.000821401
0.000886841
0.000907052
0.000656763
0.00172294
0.000433642
0.000900223
0.000516743
0.00125977
0.00050304
0.00350766
0.000816047
0.00112607
0.000991564
0.00137196
0.00103036
0.000576315
0.00337115
0.000387755
0.00165387
0.00116861
