0.000163822
1.30187e-05
0.000186565
0.000261768
0.000387605
5.07569e-05
7.84836e-05
8.05373e-05
6.97322e-05
0.000164135
6.87447e-05
0.000139747
0.00023213
0.000173206
0.000175377
8.16384e-05
0.00033177
0.000215723
5.55571e-05
0.000364899
0.000291941
0.000148639
0.0013867
1.20575e-05
5.70522e-05
7.91479e-05
0.000169853
0.000390875
1.18228e-05
0.00303525
0.000135775
8.3416e-05
0
6.61258e-05
0.000174343
0.000221955
0.000234438
1.0226e-05
7.75605e-05
6.17839e-05
0.000264521
2.1201e-05
6.1188e-05
0.00100956
0.00057149
0.000183963
0.0029478
0
6.1126e-05
1.04849e-05
0.000107922
0.000104729
0.000147247
7.34707e-05
0.000141499
0.000161523
0.000117304
0.000298288
0.000181761
0.00015058
0.000200828
0.000233486
6.05936e-05
9.10849e-05
0.000186667
0.000270351
8.34762e-05
0.000173946
0.000266241
0.000234592
0.000140019
6.13979e-05
0.000390304
0.000664594
0.000361995
0.00012092
0.000106923
0.000151377
0.000109163
0.000103095
0.000787566
9.64508e-05
0.000136482
0.000155456
0.000678848
0.000469769
5.05209e-05
0.000181105
4.47547e-05
0.000208133
0.000110017
9.77776e-05
0.000364336
0.000297032
4.48455e-05
9.18298e-05
0.000119101
0.000259478
0.000233484
0.000154002
0.000170684
0.000203951
0.000218292
0.000122338
0.000116437
0.000181605
0.000336489
3.74852e-05
1.01448e-05
0.000171415
0.000220699
0.00125122
4.88527e-05
0.00046538
0.000151654
1.82352e-05
7.60166e-05
0.000163896
3.59203e-07
0.000192606
0.000171401
0.000180349
0.000300357
0
6.46342e-05
0.000269877
0.000181141
0.000196893
0.000118368
9.656e-05
0.000177527
0.000254313
0.000124628
0.000299416
0.000169766
0.000157364
7.13819e-05
0.00037427
8.8961e-05
2.68519e-05
0.00010382
0.000174811
0.000654123
0.000245294
0.000120599
0.000108001
9.05103e-06
0.000235805
0.000856832
0.00169368
4.57793e-05
0
0.000135552
2.43142e-05
0.00319168
0.000140582
0.000996603
0.000452557
0.000178446
8.39688e-05
0.000104415
0.000272145
0.000147178
8.22436e-05
9.08179e-05
0
0.0199413
0.000181119
0.000311932
0.000313977
0.00012517
4.51621e-05
0.00445633
0.000120724
5.26375e-05
0.000291576
0.000178649
0.000155035
0.00015343
0.000154431
0.000207002
2.68302e-05
0.000240663
8.63617e-05
0.000183447
0.000574979
0.000481215
0.000404558
0.000225067
9.44279e-05
0.000152738
0.000539831
0.000123045
0.000299771
0.000146395
0.000118176
7.77469e-05
0.000168796
0.000863512
0.000213839
6.4312e-05
0.000135282
0.000101051
0.000138565
8.06996e-05
0.0145719
0.000108647
0.000228618
0.000305109
0
5.38854e-05
2.22046e-05
0.000240386
2.14954e-05
0.000298711
0.000750126
0.00019583
6.11226e-05
0.000186129
0.000125071
5.60078e-05
3.15635e-05
5.71819e-05
7.63051e-05
0.000170589
0.00015243
9.16047e-05
0.000139152
0.000181921
0.000243842
6.719e-05
8.93564e-05
5.20957e-05
0.000147184
0.000547157
0.00062456
0.000297073
0.000123978
0.000571818
0.000131841
0.000171205
0.000291428
9.72623e-05
0.000561983
0.000152964
1.34762e-05
0.000186648
0.000191288
0.000236333
0.00206851
0.000153224
0.000329244
0.000170578
0.000263273
0.000162537
0.000119367
3.13145e-05
0.000173375
0.000176824
0.000628228
0.000136608
0.00020828
8.64649e-05
0.000131051
0.000356209
5.30189e-05
0.000789027
1.08272e-05
0.000737725
0.000526307
0.000815056
0.000526628
0.00016676
2.91896e-05
0.000291632
6.37611e-05
0.000255517
0.000172446
0.000476218
0.0004501
0.000392595
9.8472e-05
0.00250588
8.30625e-05
0.000240254
8.64593e-05
0.000220781
0
5.4266e-05
0.000146677
0.00015099
0.000249361
0.000139634
0.000279667
3.50276e-05
2.37582e-05
0.000158877
0.000137721
0.000144559
0.000143645
0.000126894
0.00288716
8.31972e-05
7.17848e-05
0.000164463
3.96285e-05
0.000122772
7.13019e-05
5.26679e-05
3.78155e-05
0.000163982
5.4524e-05
0.000308
0.000117327
7.48237e-05
0.000133206
0.000282755
0.000118767
0.000393493
0.000628839
0.000143159
0.000127407
0.000267619
0.000214356
8.60416e-05
1.63143e-05
5.86337e-05
0.000143581
2.24599e-05
0.00024006
0.000491646
5.94893e-05
0.000173741
0.00012652
0.000219674
8.88055e-05
0.000355256
2.46228e-05
0.000210467
3.06945e-05
0.00437594
0.000249714
0.000139515
0.000204599
0.000271637
0.000139773
1.77935e-05
0.00042418
0.000254992
6.34552e-05
7.57363e-05
8.8764e-05
0.000512615
0.000433621
7.86728e-05
0.000193373
0.00012507
8.17174e-05
9.48799e-05
0.00023706
2.97664e-05
0.000241309
0.000163569
5.58296e-05
0.000262065
0.0001544
8.75754e-05
6.35483e-05
5.23295e-05
0.000787235
7.29977e-05
6.39893e-05
0.00136548
6.35942e-05
6.58377e-05
0.000503342
0.000422
0.000161993
3.14468e-05
0.000331943
0.000183113
8.19562e-05
0.000176817
0.000172117
1.3022e-05
1.82267e-05
1.66991e-05
0.00029203
0.000156134
0.000120508
0.000198286
0
8.07422e-05
0.000155168
0.00336823
0.00080732
0.000108541
0.000190082
0.000423785
0.000216222
8.40324e-05
0.00285496
9.43413e-05
0.000189032
0.000194735
1.24173e-05
0.000152476
1.17771e-05
6.62954e-05
0.00014268
9.544e-05
6.47637e-05
0.000213704
5.12773e-05
4.22151e-05
0.000147882
0.000209114
0.000220656
0.000137264
8.88658e-05
8.94295e-05
1.32997e-05
7.05064e-05
0.000242164
0.000148754
0.000126736
0.000381227
0.000266934
0.000191979
6.84952e-05
4.1864e-05
3.54423e-05
0.000280816
0.000131767
0.00028783
5.0689e-05
0.000226674
0.00424216
0.000149323
0.000112448
0.000108708
0.00019008
5.09638e-05
2.96285e-05
7.78036e-05
0.00245199
0.000262509
