0.00130192
0.00893668
0.000673964
0.000780092
0.000456959
0.000999882
0.00040465
0.000928597
0.000487749
0.00149205
0.000856647
0.00103411
0.000566995
0.000526183
0.000289223
0.000702361
0.00103982
0.000702057
0.000951225
0.000405836
0.000573194
0.000955064
0.000365816
0.00104358
0.00103385
0.00291246
0.000554857
0.000559196
0.000329113
0.000990478
0.0123107
0.000659995
0.000471963
0.0004055
0.000817983
0.000763572
5.928e-05
0.000693381
0.000652826
0.000247885
0.000796193
0.000278249
0.000594664
0.000816564
0.000280044
0.000539094
0.000490111
0.000341877
0.000924354
0.000763999
0.000480946
0.00012089
0.000461659
0.00124574
0.000386338
0.000738954
0.0207881
0.000362793
0.000719587
0.000374887
0.000294964
0.000183532
0.00051284
0.00197134
0.000811413
0.000487448
0.000976409
0.000887108
0.0014731
0.00209067
0.00106833
0.000812088
0.000831412
0.000829354
0.000757582
0.000978114
0.00106405
0.000255809
9.33022e-05
0.000813891
0.00107106
0.0025617
0.00124303
0.000408979
0.000616293
0.000624893
0.000300518
0.000850588
0.000713388
0.000678348
0.00051368
0.000276014
0.00203034
0.00076016
0.00155827
0.00108221
0.00054972
0.000731486
0.000673002
0.000351731
0.0010606
0.000942128
0.000804884
0.000565674
0.000361088
0.000599203
0.00322916
0.00547481
0.00292756
0.00152971
0.000661025
0.000293511
0.00135767
0.000737532
0.000820013
0.000876276
0.000435291
0.00130948
0.00117709
0.000463345
0.000773177
0.00105861
0.000749547
0.000749876
0.000262265
0.000642472
0.0126537
0.000451985
0.000400907
0.00063198
0.000541628
0.000397471
0.00110416
0.00054435
0.000503382
0.0005473
0.000363993
0.00184982
0.00521317
0.000860519
0.000935952
0.000460681
7.94942e-05
0.000473765
0.000745466
0.000743632
0.000570118
0.000355583
0.000361495
0.000378691
0.000729388
0.001056
0.000283203
0.000709144
0.000319265
0.00100256
0.000501985
0.000266321
0.000288992
0.000405265
0.000232881
0.000478561
0.00187561
0.000646953
0.0102566
0.000720892
0.000356018
0.016669
0.000383628
0.000675622
0.000337489
0.00179384
0.000662644
0.000837645
0.00053427
0.00015256
0.000355259
0.0006072
0.000279194
0.00069312
0.00216911
0.000748279
0.000242395
0.00123849
0.00175785
0.00125752
0.000820501
0.000129159
0.000467463
0.000560371
0.00151262
0.000678523
0.000373232
0.000632123
0.000410344
0.000300338
0.000660196
0.000485914
0.00113078
0.000760985
0.000936474
0.00083841
0.000277249
0.000296872
0.000123847
0.000868422
0.00365958
0.000812988
0.00032594
0.000430128
0.00078217
0.000424447
0.00051863
0.000603073
0.00094985
0.000800282
0.000671347
0.000683202
0.00074865
0.000663226
0.000512063
0.00251426
0.00115124
0.000804982
0.000395424
0.00154937
0.000699769
0.00112516
0.000805128
0.000640882
0.000660399
0.000391919
0.000302153
0.000754968
0.00314778
0.000852439
0.000823228
0.000452118
0.0103653
0.00350269
0.000578546
0.000708468
0.00367921
0.000932119
0.000425019
0.000616381
0.000824406
0.00066477
0.000449614
0.000421907
0.00106788
0.000574335
0.000698671
0.000521831
0.000690268
0.000599042
0.000612932
0.00337104
0.000529
0.000176405
0.000965013
0.000345529
0.000622117
0.000602747
0.000831573
0.000523556
0.00113302
0.000500245
0.000493725
0.000392285
0.000186681
0.000535392
0.000575011
0.000488249
0.000275147
0.000433601
0.000709592
0.00112992
0.000552505
0.000997803
0.000560606
0.00100812
0.000507633
0.00102997
0.000445042
0.000341534
0.000454483
0.000593203
0.000843902
0.000843818
0.000524354
0.000744687
0.000307716
0.00518215
0.000539438
0.000851672
0.000625557
0.000342674
0.000571199
0.000832587
0.000579237
0.000401669
0.00057886
0.000373739
0.000995771
0.0021677
0.0019135
0.000697866
0.000681301
0.000485945
0.000569461
0.00115735
0.000374448
0.00262775
0.00052393
0.00229941
0.000684361
0.00159005
0.000122141
0.000795712
0.00061172
0.000299473
0.000426502
0.000934165
0.00296187
0.000838819
0.00252656
0.000391405
0.000834036
0.00118712
0.000491977
0.000581351
0.000397412
0.000668541
0.000576504
0.000984149
0.000397361
0.000218915
0.000195296
0.000381808
0.000448321
0.000921145
0.00355107
0.000504615
0.000950022
0.000536978
0.000527165
0.00109868
0.000604121
0.000346634
0.00062013
0.0011
0.00100692
0.000289066
0.000422905
0.000409524
0.00050936
0.000307983
0.000332998
0.000219987
0.00132083
0.000893103
0.000654754
0.000588334
0.000551968
0.00025661
0.000462584
0.0185921
0.000558875
0.000696401
0.000742593
0.000939725
0.000893892
0.00164809
0.000792176
0.00130666
0.000462498
0.000332677
0.000570955
0.000752851
0.000750569
0.000292335
0.0021892
0.000368899
0.0012726
0.00046951
0.00041028
0.00122555
0.00118137
0.000404418
0.000702017
0.000452456
0.000291047
0.000683384
0.000671189
0.000303498
0.00106438
0.000500907
0.000785412
0.000700167
0.000453335
0.000783547
0.000820178
0.00181154
0.000579626
0.000636353
0.000906879
0.00036591
0.000235151
0.000609107
0.00102935
0.000433069
0.000590601
0.00208564
0.000638619
0.000349554
0.00230042
0.000567355
0.00171312
0.00544126
0.000713935
0.000185247
0.00107773
0.00035676
0.000546833
0.000468222
0.00077514
0.000713291
0.00160396
0.000711779
0.000554247
0.00104187
0.000430315
0.000517419
0.000727887
0.000103463
0.00524562
0.000833325
0.0003119
0.000636363
0.000756245
0.000783558
0.000693336
0.000430723
0.0013568
0.000951133
0.000618019
0.000429431
0.00135345
0.000468694
0.000633058
0.000552366
0.0062229
0.000430166
0.000777746
0.00124093
0.000539313
0.000310241
0.000564741
0.00101408
0.000877186
0.00109642
0.0021443
0.00102745
0.00336376
0.0020409
0.00137525
0.00249209
0.0121441
0.00066931
0.00134057
0.000795308
0.000481456
0.000517745
0.000593546
0.00076586
0.000991564
0.000670121
0.000401011
0.000589036
0.000712228
0.000569197
0.000835207
0.000628564
0.00145455
0.000581485
0.000667084
0.000853082
0.00103484
0.000635932
0.000487349
0.000433247
0.00376763
0.0011831
0.000460586
0.00145487
0.00100776
0.000859423
0.00126551
0.000836399
0.00015092
0.000567571
0.000220366
0.000532831
0.00110251
0.00103351
0.00186204
0.00101906
0.000577844
0.000347159
0.000500057
0.00101063
0.00101892
0.000721732
0.00243868
0.00104444
0.00098347
0.000250632
0.00118727
0.000825567
0.000550739
0.000565406
0.000258689
0.000778706
0.000517336
0.00127539
0.000303168
0.00048467
0.00091228
0.000434121
0.000482045
0.000728633
0.000599972
6.48326e-05
0.000315197
0.0016672
0.00150855
0.000435401
0.000807843
0.00050567
0.00125366
0.00144968
0.000743985
0.000458294
0.000267308
0.000798685
0.00101343
0.000442147
0.000665422
0.000428723
0.00099546
0.000378249
0.000292732
0.000654494
0.000563426
0.00030445
0.000401479
0.000462523
0.00139502
0.000795277
0.000127183
0.000901891
0.00267748
0.000383505
0.011792
0.000867276
0.000351055
0.000572668
0.000596719
0.000765208
0.000723907
0.00172517
0.00135111
0.00175775
0.00337427
0.00118469
0.00100597
0.000762575
0.0013174
0.000769211
0.000786937
0.0013504
0.000426322
0.000239538
0.000380279
0.000778056
0.00236498
0.000995652
0.00029384
0.000796179
0.000678404
0.000702077
0.00026114
0.00181801
0.000308054
0.000503418
0.000415665
0.000637784
0.000188117
0.000341662
0.000810823
0.00147895
0.000973804
0.000524924
0.000723968
0.000190174
0.000775798
0.000393262
0.000832023
0.000682355
0.000746181
0.000435396
0.000845502
0.00063585
0.00175437
0.000773479
0.000493363
0.000595039
0.000508867
0.000334238
0.000743962
0.000490684
0.000292707
0.000459326
0.000514391
0.000313466
0.00566178
0.000711155
0.00106122
0.00141699
0.00182837
0.00107243
0.000747983
0.000393103
0.000820521
0.000295616
0.000901629
0.00171998
0.000586132
0.00321484
0.00236871
0.00452435
0.000614443
0.0003572
0.000632884
0.000452768
0.000796396
0.000659217
0.000575779
0.000629792
0.000776386
0.000557407
0.000464624
0.00052679
0.00121252
9.20395e-05
0.000659499
0.000479563
0.000691099
0.000664806
0.000718902
0.000547811
0.000957514
0.000606434
0.000453646
0.000467828
0.000507541
0.00041408
0.000654335
0.000638949
0.00057875
0.00144852
0.00125647
0.000839444
0.000894899
0.000455034
0.00355703
0.00464221
0.000810824
0.000501155
0.0013155
0.000976728
0.0166225
0.000235607
0.00029153
0.00955921
0.00132537
0.0011124
0.000834292
0.00104557
0.000530632
0.0005572
0.000476622
0.000775986
0.000791848
0.000637673
0.000514654
0.000895147
0.000450704
0.00078093
0.000659713
0.000166238
0.000504727
0.000227314
0.000457296
0.00090884
0.000850836
0.000951395
0.000712615
0.000806902
0.00169892
0.000417982
0.000929202
0.00144987
0.000341593
0.00056575
0.000271224
0.000601999
0.000469785
0.000904108
0.000686006
0.00057808
0.00279241
0.00215422
0.000390339
0.00076548
0.00016225
0.00069488
0.00122074
0.000614366
0.000784517
0.000456721
0.000486771
0.00108617
0.00114182
0.000839128
0.000726215
0.00116318
0.000648753
0.0013693
0.000928339
0.000538285
0.000952314
0.000472075
0.00067364
0.00068265
0.000966801
0.00139496
0.000442303
0.00488198
0.000182951
0.000640812
0.000337929
0.000670919
0.00132613
0.000336107
0.000339093
0.00165461
0.000583032
0.000719657
0.000306027
0.000805978
0.000621215
0.000901106
0.000474714
0.00408883
0.00224959
0.000812724
0.000627152
0.000687865
0.000361246
0.00049322
0.00097254
0.000668163
0.00148391
0.000377363
0.00120389
0.000407091
0.000842494
0.000632664
0.000515016
0.00137457
0.0130441
0.000673515
0.00109478
0.000503397
0.000510795
0.000686884
0.000467597
0.000770628
0.000654789
0.000338992
0.000819203
0.000730433
0.000693695
0.000431151
0.00106915
0.000874436
0.00100755
0.00103402
0.000403217
0.000709917
0.0002227
0.00112756
0.000634097
0.000961236
0.00087048
0.00113241
0.000955305
0.000754158
0.00216103
0.0023452
0.000608432
0.00105062
0.000818343
0.0021634
0.000754913
0.00101634
0.000940132
0.000980362
0.000728887
0.000316674
0.000441653
0.000343237
0.000415155
0.000389394
0.00153011
0.000720479
0.0140399
0.000480462
0.000952149
0.000548626
0.000196903
0.00087396
0.000927428
0.000156271
0.0004812
0.000406397
0.000614899
0.00183549
0.00198997
0.0024135
0.000395419
0.000595105
0.000593751
0.00105779
0.00116243
0.000859635
0.00149922
0.000956699
0.000925907
0.000969375
0.000462099
0.00108772
0.000515659
0.000837253
0.000837583
0.000597048
0.000481885
0.000956391
0.000408315
0.000302886
0.000769049
0.000735325
0.000127203
0.00055929
0.000693959
0.000523966
0.000939444
0.000605699
0.00133501
0.000947564
0.00124768
0.000655473
0.000750726
0.00108786
0.000517331
