0.00108672
0.00119957
0.000892875
0.000459469
0.000909194
0.000950912
0.00113355
0.00206767
0.00226179
0.00130741
0.00236229
0.000537437
0.00272929
0.0013778
0.00116297
0.00116753
0.000388678
0.000994166
0.00108712
0.00097706
0.00177059
0.000782456
0.00106897
0.0011823
0.000511505
0.000658018
0.000907462
0.00122693
0.000898935
0.0018567
0.001151
0.00135322
0.000561598
0.000656139
0.00223921
0.00140445
0.000589458
0.00141857
0.000567915
0.00143473
0.00124845
0.00140741
0.000737461
0.00145801
0.00295458
0.000688936
0.00153936
0.000579717
0.00026567
0.00121458
0.000883033
0.00167554
0.000944231
0.00139137
0.00203596
0.000752347
0.00195829
0.00128954
0.00109765
0.000742546
0.00098284
0.000886293
0.00172887
0.000931364
0.00212223
0.00288209
0.000900751
0.00327592
0.00246147
0.00228575
0.000971819
0.00112435
0.000560204
0.00120928
0.00145028
0.00107251
0.000899535
0.00155599
0.000930746
0.000549705
0.000523397
0.00083382
0.00650746
0.00117555
0.0025098
0.00104797
0.000544154
0.000928016
0.000987003
0.00086643
0.000892689
0.00135295
0.00108257
0.00342486
0.00056987
0.000969472
0.00153414
0.00203133
0.000510406
0.000529326
0.00137381
0.00104736
0.00103939
0.00142872
0.000696449
0.00065954
0.00158848
0.0135711
0.00162591
0.00174995
0.00122627
0.000878714
0.0012251
0.000779284
0.000647392
0.00123915
0.000762442
0.00175252
0.0010457
0.00127273
0.00112002
0.00124777
0.00156335
0.00154844
0.000918426
0.00125367
0.00096187
0.00163926
0.00134981
0.00108706
0.00064262
0.000433929
0.000991447
0.000964328
0.00164027
0.00267631
0.000823875
0.00158148
0.000704054
0.00147855
0.00183156
0.000744384
0.0011473
0.000775207
0.00175714
0.000938007
0.000744954
0.00216054
0.000763029
0.00166655
0.00122012
0.00140497
0.000864282
0.000773168
0.000947448
0.000785608
0.001258
0.00285449
0.00120968
0.000753079
0.00172202
0.000730507
0.00172437
0.00116491
0.00123975
0.00163101
0.00594592
0.00117259
0.00104638
0.00132382
0.000689375
0.00324932
0.00131847
0.00148868
0.00180598
0.000702934
0.000442835
0.00111071
0.00162626
0.00200205
0.00108377
0.00118571
0.000857126
0.000815218
0.00284441
0.00160109
0.00324997
0.00071008
0.000873928
0.0010226
0.00546947
0.00160701
0.000649333
0.00120024
0.00151296
0.00249251
0.00299797
0.000909381
0.00276099
0.000780273
0.000400693
0.00133967
0.000234995
0.00135841
0.00096596
0.000705061
0.000937373
0.00063026
0.000846757
0.000990238
0.014708
0.00116652
0.00122588
0.00118788
0.000906124
0.00197301
0.0130172
0.00126486
0.000726657
0.00100242
0.00294802
0.00113001
0.000485398
0.0011066
0.00739956
0.00152632
0.000871804
0.00331575
0.00100539
0.00116153
0.00202215
0.000980964
0.00123396
0.00311662
0.00220737
0.00196848
0.00108566
0.00148051
0.00120304
0.00122028
0.00173136
0.00158351
0.000402807
0.00164742
0.000902634
0.000870804
0.00090808
0.00115572
0.00140349
0.000683941
0.00350667
0.000598246
0.000657455
0.000986324
0.000913666
0.0014219
0.00190017
9.1368e-05
0.00265387
0.00140263
0.000451556
0.00135432
0.0016749
0.000922591
0.000639541
0.000596
0.00243593
0.000878805
0.00135917
0.00109491
0.00409949
0.00587712
0.00101243
0.000930233
0.000731926
0.00240313
0.00440064
0.00128576
0.000502138
0.00157126
0.000756782
0.000538805
0.00122984
0.00143052
0.000741982
0.000670952
0.000732967
0.000625592
0.000671866
0.00329971
0.00156664
0.00157711
0.000576511
0.00108982
0.0011741
0.000551418
0.000897869
0.00112602
0.00161781
0.00148002
0.00114899
0.0017169
0.000904911
0.000902701
0.000998179
0.000975804
0.00236886
0.00043499
0.00201751
0.000990927
0.00185674
0.00094383
0.00204885
0.00128047
0.00110365
0.00178355
0.00384667
0.000581472
0.00108575
0.00307915
0.00170845
0.000498896
0.00451795
0.000912411
0.00128936
0.000633707
0.00270482
0.00143651
0.00149983
0.000592323
0.00123146
0.0018945
0.000785263
0.00127312
0.000269218
0.0013049
0.00205789
0.0014137
0.00146374
0.00507794
0.00111281
0.000977133
0.00101658
0.00113899
0.000473546
0.00338693
0.000782209
0.00150408
0.00117235
0.000305789
0.00115137
0.00187096
0.00182053
0.00173744
0.00278901
0.0012736
0.00110581
0.000704856
0.00632002
0.000651954
0.00113722
0.00103381
0.00068416
0.00130528
0.00114545
0.000466851
0.00330172
0.000774652
0.00022218
0.00122206
0.00032045
0.000792839
0.000556938
0.00109597
0.00713562
0.000911625
0.00113868
0.00109822
0.00194733
0.00697468
0.00292587
0.000991735
0.0010555
0.00143098
0.00125317
0.000834952
0.00119426
0.00370749
0.00114049
0.00123741
0.00169815
0.000813035
0.00073156
0.00116905
0.00238584
0.00112145
0.00264948
0.00044472
0.0013274
0.00219823
0.00124149
0.000850622
0.00210745
0.000503981
0.00161727
0.00167281
0.0014524
0.000429204
0.000996042
0.00101642
0.0355781
0.000716796
0.00115358
0.000566121
0.000943075
0.00154354
0.0076722
0.0131849
0.000581965
0.00140524
0.000973749
0.00152408
0.00150093
0.000681948
0.00109128
0.00112123
0.00126503
0.00090205
0.00314269
0.00103113
0.0445135
0.000399715
0.00158448
0.00971748
0.00168849
0.00112634
0.000152383
0.000807833
0.00118052
0.00270796
0.00120953
0.0018546
0.00167754
0.000931896
0.00140916
0.00126761
0.000634549
0.000857291
0.00126593
0.000960896
0.0016033
0.000779925
0.00273602
0.000952013
0.00058116
0.0037433
0.000751381
0.00100223
0.000585894
0.00127211
0.00225594
0.0016951
0.00360893
0.000915433
0.000380903
0.00090665
0.00145747
0.00270987
0.00183969
0.00121907
0.000877116
0.00178886
0.00109775
0.00165478
0.00174623
0.0016459
0.000882357
0.000763345
0.000714163
0.000963198
0.000659149
0.000817718
0.00178427
0.000395744
0.00182039
0.00175919
0.00280654
0.000494484
0.00108902
0.001355
0.000354193
0.000838482
0.00187031
0.00466402
0.000598429
0.000735732
0.00160273
0.00177721
0.00113603
0.000617021
0.00131472
0.000424789
0.00188809
0.00140934
0.000849768
0.00101653
0.00109802
0.00463626
0.00103889
0.000704738
0.0410998
0.00104865
0.000879295
0.00131257
0.00602192
0.000971297
0.0009927
0.000561439
0.00135504
0.0026556
0.00111314
0.00178913
0.00584956
0.00115293
0.000972812
0.00121206
0.00123828
0.00128206
0.0016016
0.000669296
0.000784017
0.000886062
0.00106118
0.000593435
0.000792029
0.00100134
0.00110654
0.0005809
0.00117116
0.00155339
0.00108161
0.00085833
0.00111881
0.000821524
0.000596116
0.00164125
0.000592782
0.0023559
0.000713616
0.00584294
0.00112551
0.000747864
0.000996517
0.000640446
0.0013283
0.0013015
0.000783979
0.00109777
0.00110841
0.000234211
0.00092359
0.000491689
0.0012481
0.000976269
0.00138265
0.000784367
0.00135879
0.00105309
0.00465685
0.00244042
0.000777541
0.00161321
0.00102676
0.00115388
0.0022113
0.00107149
0.000300051
0.000614144
0.00111633
0.001313
0.00220418
0.439557
0.00204104
0.00160415
0.000967212
0.000716657
0.000910442
0.000660282
0.00141588
0.000870578
0.000661736
0.000911038
0.00095449
0.00186389
0.00180715
0.00295479
0.00108476
0.00282824
0.00131095
0.00121341
0.00218115
0.00121671
0.000684055
0.00150436
0.000282116
0.00111712
0.00115046
0.00110868
0.000563486
0.00341524
0.000667815
0.000960182
0.00174374
0.000982798
0.000626603
0.00122433
0.000756827
0.00101587
0.000804263
0.00244289
0.001455
0.00118506
0.00073851
0.00111813
0.00127365
0.000560378
0.000432692
0.000870531
0.00152712
0.000737575
0.00150563
0.00238673
0.00236505
0.00104331
0.000805626
0.000686157
0.00185057
0.000757349
0.00105775
0.00149318
0.00134047
0.000714182
0.000284495
0.000811273
0.00150421
0.000972992
0.00446972
0.00103135
0.00168971
0.00140451
0.00209145
0.00203933
0.00216315
0.000745491
0.000590126
0.000675369
0.00073498
0.000477861
0.00113844
0.000664228
0.0010036
0.000889271
0.000719804
0.000964821
0.000783691
0.00146883
0.000804413
0.000712827
0.000963635
0.000730919
0.000790618
0.0014247
0.00141173
0.00622852
0.00139718
0.00106002
0.00579047
0.0011648
0.000968882
0.000721351
0.00104757
0.0013596
0.000931596
0.00146077
0.000873664
0.000677705
0.00117997
0.00126215
0.00177291
0.00039895
0.00181272
0.00277225
0.000678247
0.00124588
0.00127683
0.00104126
0.000911732
0.00185849
0.00148872
0.00113195
0.000973793
0.000740703
0.006513
0.000479284
0.00103518
0.000826411
0.000924034
0.00129927
0.00159669
0.000700936
0.0016227
0.000749246
0.00145949
0.00134096
0.000965205
0.00168421
0.00160872
0.000954202
0.000631418
0.00300116
0.00091952
0.00117505
0.00416121
0.00158259
0.000673957
0.00370026
0.00120753
0.0012294
0.00178797
0.00105135
0.000791809
0.00391532
0.0014573
0.00135706
0.00126369
0.00144496
0.00113987
0.00545161
0.000370124
0.00400668
0.000777075
0.000886423
0.00113459
0.00450122
0.00183741
0.000407334
0.00103864
0.000310237
0.00111704
0.000454679
0.000919859
0.00171123
0.000770125
0.000937296
0.00105078
0.0052917
0.00133554
0.00126742
0.000253162
0.00122086
0.00146118
0.00255769
0.00118094
0.000814612
0.00310081
0.00182186
0.000828658
0.000648732
0.00198332
0.00153438
0.000917263
0.0195075
0.000817971
0.00131862
0.00034176
0.00102182
0.00159912
0.00201402
0.000932781
0.00129216
0.00156125
0.00172703
0.000924876
0.00137887
0.00114187
0.000868025
0.00211239
0.00194394
0.00270487
0.0011301
0.00209039
0.00277532
0.00115331
0.00168412
0.00202459
0.000868239
0.000380473
0.000953113
0.00139113
0.00237923
0.00113888
0.000805221
0.0010636
0.00193639
0.00119343
0.00129143
0.000507748
0.000529982
0.00452479
0.00101564
0.00174688
0.00198483
0.000528511
0.0008166
0.00169092
0.00103371
0.00137534
0.00142314
0.00149608
0.00136572
0.00346777
0.000923715
0.000535776
0.000402724
0.0010892
0.00105716
0.000490416
0.00140372
0.00651974
0.000853932
0.000714781
0.00310558
0.000976987
0.000605397
0.00124995
0.00097377
0.000271287
0.00292153
0.000982642
0.000631918
0.000569739
0.00118043
0.000705703
0.000732825
0.00475032
0.00168837
0.00075821
0.00090684
0.000765789
0.000562084
0.00137454
0.000636387
0.00144685
0.000811053
0.00423052
0.00146066
0.000523842
0.0121462
0.00160141
0.00227114
0.00111207
0.00180546
0.00120278
0.00166374
0.00131713
0.0010116
0.000884297
0.00121051
0.00126831
0.00111331
0.00116883
0.00189007
0.000884927
0.0011123
0.00270203
0.000699262
0.000490157
0.00548656
0.000349931
0.0010367
0.00124699
0.00237827
0.00242751
0.00117514
0.00114822
0.0012123
0.00207821
0.0101517
0.00277846
0.000744444
0.00170555
0.00116891
0.00093132
0.00115758
0.00096828
0.00165197
0.000988068
0.00132451
0.00170289
0.00180673
0.00107195
0.000645852
0.0011869
0.00128496
0.000804496
0.000726292
0.000608784
0.000927168
0.000984353
0.00108316
0.000612771
0.011115
0.000585739
0.00151259
0.000252062
0.0013016
0.00125759
0.00243252
0.0011568
0.00304707
0.00114806
0.000767655
0.00135762
0.000829507
0.000585012
0.000402876
0.00208978
0.000501404
0.000676012
0.000633194
0.000512358
0.00400941
0.00125081
0.000779118
0.00129946
0.000912371
0.000817783
0.000616177
0.00216572
0.000791961
0.00166577
0.000412064
0.00205198
0.000990538
0.00101759
0.00090518
0.0011582
0.00114992
0.00162401
0.0011298
0.00123422
0.00170018
0.00128888
0.0019318
0.000952024
0.00164323
0.279268
0.000428989
0.00121522
0.000996892
0.00184908
0.00137311
0.00183845
0.00130468
0.0101439
0.000610426
0.00196115
0.000462897
0.00190589
0.000913216
0.000933645
0.000947883
0.00107612
0.00124437
0.00126765
0.00181888
0.00189297
0.00095634
0.00254201
0.00692522
0.00224058
0.00132519
0.000652372
0.00237872
0.00111688
0.000557252
0.00127101
0.0017483
0.00110526
0.00135601
0.000973375
0.00824088
0.00119962
0.000807221
0.000924984
0.00103804
0.000839705
0.00109889
0.0020432
0.00132004
0.000882748
0.000505796
0.000868112
0.00171666
0.00115388
0.000783817
0.000816742
0.000629156
0.00194498
0.000209554
0.00377326
0.00133175
0.00090995
0.000482893
0.000630934
0.00115356
0.00154301
0.000613959
0.00147596
0.000719774
0.000977327
0.000643113
0.00406283
0.000750315
0.00200665
0.000798757
0.00461297
0.00095207
0.000994869
0.00350189
0.00121939
0.00195898
0.000738011
0.000919091
0.00117631
0.000829716
0.000656143
0.000676973
0.00234581
0.00138779
0.00174337
0.000793096
0.00211647
0.00140235
0.00104048
0.000534284
0.000603211
0.00103071
0.00174177
0.00220005
0.0012036
0.00101426
0.000668561
0.00134995
0.00115511
0.00192861
0.00401949
0.00109329
0.00160815
0.00128985
0.00143595
0.00123896
0.41983
0.00157713
0.00155196
0.00113609
0.0015269
0.00151041
0.00129342
0.00127914
0.00419066
0.000863381
0.00463769
0.000601909
0.00126877
0.00103029
0.000572098
0.00105041
0.000362549
0.000561944
0.00107312
0.00125251
0.000478517
0.00361919
0.000781038
0.0033971
0.000605029
0.00100515
0.000927201
0.00591858
0.000521276
0.000736262
0.00732219
0.000903479
0.00120427
0.00232612
0.000795967
0.00307832
0.000584297
0.000887639
0.0014677
0.00107669
0.000975691
0.000988741
0.00167813
0.000597842
0.000762049
0.000977886
0.000813651
0.0033147
0.000754416
0.000787281
0.000722454
0.00500274
0.00133892
0.00181775
0.00168475
0.00128969
0.0015193
0.000617608
0.000500318
0.000808328
0.00853402
0.00137146
0.000618835
0.00060389
0.00113314
0.00101346
0.00076583
0.000434778
0.00146133
0.00223119
0.000633319
0.00112273
0.00207298
0.00168756
0.000976017
0.0017371
0.00173918
0.000941047
0.00164233
0.00177165
0.00193148
0.0014008
0.000825188
0.001737
0.00148839
0.00220839
0.00100837
0.0016611
0.00156233
0.000449502
0.00741575
0.00158557
0.0017543
0.00155471
0.000938417
0.00091574
0.000790993
0.000676193
0.000525553
0.00158279
0.000817007
0.00164264
0.000923249
0.00187055
0.000967928
0.00120292
0.0012321
0.00165094
0.00232937
0.00106317
0.000660072
0.000936793
0.000720465
0.000586103
0.000368938
0.00122313
0.000869471
0.00175837
0.000343183
0.00229202
0.00168092
0.00100098
0.00112434
0.00179565
0.00105878
0.00100695
0.0010686
0.00344958
0.00104157
0.000770324
0.000986275
0.00189267
0.000899312
0.0010374
0.00129071
0.00162188
0.00112469
0.000520275
0.00118297
0.00104977
0.0016993
0.00183128
0.00397227
0.000987679
0.0154607
0.0502205
0.000262336
0.00232725
0.000438508
0.000583973
0.00070926
0.00080723
0.000532198
0.00142792
0.00125947
0.00108537
0.00151049
0.0013404
0.0013244
0.00147257
0.00121881
0.000615371
0.00231645
0.000731206
0.00275885
0.00142835
0.00189964
0.0028485
0.00115461
0.00143469
0.00160019
0.000797532
0.00168367
0.00192499
0.00289364
0.00108065
0.00230835
0.00370367
0.0027451
0.00155259
0.00338007
0.00222237
0.000435925
0.000584561
0.00132269
0.00097258
0.00170548
0.00119691
0.00408611
0.00735515
0.000721941
0.000330379
0.0015338
0.00305606
0.000825374
0.000600026
0.00109078
0.00122299
0.00215821
0.000973385
0.000681349
0.0011373
0.00843822
0.00149053
0.000892625
0.0215503
0.00095901
0.00298907
0.00113217
0.00142556
0.000575585
0.00172867
0.00164454
0.000997303
0.00123199
0.00124074
0.00588542
0.000538008
0.00327608
0.00188957
0.00182219
0.00111795
0.00102208
0.0613471
0.00137408
0.00200998
0.000825683
0.00061067
0.000615464
0.00107572
0.00139667
0.0016213
0.00182242
0.000784923
0.000682521
0.000899101
0.00176506
0.00142197
0.000535494
0.00121167
0.000828404
0.000662537
0.0011106
0.00101026
0.00335228
0.00140316
0.00102505
0.000681627
0.00117004
0.00204349
0.000966149
0.000637992
0.00102557
0.000638267
0.00144289
0.00110225
0.00452051
0.00182328
0.00280437
0.00173812
0.000561064
0.0146044
0.00170877
0.000749483
0.000574197
0.000589461
0.00120763
0.00177094
0.00150156
0.00598432
0.00099437
0.00112499
0.000947954
0.00123707
0.00132201
0.000686978
0.00255994
0.00106463
0.00102968
0.00104334
0.00222651
0.000628385
0.00168391
0.000830339
0.00421052
0.00189733
0.00133039
0.00100855
0.000913905
0.00102519
0.000911853
0.0105458
0.00081918
0.000986284
0.00352289
0.00138797
0.00109638
0.00119965
0.00117655
0.00281568
0.000903831
0.00126579
0.00148188
0.000794031
0.00113556
0.000687021
0.000796671
0.00151798
0.000561767
0.00087632
0.00195272
0.000941341
0.00104685
0.000636731
0.00145964
0.00100967
0.000507873
0.00184185
0.00104648
0.00107449
0.00147383
0.00141531
0.000559009
0.00218283
0.000448864
0.00108617
0.000921288
0.00137731
0.00102613
0.00062075
0.00146
0.00113002
0.000966489
0.00257503
0.000345141
0.000753931
0.00272588
0.00135205
0.000878189
0.000895319
0.00156851
0.00124636
0.00128322
0.00126034
0.00181195
0.000839647
0.000435916
0.0057699
0.0011384
0.00146132
0.000850601
0.00104739
0.000807136
0.00255809
0.000976821
0.0214116
0.00112971
0.00179108
0.00114444
0.000906049
0.00148788
0.000921517
0.000922411
0.00126535
0.000728332
0.000480946
0.000773142
0.000750265
0.00148653
0.00139256
0.000614671
0.00161857
0.00166931
0.000890033
0.00120102
0.0028014
0.00138237
0.00100526
0.000990707
0.000937616
0.00142514
0.00108148
0.00179958
0.00266003
0.000204958
0.000496237
0.00145042
0.000870984
0.00135667
0.0014961
0.00119676
0.000495564
0.00171228
0.000784924
0.00105112
0.000747438
0.0010819
0.000779579
0.00346792
0.00136706
0.00134367
0.000593288
0.001539
0.00113979
0.0006291
0.0010549
0.000563641
0.000418198
0.00116856
0.000716792
0.00133226
0.00205543
0.00109067
0.000439244
0.000596004
0.00110673
0.000834403
0.00113649
0.0173155
0.00107569
0.00313107
0.00114068
0.00200653
0.00221563
0.000572899
0.000908806
0.00221808
0.00126212
0.000743367
0.00098088
0.00115718
0.000794234
0.001353
0.00143769
0.00228355
0.00179274
0.000588589
0.00134542
0.00122403
0.00243705
0.000976977
0.0009137
0.00139544
0.00227089
0.00399206
0.00339844
0.00119808
0.00377515
0.00150379
0.000689809
0.000868049
0.00112144
0.00121121
0.00166583
0.000939134
0.00140267
0.000652591
0.000494964
0.000579395
0.00152063
0.00137865
0.000777931
0.00141577
0.00123767
0.000749244
0.00138882
0.000913841
0.0006938
0.000756314
0.00105658
0.00161005
0.00116224
0.000373976
0.000852967
0.000685669
0.000985728
0.000786809
0.00107009
0.000956578
0.000808155
0.000739943
0.000556606
0.00835673
0.00133266
0.0011657
0.00163609
0.00230533
0.00214158
0.00142095
0.000982042
0.000759814
0.000840142
0.00138852
0.00130699
0.00272434
0.001688
0.00125685
0.00108663
0.000532025
0.00066419
0.000321038
0.00127843
0.00135474
0.00126393
0.00101051
0.00156687
0.000217274
0.000945862
0.000923702
0.000750426
0.000807139
0.00120951
0.00101931
0.000575887
0.00101541
0.00123944
0.00313765
0.00070298
0.0013243
0.00149093
0.00140077
0.00146493
0.000762768
0.000491889
0.000820384
0.000529669
0.00137589
0.00140692
0.00073421
0.000967679
0.000748702
0.00246207
0.000753665
0.000866531
0.00746639
0.00101853
0.00146181
0.00131612
0.000560977
0.00156482
0.00126625
0.00045477
0.00157903
0.00292388
0.00116775
0.00110978
0.0106993
0.00213973
0.0013898
0.00181539
0.00240881
0.00087723
0.000683303
0.00124994
0.00142642
0.00118214
0.00138598
0.0218117
0.00131554
0.00119704
0.00128203
0.00134717
0.000701774
0.000756302
0.000839245
0.0010529
0.000896473
0.00108165
0.000909071
0.00047039
0.00355113
0.000793099
0.00146398
0.00140295
0.0010696
0.000886214
0.00326927
0.00132978
0.000538161
0.000953645
0.000860816
0.000765943
0.00115909
0.000503968
0.00116623
0.000178168
0.0023143
0.000953092
0.00120049
0.00149245
0.000895957
0.00111816
0.00153345
0.00072027
0.000857451
0.00500863
0.00116909
0.00115963
0.00145016
0.00155528
0.00144487
0.00338187
0.00527454
0.00078312
0.00125121
0.00129398
0.000897696
0.00164842
0.000967248
0.0163349
0.000807297
0.000949336
0.0014987
0.000675252
0.00069542
0.00111687
0.00134817
0.00114873
0.00342363
0.00140629
0.00149524
0.00373457
0.00388451
0.00162867
0.00234334
0.00360103
0.00115346
0.0284305
0.00192599
0.000773888
0.00086798
0.00147093
0.000941054
0.000698836
0.000533315
0.00139452
0.000854451
0.00181952
0.000900327
0.00131516
0.000644015
0.000857767
0.000891983
0.0013911
0.00278876
0.000577746
0.000317779
0.0010827
0.000967292
0.00131869
0.00123716
0.00157968
0.00119824
0.00131758
0.00268981
0.000440126
0.000641748
0.00105709
0.000623127
0.00157269
0.000762897
0.000805542
0.000689484
0.000746498
0.00128982
0.000434896
0.000511212
0.000864746
0.00587415
0.00244204
0.00104905
0.000566774
0.00164194
0.00357178
0.000207764
0.00123115
0.000428153
0.00125532
0.0014085
0.000598823
0.00167148
0.00108391
0.00130195
0.0037372
0.0014363
0.00247515
0.000691123
0.000718491
0.000842614
0.00091557
0.00189874
0.00278551
0.000569751
0.00154642
0.00122404
0.00108207
0.00148362
0.000990612
0.0067474
0.000819067
0.000908845
0.00141202
0.00112622
0.000201683
0.000699926
0.000803821
0.0014782
0.000753255
0.00106543
0.00089949
0.000382137
0.00106486
0.000773696
0.000808833
0.00148082
0.000876771
0.0042095
0.00321544
0.000985107
0.00172762
0.00086009
0.000743437
0.00138464
0.000722232
0.000786983
0.00422106
0.00164949
0.000770273
0.000674615
0.00240756
0.00147062
0.00088431
0.00079619
0.000455707
0.000944798
0.000692446
0.000661827
0.00103958
0.000717765
0.0017286
0.00160925
0.00247147
0.00122531
0.00223367
0.000289906
0.00402013
0.00107621
0.00137302
0.00156153
0.00186575
0.000916806
0.000947945
0.000934414
0.00583141
0.00146537
0.00103507
0.00101046
0.00192733
0.00108395
0.00156153
0.000972394
0.00194411
0.00618343
0.00118277
0.000871306
0.00138962
0.00178371
0.00163588
0.000801836
0.00181057
0.00129649
0.00162037
0.000907113
0.00148091
0.00043682
0.00151241
0.00538661
0.00106546
0.00752688
0.00121543
0.00132248
0.000767194
0.00252122
0.000605547
0.00204952
0.000434042
0.00161332
0.00227078
0.00154846
0.00111202
0.00117181
0.00142728
0.000514398
0.00184594
0.000647975
0.00179847
0.0011624
0.000820913
0.00191294
0.000762761
0.00306578
0.00089691
0.0015718
0.000753509
0.00241879
0.000860561
0.00130493
0.00144726
0.00858633
0.000749997
0.0168733
0.00254606
0.00104605
0.00172974
0.000987018
0.00135177
0.0109394
0.000446079
0.00209676
0.00125305
0.00134612
0.00117746
0.000774713
0.00102922
0.000871111
0.000661059
0.000675794
0.000865734
0.00130629
0.00110215
0.00253888
0.00885561
0.000630403
0.00118691
0.000527536
0.00157324
0.00147849
0.000355049
0.000933654
0.00330858
0.000896105
0.00152012
0.000806205
0.00109735
0.000968385
0.00220761
0.000467533
0.00566561
0.00123061
0.00111551
0.000857747
0.000805135
0.000854645
0.00123401
0.00179601
0.00158737
0.000634901
0.00118206
0.000766275
0.00772824
0.000648323
0.00254791
0.000643465
0.000675041
0.00072287
0.00149058
0.00137684
0.000876021
0.000839601
0.000466684
0.000720131
0.00155919
0.00149083
0.000790105
0.00182212
0.000645288
0.00186458
0.000340203
0.000695097
0.00146433
0.000998469
0.000863853
0.00114556
0.00424013
0.00152495
0.000399582
0.00220251
0.00158717
0.00147746
0.00138127
0.00243621
0.000982773
0.000571858
0.000680498
0.0010491
0.00122545
0.000659065
0.00142803
0.00100256
0.000947647
0.00145147
0.000547794
0.00148321
0.000427922
0.00123596
0.00110477
0.00341486
0.000848958
0.00195902
0.000976505
0.00212972
0.000637085
0.00177581
0.00235615
0.000972143
0.00100864
0.00058254
0.000805848
0.000889937
0.000925277
0.00354263
0.00146695
0.000243206
0.00127744
0.00101624
0.00158161
0.000437622
0.000318846
0.000590177
0.000489037
0.00127288
0.00159226
0.000618147
0.00141246
0.00105694
0.00145706
0.00107415
0.000788709
0.00110036
0.00104555
0.00107694
0.000898938
0.00810427
0.00130999
0.00172163
0.00109863
0.00057531
0.000631583
0.00122084
0.00106604
0.00123565
0.00116125
0.00156384
0.000868855
0.000781908
0.000945322
0.000393741
0.0010765
0.000701726
0.00126193
0.00125079
0.000912393
0.00105651
0.00172001
0.000704536
0.00118967
0.00464584
0.00115506
0.00139091
0.00111036
0.00111485
0.00110494
0.00104325
0.00146541
0.00163388
0.00110424
0.000716323
0.00119674
0.000651138
0.00173809
0.000911492
0.00334383
0.00199298
0.0020863
0.00136914
0.000945373
0.000332605
0.000223358
0.000417201
0.000727042
0.000553549
0.000983688
0.00173694
0.00120502
0.000804803
0.000984766
0.000848163
0.000455874
0.00303643
0.000467394
0.00181854
0.000469989
0.000907343
0.000979111
0.00161021
0.00481549
0.00177372
0.000935768
0.000569272
0.000655624
0.00111939
0.00170481
0.000471583
0.00147666
0.000639647
0.00114968
0.000651553
0.00207397
0.00187664
0.00469975
0.000836558
0.00117272
0.000382914
0.00155658
0.000940741
0.00116736
0.00159586
0.00168996
0.00136173
0.000368451
0.00144887
0.000829677
0.000830355
0.00114241
0.00339959
0.0108157
0.00113114
0.00202423
0.000547836
0.00115435
0.00137931
0.00115446
0.000769849
0.000961453
0.000995856
0.00140846
0.00073422
0.000949546
0.00471638
0.000753659
0.00117708
0.000748341
0.0011827
0.000303647
0.000705717
0.0020695
0.00211105
0.000820141
0.00132955
0.000576398
0.000954426
0.00182999
0.000825064
0.00040162
0.000645889
0.000587322
0.000503811
0.00133207
0.000800563
0.00128972
0.000920686
0.00066166
0.000933856
0.000684403
0.000767082
0.000872782
0.00111935
0.00375173
0.00113591
0.00209642
0.0009081
0.00338963
0.000906378
0.00157033
0.00162954
0.000868478
0.00269691
0.00123318
0.00145816
0.0010162
0.000785742
0.00130993
0.00123123
0.000542039
0.000850834
0.000728272
0.000751493
0.00154803
0.00181809
0.000708505
0.0016405
0.000684361
0.00121066
0.00091197
0.00104097
0.00144155
0.00148743
0.00378749
0.00102504
0.00123243
0.000529513
0.000492843
0.00107599
0.000877614
0.000665377
0.00225563
0.000692572
0.000721692
0.00366759
0.00113953
0.000914837
0.000722757
0.00245104
0.000886435
0.000808174
0.000937819
0.0020629
0.00202933
0.00124437
0.000755766
0.00123038
0.000614055
0.000903811
0.0150774
0.00169651
0.00222592
0.000762909
0.0015391
0.000644397
0.00255702
0.000916134
0.00108548
0.000880707
0.00747793
0.00149866
0.000829551
0.00511126
0.00261002
0.000950596
0.00113058
0.000985407
0.000907736
0.00056959
0.000946053
0.000790624
0.00111062
0.000847333
0.000618717
0.00586446
0.00112999
0.00163147
0.00157391
0.00130841
0.00125384
0.0016382
0.0013951
0.00174687
0.000450243
0.00108861
0.00106061
0.0009688
0.00102015
0.00112503
0.00156668
0.00115767
0.00120802
0.00400815
0.00143469
0.000872719
0.000448087
0.00424444
0.0013643
0.00121837
0.00113616
0.000911931
0.000464403
0.00119666
0.00114323
0.000783375
0.00115896
0.00107006
0.00150411
0.000751336
0.00174114
0.00105029
0.00213914
0.00171162
0.00468861
0.00160268
0.00111898
0.00108968
0.00164445
0.00123998
0.000793418
0.000760491
0.00036101
0.00331873
0.000999305
0.00110804
0.00101779
0.0010631
0.00103622
0.000970756
0.00274884
0.00130957
0.0010091
0.000917771
0.000394719
0.00114896
0.00082758
0.00231331
0.00149261
0.00200536
0.000841169
0.000961465
0.00270135
0.0145973
0.00118376
0.00105781
0.0058617
0.000648144
0.00305418
0.00187828
0.00154997
0.00120624
0.00118636
0.000735294
0.000810896
0.00160877
0.000745814
0.000639758
0.00140254
0.000965293
0.000795807
0.00174377
0.00085593
0.00104292
0.00077448
0.00178509
0.00111523
0.00082638
0.000732685
0.0014789
0.00805213
0.000370421
0.00181125
0.000891034
0.000988211
0.000831026
0.00240974
0.00128442
0.000458618
0.000514256
0.00163725
0.00423173
0.00238738
0.00408841
0.000970293
0.00056227
0.00123539
0.000451705
0.000874829
0.00193069
0.00110513
0.000870862
0.00187177
0.00107507
0.00139814
0.0012752
0.000898705
0.00118216
0.000549399
0.00123023
0.000277776
0.0010694
0.000951446
0.00104628
0.00082458
0.000829995
0.000836214
0.000580835
0.000973953
0.00202598
0.000460345
0.000385388
0.000785359
0.00105543
0.0012433
0.000962947
0.000971373
0.00135823
0.000523279
0.000739571
0.00209305
0.000605369
0.00168695
0.00108864
0.00103932
0.00143985
0.000989108
0.000616173
0.000969837
0.00255445
0.00110628
0.000895814
0.000738054
0.000694626
0.000341598
0.000644976
0.000835667
0.00268212
0.000612726
0.00142889
0.00237388
0.00116943
0.00184433
0.00393359
0.00059731
0.000339169
0.000585565
0.000582463
0.000911118
0.00158008
0.00232195
0.00133143
0.000483282
0.015175
0.00228665
0.0010815
0.00273301
0.0010468
0.000872673
0.00134504
0.00211758
0.0173525
0.00107531
0.00041792
0.00233301
0.000859541
0.00136117
0.00586835
0.000953359
0.00193201
0.00273725
0.00166415
0.0016806
0.000533374
0.00865575
0.00105148
0.00111688
0.0011361
0.00302134
0.00167173
0.00102258
0.00133458
0.000953991
0.000689882
0.00095604
0.000897988
0.00169221
0.000590012
0.000311279
0.000808356
0.0019107
0.00169547
0.00191138
0.00139388
0.00153858
0.00144591
0.00166918
0.00156533
0.00214136
0.0022353
0.00158282
0.00139009
0.00219029
0.000552192
0.00126782
0.000860754
0.00310669
0.000804177
0.00164995
0.00153433
0.0010451
0.00146664
0.00068062
0.00110214
0.000665301
0.0020429
0.00158841
0.000467463
0.00184446
0.00131323
0.00195929
0.000974968
0.00154587
0.0196558
0.000298623
0.00185636
0.00127634
0.000750752
0.000535279
0.00105663
0.00169774
0.00065588
0.00127667
0.000666724
0.00106982
0.00128119
0.000914239
0.00161404
0.00180287
0.00106093
0.00108502
0.000886605
0.000893823
0.00137382
0.00102467
0.000651765
0.00108004
0.00113283
0.00223999
0.001897
0.000745279
0.000395539
0.00141338
0.00127483
0.00133134
0.00190952
0.000871263
0.000699588
0.00186137
0.00135261
0.000906755
0.00289024
0.00149248
0.000672142
0.00144077
0.00115326
0.0017291
0.000854465
0.000599097
0.00210762
0.00185671
0.000923721
0.00126925
0.00210393
0.000941968
0.00192474
0.00055986
0.000912951
0.00130398
0.00159465
0.000889414
0.000901224
0.000749386
0.00210784
0.000717246
0.00323341
0.00207111
0.000937274
0.000635226
0.00134047
0.00076591
0.000754951
0.000688338
0.000716888
0.000629387
0.00214957
0.000668979
0.000938438
0.000828064
0.000630068
0.00119342
0.00231614
0.00111772
0.00126562
0.0013847
0.00279141
0.000578409
0.00115803
0.00116763
0.000750833
0.000680958
0.000565154
0.000700585
0.00120979
0.001417
0.00131705
0.00150223
0.00101858
0.000171259
0.000635663
0.00228588
0.00129645
0.000750069
0.00280489
0.000905625
0.00204575
0.00155726
0.000724715
0.000234889
0.00284569
0.0011555
0.000481275
0.000753187
0.000590383
0.000914228
0.000374506
0.00106043
0.00583144
0.000511385
0.00203207
0.000662616
0.00283163
0.000593457
0.000708854
0.000696408
0.00126791
0.00262288
0.00214979
0.000937072
0.00119622
0.00120965
0.00209721
0.00225159
0.00143248
0.00100608
0.00419902
0.000796175
0.00303163
0.0017429
0.000546909
0.000873293
0.000968665
0.000952142
0.00049939
0.00280499
0.00147154
0.00165653
0.000839403
0.00282023
0.000692643
0.00130374
0.00217746
0.0139685
0.000804939
0.000225636
0.00116902
0.00187831
0.000401098
0.000420454
0.00124187
0.000595817
0.00443095
0.00162615
0.000785248
0.00370594
0.00120755
0.00116074
0.000520514
0.000511375
0.00314151
0.000883507
0.00147029
0.00115097
0.0012382
0.00106027
0.000665618
0.00163217
0.000979523
0.00134024
0.000902798
0.000875366
0.00144037
0.000461334
0.000705978
0.00254317
0.00985191
0.00163775
0.0020843
0.00182764
0.000756234
0.000315816
0.00111341
0.000483718
0.000881989
0.000833855
0.00129483
0.00249518
0.00192697
0.00135911
0.000752799
0.00208534
0.00158962
0.00107494
0.0022146
0.00294816
0.00206784
0.000765125
0.000680446
0.000872952
0.000676833
0.00564602
0.00083128
0.00089142
0.000814523
0.00267096
0.00101802
0.00139728
0.00106631
0.000856521
0.0017344
0.001243
0.00124809
0.00464174
0.000595167
0.000752052
0.000716579
0.00125428
0.00116613
0.000559823
0.000912856
0.00138186
0.00133263
0.00128769
0.00641835
0.00117795
0.00144694
0.00047036
0.000605226
0.00227505
0.00368679
0.000781084
0.00328789
0.00119162
0.00153044
0.00137953
0.00102587
0.0012615
0.00103592
0.000602699
0.00156977
0.000853305
0.0018853
0.000709429
0.000765645
0.00171506
0.000826277
0.00155076
0.00223411
0.000863193
0.00089988
0.00251488
0.00252528
0.00199379
0.00100193
0.000680112
0.000708056
0.00268485
0.0045964
0.00131106
0.00164533
0.00136695
0.000758771
0.00101244
0.000397243
0.00283035
0.00135796
0.00207019
0.000210261
0.00106601
0.00238737
0.0011051
0.00095666
0.00128935
0.000742942
0.000588508
0.00105661
0.00151508
0.00136971
0.000962576
0.000480566
0.00240539
0.000727064
0.00108038
0.00134949
0.00106023
0.00577286
0.0202273
0.000897101
0.000943418
0.000915841
0.00452461
0.00122052
0.000399169
0.00126384
0.00151318
0.000793537
0.00082691
0.00115423
0.0196822
0.0085649
0.000956684
0.00271724
0.00197252
0.00295262
0.000811914
0.000679225
0.00105651
0.00103383
0.00122088
0.00152794
0.00106138
0.000902841
0.000955753
0.000940418
0.000345328
0.00088832
0.000936053
0.00348837
0.00406063
0.00161272
0.00085312
0.000617174
0.00294859
0.00177001
0.001186
0.000946456
0.00102403
0.00150726
0.00104829
0.0012141
0.00191233
0.00244561
0.00173204
0.00085406
0.00367941
0.001136
0.00183409
0.00125684
0.00155855
0.00121704
0.00392439
0.00107554
0.00112263
0.00114852
0.000990999
0.00124004
0.000664536
0.00107049
0.000704021
0.00139054
0.000657899
0.00151243
0.000861092
0.00105337
0.00135209
0.00149837
0.00235782
0.000902047
0.00182287
0.00296954
0.000959702
0.00081661
0.00173282
0.00102265
0.000815623
0.00819277
0.000173609
0.00427311
0.00212407
0.000532295
0.00610216
0.00022848
0.000613414
0.000927927
0.00103555
0.00142684
0.00374839
0.00130073
0.00112242
0.00208712
0.000709827
0.000869355
0.00107143
0.000680237
0.00146246
0.00138451
0.00139713
0.00102536
0.000896037
0.00115163
0.000732084
0.00103855
0.000673422
0.00112388
0.000700709
0.000914773
0.00158041
0.000996
0.00103626
0.0014658
0.00159569
0.00122727
0.0012905
0.000706475
0.0010484
0.00607264
0.00221963
0.00309016
0.000860944
0.00109519
0.000779599
0.00181
0.00196505
0.00127766
0.00257742
0.0129436
0.000907978
0.000456751
0.00320841
0.000774416
0.00274502
0.00077276
0.000776011
0.000915924
0.00589958
0.00187834
0.00105223
0.00164861
0.00151995
0.0022207
0.000939248
0.000718977
0.000690703
0.000949258
0.000827868
0.0022243
0.00127075
0.000558427
0.00148643
0.00343606
0.000626128
0.00150228
0.0021717
0.00127185
0.000852164
0.00105785
0.00113494
0.00083893
0.00062454
0.0132984
0.00104673
0.000684173
0.00120552
0.000860163
0.00181336
0.00152891
0.00102131
0.00117682
0.00113006
0.00117464
0.00144482
0.00165169
0.000639708
0.00197424
0.00149026
0.00134414
0.00112984
0.000825185
0.000987086
0.00155034
0.00159566
0.00131704
0.00689769
0.000998277
0.0013944
0.00101647
0.000972852
0.000951722
0.00109764
0.0004021
0.000872392
0.000554156
0.000845515
0.000794058
0.000417333
0.0013003
0.000886251
0.000794358
0.00225649
0.00116802
0.000812836
0.00164464
0.00113053
0.0013505
0.00292954
0.000719514
0.00105045
0.00118076
0.00085378
0.000759683
0.000893243
0.000683841
0.00252418
0.00222735
0.00135193
0.0015139
0.00161994
0.000995755
0.00129758
0.00184473
0.000946008
0.0013754
0.00114441
0.00123108
0.000984921
0.000864819
0.00135273
0.00175524
0.0017004
0.00110656
0.00164785
0.000822165
0.00176384
0.00129555
0.00164024
0.00202632
0.00154987
0.000912423
0.0011525
0.00390108
0.00113778
0.00143311
0.00252623
0.00144189
0.00246704
0.00137287
0.000695809
0.00144445
0.00110917
0.000885315
0.000769119
0.000703662
0.00171275
0.00159503
0.00106761
0.000983193
0.00088212
0.000876741
0.00185078
0.00118323
0.00280277
0.001531
0.00222006
0.00156568
0.000614492
0.00170737
0.000927989
0.00106611
0.00308436
0.00102734
0.00126237
0.00097915
0.00169324
0.000794288
0.00203369
0.00127333
0.00227253
0.00891748
0.000967029
0.00140799
0.00106935
0.00109631
0.000744077
0.00176126
0.000621959
0.00295281
0.000496023
0.000560928
0.00143972
0.000913887
0.00435839
0.000513221
0.00106231
0.00105997
0.00183799
0.00187332
0.000709131
0.00133961
0.00240152
0.000576939
0.00132375
0.000902149
0.000686018
0.000901953
0.00033501
0.0016897
0.000824914
0.00144619
0.00278369
0.00223673
0.00118933
0.000668038
0.00168806
0.000730532
0.00141653
0.00223387
0.00579964
0.00465351
0.000701868
0.000577316
0.00169521
0.00137179
0.000937378
0.00135613
0.000867549
0.00088506
0.00153993
0.000952539
0.00158965
0.000938924
0.00208844
0.00105131
0.00084456
0.000422515
0.0015108
0.00075217
0.00157689
0.00102209
0.00119232
0.00208327
0.00113264
0.00100753
0.00138637
0.00196263
0.000993982
0.00112589
0.0016466
0.00108229
0.00119555
0.000461388
0.00118435
0.00128272
0.00175879
0.000874319
0.00111305
0.00925336
0.00152078
0.00112729
0.00197274
0.00193911
0.0010066
0.000287686
0.00287806
0.00259178
0.00084741
0.000836152
0.000267975
0.00145804
0.00120739
0.000929169
0.00165795
0.00092085
0.00167118
0.000651308
0.000976837
0.00102691
0.00128103
0.000684764
0.000807374
0.000854849
0.0013096
0.00168401
0.00117112
0.000814733
0.00240059
0.000308676
0.00072037
0.00045278
0.00136747
0.00119433
0.00102171
0.00381407
0.000958794
0.00216026
0.000944543
0.00265912
0.00152893
0.000896908
0.000602834
0.00166005
0.000798611
0.00121886
0.00368021
0.00073613
0.000735951
0.000735443
0.000452679
0.000632771
0.0125406
0.0010928
0.00200421
0.000977291
0.00109941
0.000538659
0.00105745
0.000941873
0.00492703
0.000693167
0.00112102
0.00109224
0.00482974
0.00108722
0.00105827
0.000889657
0.000813951
0.00194949
0.00322963
0.00139793
0.0025735
0.00138769
0.000991203
0.00176861
0.00115873
0.00124938
0.00105132
0.00289695
0.00209558
0.00161086
0.00300839
0.00222075
0.000811767
0.0012661
0.00178023
0.00120725
0.00705531
0.00224599
0.00092365
0.0010027
0.000837625
0.00143162
0.000557164
0.000921355
0.00154612
0.00276585
0.000576076
0.000829366
0.000834815
0.000864872
0.000789864
0.00171227
0.000524484
0.000704551
0.00143653
0.000944252
0.0010011
0.000608571
0.00202949
0.000940928
0.00166491
0.000897073
0.00529459
0.00133284
0.00229185
0.00104984
0.000990144
0.00121229
0.0020569
0.000946337
0.00130756
0.00133654
0.00441914
0.000540353
0.00182983
0.000828408
0.00180904
0.00229282
0.0012642
0.000907042
0.00493768
0.000430648
0.000498933
0.000790597
0.000570272
0.00250104
0.00201225
0.00101564
0.00180745
0.00101784
0.00290433
0.000981203
0.000715499
0.00157609
0.000866272
0.0013532
0.00143977
0.00624981
0.00104175
0.00170046
0.000822823
0.0221636
0.00399894
0.00151458
0.000499184
0.00106568
0.00106022
0.000889054
0.00218926
0.000600332
0.000705593
0.000943827
0.00099377
0.000819177
0.00188766
0.00170153
0.000735792
0.00351458
0.000799828
0.00175795
0.00397359
0.00773625
0.00363556
0.00149452
0.001447
0.00111543
0.00134648
0.000490647
0.000859394
0.0010369
0.0019672
0.000736571
0.000893324
0.00069556
0.0225705
0.00151283
0.00139873
0.000838919
0.00437299
0.000719206
0.000805315
0.00054279
0.00402521
0.000926995
0.000941617
0.000869403
0.000864242
0.000684393
0.000968722
0.000783025
0.00116734
0.00243096
0.000862323
0.00433139
0.00107038
0.0020478
0.00202811
0.00188314
0.0008105
0.000789668
0.00151033
0.000859095
0.000789431
0.000759183
0.00192609
0.00058427
0.00172013
0.000824899
0.000533592
0.00279293
0.00229023
0.00242021
0.000867935
0.00448789
0.00109396
0.000662621
0.00111995
0.0105795
0.00186584
0.000746742
0.000774639
0.000932999
0.00196308
0.00762677
0.00453513
0.00318212
0.00145582
0.000688408
0.00408471
0.00185301
0.000834973
0.000610899
0.000669117
0.000691351
0.00096229
0.00131811
0.000305457
0.00112391
0.000804096
0.000915495
0.00104235
0.00114045
0.000986918
0.00087588
0.00164532
0.000956085
0.000520252
0.000816733
0.000839341
0.000767451
0.00317554
0.000652407
0.000809115
0.00131665
0.000967214
0.00152161
0.00100686
0.00712295
0.00421481
0.0022857
0.00214388
0.000924771
0.0192796
0.00116923
0.000746036
0.00284248
0.00115016
0.00103745
0.000702738
0.000721718
0.000785984
0.00102439
0.0019849
0.000771833
0.000612933
0.00154468
0.00122563
0.00108425
0.000843079
0.00180357
0.00112698
0.00119288
0.000569834
0.00112446
0.00155173
0.000890653
0.00123652
0.00199376
0.00120809
0.000870547
0.000780083
0.00137023
0.0010258
0.000807408
0.00140843
0.00107604
0.00602933
0.000987571
0.00145046
0.000888416
0.000608322
0.00091988
0.00146793
0.000859535
0.00105109
0.00121021
0.0017764
0.000101429
0.00178043
0.00463942
0.000679585
0.000926673
0.00173136
0.00055799
0.0020464
0.00104126
0.000862484
0.00105789
0.00171949
0.000925799
0.00103011
0.00147772
0.00113462
0.0025253
0.00123511
0.00094453
0.000664119
0.000889283
0.00102529
0.00136414
0.00149165
0.00528581
0.00100027
0.00104993
0.00104354
0.00148521
0.00119042
0.000669217
0.00173345
0.000596056
0.00317046
0.000718258
0.000587409
0.000505683
0.000641092
0.000752947
0.00126933
0.00152525
0.0013937
0.000551638
0.000773801
0.00124245
0.00192739
0.00118261
0.0043341
0.00157563
0.00195482
0.00120014
0.000486012
0.000475076
0.000387239
0.000213472
0.00175183
0.000259542
0.00642624
0.00210133
0.000922137
0.0014823
0.0021228
0.00173227
0.0027043
0.00106658
0.00368796
0.000975429
0.000934597
0.00115076
0.00123514
0.00171912
0.000819429
0.00135412
0.00151474
0.000804727
0.00284616
0.000398143
0.00136772
0.00295622
0.00124548
0.000636988
0.00121951
0.00119671
0.00178969
0.000568903
0.000605553
0.00898812
0.00217197
0.000531383
0.00133029
0.00271154
0.000535484
0.00102867
0.00255273
0.000690316
0.00057269
0.00843266
0.00482116
0.00100429
0.00163681
0.00458338
0.0021865
0.00105363
0.000910528
0.000924749
0.000686658
0.00186677
0.00512765
0.00160466
0.000850724
0.00321023
0.00281975
0.00110965
0.000889742
0.00102829
0.000366795
0.00180698
0.00407677
0.00114747
0.00184721
0.00268816
0.000672316
0.000839751
0.00112083
0.00184592
0.000966003
0.00104028
0.00111295
0.00129142
0.00329047
0.000543356
0.000767521
0.0015176
0.00233573
0.000540479
0.00145314
0.000718058
0.00149725
0.00116512
0.000616969
0.00107671
0.00329363
0.000633141
0.00110263
0.00146431
0.000941514
0.0013695
0.000681273
0.00132494
0.0027435
0.000676928
0.00108258
0.000447175
0.00174034
0.000222828
0.000603456
0.00590568
0.000570871
0.00117323
0.000800654
0.00235836
0.00655581
0.000442832
0.00201624
0.000900687
0.00124882
0.000721376
0.00184988
0.00138204
0.000649746
0.000708504
0.000632563
0.00114765
0.000603582
0.000886714
0.00155368
0.00172818
0.00206184
0.0010802
0.00479555
0.00155615
0.00144069
0.0015558
0.000895001
0.00103694
0.00607412
0.000672343
0.000897789
0.00189684
0.000238223
0.000337969
0.00257446
0.00124276
0.00142524
0.000869778
0.00338815
0.00153932
0.0149105
0.000580759
0.0026702
0.000180191
0.000964383
0.000946315
0.00154292
0.00147534
0.000729178
0.000588586
0.00129444
0.000987327
0.00260368
0.000845483
0.00131652
0.00143463
0.00121962
0.00205184
0.00159043
0.0020906
0.00109046
0.00241349
0.000673441
0.00104527
0.00317011
0.00133307
0.00075952
0.00428079
0.00225228
0.000683489
0.000412939
0.00528898
0.0012589
0.00106748
0.00113862
0.0019043
0.000989931
0.00888449
0.00247724
0.00224853
0.000481992
0.000977171
0.00172645
0.00215296
0.00147109
0.00178203
0.00413854
0.00149824
0.000754174
0.000873885
0.00135815
0.000933502
0.000410176
0.000625732
0.0011379
0.00148483
0.00157737
0.00146578
0.000960179
0.000721656
0.0135027
0.00138659
0.00869015
0.00104616
0.00183471
0.00119964
0.00196696
0.00101784
0.000941314
0.00355222
0.00238389
0.00123844
0.00270297
0.000392029
0.000441859
0.0011495
0.00121288
0.00149688
0.000714465
0.00221988
0.00112777
0.000857545
0.00086648
0.000370009
0.00198971
0.00079438
0.00306966
0.00141902
0.00184664
0.00189311
0.00126955
0.000854928
0.000557663
0.00115913
0.00215306
0.00142496
0.00078422
0.000739214
0.000566918
0.000620438
0.00132299
0.00328076
0.00110385
0.00130411
0.00151795
0.000911399
0.000970926
0.0013151
0.00178713
0.000739202
0.00155266
0.00098947
0.0010584
0.00100635
0.000605611
0.00800428
0.00162946
0.000539
0.00178246
0.000745484
0.000512397
0.00115677
0.000298194
0.000656024
0.000879754
0.00219738
0.00238563
0.00165598
0.000384469
0.00523661
0.000832277
0.00059214
0.000383472
0.0013481
0.00128039
0.000376574
0.000939308
0.00125714
0.0018266
0.000544671
0.000842458
0.00213774
0.00101899
0.0017154
0.000460016
0.00103971
0.000976173
0.000700129
0.00111657
0.00114356
0.00109175
0.000469376
0.000737745
0.000947445
0.00370813
0.000891942
0.00102072
0.000760652
0.00152024
0.00119064
0.00151662
0.000564037
0.000786886
0.000725385
0.00167781
0.0011783
0.000703005
0.00111817
0.00101775
0.000575685
0.00164072
0.00379915
0.00117918
0.00103871
0.00152501
0.000899038
0.000839988
0.000609761
0.00138935
0.00136833
0.00161846
0.000925443
0.000897233
0.000896267
0.000588842
0.000338623
0.00167364
0.00140488
0.00139606
0.000990178
0.00150623
0.000886177
0.00119474
0.00284434
0.000988564
0.000678099
0.00119539
0.00107621
0.00172599
0.00400065
0.00110458
0.00966556
0.00226756
0.00331216
0.00085383
0.000794135
0.0010465
0.00297584
0.000522933
0.000451037
0.00586762
0.000379607
0.000945922
0.000425145
0.00164149
0.000393958
0.00180566
0.00269022
0.00198424
0.00144467
0.000363074
0.00207612
0.00164408
0.00078564
0.000645316
0.00102682
0.00047421
0.00109486
0.000817329
0.00185134
0.00375937
0.00174643
0.00701739
0.00100393
0.000937933
0.000886213
0.00088163
0.000565519
0.00384063
0.00165021
0.000753
0.00127636
0.00114343
0.000392778
0.000631063
0.00102493
0.00152654
0.00162463
0.00146574
0.000929596
0.00096087
0.000648732
0.000830833
0.000397661
0.002225
0.000906416
0.00463086
0.0058284
0.00114908
0.00268173
0.000361471
0.000848476
0.000862431
0.00108111
0.00110756
0.000939103
0.00127809
0.00105265
0.00270018
0.00166447
0.000677212
0.000877022
0.000569426
0.00160581
0.00137738
0.00341146
0.000949008
0.00264032
0.000796831
0.00851895
0.000979858
0.00859903
0.00109152
0.00115006
0.0014181
0.0010916
0.00197601
0.00109404
0.000709198
0.000487446
0.00279854
0.00120741
0.00279049
0.000490466
0.000402571
0.00429817
0.000759996
0.00148398
0.000878761
0.00175194
0.000994678
0.000851758
0.000774983
0.00138133
0.00245506
0.000553721
0.00105808
0.000610088
0.00192239
0.00294498
0.00128102
0.00107821
0.00178675
0.000746413
0.000758059
0.0016682
0.000822135
0.000577597
0.000962592
0.0016497
0.00116463
0.000664059
0.00127536
0.000795933
0.000993019
0.00150236
0.000625821
0.00158133
0.00159926
0.00103677
0.00597207
0.000863523
0.00206432
0.000143772
0.00239522
0.00212296
0.00310311
0.00353821
0.000586432
0.00137299
0.00100199
0.000438028
0.000964452
0.000942456
0.000972477
0.00112559
0.000810268
0.000744367
0.00219022
0.00232661
0.00114537
0.000716644
0.001289
0.000466202
0.00117046
0.00332346
0.00141336
0.00104136
0.0016231
0.000854359
0.000974476
0.00093717
0.000335947
0.00132413
0.00131675
0.00145752
0.00170173
0.000707271
0.000402639
0.000634443
0.00127714
0.00327688
0.000548343
0.00291452
0.00142867
0.000845726
0.000944757
0.00151482
0.000312195
0.00147458
0.00061234
0.000773858
0.000474556
0.00185657
0.000541053
0.0029123
0.000961937
0.00109816
0.00134144
0.00146787
0.00115972
0.0010983
0.00107441
0.00120412
0.000736516
0.00105361
0.00100787
0.0010894
0.000717108
0.00103694
0.000903794
0.00069455
0.0010728
0.00356371
0.00101691
0.00141892
0.000705536
0.000860349
0.00102621
0.00116086
0.00140707
0.00201998
0.00103803
0.00106091
0.00226933
0.000618379
0.00224325
0.00691862
0.00132464
0.000729798
0.0010466
0.000269939
0.00078442
0.00247962
0.0148564
0.000884708
0.00119987
0.00239744
0.00146688
0.000829914
0.00267184
0.00201581
0.000938956
0.0017519
0.000522178
0.00101818
0.00447467
0.000692005
0.00294696
0.00100972
0.000789373
0.00334935
0.000681436
0.00270058
0.000555587
0.00221008
0.000834042
0.000910937
0.00127009
0.000742
0.00182921
0.00208458
0.00123032
0.00113061
0.00103682
0.000598386
0.00148298
0.0037316
0.00136476
0.00118374
0.00210057
0.000941514
0.000817139
0.00113136
0.00472794
0.000954501
0.0059379
0.0010381
0.00356413
0.00363445
0.000598675
0.00161246
0.00125402
0.000573831
0.000730596
0.00249237
0.000346938
0.0374336
0.000684275
0.00131116
0.000348189
0.00134994
0.00849305
0.000709115
0.00134132
0.00362903
0.00125174
0.000845437
0.00198847
0.00120346
0.00160903
0.00121501
0.00114882
0.00022618
0.000880152
0.00439852
0.00149882
0.000879607
0.00246836
0.000734982
0.00172807
0.00110077
0.0012076
0.00129667
0.0009356
0.00232956
0.00170202
0.000771055
0.000802081
0.00132214
0.00517386
0.000636923
0.00157496
0.00126485
0.00162555
0.000591894
0.000385363
0.000556585
0.000705081
0.0022786
0.00139881
0.00484692
0.00109213
0.000696159
0.00178255
0.00173505
0.000714347
0.0019839
0.000744477
0.000596662
0.000569218
0.00106033
0.00083414
0.000483926
0.00371699
0.000780696
0.00138058
0.00173133
0.00194193
0.00112118
0.000548398
0.000806661
0.000980701
0.00116522
0.000724248
0.0005611
0.000784262
0.000709861
0.00115373
0.0011809
0.00149864
0.00103717
0.0013031
0.00104117
0.000341633
0.00105011
0.000531225
0.00132231
0.00131106
0.00064658
0.000744227
0.000333995
0.00210204
0.00099332
0.00200862
0.00102775
0.00170884
0.0008867
0.00185629
0.00199707
0.00132603
0.000832281
0.00666446
0.0013121
0.00519745
0.00213807
0.000975768
0.00106068
0.00127224
0.000995142
0.000939571
0.000984658
0.000930734
0.000823691
0.00128278
0.00224818
0.00134508
0.00141062
0.00120769
0.00108531
0.000984306
0.000786828
0.000949724
0.000808894
0.00115017
0.00124314
0.000777619
0.0010383
0.00488801
0.00105714
0.000392036
0.000916946
0.00190013
0.0189512
0.00101768
0.000285456
0.00120833
0.00160009
0.00103103
0.00151487
0.000711374
0.0010711
0.00232089
0.00230237
0.00222866
0.00125695
0.00295246
0.000697906
0.000726173
0.000450425
0.000809714
0.00351602
0.00079917
0.00102222
0.00101955
0.00189955
0.00108265
0.001265
0.000811446
0.00109488
0.00290072
0.000759111
0.000984109
0.00122158
0.00126697
0.000277871
0.00141027
0.000379243
0.000955272
0.000812764
0.000683212
0.000623604
0.00187307
0.00105216
0.0011681
0.00352016
0.00152515
0.000411146
0.000589839
0.00174713
0.00338215
0.00140731
0.00111104
0.00022348
0.00191723
0.000613819
0.00130401
0.00135765
0.000956764
0.000355895
0.00242142
0.00199138
0.00139255
0.000852556
0.000821746
0.00145221
0.000252761
0.00107967
0.000190047
0.00260487
0.00507345
0.000864931
0.000749782
0.00129534
0.00356655
0.000728565
0.000700914
0.00138273
0.000585264
0.000961907
0.000470073
0.000847172
0.000335562
0.00293758
0.00180669
0.00758209
0.00107198
0.000658159
0.00117632
0.000831712
0.00109396
0.00216098
0.000692405
0.00193896
0.00163259
0.00125744
0.00141281
0.00192373
0.00131801
0.000913578
0.00137099
0.000640739
0.00427163
0.000461778
0.000928781
0.00211771
0.00205717
0.0012266
0.00100558
0.000994722
0.00197412
0.00296239
0.000498103
0.00139415
0.00136867
0.00180229
0.00100038
0.00171696
0.000903422
0.00296111
0.000975658
0.00267485
0.00299175
0.00104615
0.00121608
0.0009079
0.000894837
0.00183199
0.000962331
0.000985974
0.00158918
0.00149708
0.00101853
0.000931736
0.00255723
0.000884397
0.0561451
0.00102207
0.000485461
0.00178729
0.000604234
0.000734508
0.000557835
0.000637526
0.00057268
0.000555301
0.000594565
0.00184662
0.00117785
0.000930211
0.000521139
0.0006173
0.0012485
0.0025807
0.00170467
0.00141752
0.00119126
0.00130886
0.0020647
0.000674298
0.000855689
0.00153785
0.000587119
0.00135784
0.000462104
0.00118559
0.00155426
0.00120094
0.00146513
0.00286429
0.000746338
0.000678419
0.00138025
0.000373463
0.000860564
0.000838588
0.000869506
0.000931832
0.00268191
0.000794347
0.000953711
0.000309281
0.000527269
0.00112058
0.000955995
0.00145176
0.00150131
0.00100599
0.000504832
0.00124797
0.00110396
0.000468932
0.00139028
0.000715586
0.00154831
0.000730106
0.00129675
0.000751019
0.0010192
0.00235863
0.000934662
0.0115839
0.000951878
0.00115429
0.000607904
0.000564704
0.00103212
0.00116206
0.000964965
0.00303517
0.000816008
0.00239881
0.00105083
0.000492312
0.00198873
0.00136363
0.00134158
0.00102174
0.00140274
0.00190939
0.00374279
0.00083168
0.00107905
0.00116165
0.00148321
0.00101167
0.00122531
0.00126839
0.00107713
0.00165927
0.000402502
0.000745189
0.001142
0.002726
0.00242094
0.00128395
0.000514568
0.00100106
0.0017656
0.00182393
0.0012624
0.00115512
0.00105028
0.00174467
0.00117143
0.000926506
0.00064536
0.00113171
0.00146483
0.00431839
0.000353589
0.000597819
0.00132037
0.000635397
0.000857772
0.00313016
0.000680707
0.00119471
0.00315515
0.00223944
0.00123913
0.000714553
0.00136718
0.000996308
0.00126684
0.000780359
0.00104261
0.00123991
0.00273561
0.0056471
0.00125586
0.000479856
0.00134263
0.000533918
0.000721726
0.000540953
0.00159072
0.000678707
0.00176072
0.00226502
0.00118603
0.0054264
0.00075261
0.00168613
0.00106342
0.000744566
0.00146784
0.00100433
0.00177656
0.000942893
0.00168247
0.000660477
0.00287186
0.00123075
0.000611881
0.000634286
0.000353084
0.000773803
0.00150967
0.00122148
0.00113562
0.000814444
0.00126389
0.000572131
0.00104045
0.00682229
0.000424009
0.000736142
0.00150655
0.000909266
0.000945732
0.000837146
0.00109467
0.000954169
0.000961942
0.00248749
0.000532868
0.000574838
0.000963969
0.00115
0.0015245
0.00165186
0.000365123
0.00145459
0.00199239
0.000586474
0.00117593
0.00108968
0.00135703
0.000318652
0.000517513
0.00103463
0.00152985
0.00105931
0.00103071
0.00172811
0.000650815
0.00107759
0.000713918
0.00433742
0.000570732
0.00140826
0.00017245
0.000795218
0.000698287
0.00104255
0.000402943
0.00307585
0.0020641
0.000851638
0.000995401
0.00140864
0.000918926
0.00175235
0.000524418
0.00114424
0.0006192
0.000809904
0.00378638
0.000692019
0.000621113
0.000819622
0.000976549
0.00110244
0.00148198
0.00199391
0.00140646
0.00103819
0.000656453
0.000798377
0.00169892
0.000817367
0.00166948
0.00258934
0.000990638
0.0015097
0.00461584
0.00102007
0.00299339
0.00185198
0.00136114
0.00107016
0.000871659
0.00158334
0.00384415
0.00147342
0.000877554
0.00513479
0.000420234
0.000873936
0.000548711
0.0016626
0.000639574
0.00255407
0.000913396
0.000749462
0.000865211
0.00104162
0.000788305
0.00110896
0.0044051
0.00192507
0.000356673
0.00137162
0.00183172
0.000507528
0.00120603
0.000415448
0.000819434
0.000964847
0.00140219
0.00120938
0.000867014
0.00170574
0.00302236
0.00993817
0.000907669
0.00105976
0.0019907
0.00131549
0.000775706
0.000964478
0.00182138
0.00133852
0.000669829
0.000485009
0.00250607
0.000593032
0.000867684
0.00104107
0.000675847
0.0009152
0.00134241
0.00114643
0.00361083
0.00136092
0.000925485
0.0024281
0.00063777
0.00125738
0.00139586
0.00129407
0.00127089
0.000902371
0.00246536
0.000709555
0.00178154
0.00219636
0.000796784
0.000291212
0.000884176
0.00182781
0.000773512
0.00102752
0.00128206
0.00155768
0.00280678
0.000738375
0.00117925
0.00157684
0.00143602
0.000505507
0.000672633
0.000755403
0.00160031
0.00083489
0.000704664
0.00294625
0.00140512
0.00173401
0.000531175
0.00113202
0.00462174
0.0011052
0.000998494
0.00823277
0.000963947
0.00127598
0.000568791
0.00115111
0.000904902
0.00199801
0.000729302
0.00180178
0.0178915
0.000695075
0.000726735
0.0123982
0.000608986
0.0088342
0.00122294
0.00133737
0.000599659
0.00102216
0.00136006
0.00152642
0.000906073
0.00101808
0.00200005
0.00151864
0.00324797
0.00160488
0.00203636
0.00100915
0.00413717
0.00170437
0.000675473
0.000868141
0.00104101
0.000993439
0.00198568
0.00113117
0.000595527
0.00150543
0.00264647
0.00557053
0.00142905
0.000538245
0.000787031
0.000593911
0.00194323
0.00101182
0.000961166
0.000659403
0.00154539
0.000765749
0.00102007
0.00345161
0.00110067
0.00206101
0.000628159
0.000598192
0.00104535
0.00364232
0.00160685
0.00103756
0.000638031
0.000882963
0.000825933
0.00115149
0.00102408
0.000711729
0.00584221
0.000874986
0.0027612
0.00115174
0.000821404
0.00172588
0.00127241
0.00286487
0.00115372
0.000904361
0.000845679
0.00060415
0.000835616
0.00231886
0.00103753
0.000846126
0.00223488
0.00101543
0.000877343
0.000495353
0.000904578
0.00169905
0.000644908
0.00174419
0.000867043
0.000974776
0.0010703
0.00146178
0.000838609
0.000960304
0.000308141
0.0018101
0.00171591
0.00151691
0.0012114
0.00119681
0.00110012
0.000655989
0.00140594
0.00111895
0.00185312
0.000909584
0.00157085
0.000936776
0.00206295
0.00143541
0.00107139
0.000995058
0.000581109
0.000492728
0.00114499
0.00172602
0.000588545
0.000945085
0.00272129
0.00147875
0.00126178
0.00169967
0.000528336
0.00590459
0.00185462
0.00119609
0.000842886
0.000394104
0.000939354
0.000479449
0.00141589
0.00134344
0.000647347
0.00103689
0.00339155
0.00164855
0.0015039
0.00102246
0.00105729
0.00142455
0.00205483
0.00049541
0.00055044
0.00122364
0.000751803
0.000591476
0.000780637
0.00126581
0.00708622
0.00151385
0.0009165
0.000843911
0.00224799
0.000678084
0.00143368
0.00100669
0.000928478
0.000839059
0.000334341
0.00105744
0.00157486
0.000797923
0.000971669
0.00127856
0.00154365
0.00176626
0.00111131
0.000782692
0.00150631
0.00125741
0.000908833
0.00128233
0.00101067
0.00165582
0.00078623
0.000903773
0.00294706
0.001586
0.0010657
0.00111412
0.000641803
0.00150189
0.000381285
0.00139699
0.00189759
0.000586954
0.00132668
0.0015757
0.00058406
0.000674452
0.000397914
0.000604728
0.000840922
0.0010308
0.000730519
0.00182472
0.000761886
0.000903131
0.00126743
0.000821936
0.00393249
0.000984619
0.00228083
0.000733397
0.000796443
0.000936527
0.00085814
0.000684207
0.000797201
0.000882273
0.000968524
0.00062767
0.0176293
0.0015804
0.00130741
0.000609846
0.000918148
0.000356607
0.00061865
0.00137518
0.00144858
0.00097122
0.00102663
0.000861912
0.000637519
0.000977274
0.00202432
0.00103991
0.00693071
0.00078111
0.00211965
0.000651401
0.000693702
0.00099962
0.000756757
0.00144389
0.000709444
0.00346859
0.00317189
0.00161263
0.00113145
0.001036
0.0014193
0.0019748
0.00105171
0.00145418
0.0112973
0.0021615
0.00100843
0.000977814
0.000557584
0.0077803
0.000660349
0.000872455
0.00137473
0.00108601
0.00158127
0.00160877
0.000951197
0.000943971
0.000773532
0.000735388
0.00123608
0.00264337
0.0011007
0.00134414
0.000707558
0.00164258
0.000745465
0.000209804
0.00270761
0.000707807
0.00202966
0.00233757
0.000860156
0.000429467
0.00142002
0.00113466
0.000655974
0.00148343
0.00247638
0.00325583
0.00132587
0.00114132
0.00262478
0.000869184
0.000992184
0.00153327
0.000443698
0.0031228
0.000931595
0.00129219
0.00110464
0.00194139
0.000352764
0.00126528
0.000499244
0.00114195
0.000812444
0.00219916
0.00180055
0.00130975
0.000872725
0.00148151
0.00112089
0.00190371
0.00124599
0.00181341
0.000549512
0.00122026
0.00210235
0.00191588
0.000934815
0.000927655
0.00112619
0.00102272
0.000648033
0.000947742
0.00150554
0.00122097
0.000605534
0.00130603
0.00207059
0.000517215
0.00144732
0.00101451
0.00191476
0.00178442
0.000870809
0.00209387
0.0065845
0.00104877
0.000845887
0.000537627
0.00114729
0.00109466
0.0013843
0.000868316
0.00249768
0.00112886
0.000712914
0.00111963
0.00101869
0.000895681
0.000454521
0.0221487
0.000465021
0.00103156
0.00129064
0.00185977
0.000800007
0.00216599
0.0101457
0.00117872
0.000786259
0.0017322
0.00290036
0.00282334
0.000664226
0.0044268
0.00199839
0.00121526
0.000967283
0.000693829
0.00100912
0.000711358
0.000822084
0.000840634
0.00645766
0.00079204
0.000628628
0.00590836
0.000854633
0.000778897
0.00200458
0.00120921
0.00117949
0.000891408
0.00212052
0.00047269
0.000827644
0.00196381
0.000633203
0.00252313
0.00144582
0.00170352
0.000830802
0.00116101
0.000959369
0.00133996
0.000839738
0.00107843
0.000549166
0.00115254
0.00147484
0.0008883
0.0010441
0.00146283
0.000451048
0.00150986
0.00116841
0.00143361
0.000774753
0.0119424
0.00202592
0.00018233
0.00031413
0.00406083
0.000986887
0.00159585
0.000515984
0.000989686
0.000726205
0.00403664
0.00480222
0.0028355
0.00246925
0.00066996
0.00378762
0.000233202
0.00122589
0.00127662
0.00119179
0.000772958
0.00120868
0.00240926
0.00333912
0.0010302
0.000810488
0.00147701
0.000338939
0.0015127
0.000760954
0.00085971
0.000916055
0.00150531
0.00135573
0.000999845
0.00101064
0.00138716
0.000583813
0.00145418
0.000718202
0.00112737
0.0015245
0.00130869
0.0035187
0.00073723
0.00182966
0.00160054
0.000942958
0.00172124
0.00112059
0.00234105
0.00781079
0.00136364
0.00103865
0.00068286
0.00128154
0.00146396
0.0011984
0.00121466
0.00142191
0.00102009
0.0011577
0.00144321
0.00163593
0.00325111
0.00104658
0.00128975
0.000591627
0.00268554
0.000280685
0.000431757
0.000887824
0.0055001
0.000662932
0.00216665
0.00284429
0.00408155
0.00111204
0.00156298
0.00739466
0.00218501
0.000692836
0.000947434
0.00278334
0.00187939
0.00159861
0.000783252
0.00159319
0.00123498
0.000636939
0.00101606
0.00119413
0.00141706
0.00132155
0.000689408
0.000894745
0.00129335
0.00220552
0.0014053
0.00140747
0.000802725
0.000917392
0.000414648
0.000981944
0.00112124
0.000436637
0.00101402
0.00312476
0.00296284
0.00124713
0.00092467
0.00126886
0.00117692
0.00225458
0.000792719
0.000720062
0.00179415
0.000962504
0.00112175
0.00160689
0.00132634
0.00141819
0.000743889
0.00239858
0.00132268
0.000626068
0.00141718
0.00075916
0.00107313
0.00104996
0.00133112
0.00147108
0.00153144
0.00134935
0.000855646
0.000886371
0.00313053
0.000976084
0.00107913
0.00159633
0.00129578
0.000930699
0.0011801
0.000470029
0.00183011
0.00272419
0.00119179
0.00108797
0.00102342
0.000962409
0.00101737
0.000916238
0.00109669
0.00102735
0.000513597
0.00109016
0.00158506
0.000808515
0.000636939
0.00100523
0.00257375
0.0039523
0.00106866
0.00205958
0.000676946
0.00219101
0.00130766
0.00110471
0.00064397
0.000398646
0.00160669
0.00172518
0.000690922
0.00192894
0.017523
0.0011016
0.000787751
0.00113006
0.00332626
0.00104928
0.00142608
0.00137132
0.00192365
0.00152095
0.00116291
0.000798429
0.00111986
0.00198191
0.00134039
0.00228603
0.000304201
0.00233877
0.0008956
0.00109995
0.000735535
0.00093687
0.001198
0.000452871
0.00157268
0.00256896
0.000712707
0.000776339
0.00277434
0.0007869
0.000879965
0.00239127
0.000640148
0.000474942
0.00125087
0.00124988
0.00102804
0.00178047
0.00111746
0.00128872
0.0013038
0.000644251
0.00174386
0.000966805
0.00176152
0.00113885
0.00197943
0.000636548
0.00072791
0.00102897
0.00101038
0.00112728
0.0014702
0.000980586
0.000631515
0.000849166
0.000444477
0.000385379
0.000951469
0.000874583
0.00178575
0.0098447
0.00153001
0.00022681
0.00115395
0.000876725
0.00126443
0.000711309
0.00126333
0.0180009
0.00141056
0.00100023
0.000784732
0.00106985
0.001607
0.00132288
0.00124358
0.00138471
0.00137421
0.000944737
0.00210532
0.00164216
0.00166378
0.00161992
0.00025028
0.000702206
0.00100521
0.000991671
0.00139105
0.000891054
0.000908208
0.00108162
0.000944668
0.000785362
0.00240987
0.000836543
0.000974877
0.00104352
0.000978593
0.00470835
0.000288656
0.00182057
0.00048252
0.000886652
0.00363244
0.000728597
0.000574863
0.00118379
0.00200843
0.000688673
0.0128855
0.000690571
0.00142492
0.000848983
0.00102089
0.000830415
0.0016413
0.000612506
0.000913161
0.00083607
0.000686501
0.000795944
0.00072549
0.00119419
0.000517585
0.00200139
0.00127275
0.000612534
0.000564922
0.000944871
0.000744838
0.0118266
0.00182214
0.00203593
0.00137785
0.0015101
0.00154048
0.000641615
0.000873597
0.00104875
0.000693299
0.00144772
0.00107919
0.000749231
0.000879971
0.000645392
0.000620978
0.000649109
0.000425598
0.000756746
0.00544299
0.00140051
0.000899915
0.00154188
0.000296809
0.00116165
0.000808562
0.00120249
0.000524404
0.0031038
0.000567715
0.00171674
0.000894056
0.00140574
0.00124547
0.00085015
0.00153147
0.000775389
0.00107206
0.00108198
0.00139621
0.00154427
0.000898051
0.00266889
0.00111783
0.000719787
0.00186331
0.00248516
0.00154835
0.000443095
0.000632132
0.000693233
0.00119934
0.000735115
0.00137303
0.000390684
0.000987885
0.00232585
0.000969195
0.00108503
0.00172251
0.00226994
0.00227693
0.00101555
0.000618707
0.000542504
0.0108289
0.00247829
0.000885613
0.0300191
0.00125114
0.00114148
0.00588919
0.000265792
0.000911207
0.000864907
0.000275709
0.00127661
0.0128829
0.00112605
0.00102053
0.00158434
0.00117316
0.00130496
0.00864308
0.00156436
0.000745329
0.00228293
0.00164565
0.00118986
0.000831839
0.00162315
0.00248122
0.00104023
0.000370267
0.00120689
0.00108454
0.00144936
0.000692788
0.000626157
0.00102056
0.000828819
0.000647361
0.000984182
0.00197611
0.000953009
0.00125879
0.000473785
0.00164498
0.00146753
0.000978175
0.00111771
0.00136159
0.000967491
0.00068686
0.00107933
0.00132063
0.00125856
0.000481723
0.00178071
0.00111339
0.00135358
0.000894988
0.00145232
0.000918812
0.00143417
0.000841613
0.00138686
0.000554039
0.00073222
0.000686765
0.00159871
0.00091866
0.000350638
0.0014533
0.00155768
0.00108609
0.000844817
0.000716956
0.00157597
0.000989158
0.00114038
0.00124258
0.00053608
0.00168888
0.00152951
0.000582915
0.00204639
0.000761465
0.000742143
0.00285021
0.00113564
0.00116362
0.00091732
0.000840533
0.000564823
0.0060405
0.000568658
0.0189629
0.000474428
0.000702104
0.00261704
0.00192127
0.000485256
0.000667439
0.000872109
0.00139253
0.00186695
0.00144594
0.00174978
0.000679936
0.000892243
0.00157585
0.000704154
0.00176324
0.00081256
0.00137661
0.00661575
0.000945272
0.00145915
0.0015221
0.00113671
0.00165998
0.00138145
0.000216169
0.000827156
0.00428647
0.0015834
0.00183577
0.000708347
0.00032681
0.000959528
0.00100837
0.000540739
0.000661102
0.00172554
0.00184475
0.00182262
0.00359763
0.00131876
0.00088171
0.000498373
0.00116004
0.00126689
0.00161804
0.00136626
0.00138004
0.00157687
0.00122622
0.000879946
0.00170921
0.000955134
0.00239058
0.00072339
0.00143336
0.00121722
0.0014971
0.0083366
0.00203077
0.00300999
0.00136989
0.000865512
0.000948629
0.00147855
0.000927978
0.0019832
0.000890673
0.00183588
0.001894
0.00113437
0.00160802
0.00272366
0.00284996
0.00233511
0.000669627
0.00694056
0.000758213
0.00172975
0.00134038
0.000791021
0.00200827
0.00100927
0.00149958
0.000771105
0.000856579
0.00123399
0.000768012
0.00282107
0.000634092
0.000638141
0.00031912
0.0022891
0.000575215
0.000265704
0.000788755
0.00229383
0.00125064
0.000224073
0.000444602
0.00217822
0.00110618
0.00573712
0.00141179
0.00220061
0.0010912
0.00119739
0.000537264
0.000722501
0.00594099
0.0022446
0.00108932
0.00291928
0.00191504
0.00145153
0.000998689
0.000988351
0.000409672
0.00124464
0.00110668
0.00523662
0.000909081
0.000861042
0.00223375
0.00122041
0.000660984
0.00118428
0.00158932
0.000814517
0.000936224
0.00126541
0.000598144
0.000766824
0.00211895
0.000999373
0.000618005
0.000626007
0.00103095
0.000916853
0.000643983
0.000517434
0.000725824
0.000473077
0.0016582
0.00164323
0.000861134
0.00171639
0.00107096
0.00252425
0.00140971
0.000948873
0.0012111
0.00263527
0.000739662
0.000677872
0.00148245
0.000808471
0.00087832
0.00213893
0.00143429
0.000843966
0.00121219
0.00330181
0.00105214
0.00114313
0.000809596
0.000682337
0.000788642
0.000874269
0.000401069
0.00148818
0.000923348
0.00291375
0.0024374
0.00110788
0.00145781
0.000701499
0.00315194
0.000927905
0.00121485
0.00185216
0.00174622
0.00107957
0.00110037
0.000553815
0.00116272
0.00093713
0.00131172
0.00114538
0.000750225
0.000963091
0.00104964
0.000838171
0.000567007
0.00347077
0.000899417
0.00116885
0.00122062
0.000601549
0.000683061
0.00112509
0.00267872
0.000866695
0.00130515
0.000861774
0.00108575
0.00183626
0.00190023
0.00133616
0.000658376
0.000765918
0.00079253
0.00128079
0.00064054
0.00138025
0.00319015
0.00182595
0.000741383
0.000487872
0.00133175
0.000855474
0.000697982
0.00120915
0.000694034
0.00132505
0.000539166
0.000544105
0.00170041
0.000727171
0.000836365
0.000981358
0.000896437
0.00239434
0.00369549
0.00087321
0.000729118
0.00111501
0.00175212
0.00114184
0.00170027
0.00178487
0.000386308
0.000888631
0.00851483
0.00298746
0.00114881
0.00125211
0.00155903
0.00111457
0.00156784
0.00115727
0.000917722
0.00479309
0.000611608
0.00161566
0.000648463
0.0018202
0.000741384
0.00100199
0.00148188
0.00133963
0.000430196
0.000671549
0.00198028
0.0025132
0.00170326
0.00305195
0.00144994
0.00145428
0.00186738
0.00166531
0.000864556
0.000972394
0.00051034
0.00194261
0.000861971
0.000937952
0.000803317
0.00193343
0.00245042
0.00187672
0.000931959
0.0021379
0.00105124
0.00511834
0.000947257
0.0021727
0.00296506
0.000719347
0.00208993
0.000670932
0.000846776
0.00136307
0.00255798
0.000883757
0.000904334
0.007723
0.00181042
0.00155472
0.00113075
0.000659154
0.000727499
0.00106507
0.0013698
0.00151658
0.000966006
0.00107897
0.00126995
0.000857108
0.00102833
0.00142247
0.000802424
0.000910175
0.0029741
0.000837418
0.00441469
0.0018484
0.000809154
0.00110219
0.00149639
0.00163209
0.00054952
0.000877817
0.0024787
0.000619082
0.00153524
0.000947502
0.00192901
0.000887294
0.00253139
0.00084574
0.00113776
0.000864333
0.000103643
0.00146813
0.00123279
0.000621002
0.00171634
0.000446731
0.00164102
0.00218325
0.000791073
0.00107634
0.000429118
0.000612624
0.00220265
0.0016498
0.00141887
0.00210437
0.00195411
0.00111472
0.000913592
0.00110904
0.00127087
0.000521602
0.00250888
0.00128295
0.00054874
0.000434175
0.00145429
0.00101808
0.00127337
0.00134165
0.000988792
0.00246285
0.00169078
0.00155274
0.00330144
0.00221236
0.00696488
0.000770061
0.00154513
0.00118662
0.000943116
0.00135588
0.000696185
0.000746555
0.00101584
0.00160371
0.000473725
0.000593344
0.00490456
0.000842696
0.000874531
0.00303727
0.000797283
0.00167609
0.00146736
0.00153858
0.00149259
0.000922224
0.00371095
0.00132682
0.000839371
0.00180896
0.00128565
0.00155224
0.000787599
0.00060923
0.00331596
0.00292779
0.000556106
0.0022635
0.000915116
0.00576721
0.00299855
0.00852282
0.00398267
0.00176382
0.00151451
0.00628058
0.000285978
0.00144347
0.000635197
0.000772441
0.00071164
0.00182632
0.0158526
0.000239252
0.00178799
0.00143555
0.00293872
0.000801148
0.00117533
0.00104924
0.000658291
0.00106169
0.0019156
0.00162393
0.00134192
0.000554149
0.000617052
0.00124058
0.000857629
0.000811509
0.000831493
0.000763856
0.00125623
0.0013884
0.000806345
0.000540349
0.00135866
0.00116271
0.000897576
0.00197814
0.00209501
0.00153991
0.00129169
0.00210691
0.00111124
0.00191016
0.00339303
0.00108116
0.00160822
0.00707825
0.00381644
0.00149695
0.00151761
0.000943607
0.00324919
0.000842864
0.00128571
0.000622093
0.0012017
0.00105905
0.000575075
0.000239329
0.00121638
0.000936987
0.00179772
0.000863552
0.00127114
0.000641499
0.000924725
0.00161105
0.000620308
0.00102203
0.000486681
0.00345708
0.000590116
0.00172342
0.000785708
0.00119077
0.000609391
0.00174671
0.00114739
0.000973895
0.000814055
0.00141384
0.00235417
0.00815654
0.00155364
0.00254055
0.000567507
0.00189975
0.00031162
0.00160335
0.000720642
0.000851629
0.00134208
0.00067992
0.00162991
0.000855037
0.00112891
0.00201169
0.00642131
0.00145344
0.00601846
0.00148376
0.00243078
0.00101076
0.00068837
0.00245029
0.00790261
0.000780812
0.000411421
0.00211101
0.000497887
0.00040199
0.000906632
0.00171958
0.000519808
0.000564797
0.00376015
0.00153712
0.00118824
0.00124992
0.00116746
0.000868085
0.000740614
0.00128015
0.00173176
0.00147656
0.00184146
0.00108291
0.000735055
0.00122368
0.00122419
0.00204386
0.00157828
0.00450198
0.00130023
0.000598937
0.000394374
0.00120616
0.000536308
0.000898338
0.000900184
0.000784856
0.000635838
0.00221387
0.00118522
0.00105345
0.00453005
0.000648754
0.00323904
0.000759215
0.000487943
0.00117272
0.00110542
0.000842259
0.00108491
0.000337165
0.000829118
0.000699474
0.00490705
0.000998374
0.00163601
0.000747279
0.00107016
0.0018446
0.0224489
0.00545716
0.000513439
0.00272404
0.000875477
0.00804765
0.000487819
0.000615819
0.00116595
0.000856516
0.00122299
0.000945782
0.000664641
0.00296239
0.000748548
0.000970776
0.000988782
0.0016992
0.00073968
0.00113498
0.000850257
0.000769312
0.00126165
0.000925781
0.0022388
0.000772049
0.000613623
0.00133381
0.00115677
0.000732271
0.000447555
0.00146645
0.000883401
0.00178088
0.00100518
0.00146753
0.00100638
0.00141165
0.00195852
0.000900776
0.000934328
0.00114862
0.00444463
0.000796676
0.00520711
0.00175333
0.0005602
0.00137682
0.00138169
0.00290641
0.00146254
0.00144497
0.000621949
0.00425206
0.00563961
0.0013688
0.00116926
0.000991925
0.00114443
0.00058154
0.000931183
0.00136245
0.00158063
0.000780189
0.00170208
0.00129659
0.000814577
0.00120566
0.000645971
0.00146029
0.00026844
0.000547796
0.000918079
0.00083658
0.000590908
0.00375032
0.000609939
0.00091099
0.000878657
0.00157476
0.00071771
0.000665435
0.00215793
0.00108417
0.000601866
0.00126508
0.000574381
0.0013886
0.0011423
0.00113906
0.000663593
0.00296576
0.000773176
0.00113163
0.00119223
0.00100128
0.00166184
0.00115058
0.00304655
0.0011455
0.000561442
0.00105759
0.00193063
0.000841156
0.00177981
0.00197249
0.00161798
0.00176008
0.00109256
0.00161846
0.00110114
0.00127953
0.00209059
0.00175032
0.00111128
0.00077344
0.000639437
0.0011922
0.00298254
0.00137085
0.000915124
0.00143942
0.000984809
0.000640498
0.000697301
0.000964093
0.00108543
0.00049204
0.00175431
0.00142063
0.00101845
0.000919527
0.000958346
0.00173668
0.00166078
0.000634652
0.00114632
0.0018689
0.00247651
0.00103156
0.000993384
0.00156193
0.00145068
0.00167524
0.00107668
0.00390464
0.000872944
0.00202618
0.000431824
0.000548862
0.00112407
0.0006512
0.00141726
0.000876359
0.000877477
0.00316949
0.00167845
0.00204506
0.00163572
0.000963525
0.00102796
0.000415718
0.000765714
0.00120611
0.00465907
0.0016805
0.000685664
0.000562732
0.0010234
0.000853874
0.00126907
0.00145655
0.000976744
0.00196085
0.000848778
0.00187399
0.000352593
0.00110047
0.00160193
0.000914073
0.000640399
0.00152351
0.000702071
0.000763403
0.00114477
0.0025266
0.00189633
0.000184581
0.00186508
0.00276105
0.00105019
0.0010903
0.0005291
0.0013717
0.00170618
0.00128093
0.00199568
0.00129661
0.00152853
0.0013467
0.000987572
0.000863095
0.00147623
0.00286216
0.00161406
0.00561445
0.000883085
0.000658294
0.000771356
0.000637675
0.00407619
0.000890844
0.000656066
0.00415243
0.000594014
0.000960024
0.00112758
0.0155953
0.00089675
0.00156079
0.00125472
0.0014158
0.00159119
0.00097248
0.00102345
0.00414991
0.000810829
0.00140537
0.00100839
0.000838956
0.00343783
0.00250312
0.00105451
0.00499603
0.00183281
0.000554756
0.000977758
0.00689791
0.000412105
0.000773383
0.00167912
0.00120723
0.00097931
0.00106352
0.00105218
0.000579284
0.00123296
0.00130845
0.00301529
0.0012736
0.00120385
0.001019
0.000557018
0.00081034
0.0015112
0.00082298
0.00423071
0.000949432
0.00243608
0.000992097
0.00239305
0.00083727
0.000453911
0.00670575
0.000980935
0.00108077
0.000734856
0.00120305
0.0014037
0.00128615
0.00125038
0.000923317
0.00121026
0.00135594
0.00140201
0.00101614
0.00155288
0.00114358
0.00101043
0.0020827
0.0012341
0.000771867
0.000780823
0.00123683
0.00103542
0.00249588
0.00111532
0.000739398
0.00122261
0.00039193
0.000761887
0.00128936
0.000793267
0.000582216
0.00223227
0.000991985
0.000348781
0.000391639
0.00182083
0.0011725
0.00106656
0.000864916
0.000599047
0.000311667
0.00221759
0.000656849
0.0008307
0.000577118
0.00075914
0.00193701
0.00257236
0.00109041
0.00223098
0.00116692
0.00105135
0.00185474
0.00458646
0.000464211
0.00152413
0.0020374
0.00317541
0.0015252
0.00122336
0.000468436
0.00126661
0.00647749
0.000846326
0.000479889
0.0011494
0.000943198
0.00111086
0.00072529
0.00106743
0.00116276
0.000948157
0.00102584
0.000406159
0.00120147
0.0015351
0.00074305
0.000517075
0.00134983
0.000814542
0.0013143
0.00109579
0.000668195
0.000624317
0.00105988
0.00126009
0.00486368
0.000639054
0.00200089
0.000819873
0.000953407
0.000277272
0.00106882
0.00252963
0.00113104
0.00119492
0.000757479
0.0037463
0.000842835
0.000879557
0.00330356
0.00152097
0.000985231
0.00113527
0.00145039
0.00119665
0.00238535
0.00102921
0.00102545
0.000852605
0.00949977
0.000632551
0.00120869
0.00132296
0.000912009
0.00279424
0.00132461
0.000641927
0.000620135
0.00138229
0.00097008
0.000840808
0.000604351
0.000860276
0.000622514
0.000930252
0.000986684
0.000455868
0.000791809
0.00108529
0.00129524
0.000645433
0.00128597
0.0010843
0.00195406
0.00121167
0.0012953
0.000718426
0.00119807
0.00112041
0.00150161
0.00685149
0.000952819
0.000904898
0.000438447
0.000624924
0.00212473
0.00156673
0.000898302
0.000304358
0.00111054
0.00494873
0.00380168
0.000898683
0.00142855
0.000698345
0.00136512
0.00119318
0.00104995
0.000332633
0.000681569
0.00109914
0.00143726
0.00111854
0.00156839
0.000568868
0.00160526
0.00105917
0.00181512
0.000654049
0.00110161
0.00129402
0.000815977
0.000519867
0.00080355
0.000935461
0.00460067
0.000628765
0.00108163
0.000771642
0.000624481
0.000818388
0.000719315
0.000469088
0.000860795
0.000856116
0.000260388
0.00201227
0.00154086
0.00165462
0.00114369
0.00100018
0.000510645
0.000938532
0.00124482
0.000414224
0.00181341
0.00359031
0.00229406
0.00075431
0.00239106
0.000768494
0.00130772
0.000946061
0.00487396
0.000648748
0.000761141
0.000634381
0.00146669
0.000910795
0.00220781
0.00124455
0.00286958
0.00200488
0.000302898
0.000764225
0.00122942
0.00052506
0.00106529
0.00204495
0.00136839
0.000643154
0.00122118
0.00215555
0.000843288
0.000646454
0.000876765
0.000539303
0.00151558
0.00159432
0.00133019
0.00113492
0.000548875
0.000907703
0.00173789
0.000950396
0.00605616
0.000674447
0.00112176
0.000975868
0.00201809
0.000561153
0.000943399
0.00126412
0.000812112
0.00195123
0.000868063
0.000604675
0.00104954
0.000976316
0.00123273
0.00078328
0.000556073
0.000825746
0.00111693
0.00117916
0.00299354
0.000922926
0.00141754
0.000474785
0.00843573
0.00199937
0.00167513
0.00126311
0.00271488
0.000943328
0.00138478
0.00143191
0.001019
0.00126852
0.00101979
0.00147352
0.00293722
0.000818946
0.00109746
0.00218421
0.00117375
0.000995058
0.00146512
0.000880383
0.00619236
0.000690108
0.00101947
0.0015771
0.000943806
0.000989505
0.00184135
0.000899857
0.00106195
0.00181901
0.00107392
0.00131203
0.000390892
0.001583
0.000944227
0.00198904
0.000653888
0.000984927
0.00173649
0.00812748
0.000880289
0.00110262
0.00138823
0.000928414
0.0011251
0.000870768
0.00250072
0.000273256
0.0013886
0.00206349
0.000731936
0.000853093
0.000608188
0.00112778
0.000312451
0.00163185
0.00025024
0.00212971
0.000678902
0.00109127
0.00122215
0.000554557
0.000476657
0.00111522
0.0010961
0.00070655
0.000996233
0.00127749
0.00294289
0.000333502
0.00167365
0.00096577
0.00150569
0.000302531
0.000393732
0.00116431
0.00102235
0.0017791
0.00080259
0.000853736
0.000436706
0.000709364
0.00119729
0.000571745
0.00132012
0.0012146
0.00100748
0.0029308
0.000725433
0.00257873
0.000864814
0.000455183
0.000851338
0.0030395
0.00138363
0.00101687
0.00153487
0.000699557
0.000711359
0.000316287
0.00112877
0.00168036
0.00107208
0.00171799
0.00101397
0.00705673
0.00100761
0.00419326
0.000729128
0.00123459
0.00092956
0.000859314
0.00072912
0.00171477
0.00111624
0.00118156
0.000828907
0.000870797
0.00110297
0.000850451
0.00132439
0.000935006
0.000273528
0.000506148
0.000736417
0.00183683
0.00180175
0.0017537
0.000650638
0.00172905
0.000812382
0.0012551
0.00157344
0.00131045
0.00101627
0.00125608
0.00191841
0.00163253
0.00199019
0.000862527
0.000555592
0.00181963
0.000586788
0.00101604
0.00055889
0.000785896
0.000962926
0.00125932
0.00157897
0.00166289
0.000959833
0.00252367
0.000896266
0.00151819
0.00090552
0.00410358
0.000886119
0.00170874
0.00324126
0.000506935
0.00142433
0.00157926
0.00162954
0.00199403
0.000978287
0.00120952
0.00144153
0.000788952
0.00337567
0.000355292
0.00168802
0.000370914
0.000910499
0.00125984
0.00101129
0.00174919
0.000782807
0.00285769
0.00231287
0.000541392
0.0014285
0.00107153
0.00154423
0.00125494
0.00145824
0.00119304
0.00105529
0.0011642
0.000280865
0.00177128
0.0014825
0.000632338
0.00259639
0.00167509
0.00132829
0.00127983
0.000998212
0.000556972
0.00116326
0.000792094
0.00027673
0.00258203
0.00154726
0.000772908
0.00117242
0.00107368
0.000919526
0.00101911
0.000831094
0.000830121
0.000650398
0.00108254
0.0046075
0.00247808
0.00154561
0.000638103
0.000813653
0.00158704
0.00082374
0.00108561
0.00115731
0.00192806
0.000836785
0.00113419
0.000719163
0.00114844
0.00108265
0.000922508
0.000696331
0.00154725
0.000984815
0.00064855
0.0005833
0.000917363
0.000707089
0.00114107
0.000720491
0.000708106
0.000878245
0.00564661
0.000423613
0.00151255
0.000668742
0.000700823
0.000979612
0.000951731
0.0018253
0.00121709
0.00148391
0.00118921
0.000676093
0.00170752
0.00180998
0.00192173
0.000958056
0.00098491
0.000677451
0.00202282
0.00132128
0.00105271
0.000424188
0.000495424
0.00126921
0.00113914
0.00104759
0.00102327
0.000890358
0.00114029
0.00105428
0.00137487
0.000925714
0.000845981
0.00165456
0.00107705
0.000765478
0.00108076
0.00220381
0.000943063
0.000610198
0.00125962
0.00143415
0.00379513
0.000883217
0.00174173
0.00148405
0.00153147
0.00112561
0.000935922
0.001741
0.000789189
0.00132332
0.00159601
0.00106228
0.000444889
0.00218815
0.000701545
0.00100957
0.000988726
0.00103978
0.00202467
0.00140653
0.00063756
0.00142941
0.0103959
0.000582144
0.000824714
0.00140445
0.00170722
0.000352684
0.00131762
0.000822483
0.000744497
0.000617065
0.00185473
0.00184076
0.000431941
0.00652921
0.00116216
0.00100661
0.0136971
0.0184825
0.000959681
0.000843001
0.00118213
0.00194281
0.000904428
0.000920515
0.00100279
0.000723536
0.00236289
0.00143835
0.000775079
0.00053507
0.000864208
0.00165455
0.00147333
0.00077544
0.0016927
0.000818038
0.000961946
0.00126592
0.000767468
0.00096873
0.000957018
0.000539764
0.000804439
0.00110806
0.000875287
0.00157082
0.00526059
0.00320891
0.00143922
0.000489765
0.00314191
0.00137247
0.0013593
0.000974619
0.00216304
0.000953083
0.00152403
0.00121735
0.000797232
0.00362483
0.000804673
0.0022427
0.00119954
0.000882692
0.0012184
0.00164302
0.000814518
0.0010296
0.00248526
0.0007228
0.0014424
0.00560539
0.000617454
0.000412445
0.00126103
0.00047054
0.00105959
0.00273328
0.00153092
0.00366998
0.000535328
0.00144766
0.000751824
0.00289823
0.00111072
0.000931092
0.00165814
0.0001133
0.000929367
0.000608775
0.00083404
0.00102534
0.00124887
0.000545206
0.00111782
0.00108062
0.00120173
0.000384868
0.00208264
0.00118821
0.00128463
0.000795183
0.00140594
0.00176029
0.00108555
0.00083577
0.000892009
0.00180645
0.00112905
0.000707068
0.00282395
0.000935191
0.000971751
0.000331539
0.000897256
0.000590702
0.000567879
0.00133441
0.000752512
0.00110223
0.00179515
0.0014259
0.00230442
0.000337678
0.00112368
0.0455354
0.00164701
0.001549
0.00135398
0.00285786
0.000594055
0.00025571
0.000809887
0.00100152
0.000719268
0.000779309
0.00236792
0.00222198
0.00202081
0.000185947
0.000974939
0.00043082
0.000751994
0.00111939
0.00228909
0.00163523
0.00156097
0.00171779
0.00174083
0.00102262
0.000345463
0.0149896
0.000974945
0.000884694
0.00131935
0.000933886
0.00166063
0.000701301
0.000729234
0.000474237
0.00107824
0.00103094
0.00101599
0.00190666
0.000710394
0.000699901
0.00259363
0.000549055
0.000987875
0.000490781
0.00091143
0.000858569
0.00290401
0.000338508
0.000707886
0.000898948
0.00155605
0.00331652
0.00058534
0.000981444
0.00198538
0.00128695
0.000797777
0.000595298
0.000460325
0.000842718
0.0012316
0.000929474
0.00143757
0.00490774
0.00122242
0.000368005
0.00135085
0.00162333
0.00197203
0.00148891
0.0012285
0.000847211
0.00208573
0.0227763
0.000851535
0.00419794
0.000954518
0.00140321
0.000892215
0.00156493
0.00147461
0.00161821
0.000812833
0.000533065
0.000864756
0.00120347
0.00139035
0.00118493
0.000729551
0.00108465
0.00118463
0.00136537
0.00105821
0.00190026
0.000881503
0.00151723
0.00116775
0.00476808
0.00156286
0.00106037
0.0158607
0.00104759
0.00147794
0.000987282
0.0032645
0.0019542
0.00080462
0.000553388
0.00127077
0.00173993
0.00301672
0.00240951
0.00104457
0.00162609
0.00174783
0.0371366
0.000565482
0.00155499
0.00426204
0.002218
0.000777005
0.00115546
0.000899897
0.00148986
0.000980518
0.00130453
0.00143997
0.00227824
0.00101148
0.00158267
0.00105142
0.000828893
0.00104234
0.00222547
0.0025048
0.00302445
0.000801177
0.000899819
0.000789965
0.000930564
0.00138012
0.000878282
0.00117121
0.000859118
0.00637052
0.00561883
0.00543997
0.00118728
0.000572693
0.000712855
0.00104496
0.00112592
0.000856766
0.000983149
0.000862664
0.00205773
0.0016465
0.0012796
0.000800971
0.00135226
0.0013063
0.000707588
0.000866206
0.000985119
0.00149807
0.00148316
0.00202837
0.000759919
0.00102787
0.000727106
0.00653934
0.00218593
0.00207637
0.00135448
0.0033974
0.0012975
0.00924669
0.000779778
0.00151639
0.00281628
0.00114091
0.00170418
0.000856964
0.000847835
0.00152804
0.00080044
0.00110217
0.00151404
0.00125685
0.00107214
0.0010954
0.00108269
0.000980172
0.00108303
0.000818339
0.00110305
0.00167121
0.00115255
0.00813529
0.00186272
0.000896647
0.00190151
0.000730193
0.000484444
0.00142683
0.00104507
0.00364231
0.000835571
0.00369061
0.00127982
0.00121912
0.00113108
0.00115252
0.000934184
0.00122064
0.000961189
0.00347771
0.00103707
