0.00030501
0.000580507
0.000226392
0.000317591
0.000418305
0.000553913
0.000607209
0.000453476
0.0012514
0.00624107
0.000374788
0.000330738
0.00072062
0.000322166
0.000297424
8.60201e-05
0.000517103
0.000528068
0.000501826
0.000482359
0.000700182
0.000321928
0.000430416
0.000950383
0.000322753
0.000395752
0.000670104
0.000452815
0.000588532
0.000555406
0.000487282
0.000330967
0.000552793
0.000184614
0.000358992
0.000575536
3.74416e-05
2.01675e-05
0.000350265
0.000743889
0.000466894
0.000114538
0.000444416
0.000388456
0.000603756
0.000253479
0.000509453
0.000565985
0.000574299
0.000425054
0.00125915
0.00083994
0.000902908
0.000471276
0.000168912
0.000990223
0.00112092
0.000447465
0.000359148
0.0127616
0.000119666
0.000167918
0.000298726
0.000135004
0.000374529
0.00047525
0.000776456
0.000612888
0.000622823
0.00105478
0.000462304
0.000839509
0.000418553
0.00031963
0.000473911
0.000555829
0.000414231
0.000252583
0.000677018
0.000188461
0.00673066
0.0003751
0.000461188
0.000167496
0.000410462
0.000473137
0.000569746
0.000535239
0.000373869
0.000282427
0.000306211
0.000541386
0.000775602
0.000263305
0.00147231
0.000473564
0.000589271
0.000876274
0.000216843
0.000570672
0.000114299
0.000302317
0.00325643
0.00056298
0.000194195
0.00178895
0.00100213
0.000532394
0.000639617
0.00110055
0.000337352
0.000710049
0.00057941
0.00106733
0.00511685
0.000316006
0.000678077
0.000803131
0.00830496
0.000338862
0.000217937
0.000559101
0.00134052
0.000822863
0.000442528
0.00060616
0.000927698
0.000224164
0.00102654
0.00106295
0.000216147
0.000280637
0.00100781
0.000165219
0.000399428
0.000353459
0.00191489
0.00077542
0.000598397
0.000773348
0.000256259
0.000565478
0.000425137
0.000157136
0.00085383
0.000642304
0.000212571
0.000892384
0.000699685
0.000388659
0.00049148
0.000491118
0.000503891
0.000418459
0.000501417
0.0011477
0.000221936
0.000911785
0.000250204
0.000647657
0.000518905
0.00293308
0.000387079
0.000431235
0.00150544
0.000279646
0.000363449
0.00104211
0.000847333
0.000155097
0.000445166
0.0186416
0.00161302
0.00050392
0.000127622
0.000304473
0.000610264
0.000723219
0.000400801
0.000366405
0.000612567
0.00074403
0.000280101
0.000427123
0.000524001
0.000363165
0.00115906
0.00059895
0.000547461
0.000331634
0.000313418
0.000737234
0.000176852
0.000883016
0.000428342
0.000674113
0.000406256
0.000629221
0.00123005
0.00102779
0.0004202
0.000895303
0.00033652
0.00033904
0.000214146
0.000862244
0.00589783
0.000302806
0.000239443
0.000515396
0.00314483
0.000758068
0.000316091
0.00102545
0.000416661
0.000277279
0.000257218
0.000285502
0.00165505
0.000518605
0.00012773
0.000302917
0.0006241
0.000445943
0.000560927
0.000259875
0.000556661
0.000333375
0.00032899
0.000266137
0.000557598
0.000123196
0.000738719
0.000451985
0.000553968
0.000667733
0.000225864
0.00123237
0.000469104
0.000657709
0.000392585
0.000456395
7.41818e-05
0.000106207
0.000473029
0.000417049
0.000755057
0.000520377
0.000270647
0.000472304
0.00115542
0.000292092
0.000289891
0.000853625
0.000321914
0.000288541
0.00183084
0.000324841
0.000476243
0.00053026
0.000238818
0.000718444
0.000199794
0.000714811
0.000483304
0.00042002
0.000410515
0.000429507
0.000271623
0.000376499
0.0031088
0.000190112
0.000801674
0.00129316
0.00112496
0.000400721
0.000673776
0.000546318
0.00053121
0.00220826
0.00137047
0.000562228
0.000539216
0.000640659
0.000739895
0.00043123
0.000668696
0.000246227
0.000776756
0.000692596
0.00992732
9.65031e-05
0.000323492
0.000522689
0.00064312
0.000566809
0.00106558
0.00073602
0.00030909
0.000833707
0.000688992
0.000644445
0.000320038
0.000736915
0.000349721
0.000536742
0.000833707
0.000203875
0.000427462
0.000223848
0.0057881
0.000406533
0.000349411
0.00033594
0.00111856
0.000256994
0.000442978
0.000465519
0.00183121
0.000516758
0.000354183
0.00126025
0.00107715
0.00066487
0.000668694
0.000434896
0.0084335
0.000993066
0.000518528
0.000530299
0.00102373
0.000487969
0.000193197
0.000380189
0.000380967
0.000335085
0.000269865
0.000311978
0.000252466
0.000908398
0.000597489
0.000364502
0.000201524
0.000339008
0.000547353
0.00325426
0.000945495
0.000663233
0.000627004
0.00127028
0.00136603
7.70585e-05
0.000415598
0.000684059
0.000349944
0.000220726
0.00106386
0.000415849
0.000549694
0.000528447
0.000177601
0.000632051
0.00119912
0.000557683
0.000221067
0.000545796
0.000688056
0.000649166
0.000409917
0.000410568
0.000326507
0.000334791
0.00154474
0.0011101
0.000370684
0.000683534
0.000481291
0.00081253
0.000369718
0.00341295
0.000460467
0.000494886
0.000297509
0.00070967
0.000303823
0.00067172
0.000572387
0.000968383
0.000848236
0.000859184
0.00132453
0.000421525
0.000980835
0.000338578
0.00039794
0.000448771
0.000255116
0.000987947
0.00022584
0.000188021
0.00044025
0.000472944
0.000491999
0.000421568
0.000434191
0.000321103
0.000344887
0.00053285
0.002072
0.000193959
0.00027992
0.000217104
0.000456913
0.000435872
0.000304887
0.000584157
0.000628732
0.000194775
0.000386203
0.000842744
0.000325768
0.00105511
0.000438719
0.00043573
0.000639946
0.000713732
0.000254969
0.000277339
0.000391192
0.00134484
0.000577009
0.000988395
0.000645701
0.000187543
0.000435288
0.0010605
0.000257284
0.00158103
0.00279804
0.000181488
0.000270014
0.000547673
0.000515679
0.000945137
0.000564841
0.000719316
0.0010996
0.000405686
0.000432907
0.000755458
0.000779269
0.000895455
0.000129071
0.000483159
0.000386873
0.000306238
0.000390068
0.000558432
0.000585443
0.000903178
0.00034638
0.000803183
0.000354994
0.000204037
0.00358752
0.000649358
0.000723097
0.000316657
0.000521102
5.35109e-05
0.00053118
0.0012909
0.00486239
0.000341529
0.000115027
0.00136155
0.000264776
0.000373536
0.00032669
0.000168521
0.000360092
0.000368266
0.000561968
0.000285587
0.000430732
0.000582274
0.000612752
0.000603641
0.000177934
0.000364968
0.00645786
0.000392953
0.000596238
0.00049662
0.000819362
0.000483599
0.00073175
0.000380852
0.000295531
0.000102839
0.000567019
0.000482252
0.000243232
0.00128752
0.00156598
0.00121582
0.000140743
0.000486481
0.000388078
0.0038337
0.000478674
0.000332583
0.000101888
0.000678859
0.000350469
0.000654055
0.000585166
0.000269419
0.000119244
0.000282598
0.000258249
0.00027744
0.000593218
0.000425355
0.00109273
0.000481214
0.000546674
0.0867415
0.000782972
0.000616772
0.000176133
0.000663984
0.000993381
0.00036592
0.000311483
0.000682969
0.000758926
0.00040291
0.000520585
0.000880056
0.000292404
0.000757348
0.000295187
0.00118518
0.000635595
0.000959058
0.00108874
0.000946718
0.00106214
0.000668277
0.000409443
0.000452183
0.000477183
0.00125001
0.000424472
0.000719799
0.000553175
0.000810501
0.000437262
0.000601328
0.000271381
0.000313346
0.000350423
0.000391905
0.000490137
0.000725686
0.000441729
0.000749497
0.000267122
0.000352263
0.000268358
0.000295818
0.00027087
0.000358093
0.000500459
0.00124621
0.000638232
0.0011783
0.000565347
0.00027717
0.00110015
0.00051626
0.00040931
0.000723308
0.000191658
0.000512499
