0
0.000220275
2.96955e-05
8.63295e-05
0.00235762
0.000100974
4.53634e-05
2.35773e-05
0.000308447
0.000146762
0.00125846
0.000173465
6.4082e-05
0.000263133
0.0002026
0.00019629
3.87322e-05
0.000125778
0.000358787
0.000173126
0.000159156
0.000184023
9.77752e-05
9.45955e-05
0.000111658
0.000171794
0.000250105
0.000214953
0.000418234
0.000106414
7.94042e-05
7.24642e-05
0.000119489
4.19546e-05
0.000135813
0.000133731
0.00058323
0.000123931
0.000348988
0.000114836
0.000125292
7.47789e-05
5.50482e-05
0.000155676
0.000214453
0.000449568
0.000163258
0.000262615
4.37055e-05
0.000201141
0.000152456
0.000133817
0.000129779
0.000379724
8.73912e-05
0.000113639
0.000326071
0.000277904
3.99218e-05
2.28186e-05
0.000261662
5.28086e-05
0.000354321
0.000280586
7.54655e-05
0.000276739
8.55611e-05
0.00010725
9.53442e-05
0.000280501
0.0166264
0.000246968
0.000164977
0.000395288
0.000177824
0.00024951
0.000305116
0.000153513
0.000178562
0.00019249
0.000376005
0.00012299
9.76963e-05
0.000139513
9.87533e-05
0.000139676
0.00019778
0.000206477
0
8.26063e-05
0.000143424
0.000234546
0.000648564
0.000218201
0.000416677
0.000154223
0.000171156
0.000234513
3.24904e-05
9.71241e-05
0.000301125
0.00023867
5.09314e-05
0.000200059
0.000165092
0.000212762
0.000539897
0.000106529
0.00124879
0.000420579
0.000170465
0.000190195
3.77095e-05
8.37454e-05
6.46708e-05
0.000116037
0.000144888
0.000214621
0.000107489
7.75622e-05
1.11194e-07
0.000605121
8.81988e-05
0.00017128
0.000174115
8.61494e-05
0.000666533
0.000200301
3.83996e-05
0.000161764
0.000219481
5.83947e-05
4.00663e-05
0.000772872
0.000274606
0.000496286
0.000492291
0.000135209
0.000163362
0.00018719
0.00019417
8.58817e-05
0.000203306
2.59279e-05
8.03088e-05
0.000201639
0.000102718
0.000137112
0.000976248
0.00101407
0.000116806
0.000186159
0.000118506
0.000469016
0.000133662
0.000450832
0.000321415
8.81426e-05
0.000232908
0.000241584
0.000231649
0.000249675
0.00010644
0.000122671
0.000220642
0.000153925
8.80558e-05
0.000221852
6.47556e-05
0.000470886
0.000119107
0.000104646
0.000150702
0.000144522
0.000265046
3.93452e-05
3.92471e-05
8.91225e-05
3.65227e-05
0.000167981
0.000341966
0.000171206
0.000126973
0.000267687
0.000198064
6.06434e-05
0.000203938
0.00042614
0.000154917
0.000104819
8.22486e-05
0.00029708
1.17374e-05
0.000281086
0.000155278
0.000149583
1.56362e-05
8.76131e-05
0.000168367
0.00022252
3.62459e-05
0.000176128
0.000464403
0.00019015
0.000114786
0.0114896
1.59929e-05
0.000231388
0.000623495
0.000410558
4.48559e-05
0.000125205
0.000116855
0.000273603
0.000304901
0.000302789
0.00016476
0.000108714
0.000302166
0.000432158
9.1003e-05
0.000101824
0.000194336
0.000266321
0.000143606
0.000114273
0.000399656
0.000253996
0.000149727
9.79878e-05
5.53773e-05
0.000100051
0.000107702
0.000139581
0.000194525
0.000112849
0.000259573
0.000122184
0.000152246
9.04989e-05
0.00070282
0.000186672
0.000132562
9.45801e-05
8.71268e-05
0.000260803
0.000157913
0.000232121
0.000138879
0.000965641
5.99405e-05
0.000172439
0.000180573
0.00011456
0.000235729
0.000611417
0.000103195
9.61248e-05
9.95605e-05
0.00024464
0.00020728
0.000196335
2.62154e-05
0.000175039
0.000144802
3.72807e-05
8.63804e-05
0
0.000163352
3.42757e-05
0.000115575
0.000371457
7.9352e-05
0.000219656
0.000173627
0.000192863
0.000125835
0.000165111
9.51527e-05
0.00266577
0.00293475
0.000120429
0.00020265
0.000104105
0.00014199
0.0001226
0.000288385
0.00018309
0.002478
0.000288605
0.000114359
0.000162962
2.80183e-05
0.000182636
8.89462e-05
0.000174217
8.76196e-05
0.000187165
9.9197e-05
0.000125194
0.000159395
5.04488e-05
0.000131666
0.00102944
0.000133327
0.000309615
4.72604e-05
5.49474e-05
0.000146795
0.000216364
8.75518e-05
0.000123852
0.000309499
0.000177997
0.000160102
8.96618e-05
0.000277742
7.85356e-05
0.000159947
0.000198603
0.000177362
0.00047791
0.000518706
0.000172436
0.00036038
0.000176501
0.000115134
0.000192476
0.000233105
0.000121858
0.000327029
2.38883e-05
0.000205377
0.000158776
0.000167552
0.000561814
0.000118879
0.000174797
0.000108295
6.02866e-05
4.17589e-05
9.94042e-05
0.000298563
4.33413e-05
2.89751e-05
0.00024805
0.000192371
0.00052647
0.000148349
0.00018933
3.89539e-05
0.000407801
1.37649e-05
0.00018864
0.00022376
0.000172658
0.000178539
6.83203e-05
7.13016e-05
0.000269369
0.000278195
0.000186211
9.05114e-05
0.00055653
0.00030099
0.000321743
0.00015741
3.43159e-05
0.000141539
0.000218151
0.000147928
0.000509167
8.39417e-05
0.000107116
9.59034e-05
0.000133144
0.000179094
0.000734058
0.000136678
0.000249174
1.23224e-05
0.000180269
5.61666e-05
8.38455e-05
8.93808e-05
0.00021073
9.92187e-05
9.11363e-05
6.65545e-05
0.000246144
0.000179652
7.7957e-05
1.69004e-05
0.000385761
0.000142098
3.90657e-05
0.000284938
0.000247299
0.000107429
0.000243521
7.39786e-05
0.000384151
0.000338891
8.22828e-05
0.000146139
7.86646e-05
0.000202865
7.59341e-05
0.000120687
0.000180377
0.000182902
3.98945e-05
0.000134388
3.7771e-05
0.000274321
3.7373e-05
7.38296e-05
0.000373266
0.000198067
5.03242e-05
0.000190438
5.82491e-05
0.000139379
0.000226064
0.000585771
0.00251078
8.39807e-05
3.06045e-05
8.92888e-05
0.000274071
0.000212506
7.88028e-05
1.74108e-05
0.000101007
0.000117985
8.25546e-05
0.000228172
0.000403584
0.0004213
0.000436043
0
4.58178e-05
0
0.00011338
7.08096e-05
1.012e-05
0.000370309
0.000113471
9.85455e-05
0.000164238
0.00040818
0.000103783
0.000151083
0.000166183
0.000107239
4.58458e-05
0.000128481
0.000157274
0.000204879
3.62197e-05
0.000115537
0.000842033
0.000125155
0.000311731
0.00011694
0.000184338
0.000259359
0.000136248
0.000104526
0.000148481
0.0001014
3.6395e-05
0.000146756
0.000227329
7.14195e-05
9.57549e-05
0.00013073
7.63574e-05
5.95399e-05
0.000191036
0.000157466
3.49764e-05
6.49006e-05
0.000177758
0
0.000206735
0
1.76795e-05
0.000208318
0.000107011
0.000144861
0.00218895
0.000240731
0.000104309
0.000300764
2.70417e-05
0.000277858
0.000157107
0.000262952
7.54757e-05
0.000127719
0.000261401
0.000189583
0.000184074
8.8576e-05
0.000893292
0.00105198
0.000147574
0.000325173
3.52057e-05
0.000199674
0.000199682
0.000133351
0.000245542
0.000145497
0.000258859
0.00016865
0.00014661
0.000277654
0.000113455
8.89064e-05
0.000269521
0.000155912
0.000383359
0.000295586
0.000130965
8.2352e-05
0.000168661
0.000606962
0.000197658
0.000115929
0.000196648
0.000289636
3.82896e-05
0.000130151
0.000163822
0.000391657
5.44229e-05
9.94136e-05
0
2.99445e-05
3.28851e-05
0.000222231
0.000301043
0.000449043
0.000115198
0.000122641
0.000145952
0.000549273
8.15188e-05
0.000115233
0.000134942
7.4523e-05
0.000110301
5.49106e-05
0.000162449
0.00014867
0.000143107
5.02241e-05
9.45637e-05
6.1878e-05
0.000685769
0.00028965
0.0001972
0.000335755
0.000148965
3.89091e-05
0.000248194
7.59686e-05
0.000507694
0.000114337
0.000143593
0.000150308
9.58968e-05
0.000126111
6.22283e-05
0.000115014
0.000114053
0.000167565
9.82767e-05
0.000238458
0.000152541
0.000300634
7.61131e-05
0.000191268
4.45795e-05
0.00012139
6.59448e-05
0.000306598
0.000265676
8.48187e-05
7.66016e-05
0.000325266
0.000174671
0.00181769
0.000258629
5.32598e-05
0.000485976
3.09438e-05
9.71503e-05
0.000291626
0.000184844
0.00019556
0.000112777
0.000350534
0.000156137
9.0866e-05
0.000432732
9.68975e-05
0.000253807
0.00116413
0.000269293
4.73964e-05
0.000182468
0.00185447
0.000184087
0.000264854
8.13827e-05
7.76174e-05
0.000330031
4.54807e-05
1.96465e-05
0.0001899
7.33548e-05
0.000234203
9.63998e-05
0.000141483
0.000256144
0.000361443
0.000191986
0.000168597
0.000566967
0.000174807
0.000962976
0.000219391
0.000152298
6.71208e-05
0.000175973
3.51808e-05
0.00017584
0.000135955
7.81438e-05
8.27652e-05
0.000129042
0.00036042
0.000105133
6.14406e-05
6.54671e-05
8.24141e-05
3.2924e-05
0.000114568
8.87452e-05
0.000165936
0.000153738
0.00189346
0.000175403
0.00013107
0.000246745
0.00197708
0.000280501
0.000142532
0.000190486
0.000245597
0.000161821
5.31782e-05
9.78057e-05
0.000323926
7.29863e-05
0.000394029
0.000197661
0.000164266
5.30178e-05
0.000211178
0.000180356
0.000276228
2.26949e-05
0
0.000737739
0.000402466
0.000278922
0.000180587
0.000186745
0.000173368
5.75866e-05
9.84928e-05
5.78877e-05
0.000273898
0.00018722
0.000142826
0.00113485
0.000172107
7.18725e-05
0.000170012
0.000244294
0.000294162
0.00013293
6.52825e-05
0.0002256
0.000407954
0.000375988
0.000990219
0.000267913
9.43695e-05
0.000189886
0.000203513
0.000125226
6.18828e-05
0.00067141
6.98672e-05
0.000934971
0.000129026
0.000291946
0.000235293
5.65255e-05
0.00024558
0.000168508
0.000108894
6.84226e-05
0.000150754
0.000136459
0.00012748
0.000533336
0.00144539
3.59982e-05
0.000264407
0.000149381
0.000120314
0.000224364
0.000114956
0.000166834
0.000101405
0.00012855
0.00110847
0.00012254
9.33033e-05
0.000324117
9.63364e-05
3.70457e-05
0.000191642
0.000684488
3.3334e-05
8.09718e-05
0.000502672
3.74208e-05
0.000211791
0.00012956
4.40865e-05
1.52103e-05
0.000154334
0.000444439
6.19216e-05
3.46154e-05
0.00020437
4.24894e-05
0
0.000256148
0.00040321
0.000201412
0.000131042
0.000147531
0.0001176
0.000139945
0.000182019
0.000112656
0.000938578
9.55574e-05
8.06665e-05
1.03214e-05
1.00736e-05
0.000152491
0.000482758
4.36963e-05
9.36758e-05
0
0.000117
9.68231e-05
5.21407e-05
0.000185356
0.00013616
0.000274419
0.000363848
0.000236725
0.00013728
0.000142795
6.31996e-05
0.000143166
0.000110494
0.000130984
7.89786e-05
8.06864e-05
9.76463e-05
0.000464772
2.31896e-05
2.80433e-05
0.000110882
0.000121145
7.37518e-05
0.00024218
0.000390477
0.000193112
0.00416261
0.000161042
0.000263901
0.000480808
0.00011075
0.000248187
0.000287383
0.000205677
0.0003423
0.000115968
0.00056223
8.45237e-05
5.60044e-05
0.000680919
0.000179513
0.000297338
0.000427924
0.00023304
0.000119502
0.000142534
0.000285146
3.78665e-05
0.00017955
0.000194024
8.17464e-05
4.43638e-05
0.000146625
0.000736718
0.106402
5.75269e-05
9.01891e-05
0.000537809
0.00224903
9.36562e-05
0.000841434
0.00850399
0.000260753
6.43442e-05
0.000181238
8.98544e-05
0.000205488
0.000559127
0.00102794
0
0.000159324
0.000442563
0.000138692
0.000246826
5.61943e-05
0.000211296
0.00010195
0.000116808
0.0146532
0.00040736
0.000312364
0.000183972
0.00211792
0.000131522
0.000171312
0.000709101
0.000103706
6.87935e-05
0.000248297
0.000225546
0.000428255
0.000282956
0.000694594
0.000153086
7.92054e-05
0.000125721
2.21796e-05
0.00015184
0.000251448
1.68786e-06
9.40126e-05
0.000182776
0.000446288
0.000144356
0.000171178
0.000171956
9.27329e-05
0.000341259
2.5182e-05
0
4.23767e-05
0.000317746
3.60777e-05
0.000475148
0.00153098
0.000282699
0.000125134
0.000249515
0.000210283
0.000222553
4.8125e-05
0.000207005
0.000677889
0.000235955
0.000185738
0.000454914
2.15947e-05
0.000300582
0.00020421
6.29613e-05
0.000156943
0.000358889
0.000435254
8.58137e-05
0.000221124
4.42091e-05
0.000122915
0.000121689
0.000153057
9.75528e-05
0.000151716
0.000251037
3.49809e-05
7.11403e-05
5.71855e-05
0.000158472
0.000316522
0.000818464
0.000157169
8.14304e-05
4.60511e-05
0.000270833
4.9548e-05
0.00323643
0.00100821
0.000261939
8.97178e-05
0.000160767
5.22506e-05
0.000266694
0.000479081
0.000204757
0.000152413
0.000238148
0.000471716
0.00217502
0.000115742
0.000270265
0.000425271
0.000333408
0.000137701
0.0004094
4.55247e-05
9.2316e-05
0.000113939
0.000453147
0.000247249
0.000302749
0.000151939
0.0002597
0.000336312
0.000664989
0.000139303
8.33521e-05
0.000499171
0.000137911
0.000165337
0.000178613
0.000354667
0.000503839
0.000218001
0.000297227
0.000157828
0.000229384
4.77433e-05
8.2957e-05
0.000120452
0.000168441
2.75419e-05
0.000193144
0.000190024
0.00013686
9.53371e-05
0.000540325
0.000224805
0.000185137
0.000406876
0.00033176
0.000389726
0.000227683
2.03714e-06
0.000106525
0.000196856
0.000107914
7.11855e-05
7.53379e-05
0.000224229
0.000143505
0.000253095
6.85427e-05
0.000113737
0.000196365
0.000314531
0.000223187
7.70361e-05
4.90818e-05
0.000190425
7.82001e-05
0.00023827
0.000315746
0.000158798
0.000126649
0.000139129
0.000552956
0.000328938
0.000115144
0.000179712
6.22463e-05
0.000511361
9.71803e-05
0.000118418
8.69015e-05
0.000569041
0.000198831
2.13735e-05
0.000211818
0.000134505
0.000658229
0.00101039
0.000183516
0.000312796
0.000458312
0.000146664
6.02638e-05
0.000465364
0.000148241
0.000248687
0.000198843
0.000242339
0.000143773
0.00032316
0.000112238
0.000146754
0.000333109
0.000295089
0.000159353
8.41996e-05
0.000143875
0.000671135
0.000132289
0.000279602
0.000121321
0.000127098
0.000138859
0.000394214
0.000746236
0.000184543
7.59621e-05
0.000158669
0.000211496
0.00012223
0.000251286
4.59249e-05
0.000102384
0.000235049
3.73465e-05
0.0001619
0.000117034
0.000149094
0.000142246
0.000211054
0.000140304
0.000348312
1.60131e-05
0.000147145
0.00012627
0.000608522
0.000213512
6.45784e-05
0.000144331
0.000137467
0.000105005
0.00032248
0.000133847
0.000181911
0.00013749
0.000372546
0.000371793
0.000256759
0.000230454
0.000125351
0.00059258
0.000123271
0.000349065
0.000251984
0.000972255
0.000101582
1.48811e-05
0.000240029
0.000255755
0.000355819
0.000188784
0.000135531
0.000312527
0.000165648
3.51644e-05
5.37926e-05
0.000157431
0.000346507
0.00038423
0.00134468
0.000109109
0.000485834
0.000182627
7.75687e-05
0.000356916
3.97528e-05
4.43724e-05
0.000104702
0.000536891
0.000323551
7.19481e-05
8.25718e-05
0.000165196
0.000165213
0.000135709
0.000142303
7.20588e-05
0.000266541
0.000195835
0.00015398
0.000222974
0.000116292
0.000283814
0.000150749
0.000161086
0.000397678
0.000178632
0.000339862
0.000282061
0.000266417
0.00427398
0.000133544
0.00025043
0.000146829
2.59852e-05
0.000342208
5.31048e-05
7.83723e-05
0.000750465
9.48302e-05
0.000280399
8.39614e-05
0.000110495
0.00100139
0.000298794
0.000228356
0.000133535
0.000293533
5.61558e-05
5.22167e-05
0.000226529
0.000113462
0.000157919
0.000181839
0.000208583
0.000116674
3.52455e-05
9.56822e-05
0.000123934
6.38231e-05
0.000118873
0.000122699
9.76736e-05
0.000124439
0.000253937
5.79471e-05
1.49343e-05
0.000134
0.000120532
0.000241948
0.000101111
0.00015718
0.000416631
0.000401867
5.37606e-05
0.000331947
0.000103409
0.000127986
0.000113305
0.000159344
0.000374199
8.08717e-05
0.000142427
0.00021125
0.0012735
6.74964e-05
0.000518311
0.000159249
4.44377e-05
0.000115163
0.000217205
7.31754e-05
0.000280245
0.000117521
5.13985e-05
1.34235e-05
0.000330472
0.000147759
8.454e-05
7.53611e-05
0.000148049
0.000357624
0.000173018
0.00013525
0.00013023
0.000112865
0.0001444
8.70808e-05
0.000151912
0.000130355
1.76371e-05
0.000170951
9.06035e-05
6.27796e-05
0.000100956
4.12891e-05
0.000211653
0.00102466
0.000272949
0.000384019
0.000155514
3.10011e-05
0.000325286
6.50624e-05
0.000193148
0.000430781
0.00018384
0.000132544
0.000145371
0.000173653
9.72279e-05
6.45174e-05
9.01537e-05
5.89855e-05
0.000106562
0.000191673
0.000243832
0.000185027
7.13961e-05
0.000413941
0.00010559
0.000104528
0.00130093
8.53716e-05
0.000255919
0.000109741
0.000337748
3.7013e-05
0.000148715
0.000121122
8.35655e-05
0.000162237
3.82676e-05
0.000124196
0.000190671
5.99757e-05
0.000172912
5.86619e-05
0.000108766
0.000113549
0.0149471
0.000256024
0.00024455
0.000121143
0.000221827
7.95e-05
0.000306377
4.67692e-05
3.81686e-05
0.00020671
1.97788e-06
0.000200465
1.95827e-05
7.67487e-05
0.000356679
0.00103054
9.31482e-05
0.000142155
0.000339916
0.000209291
0.000251688
0.000129217
0.000238454
4.13083e-05
0.000231087
0.000284307
0.000420477
0.000467979
0.000384853
6.27178e-05
0.000148304
0.000188548
0.00024737
0.000165287
9.76992e-05
0.000268699
2.48969e-05
0.000459362
0.000121546
0.000291244
0.000102298
0.000232823
5.45305e-05
0.000221534
0.000210664
0.000193354
9.56098e-05
5.54682e-05
0.000158487
7.66101e-05
0.000281287
0.000105865
0.000279624
0.000121915
0.000193075
0.000129307
9.33085e-05
0.000443531
0.00102133
0.000150578
5.99856e-05
0.000176645
8.29839e-05
6.92122e-05
0.000241493
0.000260735
0.000180459
0.000165887
0.000124625
0.000187671
0.000311318
0.000188658
0.000766591
0.00197054
0.000116847
7.29337e-05
4.07617e-05
0.000324966
0.000221564
0.000194041
0.000785631
0.000118638
0.000110301
4.8797e-05
0.00014796
0.000124833
0.00318644
8.61683e-05
0.000285476
0.000219725
0.000216335
4.66849e-05
0.000122821
0.00034491
0.000197523
4.55292e-05
0.000110945
0.000140713
0.000320763
0.000127212
9.13239e-05
0.0001431
0.000113513
0.000224426
0.000124584
6.54279e-05
6.35743e-05
0.000351082
0.000350783
8.19451e-05
0.000524052
9.92584e-05
0.000107038
8.24328e-05
0.000203296
0.000163577
0.000134695
0.000143142
0.000279796
0.000224338
9.59641e-05
0.000128735
0.000176815
6.38236e-05
0.000237086
0.000320368
0.000563685
9.13722e-05
0.000228781
0.00029594
9.61076e-05
1.4175e-05
0.000153005
6.34936e-05
0.000241401
0.00117708
0.00172984
0.000199687
8.80189e-05
0.000230833
0.000156417
0.000249353
0.000122758
0.00247916
0.000327564
0.000120739
6.66951e-05
0.000717552
0.000272553
8.81034e-05
9.4534e-05
0.000131207
6.4697e-05
0.000839531
0.000159913
0.000205352
0.000557472
7.55168e-05
0.000142382
0.000262074
6.83817e-05
0.000296325
0.000371811
0.00351076
0.000169702
2.15842e-05
0.000231543
0.000205851
0.000236101
0.000260461
0.000166639
0.000172916
0.00036866
0.000233557
8.35106e-05
0.000137351
0.00033933
0.00079614
0.000204074
0.000170846
0.000224097
7.44266e-05
0.000220104
8.42302e-05
0.000226111
0.000393154
0.000822791
0.000114865
9.19649e-05
0.000734033
8.62209e-05
0.00019873
0.000315521
0.000233413
0.000178491
3.73612e-05
0.00020496
0.000220735
0.000272898
0.000125597
0.000390538
0.00013909
0.000162128
0.000141256
7.04981e-05
8.46122e-05
0.00034161
0.000288764
0.000123858
7.03985e-05
0.000192963
0.000127673
0.000129847
0.00013628
0.000173057
0.000173651
0.000127006
0.000170315
0.000147343
0.000110158
0.000206397
0.00048407
0.000127283
8.40638e-05
4.52925e-05
0.000113448
6.32532e-05
4.81325e-05
0.000124518
1.46746e-05
0.000107624
0.000198067
0.000181409
7.07891e-05
0.000103058
9.5341e-05
0.000146251
4.58246e-05
6.77672e-05
0.000141523
7.67185e-05
0.00133167
0.000144556
0.0010809
