6.72401e-05
0.000339036
3.36893e-05
0.000338112
0.000319836
0.000109678
0.000132108
0.000129153
0.000215233
1.51048e-05
0.000324933
0.000205551
0.000191108
0.000288169
0.000138963
0.00106014
0.000220664
0.000179445
0.000503703
0.00019845
6.47134e-05
0.000137099
1.98283e-05
0.00012557
7.66631e-05
0.000234751
3.35641e-05
3.92534e-05
4.81581e-05
8.73843e-05
7.25852e-05
0.000125802
0.000196246
0
8.47721e-05
0.000106925
0.000168344
0.000134599
0.000209272
9.71515e-05
0.000145438
0
0.000199762
0.000203068
0.000172099
0.000110677
9.91673e-05
0.000189088
0.000103155
0.00388948
0.000293375
0.000408985
4.9297e-05
8.32293e-05
0.000115311
0.000153094
0.000200806
7.75794e-06
0.000334747
3.97834e-05
0.000140177
0.000386937
7.18448e-05
0.000244299
2.87311e-05
0.000492847
0.000117224
0.000248038
0.000154307
0.000108532
0.000142914
0.000367456
0.000297499
0.000427331
7.43157e-05
0.000161769
4.44483e-05
3.43431e-05
2.9782e-05
7.84381e-05
0.000295177
0.000109056
9.33848e-05
0.000139061
5.8259e-05
7.46582e-05
1.6499e-05
0.000121196
0.000104619
9.98423e-05
2.78174e-05
0
0.000146653
0.000225103
6.15845e-05
0.000161568
5.48887e-05
3.29545e-05
5.61099e-05
0.000147236
9.96142e-05
3.84365e-05
0.0001697
0.00036781
0.000127816
0.000209785
1.63034e-05
8.6629e-05
0.000263422
0.000406617
0.000186722
0.000268565
0.000164059
6.52411e-05
0.000911578
9.37645e-05
0.0001971
0.000124624
0.000295251
0.00032107
8.25361e-05
6.23008e-05
0
0.00107949
0.000174965
0.000166672
9.43362e-05
0.000271149
7.9455e-05
0.000156603
3.44556e-05
0.000266768
0.000376617
0.000146038
0.000307772
0.000129693
0.000404676
0.00017851
1.11171e-05
6.8962e-05
0.000646037
7.55914e-05
0.000109225
0.000433711
8.93735e-05
1.93764e-05
0.000168278
0.000183324
0.000405548
0.00066945
4.95523e-05
7.84256e-05
0.000405488
0.000305405
0.000190385
0.000183419
0.00109146
0.000102737
5.6124e-05
0.000268335
0.0002437
0.000154957
6.67495e-05
0.00018564
0.000235385
9.67876e-05
0.000115507
8.68953e-05
0.000179849
0.000156808
0.000482123
0.000266172
0.000147838
6.92863e-05
0.000132653
5.6449e-05
0.000215929
0.000172888
0.000275875
0.00086357
0.000143679
0.000115208
6.03461e-05
0.000158445
0.000221628
0.000155173
3.11979e-05
8.65993e-05
6.04548e-05
0.000321241
0.000175727
0.000190232
9.72486e-05
0.000146691
8.11703e-05
0.000433205
1.44886e-05
0.000228126
0.00340978
0.000328371
8.09326e-05
0.00012906
9.27194e-05
6.78685e-05
0.000119974
6.80154e-05
0.000197984
0.000311224
6.5702e-05
7.68254e-05
0.000108352
0.000186052
0.00064604
0.000569611
0.000236706
0.000163023
0.000116509
0.000100733
7.47889e-05
0.000186258
5.09862e-05
1.53798e-05
0.000154461
0.000214046
3.32532e-05
0.000197033
0.000101621
2.41534e-05
0.000212742
0.000162829
0.000154176
0.000151676
0.000177127
0.000130749
0.000196519
0.000260759
0.000105117
0.000233498
0.000104301
0.000203566
0.000369994
0.000180811
0.000160533
3.62185e-05
5.09984e-05
0.000135941
0.000193892
6.33101e-05
9.12726e-05
5.96551e-05
0.000397977
7.06558e-05
0.000140195
0.000250066
0.000117242
7.12308e-05
0.000150111
0.000103877
0.000111925
0.00013891
0.00025857
5.84361e-05
0.000219004
0.000419486
8.38664e-05
0.000532513
0.000218615
7.21347e-05
0.000890749
0.000113483
0.000104347
0.000162248
0.000613349
0
0.000114963
3.52416e-05
0.000156907
0.000115493
0.000321604
0.00017232
0.000363734
0.000156398
0.000229098
0.000127488
8.58882e-05
8.81398e-05
0.000117029
0.000116933
0.000121332
0.000218588
9.94385e-05
0.00225415
0.000104834
0.000167182
0.000173925
0.00014465
0.000536166
3.99686e-05
3.11273e-05
0.000237873
0.000195617
0.00082797
7.00497e-05
0.000177534
0.000137528
8.02087e-05
8.07341e-05
0.000154776
0.000269045
0.000115892
0.000110376
8.824e-05
2.95233e-05
0.000142416
0.000119537
4.80514e-05
0.000185687
2.93024e-05
2.90845e-05
0.000102172
0.000132251
7.57311e-05
0.000139885
0.000159085
1.92431e-05
8.57926e-05
0.000239914
9.66978e-05
0.000172849
2.60177e-06
0.000145642
0.000830243
0.000107424
0.000129119
0.000383863
8.57953e-05
3.03364e-05
0.000319334
0.000216291
0.000141034
0.000238575
0.000238278
0.000331944
5.51029e-05
0.000637092
0.000181911
0.00040341
9.96185e-05
0.000608425
9.38435e-05
0.000127323
6.07178e-05
0.000502117
0.000446734
0.000177726
3.00284e-05
8.51887e-05
0.000155535
0.000459825
2.79548e-05
0.000218167
0.000143209
4.29305e-05
4.28949e-05
0.000204807
0.00129666
3.40696e-05
0.000182283
1.91414e-05
9.98591e-05
0.000303716
0.00019681
0.000191858
7.75599e-05
0.00011121
6.20752e-05
0.000115962
0.00200014
0.00152007
0.000126575
0.000471713
0.00246842
9.48655e-05
0.000100274
0.000269191
0.000141494
4.33889e-05
0.000158761
0.000196221
2.757e-05
0.00015034
1.19908e-05
0.000136056
0.000152727
0.000147195
5.66109e-05
0.000141777
0.000208673
0.00032179
0.000217276
0.000116455
0.000563583
0.000150354
0.000207931
7.1279e-05
0.000888648
0.000128739
0.000214036
0.00432596
4.47056e-05
2.90268e-05
0.000122122
0.00021066
0.000110182
0.000124843
7.39558e-05
8.37947e-05
0.000201272
0.000828814
0.000192518
5.69391e-05
0.000148004
6.33255e-05
0.00221397
0.000136132
0.00018401
5.36608e-05
0.000211061
0.000237606
0.000150038
0.00015126
0.000175138
8.08475e-05
0.000214347
0.000559261
7.32435e-05
0.000177659
1.03174e-05
7.55287e-05
0.000964307
0.000202313
0.000244117
8.96285e-05
0.000637078
0.000290429
0.000248421
0.000354459
0.000358086
0.000415485
0.000140931
0.000125062
0.000103694
0.000124058
0.000185001
0.000168877
1.10001e-05
0.000251984
0.000243309
0.000769199
0.000226785
0.000379705
0.000195991
0.000183114
0.000103853
0.00110244
3.46301e-05
0.000120117
0.000133786
2.65289e-05
0.000104337
0.000193549
3.95191e-05
0.00011654
0.000229421
5.44002e-05
0.000579373
8.25046e-05
0.000145796
0.000135029
0.000205521
0.000190752
0.000222979
0.000263184
0.000186524
0.000265387
0.000166805
0.000233346
0.000261607
0.00016368
9.95952e-05
9.31207e-05
8.41867e-05
0.000202809
0.000310538
0.000225425
0.000385581
0.000189936
0.000666659
0.000122945
8.85138e-05
8.6528e-05
0.000155535
0.000130811
8.31163e-05
0.00011633
0.000411604
0.000284171
0.000141316
0.000283468
0.000230035
0.000144465
0.000165097
0.000181719
0.000493826
0.0123807
0.000462038
2.50567e-05
0.000124613
8.96775e-05
0.000655941
0.000215853
0.000955271
0
8.4561e-05
0.000105789
2.44145e-05
0.000115437
0.000223268
1.40143e-05
0.000119333
0.000108871
8.64273e-05
7.14763e-05
1.69669e-05
3.20721e-05
0.000258381
3.71694e-05
0.000427177
7.24058e-05
0.000249207
8.22906e-05
0.000107847
0.000398254
0
0.000161401
0.000157825
4.54756e-05
0.00121105
0.000157545
0.000340696
0.000114558
0.000215178
0.000111469
0.000400219
0.000261125
0.000133557
0.000176668
5.61004e-05
0.000117877
3.24995e-05
0.000150292
1.5496e-05
7.92515e-05
2.48028e-05
0.000140947
0.00186984
0.000193522
7.1966e-05
0.000523205
0.000466462
0.000195794
6.72699e-05
3.18345e-05
0.000201302
8.20508e-05
6.20301e-05
0.000243217
6.93399e-05
5.58594e-05
5.16769e-05
8.86494e-05
0.000772474
7.15403e-05
0.000135998
3.00524e-05
3.87332e-05
8.47128e-05
0.00139733
0.000374834
9.2137e-05
0.000307171
4.82328e-05
3.45201e-05
0.000239939
0.00013919
0.000353212
0.000125335
0.000123255
0.000204054
3.68173e-05
6.47501e-05
0.000311634
0.000140984
0.000253235
0.000198148
0.000187953
0.00021743
0.000236185
0.000377099
0.000153411
0.000127765
0.000177413
0.000128985
0
5.67819e-05
0.000253178
4.80031e-05
0.000113657
6.43379e-05
0.000130313
0.000787745
0.000254346
0.000152829
0.00105081
0.000120637
0.000103396
5.573e-05
2.20216e-05
0.000172244
0.000159765
0.000183176
0.000428777
0.000328038
0.000107192
0.00015746
5.38821e-05
0.000188591
0.000381029
0.000108648
0.000157221
0.000253493
9.867e-05
0.000432529
0.000219396
0.00011504
0.000196638
0.000182616
0.000123376
0.000208596
0.000124833
0.000128263
0.000195295
0.000612201
4.66344e-05
4.54601e-05
0.000717833
2.82903e-05
2.94116e-05
7.53224e-05
0.000147831
0.00018968
5.15734e-05
0.000249782
0.000144017
0.000274562
0.00509911
0.000293629
8.85649e-05
9.52846e-05
0.000602472
0.000210313
0.000142589
8.10791e-05
0.000427445
0.000140026
0.000389261
0.000133913
0.000158378
3.55361e-05
0.000212758
0.000103339
0.000360031
5.08604e-05
0.000105156
0.000112751
0.00010687
0.000107597
7.2039e-05
0.000137954
0.000154603
0.000106236
0.000149712
0.000201583
0.000307723
0.000221484
5.03342e-05
0.000207781
0.000195153
0.000127461
3.66294e-05
9.25502e-05
0
0
6.56858e-05
2.34965e-05
0
0.000186879
0.000188937
9.24574e-05
6.30762e-05
0.000160631
0.000388387
0.000149948
0.000740897
0.000179774
0.000147306
0.000857275
0.000172107
4.93148e-05
7.3007e-05
0.000216511
0.00017556
0.000349633
0.000408334
0.000147473
0.000412454
8.7572e-05
0.000135774
1.21242e-05
0.0001543
0.00020598
0.0006643
9.20018e-05
0.000202735
7.44934e-05
0.000262067
9.45108e-05
0.000133886
0.000132361
6.04094e-05
4.27942e-05
0.00120853
9.02791e-05
0.000100045
7.27951e-05
6.12218e-05
0.000284002
0.000326548
0.000153324
0.000495961
0.000698881
5.44345e-05
1.34258e-05
0.000319012
5.04046e-05
0.000120809
0.000166306
0.000219535
7.01527e-05
9.90822e-05
9.53714e-05
8.24447e-05
0.000639227
9.68734e-05
6.27366e-05
0.000126991
4.28577e-05
4.44443e-05
0.000333451
0.000279431
0.000248944
8.76359e-05
8.65184e-05
0.000471766
0.000158014
1.67055e-05
0.000352782
0.000142588
2.65007e-05
7.14474e-05
0.000234957
8.07073e-05
6.38376e-05
6.3481e-05
0.000593826
4.16558e-05
8.40362e-05
8.8639e-05
3.89706e-05
0.000295856
8.83634e-05
0.000216982
0.000273086
2.62018e-05
6.81387e-05
0.000201535
0.000282703
6.98854e-05
0.000191504
0.000126598
0.000193784
0.000108871
0.00021634
0.00035813
0.000193653
0.000152269
0.000236134
0.000113628
0.000122745
0.000166255
0.000110536
0.000136588
0.000189625
9.53012e-05
0.000243429
5.1043e-05
0.000242875
0.00011498
0.000129682
7.98128e-05
1.06799e-05
5.63434e-05
0.00011581
0
0.000148041
0.000146922
0.000143015
2.03685e-05
0.000193321
3.94743e-05
0.00019738
6.11274e-05
0.000156175
5.85008e-05
0.000182693
0.000220075
0.000762825
0.000418948
0.000117484
7.975e-05
0.000170295
0.000150839
0.000257606
0.000520202
0.000154309
0.000193052
0.000239021
5.85986e-07
5.38091e-05
7.87921e-05
4.75402e-05
0.000143975
0.000116639
0.000138696
0.000191212
5.81963e-05
0.000111923
0.000248071
6.29141e-05
0.000259828
8.27147e-05
0.000106153
0.00016357
0.000342256
0.00014558
0
0.000219774
4.63684e-05
0.000273647
6.5547e-05
0.000102461
1.17862e-05
0.000894164
4.71884e-05
9.25635e-05
0.000132717
0.00012502
0.000117752
0.000335004
0.000394656
0.000429995
0.000153238
0.000102667
0.000410404
0.000177376
0.000229723
0.000160171
0.000108557
4.62673e-05
0.000137718
3.60647e-05
0.000167834
0.000125979
0.000236217
0.000217126
0.000102928
0.000306706
0.000837781
0.000189403
0.000131952
0.0218876
0.000271362
0.00129447
9.13969e-05
8.4681e-05
0.000231368
6.02305e-05
6.9228e-05
0.00025393
0.000226998
0
0.000117894
0.000164993
1.06868e-05
0.00224121
0.000244847
0.00015329
0.00023511
0.000191398
0.000202331
6.72173e-05
9.52327e-05
4.96583e-05
0.000110429
0.000273263
0.000207105
9.12683e-05
0.000323437
0.000168533
0.000134814
0
0.000300431
5.37189e-05
0.000498161
0.000159454
0.000167341
0.000170945
5.62419e-05
3.4221e-05
0.000206594
0.000416887
0.000224756
0.000199599
0.000337935
0.00010346
5.54041e-05
9.21307e-05
7.62075e-05
5.05998e-05
0.000119488
0.000120003
9.03596e-06
9.83908e-05
0.00015139
0.000272814
0.000192175
0.000237314
1.44208e-05
0.000851896
0.000241582
0.00024145
0.000177599
0.00011664
9.54334e-05
0.000135589
5.93588e-05
0.00161546
8.10942e-05
6.733e-05
4.34377e-05
0.000125129
0.000139166
5.89981e-05
5.79598e-05
0.000137956
0.000350677
0.000155606
0
0.000220655
7.20141e-05
0.000228982
0.000128016
7.86486e-05
0.000272794
6.22212e-05
0.000114027
0.000221705
0.000253332
0.000102879
0.000182037
0.000114093
1.86642e-05
0.000800582
0.000359134
0.000159393
0.000105116
0.000197833
0.00013872
0.000140236
4.13137e-05
1.04169e-05
1.89222e-05
0.00239546
0.000525435
0.000531274
0.000216899
5.72614e-05
1.4403e-05
0.000148959
0.000696285
0.000282865
0.000345787
5.77488e-05
0
9.22236e-05
9.63142e-05
6.78482e-05
0.000114114
0.000178705
0.000105925
0.000277599
0.000163481
0.00881246
0.000272802
0.000171445
0.000420077
0.000724983
0.000186203
0.0001197
0.000102284
4.5094e-05
8.13317e-05
0.000143618
0.000120321
0.000149421
0.000262125
0.000128263
5.10755e-05
0.000285152
3.32649e-05
0.00021093
0.00191891
0.000185724
0.000245697
6.67616e-05
4.9513e-05
9.76409e-05
0.000205664
0
0.000213002
7.06043e-05
0.000139904
0.000826995
9.00018e-05
0.000114984
0.000107339
0.00078787
0.000305893
6.98623e-05
8.44065e-05
0.000170332
0.000259891
0
1.53982e-05
0.000118556
2.20405e-05
0.000195459
0.000149663
0.000240067
0.000212525
0.000149228
0.000111658
0.000206218
0.000205718
2.1341e-05
0.000106443
0.000229439
0.000176017
0.000230134
4.5758e-05
0.000129029
0.000143119
9.48959e-05
0.000156296
0
9.58139e-05
0.000546895
0.000112236
0.000142366
0.000137297
0.000610274
0
0.000163896
0.000176431
4.8309e-05
0.000181014
0.000613635
0.000471792
6.68103e-05
0.000117185
0.000209961
0.000305698
9.39351e-05
1.79303e-05
8.50675e-05
0.000785682
5.20688e-05
0.000242863
0.000115733
5.81987e-05
0.000184043
0.000398768
0.000179612
5.70754e-05
0.000142159
4.71158e-05
0.000416751
8.4665e-05
0.000374459
4.47825e-05
7.82195e-05
0.000134999
0.000124788
9.47905e-05
8.7802e-05
0.000160101
8.95875e-05
0.000445952
0.000180083
0.00334815
4.39013e-05
7.14916e-05
0.000263774
0.00311227
0.000158925
0.000188018
6.66135e-05
0.000195349
0.000237052
5.00744e-05
4.97679e-05
6.5084e-05
0.000115048
0.000287763
0.000185255
0.000128916
0.000135952
0.000127427
0.000274914
7.47938e-05
0.000756842
9.33255e-05
0.000256415
0.000132528
0.000225148
8.77657e-05
0.000159116
3.67219e-05
0.00027752
0.000185936
0.000146149
0.000120709
0.000171722
8.5626e-05
0.000338591
0.000393834
0.000223578
0.000141973
7.42281e-05
4.47972e-05
8.68305e-05
0.000823139
0.00022537
1.4175e-05
0.000113005
0.000168006
0.000139454
0.00024035
0.00083242
0.000142151
5.48131e-05
4.72166e-05
0.000283685
0.000119437
0.000155802
0.000120163
0.00105981
0.00020235
8.589e-05
3.8466e-05
6.46866e-05
0.000356536
1.62474e-05
0.000180735
0.000145916
0.00850298
0.000214859
0.000157338
0.000423467
0.000135708
0.000257968
0.000145739
7.51789e-05
6.84855e-05
0.00010999
0.000116264
0.000198453
2.97909e-05
0.000194702
0.000234448
1.05076e-05
0.000484702
9.49656e-06
0.000137551
0.000109631
0.000129969
0.000130138
0.000257589
0.000208688
0.000252479
0.000117554
0.000171485
4.98185e-05
0.00020417
6.59506e-05
0.00022261
4.90081e-05
0.000103397
0.000907697
0.000118004
0.00021927
0.000132323
6.25005e-05
9.73644e-05
7.61972e-05
0.00104507
0.000192192
0.000157694
0.00144915
0.000104439
2.06877e-05
0.000297857
0.000110207
1.97661e-05
9.03421e-05
6.77786e-05
0.000220524
0.000189225
6.91142e-05
0.000194128
0.000128769
0
8.89514e-05
0.000134132
0.000162186
0.000214658
0.00024817
0.000226688
0.00013458
0.00019651
0.000167498
0.000220492
0.000256587
4.46578e-05
0.000116802
7.56639e-05
0.000239721
0.000302943
8.804e-05
0.000176905
5.89791e-05
9.29727e-05
9.61361e-05
2.57812e-05
0.000294179
0.000331839
0.000242497
9.30314e-05
0.000237868
0.000152482
0.000250243
0.00026256
0.00011442
0.000209872
0.000102316
6.16499e-05
0.000116478
0.000140671
0.000317114
6.70911e-05
0.000162057
0.000163989
0.000133379
7.019e-05
0.000384668
2.36952e-05
0.000559556
8.36489e-05
0.000568359
0.000158361
5.50335e-05
0.000216401
1.97917e-05
0.000146279
9.06961e-05
0.000154981
0.000285676
1.11612e-05
0.000110558
3.5637e-05
0.00022194
1.30104e-05
0.000153057
0.000315735
0.000307183
0.000137933
0.000396914
0.000594708
7.85431e-05
9.46073e-05
3.07743e-05
0.000117435
5.17242e-05
0.00023574
0.000136953
0.000114787
0.000154276
9.56581e-05
6.88041e-05
0.000113077
5.62162e-05
0.000305947
0.00119642
0.000139915
0.00131767
0.000286233
2.6538e-05
8.10696e-05
1.16678e-05
2.51493e-05
0.00483435
0.000176153
0.000180726
0.000363276
0.000233492
0.000192654
0.000117548
0.000190596
9.57628e-05
7.79021e-05
0.000340063
5.96723e-05
7.85154e-05
4.11927e-05
0.000165264
1.9066e-05
0.000660252
4.3786e-05
6.26992e-05
0.000238449
0.000415891
0.000548924
0.000142217
0.000263345
0.000263947
9.20183e-05
0.000301508
0.000449838
0.000182488
0.000188504
0.00012539
4.84552e-05
0.000279057
0
4.38605e-05
0.000141042
0.000188072
0.00014608
0.000272218
1.35297e-05
7.62206e-05
0.000299165
0.000112907
0.000131169
0.000441515
0.000150264
0.000219025
0.000210996
7.29608e-05
0.000213929
0.000166475
0.000102813
2.65384e-05
0.000169593
0.000204595
0.000345446
0.000135715
0.000196418
0.000466015
6.31004e-05
0.000549124
0.000430904
7.25413e-05
0.000124925
0.000252844
0.000373261
0.00203138
0.000169929
0.000363081
0.000332387
0.000111296
0.000180403
0.00013573
8.70388e-05
0.000909947
9.4365e-05
3.41901e-05
0.00034632
0.000113943
4.97315e-05
0.000161436
0.000105797
0.000301223
0.00015299
0.000160473
0.000855329
7.38559e-05
5.69472e-05
0.000457903
8.56678e-05
0.00757732
0.000472291
0.000216894
2.32221e-05
0.00018854
0.00051741
1.57159e-05
0.000210238
0.000112497
0.000228917
0.000170402
8.75928e-05
0.00243777
0.000481779
0.00209039
7.28735e-05
0.000302973
0.000104858
3.92746e-05
0.000124187
0.000125502
0.000258139
0.000111757
0.000263121
0.000142175
7.14433e-05
0.000132686
0.000119111
0.000126737
0.000306701
0.000104927
8.73054e-05
0.000147668
9.94168e-05
4.36418e-05
0.00042878
0.000225455
0.000183431
0.000169809
0.0001977
0.000139672
0.00043416
7.92476e-05
0.000163467
0.000400071
3.25932e-05
0.000246869
0.000433384
0.000408551
0.000258457
3.35468e-05
0.000157414
8.22898e-05
0.000290477
0.000232182
0.000104382
0.00030585
6.50447e-05
0.000315146
0.000109104
5.99189e-05
0.000294032
0.000227377
3.45895e-05
0.000113657
0.000161788
0.000103858
0.000180591
0.00053529
6.79587e-06
0.000277913
3.86121e-05
0.000269389
0.000151898
0.000110231
0.0001263
0.000382058
2.11891e-05
0.000197153
4.65899e-05
0.000133735
0.000151195
0.000145773
9.04657e-05
0.000228538
0.000106547
8.05159e-05
0.000149982
0.000116092
1.12718e-05
4.46192e-05
0.000128289
4.58158e-05
0.000109787
9.73727e-05
4.74281e-05
0.000224909
5.16495e-05
0.000109859
0.000126741
9.43764e-05
1.7288e-05
7.82859e-05
0.00014373
0.000101949
0.000144923
0.000149773
0.0001707
0.000162706
0.000194087
2.84239e-05
0.000125134
0.000232982
4.13054e-05
0.000289382
9.82274e-05
8.33831e-05
7.55407e-05
6.47054e-05
0.000113356
0.000776402
0.000334878
0.000364821
0.000279018
7.06266e-05
0.000147829
0.000128505
0.000197668
0.000201532
6.37411e-05
0.000287112
0.000201861
1.88109e-05
1.04238e-05
0.000107161
9.67447e-05
0.00032467
2.1557e-05
0.0001233
0.000235756
0.000109938
6.64512e-05
8.38241e-05
0.00017284
9.20612e-05
0.000377572
0.000173414
0.000172232
5.2977e-05
7.61639e-05
5.86148e-05
0.000104471
0.000998516
0.00010018
0.00133486
0.000140676
0.000119493
1.65627e-05
8.10841e-05
0.00017298
1.13749e-05
0.000130572
0.000290475
8.56984e-05
8.9888e-05
0.000146783
0.000118005
0.000202115
2.96756e-05
0.000261815
0.000164703
0.000363168
0.000148446
0.000195748
0.000200171
0.000203696
4.20964e-05
0.000188138
3.3917e-05
0.000100647
0.000247976
0.000201624
0.00036365
0.000194734
0.00024456
0.000544604
0.000355491
0.000139358
0.000415103
0.00012064
0.000147427
0.00022871
0.000160288
9.52453e-05
5.57241e-05
0.000179983
3.63032e-05
4.81413e-05
0.000160219
1.11706e-05
0.000129238
8.11121e-05
0.000121484
0.000931483
0.000453211
0.000103121
0.000125847
0.000403173
7.8792e-05
0.00033688
6.20621e-05
0.000154379
0.000147653
0.000253562
0.000240609
0.000184667
0.000110627
0.000119194
9.639e-05
0.00022131
0.000189711
0.000126201
5.5777e-05
0.000280062
0.00019449
0.000132132
0.000167315
0.000481093
9.91151e-05
0.000212241
0.000405493
8.35089e-05
0.000144795
0.000167177
0.000159985
9.92447e-05
0.000107517
0
0.000697436
1.26886e-05
0.000165262
4.51758e-05
4.31333e-05
0.000242812
0.000189131
0.00036534
8.69891e-05
0.000177135
0.00028001
9.33976e-05
8.08492e-05
0.000161945
4.3413e-05
0.000317518
0.000195107
0.000129454
0.000109244
0.000341561
1.10204e-05
3.08274e-05
9.6383e-05
0.000121209
0.000560524
0.000136004
7.95012e-05
5.6386e-05
0.000323161
0.000180768
0.00044338
0.000442719
0.000135849
0.000196636
6.17385e-05
0.000179366
0.000193592
0.000279876
6.71355e-05
0.000103889
0.000148947
7.3759e-05
4.18765e-05
0.000185738
0.000191077
4.30638e-05
3.74911e-05
0.00010293
0.000374018
8.02877e-05
0.000137113
9.60525e-05
4.21336e-05
0.000481848
0.000159899
8.20537e-05
0.000237009
0.000353396
0.000427131
0.000167154
9.49419e-05
7.33294e-05
7.44777e-05
6.06501e-05
0.00022461
0.000651764
6.07317e-05
0.000427982
9.46024e-05
0.000126857
8.85162e-05
0.000137019
0.000408016
0.00037559
0.00011115
0.000241211
0.000119532
2.1778e-05
0.000476553
0.000133818
0.000126333
0.000630092
0.000148061
0.00038851
8.30431e-05
0.000146641
0.000186069
0.000138325
0.000874293
0.00166292
8.12917e-05
9.18129e-05
0.000177555
0.000193051
7.88332e-05
0.000194704
0.000249917
0.000138362
0.000130081
0.000257263
0.00024843
0.000211732
2.84316e-05
0.00037503
0.000565752
0.000192343
0.000567679
0.000104628
3.18044e-05
0.000114376
9.07357e-05
0.000146492
2.13919e-05
0.0015552
0.000115422
0.000135012
0.000211469
3.02176e-05
4.70679e-05
0.0004012
0.00030817
0.000852035
0.000232853
1.15665e-05
0.000188567
0.000137735
0.000114496
4.87898e-05
3.4658e-05
0.000746215
9.02299e-05
0.000153008
0.000307346
0.000228042
0.000120853
0.000169439
5.99461e-05
0.00028082
0.000611969
0.000150733
5.57058e-05
0.00022763
2.07663e-05
1.23024e-05
0.000115825
8.96836e-05
0.000381354
1.30002e-05
0.000243153
0.000245501
0.000100819
0.000153187
7.98897e-05
4.51656e-05
6.27896e-05
6.31664e-05
0.000139859
0.00026339
6.28045e-05
3.17806e-05
0.000130507
0.000162218
0.000128019
0.000267652
0.00014628
6.21903e-05
0.00032348
0.000117895
8.98162e-05
0.000230654
7.64701e-05
0.000275554
7.78459e-05
6.5673e-05
0.000732028
9.86512e-06
1.47949e-05
7.75561e-05
0.000260481
0.000197294
0.000172691
0.0027031
4.3432e-05
8.9518e-05
0.000148198
6.63753e-05
9.75562e-05
0.000154351
0.00013116
0.000103358
0.000873573
0.00012201
0.000169973
0.000239959
0.00039728
1.16067e-05
0.000216557
0.000146532
0.000113437
0.000304386
3.04701e-05
5.67116e-05
0.000191256
0.000300465
7.43454e-05
0.000165688
0.000136429
0.000119719
4.21632e-05
0.000193228
0.000202093
0.000284814
0.000274788
0.000729836
0.000502712
0.000119795
0.000130131
0.000188025
0.000111456
5.897e-05
0.000122126
0.000125313
6.91221e-05
0.000153555
0.000178268
0.000299217
0.000510463
0.000223422
0.000207181
4.81135e-05
0.000139257
5.32183e-05
4.55159e-05
0.000146246
5.05234e-05
9.81012e-05
6.70938e-05
0.00023761
0.00145268
0.000152984
0.000101269
0.000520353
0.000141
0.000331816
0.000297089
0.000286198
0.000262064
1.29813e-05
4.25229e-05
0.000184414
0.000341978
7.86082e-05
5.49776e-05
0.000125556
0.000190579
4.1868e-05
0.000213208
0.000218433
5.03687e-05
0.00025152
0.000414166
0.00810931
5.08805e-05
0.000294461
0.000638458
0.000113373
0.00331107
0.000167888
0.000424851
0.000187556
0.000164663
9.52796e-05
0.000132038
0.000378473
0.000106825
0.000193315
7.81369e-05
0.000141745
7.94093e-05
0.0005309
6.25756e-05
0.000245844
0.00130881
7.79126e-05
0.000961564
0.000161643
0.000160564
0.000258595
0.00017511
0.000211917
0.000245724
0.000157058
3.38757e-05
0.00017819
8.12821e-05
6.32787e-05
0.000178274
0.000195861
1.29171e-05
0.000130257
2.76153e-05
7.64736e-05
0.000285119
2.84002e-05
0.000103044
4.04481e-05
0.000583248
0.000173015
7.45986e-05
2.96681e-05
0.000271437
9.44649e-05
0.000148527
9.8228e-05
0.000139148
5.06478e-05
4.33751e-05
5.768e-05
0.000195146
4.46896e-05
0.000203156
7.41767e-05
0.000111164
0.000174224
0.000357518
0.00024437
0.00258912
0.000232226
0.000154511
0.000215034
0.000127625
0.000193001
0.000279413
0.000114056
0.000249358
0.000133272
0.000458598
0.000104081
0.000205835
7.25846e-05
0.000246747
2.87276e-05
0.000223659
0.000181885
0.000194833
0.000127862
0.000305822
0.000108355
2.48399e-05
0.000214172
0.000284722
0.00011121
2.14242e-05
0.000118303
0.000304701
0.00195319
7.45134e-05
0.000121858
0.000765783
5.19462e-05
5.9464e-05
0.000337553
0.000352663
0.000155081
8.37575e-05
0.000485325
0.000259985
0.000175883
0.000143783
0
2.95585e-05
4.24662e-05
0.000267359
0.000263726
0.000408206
0.000385093
6.78306e-05
0.00024353
0.000744212
7.59002e-05
0.000206628
4.31137e-05
0.000826853
0.000161865
7.66064e-06
0.000322425
0.00014648
0.000191152
0.00030213
8.91736e-05
0.000399365
0.000248602
0.000227659
0.000231534
9.41583e-05
0.000158039
8.48207e-05
0.000200489
6.04419e-05
0.000119254
0.000197166
0.000154211
0.000590493
0.000184564
0.000273802
0.000627963
0.000147635
0.000395299
0.000136911
0.000269343
8.06832e-05
0.000189924
0.000477906
0.000178378
0.000192288
4.62625e-05
5.57117e-05
0.000145835
1.9134e-05
5.37458e-06
2.61905e-05
0.00215626
0.000177106
0.000164476
4.39366e-05
5.8418e-05
0.000123979
0.000100545
9.49875e-05
0.000463382
6.85573e-05
0.000136536
7.76141e-05
0.000117966
9.06874e-05
8.50791e-05
6.94323e-05
8.03343e-05
0.000100426
0.000200638
0.000363682
0.00014035
5.82004e-05
0.000200671
0.000143633
0.000270872
0.000107167
0.000125612
0.000282561
0.000204992
0.000139998
8.4387e-05
0.000282813
0.000315284
0.000221576
5.59348e-05
0.000656088
0.000455282
0.00121935
0.000232747
0.000452004
8.1584e-05
9.32505e-05
4.81458e-05
0.000834135
4.18463e-05
0.000218343
0.0003889
0.00235343
0.000269826
0
0.000400671
7.21154e-05
9.28254e-05
1.91306e-05
0.000205101
0.00108068
3.03736e-05
0.000107382
7.44762e-05
0.000327509
4.32488e-05
6.12607e-05
0.000748039
0.000247309
6.1744e-05
6.05447e-05
0.000191496
0.000212863
4.93201e-05
0.000162592
2.57529e-05
0
0.000120884
0.00029767
0.000121948
0.000126332
0.000163519
7.89407e-05
4.39762e-05
0.000155638
0.000117512
3.80175e-05
6.35872e-05
0.00034092
0.0001169
7.87042e-05
3.66277e-05
0.000215657
0.000101096
0
0.00015384
0.00050285
0.000307595
0.000447594
6.29619e-05
0.000132853
9.87358e-05
0.000166192
9.24567e-05
0.000121786
0.00010932
0.000157756
0.00011374
0.000128177
5.74621e-05
2.5824e-05
2.4223e-05
0.000200895
5.92368e-05
0
0.000166007
0.000310893
0.000277989
0.00015241
0.000116116
0.000150045
4.35077e-05
4.0239e-05
0.000105316
9.09461e-05
8.99963e-05
5.58622e-05
0.000101258
0.000249951
8.72349e-05
0.000219175
0.000108933
1.55135e-05
0.000153484
0.000282567
0.000155926
0.001518
0.000116947
0.000141983
0.000116065
0.000199558
0.000197736
1.71695e-05
0.000123301
1.34106e-05
9.24774e-05
0.000233877
0.00023645
7.04247e-05
0.000258195
4.98163e-05
0.000193868
0.000155464
3.67386e-05
4.36495e-05
0.00016733
0.000124097
0.000182523
0.000135438
0.000126491
0.000884432
5.18554e-05
4.9337e-05
6.07067e-05
0.00022104
6.37827e-05
5.00773e-05
0.000157639
0.000174383
0.000609218
8.20355e-05
0.000246319
0.0177186
9.1101e-05
5.92724e-05
0.000455619
6.55698e-05
0.000326609
2.1732e-05
9.02669e-05
0.000292847
5.46547e-05
0.000298193
1.14435e-05
0.00032861
9.86876e-05
0.000295979
7.80179e-05
3.97005e-05
0.00011334
0.000101711
0.000326124
9.85748e-05
0.000513445
0.000296609
0.000252323
0.000193175
0.000120144
7.41794e-05
0.000402815
8.44897e-05
0
0.000118351
0.000159679
0.000132332
7.54425e-05
0.000197677
0.000578931
4.56562e-05
3.79284e-05
4.18816e-05
8.14305e-05
0.000121104
0.000803066
0.000255871
0.000142247
2.6361e-05
0.000154807
0.000144596
9.60024e-05
0.000171052
0.000206459
0.000163047
0.000215513
5.63714e-05
0.000249069
3.83538e-05
7.39867e-05
0
2.22684e-05
0.000159214
9.1879e-05
0.000215927
0.000203565
0
0.000159499
2.66597e-05
0.000154273
0.000477685
0.000235261
0.000497911
0.000172983
6.77662e-05
6.18277e-05
0.00134788
5.52441e-05
0.000144152
0.000161101
0.000169159
0.000276633
0.000112387
2.74117e-05
0.000129912
0.0001717
0.000181459
0.000199033
0.000155057
0.000398482
0.000289911
0.000208502
6.80706e-05
9.0531e-05
0.000371544
0.000230098
0.00016539
0.000171373
0.00023425
0.000172087
0.000770086
0.000244434
0.000126536
6.74871e-05
0.000152384
0.000251701
0.000265603
0.000102187
0.000210422
0.000599275
0.000225852
0.000295969
0.000181725
7.88145e-05
0.000195582
0.000131058
0.000127068
6.28654e-05
0.000108167
0.000305535
0.000202588
0.000116341
0.000155541
0.00011296
0.000103386
0.000288594
8.46042e-05
0.000382688
9.20788e-05
0.000142213
5.7837e-05
0.000110509
0.000416047
0.00137278
0.000120154
0.000890345
0.000640127
0.00015094
0.000191175
0.000182068
0.000155556
0
8.68134e-05
5.72858e-05
1.1547e-05
0.000561754
0.000130832
0.000103692
0.000220221
0.000354786
0.00069934
0.000143502
8.67094e-05
0.000156898
4.34947e-05
7.82011e-05
0.000383467
4.31372e-05
3.00578e-05
0.000191056
5.38269e-05
0.000281273
9.34308e-05
0.000361758
0.000168603
0.000211738
0.000181699
6.81e-05
6.07387e-05
3.75898e-05
0.000179498
0.000353632
0.000123787
0.000639154
0.000136413
0.00029612
7.52396e-05
0.000347001
0.000136157
0.000184793
3.34316e-05
6.41129e-05
0.00018175
8.91429e-05
0.000170669
9.71365e-05
0.000499203
0.000355138
5.77944e-05
4.82475e-05
0.00010816
5.52178e-05
0.00040158
5.35391e-05
0.000124235
0.000457175
2.86135e-05
0.00123393
0.000137691
0.000180005
0.000111596
7.02238e-05
0.000144837
0.000345568
7.21797e-06
0
0.000148506
0.000111523
9.48084e-05
9.55992e-05
9.11287e-05
0.000178531
0
9.273e-05
0.000119596
6.05012e-05
0.000157042
0.000125645
0.000158415
0.000103735
0.00169576
0.000102376
0.000112922
0.000121399
8.14265e-05
0.000384834
6.51183e-05
0.000112033
0.000202401
0.000107222
0.000256945
6.27052e-05
0.000200495
8.07521e-05
0.000240035
5.12511e-05
0.00033313
5.92907e-05
6.28984e-05
5.8917e-05
8.1381e-05
0.000297097
6.06719e-05
0.000104146
0.000191045
7.75624e-05
4.58265e-05
0.000155452
0.000139517
5.87117e-05
7.31918e-05
0.000125313
0.00013567
0.000171618
0.000265098
0.00182971
0.000272272
0.000107666
6.66665e-05
0.000533849
0.000146565
0.000289093
0.000259848
0.000190323
2.29972e-05
0.000132622
0.000132718
0.000592239
0.00034523
6.88319e-05
0.000160704
0.000233029
0.000167528
0.000344748
0.000289264
0.000161176
0.000148378
0.00027325
2.38982e-05
3.91256e-05
0.000143007
0.000672804
0.000321639
7.28866e-05
0.000192112
4.44751e-05
0.000447729
0.000338443
0.000155305
0.000331318
7.12545e-05
0.000314482
7.76675e-05
0.000692384
8.75578e-05
5.91989e-05
3.5614e-05
0.000334822
0.000270065
0.00239475
0.000244063
3.30257e-05
9.31795e-05
2.00866e-06
7.11406e-05
0.000211305
0.00014607
0.000397174
7.99794e-05
0.000131951
0.000261172
9.33832e-05
0.000160107
0.000883149
9.21838e-05
0.000330778
0.000347512
0.000195172
9.59366e-05
0.00589743
0.000117725
0.000381021
0.000197339
0.000141379
0.000121872
0.000518271
0.00012101
9.27967e-05
9.95013e-05
0.000190579
0.000807978
9.78518e-05
8.48211e-05
0
0.000122044
0.000135842
0.000710895
2.45155e-05
0.000113742
7.82192e-05
0.00018929
0.000110736
2.50461e-05
0.00599053
8.65729e-05
0.000233065
5.78051e-05
0.000202014
0.000139696
0.000179896
0.000121537
0.000180308
0.000265755
0.000218403
4.21052e-05
0.000157654
0.000367361
0.000252827
0.000239555
6.66501e-05
0.000106349
0.000149588
6.02211e-05
2.62207e-05
0.000260065
0.000203524
0.000346735
0.00012409
0.000164437
0.000126912
0.000250692
0.000233508
9.71388e-05
1.96026e-05
0.000112146
0.000110418
6.50519e-05
0
0.00126459
0.000288186
0.000256745
0.000238139
0.000189899
4.49304e-05
0.000200854
0.000208355
0.000174547
0.000178174
3.61214e-05
0.000308896
6.45589e-05
0.000120062
0.000100842
0.000298728
0.000374104
0.000204715
0.000304727
0.000185147
5.85649e-05
0.00013737
0.000261084
0.000168381
0.000352717
7.31638e-05
0.000327643
0.00118626
0.000412262
0.000736089
0.000128318
0.000129618
0.000258305
0.000255457
0.000128203
5.54772e-05
0.000270357
0.000219027
0.000205552
0.000129023
0.000118332
7.33016e-05
5.14531e-05
6.9474e-05
8.35271e-05
1.26611e-05
3.81682e-05
0.000993093
0.000562878
0.000194925
7.96566e-05
7.76163e-05
6.26248e-05
0.000269901
5.18534e-05
0.000112622
0.000151628
0.000121181
0.000203105
0.000396917
5.40348e-05
0.000232858
0.000144916
0.000199706
0.000102352
8.29635e-05
0.000496908
0.000219474
0.00011038
0.000240508
0.000125717
5.19522e-05
0.000112284
0.000429145
0.000268084
0.000198967
6.23529e-05
4.82498e-05
0.000198885
7.42136e-05
0.000156684
1.87119e-05
0.000115477
2.42786e-05
0.000115915
0.00021919
0.000157674
0.000402085
0.000133396
0.000982499
5.79939e-05
0.00103957
0.000127381
9.96319e-05
8.84818e-05
0.000164677
0.000484927
0.00014905
0.000242836
4.68409e-05
4.50226e-05
0.000281083
0.000267587
8.6319e-05
7.83683e-05
0.000161212
0.000106791
0.000155472
0.000122578
5.69389e-05
0.0001525
0.000266699
7.9346e-05
0.000238828
0.000246757
0.000118115
0.00018584
0.000169439
0.000196532
0.000122522
3.97938e-05
0.000439319
4.00882e-05
0.000203938
5.90953e-05
0
4.88198e-05
0.000108418
0.000259508
0.000688162
0.000537669
0.000136624
0.000142423
0
0.000191061
7.88202e-05
0.00013993
5.71767e-05
0
3.54675e-05
0.000215156
0.000193489
0.000102073
2.58917e-05
0.000109728
0.00018413
0.000394592
0.000102426
0.000253764
7.7614e-05
0.000205873
0.000162362
3.76014e-05
0.000119269
0.000134736
0.000105298
0.000748386
3.41986e-05
0.000409272
0.000128369
8.99703e-05
4.29687e-05
9.7035e-05
0.000180392
6.07608e-05
1.68951e-05
0.000158518
3.25802e-05
0.00125916
6.21035e-05
0.000799309
0.000145084
7.80422e-05
0.000444687
0.000200296
0.00012322
7.06198e-05
0.00012699
0.00062458
0.00543518
0.000107967
5.05762e-06
0.000178862
0.000164171
8.15082e-05
0.000173854
0.000113841
0.000368162
0.000238206
0.000219273
0.000218249
9.16493e-05
0.000130504
0.000117664
0.000367173
0.000227727
8.29038e-05
9.86091e-05
0.00018887
0.000220382
0.00018037
0.000327971
0.00023424
6.11769e-05
0.00017837
0.000494644
0.000274292
0.000114423
2.32058e-05
0.000180405
0.000134319
7.79359e-05
0.000265851
0.000180782
0.000108923
0.000130755
0.000257747
0.0017294
0.000101052
2.89174e-05
1.43554e-05
0.000240214
0.000135821
5.56529e-05
0.000124225
0.000329946
0.000262816
0.000141445
0.000217518
0.000114126
0.000128357
0.0139581
0.00027602
8.85181e-05
0.000836969
0.000150599
8.04998e-05
0.00028797
0.000108814
0
0.000301382
0.0002464
7.86947e-05
0.000100494
0.000121994
0.000452239
0.000177978
8.59886e-05
0.000137802
0.000791909
0.000155883
0.000290622
7.54218e-05
0.000215353
3.93106e-05
0.000223223
4.51799e-05
0.0002477
2.5394e-05
9.51658e-06
0.000146291
0.000179029
0.00017969
0.000196071
0.000206344
0.000119877
0
0.000177064
3.93709e-05
0.000164066
0.000266154
0.000221346
5.9911e-05
0.000286554
0.000511406
7.00679e-05
5.16273e-06
2.50468e-05
0.000141772
0.000209718
7.90126e-05
0.00015626
0.000288573
0.000345641
0.000167844
0.00027342
5.45915e-05
8.80322e-05
0.000158682
1.26842e-05
8.28052e-05
0.000108675
0.000317833
0.000115189
0.000161357
7.79154e-05
7.66236e-05
0.000108004
0.000122656
0.000108293
0.000153545
0.00010087
0.000197289
0.000115412
0.000134555
0.000500265
0.000545891
0.000196455
0.00118757
0.000371204
9.77532e-05
5.84824e-05
0.000476732
0.000148779
0.000150453
0.000443132
0.000228273
9.68834e-05
2.86082e-05
0.000571611
0.000361293
0.000213954
0.000146036
0.00047767
0.00011697
9.23781e-05
0.000210233
8.48109e-05
7.82194e-05
5.80198e-05
0.000252384
9.33624e-05
0.000322197
0.000188561
0.000222515
0.000200172
0.000267737
0.00028797
0.000120156
2.98538e-05
6.96114e-05
0.000180031
0.000107021
0.000171577
6.22121e-05
2.49084e-05
1.36735e-05
0.000103514
1.21928e-05
7.37891e-05
0.000203867
0.000159286
6.17773e-05
0.000113872
0.000102667
0.000123447
8.19769e-05
0.000100845
0.000224254
0.000134615
3.92989e-05
0.00074194
5.47574e-05
0.000180006
0.000189585
0.000138002
0.000199401
0.00202412
0.000160999
0.000536219
8.08296e-05
7.18286e-05
0.000206743
0.000204605
2.73545e-05
0.000105697
5.71337e-05
2.81042e-05
0.000108977
6.50816e-05
0.000237248
6.90066e-05
0.000231688
0.000162947
9.48805e-05
0.00393037
0.000256345
0.00013062
6.92586e-05
0.000129634
0.000105215
6.32866e-05
0.000134795
0.000162208
0.000184431
0.000328649
0.000455824
0.000276214
0.000163663
7.02338e-05
0.000254215
0.000358035
0.000167032
0.000148652
0.000424763
7.83266e-05
9.25183e-05
8.34384e-05
0.000607828
0.000223238
0.000195942
0.000412379
0.00408316
0.000107115
0.00203945
0.00692865
0.000132783
0.00128653
0.000163453
0.000125179
0.000119609
0.000148948
2.53093e-05
4.75424e-05
0.000451766
8.92285e-05
0.000212363
0.000187997
0.000101509
0.000599136
0.000128073
2.69228e-05
2.32131e-05
0.000147689
5.77185e-05
6.55578e-05
0.000194559
0.00134287
0.000123141
0.000184318
8.53722e-05
0.000209681
0.000151562
2.53665e-05
0.000108231
0.000292959
0.000125589
0.000226807
0.00064727
2.15584e-05
0.00014068
6.49839e-05
0.000101671
0
0.00028824
0.00220987
7.14168e-05
7.19358e-05
0.00196676
0.000150581
0.000202919
1.2622e-05
7.98321e-05
8.39518e-05
0.000214975
7.9344e-05
0.000923923
0.00148678
0.000212927
0.000256604
0.000149345
6.00635e-05
0.000192298
0
0.00896589
0.000106942
0.000108468
0.000164156
0.000167068
0.000150423
0.000218873
0.00018621
0.000104294
0.000215077
0.000215222
0.000197199
1.36016e-05
7.1436e-06
0.000729498
9.19441e-05
0.000144076
0.000849704
7.55687e-05
1.20041e-05
0.000100897
0.000197956
7.98467e-05
0.000153327
0.000608153
0.000164841
7.11668e-05
0.000518564
0.000207145
0.000130716
3.49924e-05
0.000104831
0.000134035
0.000188376
0.000327339
7.60114e-05
0.00040025
0.000156708
0.000149355
0.000138042
0.00021483
1.03665e-05
0.000135341
0.000130254
8.79631e-05
0.000247538
3.04456e-05
0.000193816
0.000110091
0.000214919
0.000171767
0.000198651
0.000222466
5.58792e-05
0.000491753
0.000235993
0.000111033
8.09126e-05
6.49104e-05
0.000170888
0.000109666
0.000228898
0.000196363
0.000227021
0.000112398
0.000707437
6.82299e-05
0.000156495
0.000165474
0.00226388
4.37169e-05
0.000170859
0.000933772
0.000157968
0.000115541
1.559e-05
0.00010168
0.000210879
8.37028e-05
0.000222628
0.000446816
0.000165166
7.1265e-05
2.16619e-05
0.000217143
0.000150517
6.10599e-05
0.000212969
0.00015857
0.00170003
0.000135623
0.000246564
0.000212951
9.75192e-05
0.000434269
0.000359414
4.86037e-05
0.000167712
0.000234337
1.053e-05
4.56306e-05
0.000189521
0.000569244
0.000376633
0.000155953
8.19716e-05
5.44635e-05
0.000390936
0.000185874
5.77108e-05
0.000114496
5.71691e-05
0.000220692
0.000147548
0.000184583
0.000183764
0.00025821
0.000227841
0.000106895
0.000117267
7.21375e-05
0.000409376
0.00010044
0.000233762
0.000220271
2.67172e-05
0.000236161
0.000250088
0.00212804
0.000161814
0.000133913
0.000330167
6.28041e-05
0.000163073
1.20525e-05
6.32717e-05
0.000274249
0.000113163
7.94521e-05
9.69715e-05
7.53267e-05
0.000311642
0.000347087
0.000103576
0.000151595
0.000368943
0.000517121
8.23447e-05
0.000352316
0.000341861
5.69731e-05
0.000375494
0.000162981
0.000114335
0.000180189
2.37025e-05
0.000150169
9.67943e-05
0.000106123
4.90628e-05
0.000147308
0.000112191
0.000198808
4.62654e-05
6.54652e-05
8.16361e-05
0.000104704
0.000105212
0.000349427
0.000283877
9.49123e-05
0.000116007
0.00012204
0.000281685
0.000124811
8.09066e-05
0.000129123
0
0.000643209
0.000176581
0.00012414
0.000215892
7.45682e-05
0.000355717
0.000183902
0.000636092
1.2533e-05
0.000156249
0.000143823
6.94661e-05
9.67198e-05
9.15583e-05
0.000118409
0.00018397
0.000228781
0.000128382
9.24052e-05
4.4805e-05
0.000177264
0.000118668
0.000291588
4.77756e-05
0.000223671
0.000432117
0.00027037
8.04021e-05
0.000133346
0.0028126
9.8919e-05
2.35441e-05
0.000122934
0.000507452
0.00039851
0.000117271
0.000134024
6.94823e-05
0.000136017
0.000250963
0.000161096
0.000104529
0.000116839
0.000135973
0.00021196
0.000212919
0.000163679
0.000289743
0.000156622
0.00011193
5.20634e-05
0.00010804
7.75192e-05
3.07741e-05
4.05373e-05
0.000330574
0.000710323
6.20283e-05
0.000126466
5.00777e-05
0.000452223
6.03025e-05
0.00035922
0.00298064
5.95983e-05
2.48516e-05
6.28446e-05
0.000118514
0.000113801
0.00029099
0.000238488
0.000224971
0.000208692
0.000231993
0
0.000172277
0.000282421
0.00018052
0.000119571
0.00015086
0
0.000158053
6.0001e-05
5.96116e-05
8.38231e-05
8.20992e-05
0.000243744
0.000157027
0.000106727
0.000162069
4.69331e-05
0.000189039
0.00011131
0.00028119
0.000107117
0.000142772
0.00442317
2.94412e-05
0.000124248
0.000168074
7.58181e-05
7.68675e-05
6.49932e-05
0.0026084
6.31473e-05
0.000107302
1.59238e-05
0.00017423
8.46353e-05
0.000486814
0.00047031
8.97368e-05
3.42818e-05
0.000104374
0
3.1819e-05
0.000619693
1.75165e-05
0.00023033
0.000406731
0.000128967
0.00156672
6.87195e-05
1.36401e-05
0.000142834
8.58061e-05
0.000270279
0.000159566
0.000275203
0.000150294
0.00109343
0.0002607
0.00040801
4.9436e-05
0.000303976
0.000125304
9.45659e-05
0.00030901
0.00114006
4.77221e-05
0.000213192
0.000207757
0.000278212
0.000392981
0.000296246
0.000145566
8.55373e-05
0.000168798
0.000172799
0.000459814
0.000179284
7.65056e-05
6.42572e-05
0.000165898
0.000249605
0.000172054
0.000101542
0.000749421
0.000211952
0.000363962
5.89338e-05
0.000152188
3.71365e-05
5.92963e-05
0.000361588
0.000120423
4.91549e-05
8.4288e-05
2.93797e-05
0.000105366
0.00028536
0.00067333
0.000110146
0.000360941
1.33978e-05
0.000181159
0.00026382
0.000175252
0.000151798
0.00122407
8.72459e-05
0.000460973
1.92257e-05
8.81541e-05
0.000107721
6.54551e-05
8.55204e-05
6.92951e-06
0.000116195
0.000162548
0.000167963
0.000518878
8.02769e-05
7.15019e-05
1.51691e-05
0.000283042
7.97107e-05
0.000386772
0.0138965
0.000131142
7.16604e-05
0.000147174
0.000169768
0.000203311
0.000128688
9.04839e-05
0.000111522
0.000272479
0.000108659
0.000314878
0.00013959
0.000206531
0.00019895
0.000385047
7.84842e-05
9.7281e-05
9.65076e-05
0.00015164
0.000453645
1.4668e-05
5.89805e-05
6.44636e-05
4.72499e-05
0.000389719
0.00054661
0.00031941
0.000255084
0.00179369
0.000274939
0.000172162
7.84037e-05
0.000310207
0.000817681
8.63037e-05
0.00177147
0.000513922
9.01233e-05
0.000140631
0.000130579
1.40154e-05
0.000674064
0.000199551
0.000243852
9.78143e-05
0.000120446
2.37616e-05
0.000126063
0.000731281
0.000156165
0.00020143
0.000131732
0.000222102
0.000222373
0.000216639
0.000207678
5.62813e-05
0.000185701
0.000357021
0.000118532
0.000414602
6.49321e-05
0.00078941
0.000178378
8.00893e-05
4.88387e-05
0.000171184
5.71484e-05
0.000123692
7.90138e-05
7.61886e-05
0.000288297
0.000206581
0.000190782
0.000332676
0.00177908
5.59938e-05
0.000334158
0.000120366
7.72033e-05
0.000194519
4.8405e-05
0.000155503
0.000146226
6.53271e-05
0.000282296
0.000251689
8.86754e-05
6.90308e-05
0.000117786
9.53809e-05
0.000208771
9.66493e-05
5.04891e-05
8.69264e-05
0.000105463
0.000108411
0.00015754
0.000129965
0.00051124
5.70613e-05
0.000116485
0.00012354
0.000533526
0.00298146
9.37155e-05
0.000442913
4.5531e-05
0.000815616
0.000199723
6.83248e-05
0.000116665
0.000103525
3.03367e-05
0.000250533
0.000141282
0.000148983
3.27156e-05
0.000298359
7.08172e-05
0.000155189
6.04779e-05
6.53955e-05
6.1308e-05
0.000151174
0.000310866
0.000135155
0.000191678
2.59836e-05
0.000109695
0.000170922
0.000190086
3.98855e-05
0.000109943
9.3665e-05
0.000188571
6.2699e-05
0.000353924
1.75091e-05
0.000318378
0.000102357
0.000178441
0.000148503
0.000118158
0.000741788
3.36131e-05
8.44368e-05
0.000164453
0.000101931
5.46988e-05
0.00034513
0.000192802
0.000199867
0.00139406
0.000117043
8.17733e-05
0.000147745
0.000136675
0.00144106
0.000232326
3.99838e-05
0.00017833
0.000162613
4.23453e-05
0.00157972
0.000166031
4.61401e-05
0.000289376
0.000265409
0.000103012
0.000243008
0
0.000104434
7.14559e-05
5.4793e-05
0.000565193
0.00041825
0.000330827
0.000131961
0.000105493
0.00017118
0.000259987
0.000216267
4.34134e-05
0.00110177
0.000252026
0.00295644
0.00013441
7.1051e-05
4.69194e-05
7.16104e-05
0.000144309
0.000327468
0.000110037
7.3107e-05
0.00027466
3.75723e-06
7.79149e-05
0.000388964
9.13039e-05
4.28502e-05
0.000200737
4.55473e-05
0.000161763
0.000162782
0.00046865
0.000353896
0.000170252
0.000495601
1.28298e-05
0.000107174
0.000205275
0.000116778
2.91396e-05
0.000109171
0.000192876
0.000216361
8.52791e-05
0.000351754
0.000251593
0.000249159
0.000234411
0.000151391
0.000233269
8.91649e-05
0.000137755
0.000129744
1.15376e-05
7.86998e-05
0.000129646
7.80091e-05
0.000119921
0.000172734
0.00235828
5.53764e-05
0.000235952
0.000130916
0
9.11663e-05
0.000103394
8.63532e-05
0.000286079
0.00237048
0.000189804
0.000114344
0.000227132
0.000217343
0.000129185
0.000131622
0.000355767
0.000524764
0.000211222
0.000431621
9.59311e-05
0.000291128
2.27398e-05
0.000197103
0.000391109
5.20721e-05
9.08841e-05
0.00379081
9.43218e-05
0.000108737
2.49091e-05
0.000129368
0
0.000225841
0.00015028
0.000104266
0.00542928
0.000186527
3.98449e-05
0.000110206
0.000465795
5.24545e-05
0.000259107
0.000220413
1.31391e-05
0.000263405
0.000175027
3.43406e-05
5.76261e-05
0.000278136
0.000106154
0.000331592
0.000561371
0.000153747
6.86071e-05
0.000213273
7.16092e-05
0.000128193
0.000190294
0.000161764
0.0001294
0.0058189
0.00025061
9.12404e-05
0.000148155
8.95595e-05
1.14527e-05
0.000251767
0.000567114
0.000860796
0.000209473
0.00022092
0.000106458
0.000104104
3.96704e-05
0.000111095
0.000122431
0.000106903
0.00021704
0.000116278
6.05937e-06
7.38125e-05
0.000135713
0.00022503
0.000145843
0.000152178
0.000140641
0.000517069
0.000105331
2.13641e-05
0.000108751
0.000112994
0.000210653
0.000161489
0.000278589
4.76668e-05
4.27338e-05
0.000991855
3.71592e-05
8.63011e-05
0.00132943
0.000113782
8.80702e-05
0.000200746
2.70658e-05
3.30748e-05
0.000169872
0.000185113
0.000205164
0.000233118
0.000129539
0.000103011
0.000111371
6.99269e-05
8.38373e-05
2.84543e-05
0.000118682
8.37289e-05
7.82461e-05
0.000210689
0.0198987
0.000106934
2.23035e-05
0.000106176
0.000190437
0.000418924
0.000191266
8.49256e-05
5.63013e-05
0.00043265
0.000679777
0.000102185
7.11256e-05
0.00201173
0.000108126
0.000124308
8.59104e-05
0.000265354
7.80742e-05
0.000532796
0.000194319
0.000369295
0.000282329
8.84974e-05
7.9095e-05
9.26506e-05
0.000520801
0.000256826
0.000297219
0.000143277
0.000170144
0.000121308
4.97286e-05
0.000123411
0.000143832
0.000229325
0.000118654
0
3.72283e-05
0.000228022
0.000216573
0.000277008
1.06386e-05
0.000100632
0.000332021
0.000424317
0.000180105
4.30187e-05
5.09162e-05
0.00014752
0.000197462
8.97119e-05
3.13637e-05
0.000166922
0.000112236
0.000126213
2.82474e-05
8.65878e-05
2.5154e-05
0.000109243
0.000109322
2.72217e-05
0.000161345
5.49642e-05
0.00016031
0.000216871
0.000112934
0.000301997
0.000204149
0.000147689
1.24152e-05
0.000307243
5.20774e-05
0.000283323
1.73741e-05
3.03242e-05
0.00013669
0.00024264
0.000347259
0.000209467
0.000168676
1.03282e-05
0.000130743
6.92521e-05
0.000305399
0.000142489
5.22562e-05
0.000195608
0.000622491
0.000183925
0.000200099
0.000248186
0.000123471
0.000247487
0.000172999
0.000132326
0.000177598
0.00111298
0.000193041
0.000260107
0.000125209
3.17729e-05
0.00134952
0
0.000104231
2.84321e-05
0.00117873
9.88497e-05
0.00287586
0.000131727
0.000174123
6.89033e-05
0.000273542
8.87365e-05
0.000138504
8.70881e-05
0.000154336
0.000183066
6.53619e-05
0.000129175
0.000151088
0.000127316
4.36489e-05
7.04334e-05
0.000218622
0.000154524
0.000158955
3.36936e-05
0.000128952
0.000212147
0.000280005
5.36992e-05
7.74429e-05
0.000141071
0.000516623
3.34951e-05
8.46666e-05
0.000416027
0.000178831
0.00012374
0.000111502
0.000128449
0.000166755
4.0567e-05
0.000558317
0.000181401
0.000133619
0.00010098
7.94858e-05
0.000671634
9.85865e-05
0.000164385
0.000106038
8.7369e-05
0.000131016
1.32084e-05
0.000183094
0.000140516
0.00121902
4.26415e-05
0.000299336
1.62895e-06
1.69135e-05
3.55384e-05
0.000353193
0.000183273
0.000141346
0.000336389
6.37915e-05
0.000369887
0.000121024
0.000258479
0.000187714
0.000203535
0.000172959
0.000245096
4.13743e-05
9.20739e-05
0.000152291
3.43573e-05
0
0.00011049
0.000252701
0.000138782
0.000148863
0.000211513
0.000117384
0.000276134
0.000238629
0.000704492
6.052e-05
0.000150772
7.67765e-05
7.08694e-05
0.000137777
8.5544e-05
0.000121553
0.000220106
0.000329988
0.00011671
2.36665e-05
0.000291577
0.000203977
0.000132076
0.000127897
0.000213825
2.12573e-05
0.000277853
0.000208143
5.37376e-05
0.000120903
0.00012535
0.000181198
0.000191794
0.000127267
9.46841e-05
0.00122412
0.000168577
8.7678e-05
7.70683e-05
0.000183549
9.0914e-05
5.50111e-05
0.000339937
0.000187112
0.00110013
0.000180596
0.000199789
0.000115738
0.000132018
5.61925e-05
9.23297e-05
4.30255e-05
0.000220703
0.00587477
3.93915e-05
0.000206319
4.67323e-05
0.00214664
0.00308414
9.15921e-05
0.000203602
0.000190803
9.94988e-05
0.000344682
0.000202272
4.51725e-05
9.06514e-05
5.3747e-05
0.000705474
0.000108353
0.000264809
0.000900581
0.000182105
0.000169283
9.48214e-05
0.000100534
0.000238842
0.000117206
0.000388244
6.33958e-05
0.0010233
0.000220243
0.000130575
7.68485e-05
7.89141e-05
0.000200178
5.64213e-05
0.000180152
0.000115971
4.69982e-05
0.000504866
0.000166672
0.000147077
8.29203e-05
0.00032179
0.000155225
0.000134901
9.26936e-05
0.000143468
3.64753e-05
0.00013266
0.00166857
0.000202685
8.80907e-05
0.000182866
8.49813e-05
0.000195507
0.00349148
0.000110335
0.000118684
0.000415824
0.000130511
0.000138696
0.000314704
0.000105928
0.000263461
6.76864e-05
4.11355e-05
5.78001e-05
0.000280688
0.000170073
0.000109956
0.000159901
0.000338838
0.000159398
3.7303e-05
0.000142812
0.000326569
0.000240278
0.000165658
0.000190948
0.000104766
0.000130651
0.000144432
0.000250123
7.70477e-05
0.000158487
1.382e-05
0.000132225
0.000180777
0.000657495
0.000101033
1.33802e-05
8.78191e-05
0.000230336
0.000252867
0.000331905
3.95687e-05
0.000338439
3.85965e-05
0.000143832
2.52867e-05
0.000218234
3.06708e-05
0.000226502
0.000239214
0.00157798
6.5426e-05
0.000243445
0.000239659
0.000222205
0.000241681
0.000796835
0.000102288
0.000277346
0.000111265
0.000986702
3.80282e-05
0.000138408
2.23041e-05
7.16928e-05
0.000360311
9.8612e-05
0.000292223
0.000380815
3.71167e-05
0.000114229
0
0.000132915
5.90453e-05
0.000188849
0.000107323
0.000294737
0.00331553
0.000138223
0.000807699
1.72957e-05
0
0.000172362
0.000179804
0.00168055
6.45239e-05
0.000211015
0.000313849
6.29957e-05
7.67075e-05
8.41479e-05
0.000344751
0.000303274
0.000255566
0.000131833
0.000196061
0.000340332
0.00068828
0.000163205
9.39362e-05
0.000167154
0.000115562
0.000268915
9.91054e-05
4.00928e-05
0.000131368
8.53014e-05
9.99864e-05
2.63926e-05
0.000158516
0.000132229
0.000124811
0.000108652
7.64852e-05
8.64781e-05
0.000142768
0.000127078
2.01109e-05
0.000147103
0.000332345
3.67227e-05
8.05162e-05
0.000124716
6.03316e-05
0.000256556
9.02879e-05
0.000308605
0.000167165
0.000223222
0.000645103
0.00013481
0.000201372
0.000213283
8.25829e-05
8.17972e-05
0.000575366
2.23225e-05
0.000146655
1.2986e-05
0.000147527
4.20274e-06
0.000137464
7.10106e-05
0.000101395
0.000161084
8.73417e-05
9.80742e-05
0.000405049
2.97933e-05
0.000259732
2.78547e-05
0.000212212
0.000202738
0.000125622
0.000137801
0.000621601
4.373e-05
0.000108381
5.54687e-05
0.000123599
1.36499e-05
0.000274477
0.000111833
0.000192506
0.000127986
4.0946e-05
8.30761e-05
6.5745e-05
0.000460441
0.000181788
2.71354e-05
0.00148687
0.000114311
0.000143431
5.58969e-05
0.000100819
9.66199e-05
4.39412e-05
9.43775e-05
0.000128868
7.32893e-05
0.000156419
0.000139286
0.000135009
0.000312377
0.000173364
0.000112826
9.04323e-05
1.27708e-05
5.40953e-05
0.00023542
0.000105243
0.000529007
0.000122922
9.3118e-05
0.000155077
9.96682e-05
0.000242741
0.000202862
0.000284955
4.8198e-05
9.7648e-05
0.000109523
0.000119997
0.000335333
0.000189966
0.000299302
0.000145307
0.000100008
0.000194881
0.000148792
0.000158171
0.000321756
0.000125911
0.000125197
0.000111766
0.000158919
5.48942e-05
2.44592e-05
0.000225519
0.000203519
0.000200882
0.000146921
8.21845e-05
6.54837e-05
4.64012e-06
7.36453e-05
0.000102327
0.000204839
0.000224694
0.00016546
1.00591e-05
0.000164672
0.0001695
0.00183592
0.000204577
0.000297117
0.000200088
7.10434e-05
0.000168612
3.60954e-05
0.000347544
0.000417937
7.38627e-05
4.97215e-05
0.000259789
0.000155293
2.49266e-05
0.000245918
0.00013981
0.000108497
0.0002486
0
0.000380902
5.11858e-05
2.12593e-05
7.84057e-05
0.000179243
1.22197e-05
0.000386665
0.000276717
0.000199097
5.89247e-05
9.67915e-05
0.000192374
2.51723e-05
0.00158126
0.00188394
0.000122946
0.000127629
0.000153345
0.000144479
0.000160494
0.000135058
0.000195819
0.000170969
4.77263e-05
0.000161027
5.72564e-05
0.000124729
0.000107354
5.86506e-05
0.000333455
6.17014e-05
0.000210488
0.000209829
0.000388777
0.000217158
7.21173e-05
3.67399e-05
0.000365405
0.00011664
0.0003232
0.000127338
2.16425e-05
0.000102294
0.000227055
0.000202472
7.20224e-05
8.75712e-05
0.000311708
9.43333e-05
0.000185568
0.000201879
0.000148951
0.00014442
0.000377904
0.000126398
0.000110898
6.35832e-05
0.000123798
6.89605e-05
7.73841e-05
8.77084e-05
8.95309e-05
0.000220435
0.000490887
0.000146154
9.63663e-05
0.000118205
0.000748975
0.00036018
0.000201748
0.000429881
1.27097e-05
0.00015302
0.000107756
0.000117852
7.22164e-05
0.000194846
0.000415743
0.000237236
0.000150726
0.000666255
0.000236832
0.000131325
9.75178e-05
0.000296024
0.000202038
0.000244682
0.000171559
0.000120605
7.05297e-05
7.82115e-05
0.000192122
0.000230763
0.000157054
0.000741204
0.000136947
7.56603e-05
0.000133271
0.00021466
9.52832e-05
6.42259e-05
8.98952e-05
0.000182501
0.000136322
0.000186547
0.000157943
0.000637574
0.00397687
5.55008e-05
8.83665e-05
0.000192726
0.000205686
1.65496e-05
0.000130663
0.000378047
0.000206545
0.000256238
0.000273286
0.000771462
8.71938e-05
0.000217201
3.51327e-05
0.000629944
8.29887e-05
0.00016742
8.61955e-06
0.000252887
0.000122685
0.000127418
0.000362993
0.000482829
1.03257e-05
0
8.74268e-05
6.8418e-05
5.14242e-05
7.86725e-05
9.47983e-05
0.000128957
0.00055717
0.000172249
4.11141e-05
4.20576e-05
0.00036244
4.45422e-05
0.000152088
0.0001905
8.57379e-05
0.000890573
0
0.00017426
0.00024408
8.92099e-05
5.01716e-05
4.34706e-05
0.00037506
0.000442607
0.000995826
0.000194289
5.36594e-05
7.18842e-05
0.000128092
0.000183568
7.60401e-05
0.0001657
0.000108207
0.000144861
0.000302353
0.000298395
9.0379e-05
3.23801e-05
0.000308291
0.000245199
9.29769e-05
0.000109992
0.000124198
5.85059e-05
0.000183777
0.000566599
5.47023e-05
0.000117474
5.23057e-05
1.86403e-07
3.30591e-05
0.000158037
7.51197e-05
0.000465534
6.70907e-05
0.000115116
0.000230051
7.78947e-05
0.000117926
0.000384227
0.000196682
0.000156226
0.000278213
0.000154476
0.000119887
0.000370827
7.15934e-05
8.06185e-05
0.00017851
0.000193678
0.0002137
0.000126778
0.000105614
0.00020101
2.22147e-05
1.70481e-05
0.000165933
0.000115923
4.52398e-05
0.000291894
5.68969e-05
0.000141368
0.000159073
0.000150484
0.000282851
0.000155647
8.48223e-05
8.21945e-05
3.44843e-05
0.000154488
4.70646e-05
0.000227334
0.000147625
0.000152717
0.00049367
0.000285076
0.000134341
3.86349e-05
0.000154652
0.000269857
9.68003e-05
0.00014316
0.000208105
0.000157149
0.000380852
0.00013909
0.000229605
0.000301614
9.13446e-05
0.000196624
0.000259713
0.000169328
0.000139935
1.53062e-05
0.087243
4.39244e-05
6.99035e-05
0.00015993
0.000113541
0.000137042
0.000260209
0.000102694
0.00108197
5.37235e-05
0.000108736
7.43966e-05
9.9865e-05
0.000159628
8.53433e-05
0.0001022
0.000517957
0.000151203
2.79164e-05
8.5187e-05
9.84935e-05
6.4519e-05
0.000222335
0.000301954
0.000114237
0.000222297
0.000170526
0.000156086
0.000410196
0.000265451
5.91316e-05
0.000281713
0.000378307
7.79712e-05
9.26845e-05
0.000185419
0.000198334
0.000116927
0.00100119
0.00014612
5.3174e-05
0.000168473
0.000128563
0.000204562
0.000127886
0.000206792
0.00018563
0.000148676
0.000216522
0.000479605
0.000227379
9.78903e-05
0.000201308
0.000339919
2.88389e-05
0.000985917
0.000162322
0.000422544
9.14353e-05
0
0.000160286
0.000188111
