0.000699219
0.00125063
0.00156444
0.0108475
0.000337471
0.000988313
0.000232239
0.00085361
0.000480173
0.000657012
0.000291294
0.000376427
0.00119474
0.00054662
0.000430764
0.001147
0.000163371
4.76809e-05
0.000386194
0.0011911
0.000654947
0.000471645
0.00056587
0.000611403
0.000622067
0.000565327
0.000395677
0.000967326
0.000254664
0.000619081
0.00040496
0.000628374
0.000552511
0.000710328
0.000473699
0.000847086
0.00138304
0.000846695
0.000592928
0.000427125
0.00151473
0.00109109
0.000566197
0.000384539
0.000641397
0.000258194
0.000679176
0.000408082
0.000749977
0.00055877
0.0007216
0.000345156
0.000552266
0.0030665
0.000633631
0.000437304
0.000339543
0.000969514
0.00123106
0.000822943
0.00080947
0.000344538
0.000657373
0.000606491
0.000340425
0.00048355
0.000548376
0.000697602
0.000623251
0.00069206
0.000251339
0.000892368
0.000711446
0.00154909
0.000999983
0.000882293
0.000505564
0.000523987
0.0028912
0.000310023
0.000929877
0.000504131
0.000680572
0.000539346
0.000606226
0.000526519
0.000777236
0.000724796
0.000633424
0.00076157
0.000244119
0.000770577
0.00063726
0.000730216
0.000983687
0.000207717
0.000414687
0.000910261
0.000270476
0.000493347
0.00070483
0.000196175
0.00114252
0.000465416
0.000490027
0.000415189
0.000514685
0.00049476
0.000613635
0.000165109
0.000705706
0.000499561
0.000384746
0.000244928
0.00171079
0.000556529
0.00108381
0.000379183
0.000498052
0.000963541
0.000428406
0.00246755
0.000671584
0.000505424
0.00122119
0.000518852
0.000307359
0.00060465
0.000923389
0.000712927
0.000439734
0.000490845
0.00127132
0.000248027
0.000424329
0.0004248
0.000674037
0.0014969
0.000707515
0.000558173
0.000255561
0.000679708
0.00100473
0.000569796
0.000521412
0.00132485
0.000504803
0.000519267
0.000766173
0.000573902
0.000755395
0.000310953
0.00356324
0.00351266
0.000308937
0.00104515
0.000653884
0.000781035
0.000509995
0.000299257
0.000470313
0.000177348
0.00106699
0.000256715
0.00047009
0.00128967
0.000354747
0.000923838
0.000744371
0.00113225
0.000447956
0.00082159
0.0011056
0.000644885
0.000309899
0.000486334
0.000992002
0.00112512
0.000620475
0.000629114
0.000868172
0.00180529
0.00934547
0.000652238
0.000489501
0.000378605
0.000373178
0.00039858
0.00163431
0.000201975
0.000582463
0.000811795
0.000790382
0.0010426
0.00134933
0.000832396
0.000276966
0.000372187
0.000655416
0.00346298
0.000944805
0.00129657
0.000525051
0.000699147
0.000604329
0.000359044
0.000429273
0.00136094
0.000149121
0.000941913
0.000645179
0.00121853
0.000618757
0.00177746
0.000873676
0.000814636
0.00166884
0.000591838
0.000855305
0.00040346
0.0012321
0.000804264
0.000781153
0.000904547
0.000363822
0.000545521
0.000212002
0.000659371
0.00105443
0.00228025
0.000504951
0.000488234
0.00105618
0.000623043
0.000920158
0.000642265
0.000525382
0.00327433
0.00127631
0.000360861
0.00658619
0.000582987
0.000601214
0.000660565
0.000608457
0.000485815
0.00019475
0.00128664
0.000457706
0.00022529
0.000712918
0.000345699
0.000932244
0.000685207
0.000752658
0.00076653
0.000759627
0.000258278
0.0020193
0.000370848
0.000418846
0.00188781
0.000723172
0.000771564
0.00089771
0.000767231
0.0031289
0.00179101
0.000198584
0.00174114
0.000605666
0.000798351
0.000671626
0.000836347
0.000427556
0.00213192
0.000168872
0.000822097
0.000376126
0.000420475
0.000686595
0.000687396
0.000607549
0.000552073
0.000795966
0.000712772
0.000800776
0.000362172
0.000211222
0.000244702
0.00109726
0.000347628
0.000896525
0.000777572
0.000592831
0.00070007
0.000840228
0.000491986
0.000712441
0.000301239
0.000589508
0.000691238
0.000761417
0.0012751
0.000533895
0.000450537
0.000696919
0.000224741
0.000979511
0.000438227
0.000431856
0.00100828
0.00163004
0.00102065
0.00064989
0.000115537
0.00450681
0.00575389
0.000907099
0.000445751
0.000869368
0.00107343
0.000205795
0.00104235
0.000664441
0.000972151
0.00111008
0.000364519
0.000995901
0.00100069
0.000671725
0.000920186
0.000809702
0.000598698
0.000598026
0.000455226
0.000354892
0.00173438
0.000620033
0.000733946
0.000589526
0.00122441
0.000537764
0.00178476
0.000921267
0.00139879
0.00205348
0.00376086
0.000879461
0.000888838
0.00113474
0.0013245
0.000546731
0.00281217
0.000968127
0.000573328
0.00117455
0.00114134
0.00226713
0.000876149
0.0006247
0.000806522
0.000627672
0.000961443
0.000466531
0.00202529
0.000613945
0.00200804
0.00112158
0.000211529
0.000767476
0.000569258
0.00322685
0.000578504
0.00082979
0.000826797
0.000736904
0.000582615
0.00286663
0.00433556
0.000449644
0.00077227
0.000290347
0.00147791
0.000297524
0.000495807
0.00149531
0.000682772
0.000591331
0.000616173
0.000561551
0.000977897
0.00265769
0.00030474
0.000379223
0.000286071
0.00552029
0.000680878
0.00111914
0.000723498
0.000634583
0.000758338
0.000813608
0.00045781
0.00169137
0.000341684
0.000738871
0.000555613
0.000886555
0.000269427
0.000488376
0.000685118
0.000538838
