0.000767524
0.00231374
0.00224698
0.000438137
0.00050202
0.000502647
0.00055675
0.000694757
0.00297778
0.000438855
0.00080233
0.00117746
0.000752114
0.000577472
0.000979721
0.000438951
0.000593067
0.000724648
0.00168229
0.000934354
0.000530777
0.000769811
0.000853743
0.000851424
0.000894163
0.00113679
0.000334107
0.00224435
0.00060901
0.000836976
0.0010605
0.000761933
0.000551173
0.000790721
0.000318008
0.000866077
0.000757667
0.0010575
0.000632499
0.00126347
0.000440847
0.00103819
0.000586524
0.000139358
0.000461777
0.000568469
0.00464616
0.000517025
0.000843061
0.000470393
0.00263727
0.000793992
0.000883464
0.00158073
0.000720881
0.000863335
0.000824216
0.0018251
0.00122081
0.0031682
0.000580747
0.000657121
0.00318966
0.0010194
0.000821514
0.000626959
0.000696486
0.00222111
0.000804537
0.000917537
0.000580725
0.000901228
0.00299864
0.00133957
0.000359226
0.00108537
0.000908449
0.00152923
0.00314281
0.00198203
0.000587159
0.000844654
0.000824159
0.000836187
0.000557172
0.000464344
0.000535754
0.000450329
0.000907862
0.00299592
0.00070339
0.000554968
0.000202037
0.00102452
0.000846598
0.000759254
0.000478448
0.000496718
0.000982216
0.00101456
0.000691252
0.000403625
0.000763292
0.00102817
0.00984262
0.000423779
0.000848829
0.0018564
0.000763362
0.00147425
0.00529767
0.000872022
0.00206328
0.000629876
0.000118992
0.000502533
0.000709742
0.000707144
0.00196902
0.000510909
0.0012997
0.00164087
0.000909392
0.00114702
0.000560329
0.00127617
0.000487596
0.00154565
0.000854893
0.0014187
0.000853284
0.000627966
0.00155204
0.000948003
0.000591587
0.000802998
0.000509832
0.000715291
0.000155686
0.000271967
0.00108954
0.00068926
0.00176666
0.00139998
0.000987326
0.00152353
0.000676148
0.00162713
0.00138631
0.0155165
0.00116094
0.000400202
0.000369256
0.00276956
0.000724453
0.000413441
0.000434963
0.00505728
0.000799141
0.000454489
0.000562431
0.00111403
0.000299989
0.00319445
0.000867636
0.000541048
0.000775765
0.000353945
0.000695882
0.0204211
0.000468298
0.000263614
0.000207819
0.000854463
0.00111616
0.00197017
0.00146074
0.000355331
0.00115712
0.000258332
0.000370986
0.000759949
0.00102023
0.00199222
0.00090625
0.00362882
0.000534231
0.00181813
0.000774707
0.000314722
0.00344376
0.000839084
0.000488207
0.00189252
0.000790213
0.000613535
0.000453885
0.000929651
0.00238103
0.000537382
0.000851192
0.000920397
0.00104804
0.0007965
0.00203846
0.00337867
0.00102501
0.000462968
0.00173427
0.00120609
0.00109263
0.000682606
0.000498883
0.00234718
0.000406515
0.00280521
0.000684943
0.00106395
0.000772458
0.000906903
0.000639273
0.000970331
0.000664168
0.00436989
0.00276771
0.000848683
0.000939567
0.000881425
0.0047479
0.000871435
0.000690724
0.00145245
0.000283195
0.00111729
0.000572269
0.00470091
0.000834293
0.00127843
0.00170979
0.000569165
0.00266027
0.000381492
0.00116304
0.000711001
0.00061467
0.0010793
0.000667979
0.00124596
0.000700062
0.000939353
0.00118081
0.000536495
0.000875817
0.000689351
0.00101753
0.00434966
0.00103024
0.00127102
0.00816491
0.00196797
0.00300817
0.000331659
0.00092081
0.00145975
0.000612344
0.000602147
0.000801199
0.00166083
0.0016013
0.00101207
0.000835361
0.00126523
0.000622133
0.00025933
0.000708146
0.000841237
0.000569728
0.000793156
0.00375538
0.000694542
0.000472082
0.00355926
0.000929922
0.000898597
0.000957472
0.000549978
0.000869924
0.000598566
0.000556768
0.00065674
0.000941838
0.000376296
0.000492489
0.00210088
0.000439397
0.00117747
0.000759414
0.000636837
0.000314262
0.000630251
0.00100904
0.00096908
0.00111498
0.000729577
0.000840091
0.00556196
0.000516882
0.00113191
0.00168411
0.000465376
0.000272734
0.000476175
0.000661598
0.000596171
0.0016263
0.00334409
0.000667475
0.000589501
0.000731829
0.000640671
0.000546912
0.00057727
0.000710001
0.00118023
0.00109045
0.000215354
0.000581235
0.00113155
0.00151728
0.000995048
0.000821325
0.000769671
0.00491316
0.000635699
0.00194008
0.000665459
0.0011892
0.00109408
0.016747
0.000956914
0.000777887
0.0010073
0.000238455
0.000781608
0.000616932
0.000592224
0.00227098
0.000609815
0.00068031
0.000318984
0.000692659
0.000693524
0.00145343
0.00101591
0.000788364
0.00122554
0.00181661
0.000681559
0.00102664
0.000844584
0.000560106
0.00069382
0.000538948
0.00235621
0.00086616
0.000786729
0.000738134
0.00129005
0.000955895
0.000783267
0.000626516
0.000888047
0.000773917
0.000607739
0.00157073
0.000194509
0.00076374
0.000899304
0.000473706
0.000693896
0.000654085
0.000309223
0.000441397
0.000926342
0.000312102
0.0036171
0.0011273
0.00093859
0.00119978
0.00142301
0.000577893
0.00085001
0.00175078
0.00119407
0.00079645
0.000485957
0.000867801
0.000569097
0.00076085
0.00346856
0.00206896
0.000646225
0.000885219
0.000365979
0.000465729
0.000430542
0.0016306
0.00272677
0.000525299
0.000398444
0.000356155
0.000752545
0.000410444
0.000659749
0.000541028
0.00109701
0.0019956
0.000903392
0.00143542
0.000393807
0.000820051
0.00179936
0.000302573
0.00093656
0.000355126
0.000680716
0.00122083
0.000818008
0.00035884
0.000388215
0.000734102
0.00195756
0.00100203
0.000430596
0.000439965
0.00172222
0.000866794
0.000595238
0.00108232
0.000704432
0.000578928
0.000795679
0.000673184
0.000557353
0.000580516
0.00135829
0.001057
0.000189551
0.000353595
0.000298354
0.0106731
0.0250387
0.000453221
0.000666635
0.000520223
0.000435831
0.00070023
0.000795292
0.000723173
0.000438104
0.00118708
0.00157025
0.000361117
0.000755713
0.00110259
0.00392599
0.00141919
0.000836595
0.000413419
0.000810657
0.00139126
0.000642305
0.000881404
0.00161909
0.00140015
0.00366141
0.000500191
0.000865902
0.00112511
0.00170662
0.00123851
0.00259865
0.000467304
0.000417398
0.000596483
0.00045168
0.000138467
0.00182592
0.00070821
0.000682659
0.00224829
0.000466578
0.000493329
0.0010952
0.000307953
0.00145298
0.000706832
0.000503161
0.000543292
0.00100712
0.000260293
0.0053431
0.00063466
0.000778648
0.00129584
0.00076234
0.00157931
0.000742108
0.0032243
0.000685382
0.000808171
0.00366779
0.000971548
0.000830817
0.00152957
0.000670151
0.000474772
0.000938192
0.000479166
0.000200539
0.00061442
0.00131646
0.00111414
0.000443669
0.000950226
0.000135154
0.000249039
0.000302473
0.000893397
0.0010698
0.000171238
0.00883095
0.000830629
0.000626359
0.000717426
0.000653771
0.00128556
0.0015605
0.000942798
0.000374471
0.00074175
0.00988957
0.00120938
0.00314442
0.000373392
0.000902982
0.000706635
0.00095164
0.000290266
0.00114249
0.000535804
0.000934907
0.00268414
0.000810934
0.000681601
0.00125749
0.000745805
0.000681599
0.000643834
0.000716559
0.00435373
0.00111155
0.00101573
0.000326185
0.00133359
0.000645804
0.000720261
0.000623162
0.000538293
0.0075132
0.000308984
0.000855484
0.000994946
0.000736233
0.000801632
0.00186823
0.000944081
0.000442287
0.000783618
0.00045158
0.00130804
0.000678809
0.000642222
0.000931541
0.000861759
0.0028866
0.00072407
0.00718256
0.00152934
0.000482312
0.00102415
0.000777511
0.000535295
0.000816872
0.000416943
0.000546117
0.0011094
0.00113711
0.000792154
0.000425889
0.000830721
0.000435174
0.000674246
0.000812515
0.000528523
0.00141738
0.000951365
0.00264504
0.000623721
0.000717173
0.001132
0.000819949
0.00219084
0.00625438
0.000677558
0.00219967
0.00523988
0.000794451
0.00167081
0.000535841
0.000748842
0.0014834
0.000602499
0.000595241
0.00102747
0.000472327
0.00346499
0.000943194
0.000564654
0.00056131
0.00153544
0.000531226
0.00111917
0.000863801
0.00088122
0.002015
0.00307536
0.000227287
0.000862334
0.00117254
0.000758326
0.000650587
0.000464177
0.00054739
0.00135638
0.0010254
0.00260429
0.000441726
0.00110557
0.0181939
0.000374939
0.00138844
0.000498018
0.000815216
0.000923057
0.000347948
0.000608841
0.000931241
0.00174808
0.0360633
0.000847389
0.000159908
0.000697046
0.00381999
0.000518491
0.000717403
0.000452478
0.000891404
0.000338837
0.000807099
0.00106108
0.000364952
0.000845634
0.000831313
0.000915101
0.000544716
0.00102749
0.00100409
0.00054769
0.000385904
0.00113712
0.000559344
0.000983105
0.00263021
0.000207969
0.00483294
0.0018543
0.00169899
0.000663517
0.000500673
0.0474939
0.00124421
0.000867067
0.0011036
0.000342328
0.00155582
0.000833547
0.00103552
0.000773163
0.000980286
0.000485253
0.00194851
0.00148702
0.000754914
0.00104773
0.000410347
0.000311836
0.000595205
0.00100933
0.000547173
0.000975559
0.000172146
0.000226467
0.000543211
0.00106765
0.00442426
0.00128827
0.000746222
0.000696988
0.000817865
0.000540068
0.000494803
0.000440322
0.00308053
0.000773682
0.000280092
0.000501368
0.001756
0.000508722
0.000777367
0.00073223
0.00110644
0.000706134
0.000611461
0.000357722
0.000946854
0.0018067
0.00708678
0.00191003
0.000668119
0.000682513
0.000996348
0.000776249
0.000591177
0.0010664
0.00106042
0.00104245
0.000960038
0.000555394
0.000883255
0.0177687
0.000832778
0.00123962
0.00264996
0.000873307
0.00091459
0.000529738
0.00146788
0.000893319
0.0009835
0.000708209
0.000523437
0.000941969
0.000984005
0.00089965
0.000653337
0.000541565
0.000807554
0.000702667
0.000365317
0.0011013
0.000419654
0.000699633
0.00112402
0.00127855
0.0048995
0.000718951
0.000767121
0.000854233
0.00101301
0.00112529
0.00145115
0.00071917
0.000671365
0.00102665
0.00077989
0.00082269
0.000881237
0.000856519
0.000627024
0.000909032
0.000937523
0.000721451
0.000956838
0.0020626
0.000833546
0.00037205
0.00309679
0.00073844
0.000726563
0.00110674
0.00567829
0.000747028
0.000890732
0.000833019
0.000276416
0.000489578
0.000282723
0.000996201
0.00135488
0.00135313
0.000856848
0.000848302
0.000660941
0.000984543
0.00069131
0.000650084
0.000584269
0.00202712
0.00102284
0.000295981
0.00129067
0.000494823
0.00087626
0.000775033
0.000542209
0.00138969
0.000690279
0.000623271
0.00135545
0.00136271
0.0008169
0.000669005
0.000550892
0.00118444
0.000870672
0.000670071
0.000738576
0.000697303
0.000622717
0.00258154
0.00117264
0.00050603
0.00018327
0.00112286
0.0023999
0.000910214
0.00586498
0.000582354
0.000771454
0.000615611
0.000423372
0.000689385
0.000698877
0.00049803
0.00132278
0.00045898
0.0172851
9.20875e-05
0.000588912
0.00120712
0.00137006
0.00113636
0.000657818
0.000781036
0.0012273
0.000914822
0.00117111
0.000295461
0.000952616
0.000965583
0.000545632
0.000996716
0.00164557
0.000761643
0.00118977
0.000814926
0.000734543
0.000953676
0.000518026
0.000851865
0.00242248
0.00140537
0.000717259
0.00107382
0.00134504
0.000817126
0.0016339
0.000889329
0.000184054
0.000717657
0.00117872
0.00118081
0.00127111
0.00170269
0.000926601
0.00043494
0.000442233
0.00145584
0.00124888
0.000710253
0.00116979
0.00287248
0.000470068
0.00089814
0.00101276
0.000871895
0.000705275
0.000453952
0.000633173
0.000887952
0.00100286
0.0003633
0.000763613
0.000914614
0.00107336
0.000866822
0.00143045
0.000351875
0.000597365
0.000905998
0.000746161
0.000534365
0.000806797
0.00342059
0.00175322
0.000730647
0.000875211
0.000877522
0.000694019
0.000344374
0.000676039
0.000784468
0.000915741
0.000801652
0.000864833
0.00074913
0.000632479
0.000685396
0.000896018
0.000604384
0.00147977
0.00162956
0.000227977
0.000469076
0.000468617
0.000817387
0.000698758
0.000922697
0.00125727
0.00141563
0.000666319
0.00069846
0.000924183
0.000361171
0.00124127
0.000663372
0.000831257
0.000250281
0.000706701
0.00255799
0.00110275
0.000655226
0.00125928
0.00162985
0.000812138
0.000475649
0.00123147
0.000664415
0.00134718
0.00101273
0.00108088
0.000384981
0.00106221
0.00221851
0.000969599
0.000690601
0.00090275
0.000586695
0.00154791
0.000516015
0.000947805
0.000667579
0.00044922
0.00060854
0.00125969
0.000223379
0.00105903
0.000443236
0.00116014
0.0326442
0.0010577
0.00119688
0.000831221
0.000726589
0.000617323
0.000588948
0.00145687
0.000449939
0.000320295
0.000774274
0.00070517
0.000763317
0.000641085
0.00106224
0.00063034
0.000633303
0.00186194
0.000726416
0.000559644
6.3563e-05
7.55773e-05
0.000517591
0.00101745
0.00105064
0.00103764
0.000995761
0.00076393
0.0056992
0.00198905
0.000845845
0.000841412
0.000681014
0.000641172
0.00342087
0.000892055
0.000869225
0.000434973
0.000931026
0.00148833
0.000549271
0.00138856
0.000337871
0.00149153
0.000669895
0.000221632
0.000880846
0.000693958
0.000552474
0.00116088
0.000643511
0.00450684
0.000716516
0.00149778
0.000635047
0.000992627
0.00092644
0.000895089
0.000425576
0.00187578
0.00502929
0.00115863
0.000414515
0.00230863
0.000549851
0.00460329
0.000398059
0.00127645
0.00056766
0.000828726
0.000588089
0.00429285
0.00109907
0.00113295
0.000680321
0.00178008
0.000955306
0.00258849
0.000465139
0.000557448
0.000524564
0.000843225
0.00110884
0.0015208
0.00284992
0.000658589
0.00360977
0.00062897
0.000340739
0.000790726
0.000275771
0.000496628
0.00197693
0.000876649
0.000682735
0.000648059
0.000503614
0.000562853
0.00143329
0.000782939
0.000972984
0.000982029
0.000859472
0.00135864
0.000625839
0.00295613
0.000228063
0.0010454
0.000759282
0.000820119
0.00165057
0.00116195
0.000372105
0.00478439
0.00103873
0.000519799
0.000690273
0.000880035
0.000883768
0.000451618
0.000752264
0.000689901
0.00102858
0.00501507
0.000265849
0.00072461
0.00119884
0.000938142
0.000415594
0.000701769
0.000638919
0.000426429
0.000734577
0.000496209
0.000428956
0.00141207
0.000753317
0.000801459
0.000648564
0.000917102
0.000856322
0.00098535
0.000990239
0.00104273
0.00124948
0.000650771
0.000942277
0.000598198
0.00110686
0.000976594
0.000594362
0.000694855
0.00113344
0.000501277
0.000503166
0.00282668
0.0013321
0.000243905
0.000434793
0.00110057
0.000397428
0.000463092
0.00101663
0.000807949
0.00076517
0.00189381
0.000659747
0.00388612
0.00108666
0.00183044
0.000648304
0.00080364
0.00047763
0.00116812
0.00179926
0.000380412
0.000750097
0.00113437
0.000592311
0.000418931
0.00296537
0.000766787
0.000656836
0.00128223
0.00969658
0.000764934
0.000873663
0.000892705
0.000258061
0.00121959
0.00101235
0.000813631
0.00134347
0.00110961
0.00087208
0.00137045
0.000625772
0.00118615
0.000443156
0.000717583
0.000372618
0.00109089
0.000795105
0.000558822
0.0121152
0.000450427
0.000973991
0.000850042
0.00088198
0.000497251
0.000521519
0.000623985
0.000724826
0.000525264
0.000703156
0.00096798
0.000709391
0.000927762
0.00186663
0.00153658
0.000986676
0.00094921
0.00108438
0.000775441
0.000935371
0.000571127
0.000393473
0.00140594
0.000647548
0.00141077
0.00193442
0.00740816
0.00107272
0.0152658
0.000534338
0.000286968
