0.000396216
0.000135227
0.000455271
0.000118726
0.000286796
0.000142495
0.000944143
0.000375502
0.000377981
0.0001912
0.0005694
0.00010719
0.000405869
0.000287511
0.000306742
0.000299174
0.012558
0.000249751
0.00168801
0.00148487
0.000245494
0.000225973
0.000145362
0.000283437
0.000246379
0.000393532
0.000311561
0.000332202
0.000127744
0.00039619
0.000278514
0.000448539
0.000401116
0.000986953
0.000338319
0.00157194
0.000243376
0.000198414
0.000242895
0.000128288
0.000402055
0.00238354
0.000329557
0.000668312
0.000174973
0.000392372
0.000394462
9.29533e-05
0.000294851
0.000488484
0.000413038
0.000382758
0.000273999
0.000785794
0.000342774
0.0026277
0.000194609
0.000264073
0.00159573
0.000140151
0.000293516
0.000301517
0.000390726
0.000211569
0.000277888
0.000803382
0.000255061
0.000326244
0.000270486
0.000261514
0.000414303
0.000441436
0.000253507
0.000639648
0.000424153
0.000355859
0.000224373
0.000506195
0.000556591
0.000287774
0.00432077
0.000295886
0.000187634
0.000978975
0.000757311
0.0008
0.000300358
0.000375095
0.000408568
0.000226113
0.000457169
0.000497139
0.000321241
0.000726815
0.000283188
0.000399325
0.000321244
0.00219809
0.000496606
0.000508834
0.000204552
0.00082615
0.000199214
0.0107647
0.000146169
0.000193735
0.000509122
0.000978284
0.000297799
0.000414189
0.00150948
0.00020149
0.000289506
0.000157776
0.000398102
0.000235926
0.00322585
0.000662521
0.000222954
0.000173495
0.000707749
0.000503959
0.000136336
0.000538105
0.000230059
0.000621257
0.000430141
0.00013006
0.000195384
0.000364124
0.00303784
0.000386154
0.000435879
0
0.000275347
0.000670782
0.000779592
0.000313295
0.000419176
0.000224709
0.00010682
0.000741843
0.00031185
0.000303312
0.000241854
0.000800609
0.00123604
0.000214942
0.000298755
0.000354853
0.000472689
0.000160356
0.000314198
0.0003388
0.00026577
0.000905196
0.000202446
0.000465501
0.000194175
0.000376273
0.000785119
0.000415797
0.000332288
0.000517481
0.00600191
0.000609582
0.000417611
0.000158453
0.000124409
0.000199106
0.000404209
0.000365571
0.000245335
0.00051214
0.000323691
0.000109348
0.000327617
0.000256223
0.000750439
0.00214548
0.000430654
0.000529389
8.00847e-05
0.000207309
0.000147641
0.000267611
9.56429e-05
0.000113392
0.00154088
0.000186654
0.000301167
0.000284793
0.000470055
0.000111543
0.000230207
0.000252832
0.000353542
0.000280289
0.000218645
0.000285252
0.000206035
0.000420257
0.000370146
0.00046835
0.000503647
0.000100473
8.247e-05
0.000583059
0.000103904
0.000164674
0.000310047
0.000161665
0.000374393
0.00019962
0.000468473
0.000635971
0.000171236
0.000238925
0.000760958
0.000409119
0.000263165
0.000509246
0.000158136
0.000328352
0.000320754
0.00133651
0.000218962
0.000329594
0.000271842
0.000161267
0.000137335
0.00239124
0.000426235
0.000340535
0.00045254
0.000197272
0.000305981
0.000283733
0.000299636
0.000294192
9.68519e-05
0.000435962
0.000334557
0.000284831
0.000409914
0.000136326
0.000391808
0.000176176
0.000602185
0.000559803
0.000910141
0.000250645
0.000101682
0.000106701
0.00227966
0.000313221
9.5838e-05
0.000277606
0.000450653
0.000538149
0.000128839
0.00018848
0.000608146
0.000382643
0.000404568
0.000443001
0.00121654
0.00035291
0.000434359
0.000450727
0.000637481
0.000473179
0.000421562
0.0035643
0.00083206
0.000265157
0.000352463
0.00039369
0.000266268
0.00105644
0.00103782
0.000117787
0.000333689
0.000206154
0.000180768
0.000149645
0.000188329
0.000224566
0.000606279
0.000531049
0.00021708
0.000524144
0.000154759
0.000402979
0.00017584
0.00018268
0.000292178
0.0016002
0.000273558
0.000384075
0.000336987
0.000455984
0.000236732
0.000396994
0.000680886
0.000244385
0.000548335
0.000217681
0.000359108
0.00036224
0.000307991
