0.00125071
0.00456947
0.00227998
0.00239349
0.00227673
0.00179941
0.00109537
0.00149373
0.00139673
0.00181006
0.0027943
0.00291109
0.00198228
0.00161063
0.00334809
0.00371857
0.00270092
0.00127025
0.00154116
0.00187389
0.00160642
0.00291132
0.000845184
0.00285602
0.00368839
0.000589747
0.00164976
0.00205342
0.00193177
0.00129042
0.00258478
0.00261629
0.00068133
0.00277698
0.00498871
0.00296065
0.00219602
0.00333795
0.0019116
0.00125657
0.00347616
0.00446867
0.00172928
0.00336334
0.0047208
0.000786304
0.0038142
0.00122158
0.00159701
0.00340156
0.00355122
0.00151022
0.0020332
0.00529744
0.00156314
0.00240513
0.00122092
0.000963631
0.00644579
0.00301253
0.00167198
0.00268601
0.00180522
0.00137422
0.00972083
0.00250821
0.00227795
0.00294133
0.00144062
0.00220205
0.00261053
0.00235721
0.00130984
0.00381892
0.000925263
0.00188167
0.000791568
0.00249218
0.00125683
0.00263935
0.00199164
0.00158466
0.0016509
0.00159694
0.00537737
0.0012689
0.0015078
0.00176973
0.00150192
0.00349714
0.0013073
0.00164044
0.00108613
0.0028568
0.00317632
0.00150715
0.00170998
0.00186711
0.00344181
0.00193369
0.00216294
0.00191039
0.00245163
0.00337932
0.00208545
0.00149426
0.0014813
0.00240066
0.00271954
0.00145365
0.00458644
0.00178603
0.00200396
0.00160238
0.00177756
0.00158843
0.00223507
0.00154607
0.00167953
0.00209363
0.00246332
0.0014191
0.00158413
0.00245603
0.00422163
0.00193275
0.00145498
0.00546662
0.00187429
0.000770169
0.00308955
0.00302378
0.00174283
0.00378785
0.00206218
0.00145164
0.00152637
0.00369623
0.00204343
0.00749352
0.00177843
0.00171835
0.00242004
0.0016206
0.0040531
0.002602
0.00406017
0.00264927
0.00129487
0.000990318
0.00233225
0.00233737
0.00118282
0.00198494
0.00290875
0.00203009
0.00178811
0.00218667
0.00224998
0.00172237
0.000688815
0.00113483
0.00207255
0.00118968
0.00220331
0.00143858
0.00184413
0.00234766
0.00137455
0.00165795
0.00359342
0.0046869
0.003058
0.00206116
0.00387032
0.00251469
0.00178235
0.00155895
0.00275768
0.00128005
0.00229991
0.00248243
0.00233846
0.00210599
0.0020696
0.00398324
0.00260213
0.00236707
0.0036209
0.00201986
0.00121232
0.00103446
0.00115958
0.00135214
0.00438694
0.00311095
0.00124611
0.00104047
0.00163763
0.00321833
0.00237475
0.00249374
0.0107657
0.0021138
0.00154581
0.000845731
0.00179594
0.0071071
0.00181974
0.00417736
0.00144517
0.00261482
0.00352869
0.00190949
0.00205636
0.00640746
0.00154584
0.0025215
0.00486825
0.00138481
0.00203102
0.00139734
0.00209038
0.00228515
0.00335722
0.0228514
0.00200384
0.00515831
0.00169397
0.0017203
0.00461562
0.00164262
0.00117311
0.0024926
0.0023151
0.00124348
0.00239603
0.00124778
0.00524389
0.00854968
0.00237749
0.00204277
0.00312448
0.00160948
0.00121509
0.0017025
0.00121567
0.00256178
0.00181068
0.00185665
0.00126636
0.00307438
0.00130765
0.00117616
0.0028539
0.00377956
0.00151614
0.00178679
0.00184078
0.00189019
0.00164801
0.00221481
0.00219305
0.00201506
0.00146799
0.00207292
0.00151014
0.00189854
0.00113604
0.0024035
0.0022782
0.00275689
0.00139575
0.00171977
0.00172728
0.0159373
0.00193612
0.00153818
0.00276617
0.00185629
0.0015897
0.00130577
0.00181012
0.00406086
0.00123877
0.00230224
0.00148316
0.00152523
0.00354958
0.00181669
0.00193276
0.00865405
0.00185966
0.00218021
0.00203232
0.00192507
0.00118279
0.00164019
0.00180927
0.000787522
0.00602376
0.00223493
0.00179811
0.010898
0.00155076
0.00228975
0.00190694
0.00243155
0.00250962
0.00256193
0.00195717
0.0026824
0.00161086
0.0188585
0.00258063
0.00267839
0.0080289
0.00269388
0.00158814
0.00297293
0.00260242
0.00176033
0.00169442
0.00201958
0.00579378
0.00302327
0.00195056
0.00302283
0.00238375
0.00206436
0.00181135
0.00169648
0.00252334
0.00715357
0.00140284
0.00161908
0.00212671
0.00255482
0.00173486
0.00168548
0.00382878
0.00173059
0.0055414
0.00328884
0.000972859
0.00119087
0.00325888
0.00137355
0.00180605
0.00140671
0.00306244
0.00696292
0.00235959
0.00116001
0.00120368
0.00172267
0.00321844
0.00214209
0.00235339
0.00185994
0.0018544
0.00118294
0.00165322
0.00114656
0.000865294
0.00523885
0.00219755
0.00202251
0.00233138
0.00248492
0.00269693
0.00148696
0.00196056
0.00160924
0.0022026
0.00149919
0.00108428
0.0037073
0.00262904
0.00135577
0.0015376
0.00318597
0.00277748
0.0026262
0.00164181
0.00156047
0.00346321
0.00272956
0.0271648
0.00204371
0.0014979
0.00633944
0.0162991
0.0019161
0.00137472
0.00150716
0.00151531
0.00758754
0.00234023
0.00496549
0.00127744
0.00248685
0.00179702
0.00179273
0.00184852
0.00129177
0.000570503
0.00143171
0.00494336
0.00262333
0.00187771
0.00193364
0.00101921
0.00142585
0.0019083
0.00319582
0.00132974
0.00179158
0.00255536
0.00220086
0.00149706
0.00356301
0.0024873
0.00114265
0.0017079
0.00281287
0.00154007
0.00097677
0.00199947
0.00488246
0.00326888
0.00219016
0.00348558
0.00341653
0.00224563
0.00411909
0.000865776
0.0021197
0.00446959
0.00373627
0.00362772
0.00164767
0.00144656
0.00134926
0.00138867
0.00199341
0.00195122
0.00146246
0.00122032
0.00213674
0.0012057
0.00571532
0.00215717
0.00292722
0.00403339
0.00361938
0.00220231
0.0062905
0.00220712
0.0012254
0.00332641
0.00339864
0.00196145
0.00128682
0.00269883
0.00935462
0.00248749
0.00175269
0.00178561
0.00150504
0.00102281
0.00187067
0.0013229
0.00395092
0.002127
0.00135142
0.00136379
0.00185205
0.00196998
0.00186393
0.00182191
0.00117619
0.0011824
0.00287083
0.00214576
0.00114889
0.00115755
0.00364491
0.00184806
0.00231284
0.00279277
0.00215544
0.00208005
0.00211981
0.00234482
0.00189423
0.00159662
0.00177439
0.00211818
0.00391668
0.00399359
0.00146487
0.00184008
0.00291061
0.000859827
0.00155662
0.00137686
0.00112917
0.00279051
0.00374593
0.00147175
0.00293403
0.00226048
0.00355754
0.000761966
0.00378234
0.00131145
0.00163899
0.00141086
0.00333314
0.00315235
0.00223792
0.00219399
0.00186124
0.00131337
0.0150912
0.0021371
0.00179459
0.000701677
0.00158814
0.00369867
0.00156909
0.00205219
0.00242173
0.00181157
0.00225239
0.00330209
0.00296047
0.00431621
0.00287435
0.00252471
0.00160839
0.00181728
0.00369691
0.0171558
0.00357943
0.00210942
0.0017585
0.00156353
0.00133468
0.00148059
0.00172383
0.0010364
0.00256608
0.014029
0.00131938
0.00365247
0.00221756
0.00146735
0.00586874
0.00198077
0.00266789
0.00228026
0.00306758
0.00179323
0.00180664
0.00135401
0.00145624
0.0015889
0.00168782
0.00461828
0.0038004
0.00281025
0.00133683
0.00359145
0.00105793
0.00181331
0.00141706
0.00303029
0.00311012
0.00136969
0.00169362
0.000765811
0.000806013
0.00134829
0.00159991
0.00719425
0.00233099
0.00202583
0.00378989
0.000441129
0.00371119
0.0011495
0.00212884
0.0021718
0.00194818
0.00358956
0.00106437
0.00181557
0.00135892
0.00205613
0.00285949
0.00165351
0.00102466
0.00214119
0.00128224
0.0489714
0.00219117
0.00160308
0.00237707
0.00190623
0.00248552
0.0017279
0.00302166
0.00111296
0.00164596
0.0015753
0.00203341
0.00178865
0.00148612
0.00238414
0.00209969
0.00216586
0.000828041
0.00230934
0.00106054
0.00298826
0.00211969
0.001859
0.00284364
0.00168498
0.00843512
0.00211445
0.00146167
0.00331531
0.00155145
0.00199608
0.0025404
0.00188216
0.00245468
0.000873681
0.000909954
0.00211859
0.00125089
0.0018829
0.00181406
0.00131229
0.0121219
0.00134669
0.00408958
0.0380024
0.00265472
0.00200194
0.00128643
0.00209194
0.00193242
0.00271903
0.00238829
0.00340554
0.00419598
0.00332331
0.00580081
0.000930204
0.00304059
0.00237232
0.00122686
0.000904611
0.00216699
0.0028437
0.00155614
0.00308109
0.00186869
0.0364347
0.00203295
0.0016399
0.00207067
0.00291274
0.00099993
0.00160319
0.00207239
0.00428893
0.00299474
0.00239948
0.00158946
0.00253342
0.00218292
0.00215861
0.00209858
0.00376156
0.000426974
0.00129149
0.000885957
0.00219748
0.00165809
0.00178027
0.00324312
0.00266009
0.00508311
0.00165034
0.00166088
0.00215727
0.00220756
0.00120781
0.00116954
0.00222217
0.0026972
0.0012662
0.00260505
0.00160301
0.00174659
0.0016139
0.00176612
0.00355055
0.00312131
0.00140921
0.00116623
0.00136218
0.00125781
0.00160243
0.00280631
0.00302534
0.00166414
0.00229558
0.00129389
0.00127225
0.0014991
0.00228735
0.00121637
0.0018802
0.00158832
0.00202663
0.0056225
0.00168197
0.0019204
0.00226446
0.00163054
0.00386456
0.00263471
0.00649863
0.00277031
0.00150754
0.00443176
0.00749394
0.00188795
0.00302745
0.00135831
0.00239443
0.00204103
0.00218351
0.00370572
0.0024146
0.00616663
0.0274876
0.00149483
0.00219785
0.00270915
0.00668573
0.00141864
0.000661247
0.000882006
0.00098454
0.00161186
0.00278366
0.00181341
0.00130622
0.00224455
0.00294686
0.00170939
0.0104109
0.00172804
0.00216873
0.00202046
0.0012449
0.00431924
0.00283538
0.00184668
0.000928812
0.00109654
0.00303584
0.00261414
0.00275704
0.00267476
0.00169144
0.0020019
0.00181153
0.00237744
0.00180713
0.00222664
0.00221532
0.00227812
0.00378227
0.0014264
0.00195101
0.00558766
0.00265337
0.00146527
0.00233557
0.000764057
0.00182774
0.00778282
0.00172481
0.00147459
0.00188115
0.00339823
0.00149499
0.00303095
0.00240878
0.00186852
0.00124361
0.00543838
0.00125979
0.00178806
0.00185859
0.00155505
0.00394518
0.00641526
0.00430405
0.00208487
0.0019045
0.0048415
0.0142781
0.00218545
0.00107116
0.00193019
0.0230316
0.00342686
0.00221294
0.00136126
0.00437579
0.00114897
0.00485773
0.00288013
0.00228446
0.00121798
0.00288233
0.00306873
0.000655241
0.00357215
0.00117334
0.00329922
0.00213904
0.0185181
0.00261888
0.00174311
0.00262886
0.00271891
0.000947308
0.00194612
0.00134593
0.00182576
0.00219283
0.00265861
0.00315294
0.00108419
0.00263594
0.00197385
0.00301339
0.00197131
0.00111244
0.00124566
0.0032273
0.000957906
0.0147587
0.0017591
0.00117516
0.0017022
0.00341121
0.00402072
0.00460553
0.0014063
0.00169572
0.00371328
0.00574674
0.00239948
0.00182026
0.00438364
0.00224517
0.00202117
0.00246732
0.00208826
0.00182797
0.00121387
0.00406002
0.0016307
0.00128597
0.000451088
0.00159944
0.0014901
0.00122054
0.00214365
0.0013972
0.00169501
0.00171816
0.000731683
0.00818597
0.00190979
0.00224254
0.00127451
0.00261164
0.000782781
0.000860764
0.00169387
0.000873629
0.00205739
0.00164949
0.0099852
0.000860404
0.00167165
0.0021518
0.00179137
0.00209379
0.00229375
0.000896022
0.0026557
0.00132979
0.00345447
0.00211151
0.00251893
0.00156314
0.0027012
0.00245905
0.00787779
0.00162886
0.0029067
0.00298158
0.00399288
0.00368597
0.00310432
0.00176806
0.00207807
0.00104975
0.00237669
0.00320899
0.00195341
0.0291012
0.0017755
0.00414509
0.00150798
0.000960153
0.0023798
0.00214989
0.015315
0.00149173
0.00115239
0.00175939
0.00349439
0.00131703
0.00446413
0.0019342
0.00108574
0.00136632
0.00905569
0.00196809
0.00240363
0.00141539
0.00253115
0.00123011
0.00327567
0.000964836
0.00606326
0.00250865
0.00232114
0.00527901
0.00246733
0.000875148
0.00224192
0.00149045
0.00175448
0.00384873
0.00723435
0.00427205
0.00212892
0.00298341
0.00224623
0.00111568
0.00194766
0.0257323
0.00276502
0.00336177
0.00164804
0.00259465
0.00276011
0.00159594
0.00235098
0.00499384
0.00164414
0.0135953
0.00281456
0.00571154
0.00110807
0.00213418
0.00160904
0.00150398
0.00205954
0.000316672
0.00259742
0.0031917
0.00132021
0.0191675
0.00207908
0.00212971
0.00168167
0.00207028
0.00212832
0.00141891
0.00205567
0.00306256
0.00183369
0.00635845
0.00120614
0.00185177
0.00171209
0.00435019
0.0022308
0.00185568
0.00339019
0.00250432
0.0186096
0.00402482
0.0011887
0.00222002
0.0013051
0.00213777
0.000827022
0.00384336
0.00169551
0.00356968
0.00338159
0.00329875
0.00214176
0.00136417
0.00225873
0.00151174
0.00181101
0.00181825
0.00107306
0.000722857
0.00127786
0.0156759
0.00467251
0.00132352
0.00346031
0.00187774
0.00447033
0.00493249
0.0018688
0.00263661
0.00158068
0.00215524
0.00218433
0.00212973
0.00327776
0.00598841
0.00240974
0.00151865
0.0014253
0.00136792
0.00145171
0.0053935
0.00304759
0.00246014
0.00154031
0.00260275
0.00224543
0.00346573
0.00291645
0.00188859
0.00240906
0.00226377
0.00175401
0.00323237
0.00116712
0.00100892
0.00439303
0.00271537
0.0017315
0.0123142
0.00159142
0.00437195
0.00258226
0.00112976
0.0011905
0.000960957
0.00180925
0.0080357
0.0027415
0.00176739
0.00187014
0.00191645
0.000581457
0.00175773
0.0013987
0.00243259
0.00586152
0.00197674
0.00305216
0.00312938
0.00361153
0.000976237
0.0023566
0.00231791
0.000938737
0.00258083
0.00320486
0.00250986
0.00158404
0.00348314
0.00132407
0.00118924
0.00290796
0.0012578
0.00160215
0.00162489
0.00270793
0.00242627
0.00170441
0.00181481
0.00203117
0.0012802
0.00362386
0.00196957
0.00137118
0.00181551
0.00196779
0.00261779
0.00247638
0.00127696
0.0022645
0.00260253
0.00182902
0.000939065
0.00224798
0.00135956
0.0085987
0.00335603
0.00265476
0.00161024
0.00155201
0.0021006
0.00304316
0.00557268
0.00169135
0.00186787
0.00787686
0.00264338
0.00242448
0.00136974
0.00549714
0.00172449
0.00378415
0.00202581
0.00197059
0.00240665
0.00264197
0.00107335
0.00198333
0.00179155
0.00220941
0.00692157
0.0105571
0.00360853
0.00167501
0.00137272
0.00109582
0.00140131
0.00213179
0.000928405
0.00212613
0.00554827
0.00243008
0.00143996
0.00242803
0.00822347
0.000702495
0.0060092
0.00225339
0.00340691
0.00159554
0.00152614
0.0012471
0.00168827
0.0631421
0.00326647
0.0377068
0.0010249
0.00170016
0.000941418
0.00148484
0.00233538
0.00245274
0.0051843
0.000670061
0.00343947
0.00596683
0.0014341
0.00104127
0.00193717
0.0102926
0.00259971
0.00180429
0.00166146
0.00757509
0.00400155
0.00165853
0.000974682
0.00369463
0.00227645
0.00225356
0.00198602
0.00292948
0.00129213
0.00410122
0.00143503
0.00235346
0.00164696
0.00109003
0.0149156
0.00143291
0.00159279
0.00161878
0.00319177
0.00167497
0.00267771
0.00445274
0.00144658
0.0032264
0.0082922
0.00302694
0.00386447
0.001142
0.00265958
0.0021861
0.000469998
0.00284188
0.00275971
0.00254782
0.00148354
0.000995837
0.00168434
0.00268851
0.00244181
0.00159071
0.00160074
0.00261224
0.00198465
0.00641271
0.00182034
0.00619417
0.00138436
0.00199447
0.00494703
0.000679338
0.00380273
0.00183693
0.00117694
0.00292511
0.00148415
0.00123857
0.00152371
0.00232896
0.0019697
0.00093735
0.00189537
0.00184956
0.00260754
0.00266996
0.00131991
0.00204118
0.00150007
0.00173644
0.00299461
0.00176995
0.000858978
0.00191923
0.00165202
0.00745015
0.000893891
0.0017506
0.00187945
0.000925692
0.00127085
0.00132583
0.00390119
0.00180709
0.00179543
0.00244069
0.00134201
0.00282414
0.00290524
0.00220891
0.00119504
0.00100367
0.00241858
0.00205206
0.0016167
0.00134591
0.00402492
0.0029714
0.00254154
0.00449314
0.00526873
0.00300591
0.00312901
0.0017873
0.00262937
0.00117167
0.00149526
0.00264387
0.00220533
0.000981271
0.000825014
0.00274067
0.000552967
0.00104432
0.00238208
0.00195113
0.0346136
0.00123467
0.00417114
0.0026758
0.000916531
0.00117669
0.00321983
0.0019086
0.00157916
0.00120074
0.00144621
0.00268745
0.00110091
0.0129481
0.000625782
0.00209243
0.00179895
0.00219252
0.00313079
0.00151351
0.00122916
0.00242092
0.00135169
0.00310347
0.00375801
0.00136277
0.00320264
0.0017612
0.00190838
0.003946
0.00907132
0.00221641
0.00219582
0.0345023
0.00170379
0.00241328
0.00194063
0.00233445
0.00147037
0.00231803
0.00184746
0.00246526
0.0023007
0.00285815
0.000711702
0.00880443
0.00355773
0.00202796
0.00220519
0.00637254
0.00206892
0.00191424
0.00268815
0.0135952
0.00176659
0.00238062
0.00407736
0.00547281
0.00231634
0.00099173
0.0100961
0.00105625
0.00182695
0.00163297
0.00265338
0.0141451
0.00321157
0.00198707
0.00221825
0.00188777
0.00209022
0.00174592
0.00193804
0.00108825
0.00186949
0.00130308
0.00498257
0.00187107
0.00180758
0.00205844
0.00161174
0.0019509
0.00345104
0.00345312
0.00206595
0.00195697
0.0013225
0.00142926
0.0023774
0.00245779
0.00162658
0.00247728
0.00185061
0.0145743
0.00276688
0.00186742
0.00135902
0.00208269
0.00127757
0.00349504
0.00308769
0.00612902
0.00594742
0.00151955
0.00232376
0.00119111
0.00182143
0.0114982
0.00259048
0.00653213
0.00163247
0.00093123
0.00171945
0.00152558
0.00150763
0.00217348
0.00107771
0.00234649
0.00138504
0.00255196
0.00306951
0.00178347
0.00149715
0.00167645
0.000573457
0.00254453
0.00228478
0.00180371
0.00284155
0.000926573
0.00294037
0.00252664
0.0025401
0.00115916
0.00388647
0.0014133
0.00145051
0.00244646
0.0016666
0.00272747
0.00208778
0.00145139
0.00235512
0.00324714
0.00213465
0.00232676
0.000923559
0.00177805
0.00102954
0.00142969
0.00661727
0.00228771
0.0257355
0.00276132
0.0102642
0.00144586
0.0212564
0.00160693
0.00244549
0.00112436
0.00335528
0.00313733
0.00157159
0.00200797
0.00380722
0.000922348
0.00669541
0.00183277
0.00149883
0.00526387
0.00157619
0.00455946
0.00106127
0.00465093
0.00234556
0.00156941
0.0024887
0.00319882
0.00146734
0.00213396
0.00601118
0.0022049
0.00217969
0.00779023
0.00131873
0.000994155
0.00130292
0.00142946
0.00182508
0.00266169
0.00102317
0.00133204
0.00552794
0.000924585
0.00114011
0.00232225
0.00340556
0.00138578
0.000840508
0.00210064
0.00598196
0.00142618
0.00396533
0.00232925
0.00178203
0.00159646
0.00388799
0.00140707
0.00162509
0.00141299
0.0054426
0.00287381
0.0016709
0.00172991
0.00256314
0.00350715
0.000850992
0.0053357
0.0043351
0.00134159
0.00205646
0.00332287
0.00266377
0.00144126
0.00287533
0.0112944
0.00117447
0.00111314
0.00295808
0.00191562
0.00212444
0.00240584
0.00200737
0.00261984
0.00157238
0.00104035
0.00182441
0.00177265
0.00217221
0.00195291
0.00157829
0.00125769
0.0022774
0.00224003
0.00264334
0.00247081
0.00366519
0.00379411
0.00115407
0.00158142
0.00271119
0.00127132
0.0154643
0.00180918
0.00214608
0.0029104
0.00202644
0.00230236
0.00344129
0.00411182
0.00196413
0.00677841
0.00147791
0.00230784
0.00109677
0.00211339
0.00292525
0.000910857
0.00536116
0.00213737
0.00267917
0.00154104
0.00222037
0.00184997
0.00843142
0.00326676
0.00164707
0.00258581
0.00169448
0.00160487
0.0113794
0.00192399
0.0020123
0.00314254
0.00161508
0.0054858
0.00141142
0.00344829
0.0022291
0.00296326
0.00252121
0.00118675
0.00100524
0.00283389
0.0053112
0.000845119
0.00251169
0.00299919
0.00410601
0.00194065
0.00288207
0.00151796
0.0033846
0.00352071
0.000982566
0.00158259
0.000856224
0.0019001
0.00195099
0.00401596
0.00339587
0.00194135
0.00238243
0.000983858
0.00272665
0.00185203
0.00212892
0.0131762
0.00735603
0.00104936
0.00105168
0.00309145
0.00129673
0.00186762
0.00893998
0.0044709
0.00227792
0.00450522
0.00242928
0.0102813
0.00245578
0.00267384
0.00319705
0.00209668
0.00234334
0.00190625
0.00224768
0.00349893
0.00233666
0.00449001
0.0801178
0.00207856
0.00245394
0.000601541
0.00262907
0.00186091
0.00504194
0.00327808
0.00166219
0.00179482
0.00216814
0.00118259
0.00134793
0.00268661
0.000612707
0.000985178
0.00280507
0.00188791
0.00620342
0.00247641
0.0254506
0.00280093
0.00183183
0.00227737
0.0013223
0.00182848
0.0015043
0.00132853
0.00234618
0.00262988
0.00216917
0.00270348
0.00170797
0.00304125
0.00217918
0.0024982
0.00227692
0.00169984
0.00174289
0.00312599
0.00190244
0.00252807
0.00277113
0.00107776
0.00130871
0.00247954
0.00416835
0.00166477
0.0031689
0.00317832
0.00138977
0.00257096
0.00185601
0.00201482
0.000946027
0.00172051
0.00362143
0.00211563
0.0011172
0.00262972
0.0024202
0.00189906
0.0015337
0.0022309
0.00348409
0.00150777
0.00167814
0.00400949
0.00149038
0.000866396
0.00321006
0.00164756
0.00103735
0.00168453
0.0020926
0.00323573
0.00314069
0.00152076
0.00494445
0.00234916
0.00741029
0.00127343
0.00192809
0.00222322
0.00408465
0.00107754
0.00281662
0.00294286
0.0160637
0.00158508
0.00211654
0.00179211
0.00143137
0.0021303
0.0016011
0.00127447
0.00234023
0.00747204
0.00133256
0.00767169
0.000535044
0.0943112
0.00324074
0.00185738
0.00541289
0.00151456
0.00180858
0.0018415
0.00182143
0.00121099
0.00259268
0.00382854
0.00177875
0.0024881
0.00119071
0.00338734
0.00119845
0.0024438
0.00233509
0.00195325
0.00169007
0.00166081
0.00230461
0.00114843
0.00204392
0.00280314
0.00286268
0.00277617
0.00125433
0.00217879
0.00159376
0.00133174
0.00226357
0.00152944
0.00321188
0.00456961
0.0014464
0.000854729
0.00652886
0.0218442
0.00188429
0.00249626
0.00245071
0.00143394
0.00218953
0.0034376
0.00138926
0.00267427
0.00608566
0.0017456
0.00354043
0.000994653
0.00391177
0.00331718
0.00215682
0.00392829
0.00267767
0.0024588
0.000567311
0.00234922
0.00104817
0.00179053
0.0015155
0.00282636
0.00224795
0.00229204
0.00267393
0.00229458
0.00176388
0.00227903
0.00178151
0.00109542
0.00519815
0.00313706
0.00138204
0.00240244
0.00325936
0.00174026
0.0023752
0.00128711
0.00262034
0.0034904
0.00523946
0.00134186
0.0037415
0.00598805
0.00397742
0.00346534
0.0044062
0.00894307
0.0125273
0.00541191
0.00281708
0.00087169
0.00295433
0.00186031
0.00097747
0.00160296
0.00100028
0.00207433
0.00229246
0.0011496
0.00262204
0.00112715
0.0029723
0.0022899
0.00247205
0.00109849
0.0275255
0.00277911
0.00265039
0.00083403
0.00335548
0.00118097
0.00269619
0.00141572
0.00401598
0.0027462
0.00331992
0.00369449
0.0035339
0.00221977
0.00124812
0.00294279
0.00170922
0.00169108
0.00289993
0.00111453
0.00142596
0.00537831
0.00462466
0.00233524
0.00103775
0.00190207
0.00269952
0.0015128
0.00174178
0.00149523
0.00188823
0.00211776
0.00271325
0.00595439
0.00225313
0.00359839
0.00170673
0.00192477
0.00231704
0.00151294
0.00465402
0.0014779
0.00295726
0.0027103
0.00574906
0.00264615
0.00742638
0.00171275
0.00347212
0.00111117
0.00186184
0.00570057
0.00114512
0.00385921
0.0024715
0.00125318
0.00138708
0.00237862
0.00664934
0.000979427
0.00287824
0.00210723
0.00281538
0.00208146
0.00207366
0.00153919
0.00204551
0.00174965
0.00332868
0.00236077
0.00230518
0.0442371
0.00206463
0.00115094
0.00232407
0.00200812
0.00599143
0.00199392
0.00160487
0.00193826
0.00175704
0.00278736
0.00580519
0.00721447
0.00133924
0.00268121
0.00152274
0.00142095
0.00274565
0.00183531
0.000949815
0.00215135
0.000644089
0.00343865
0.00177133
0.00320577
0.00193535
0.000997151
0.00195792
0.00149348
0.00188875
0.00200252
0.00155042
0.00256728
0.00135009
0.00171202
0.00221659
0.00198448
0.00246766
0.00176826
0.00332132
0.00220687
0.00144877
0.00222567
0.0026238
0.00174141
0.00156341
0.00504678
0.00223023
0.00350128
0.00154284
0.00326677
0.00266599
0.0014552
0.00325729
0.00207075
0.00147428
0.00158505
0.00195933
0.00182238
0.00216481
0.0023054
0.00447643
0.00230481
0.00193886
0.00458783
0.00191601
0.00175772
0.00180732
0.00172776
0.00340353
0.00128436
0.00148057
0.00349639
0.00499603
0.00560381
0.00117619
0.00193397
0.00276309
0.0036958
0.00176556
0.00152794
0.00311571
0.00148692
0.00232375
0.00309228
0.00494487
0.0198188
0.00201508
0.00281733
0.00258997
0.00191386
0.00388449
0.00903471
0.00234188
0.00592568
0.00282619
0.0017441
0.00157657
0.00588656
0.00124252
0.00168663
0.00118614
0.00317857
0.00163231
0.00216633
0.00144211
0.00251155
0.000887902
0.00215098
0.00259595
0.00227579
0.00195385
0.00634854
0.00208675
0.00204214
0.00337654
0.00325509
0.00268874
0.00116684
0.0048796
0.00246272
0.0120463
0.00163915
0.00285433
0.00185593
0.00167078
0.00203836
0.00464173
0.00255653
0.00209596
0.00113019
0.00191972
0.00426764
0.00241747
0.00181088
0.00465592
0.00226998
0.00168162
0.00130764
0.00439071
0.00245213
0.00225754
0.00752329
0.00497709
0.00211838
0.0198056
0.00179234
0.00123597
0.00318511
0.000732796
0.00181237
0.00169498
0.00736016
0.00163931
0.00160296
0.0021773
0.00165677
0.00195154
0.00305625
0.00334871
0.0015354
0.0032981
0.00151144
0.00314097
0.00141612
0.00307222
0.00304504
0.00108665
0.00161402
0.00801723
0.00883391
0.0125648
0.00255436
0.00664898
0.00666618
0.00304248
0.00235961
0.000990055
0.00155525
0.00189389
0.00327601
0.00232753
0.0275169
0.0020673
0.0023988
0.00281323
0.00209725
0.00137045
0.00139812
0.00320085
0.00130253
0.00237956
0.00249548
0.00173023
0.00086836
0.00108526
0.00228764
0.00161582
0.00193061
0.0024327
0.00202165
0.00186291
0.00250937
0.00258145
0.00194355
0.00233612
0.00188112
0.00316488
0.0039167
0.00302269
0.00271109
0.0017618
0.00129347
0.00397525
0.00131159
0.00188831
0.00243715
0.00224709
0.00190696
0.00150154
0.00121154
0.00795639
0.00126202
0.00237486
0.00251192
0.00166128
0.00156391
0.00619714
0.00212133
0.00604681
0.00189209
0.00151496
0.00377986
0.00142088
0.000980422
0.00315224
0.0014973
0.00333733
0.00272892
0.00150022
0.00257958
0.00170269
0.00510588
0.00124123
0.00245208
0.00388444
0.00364997
0.00272984
0.00219328
0.00279246
0.00297109
0.000830344
0.00138534
0.00146637
0.00370269
0.00327085
0.00563712
0.000992063
0.0017923
0.00305808
0.00287935
0.00317033
0.00226719
0.00214038
0.00303332
0.00205431
0.00275396
0.00294932
0.00237847
0.00325458
0.00229343
0.00262977
0.00170722
0.00089035
0.00219242
0.0113278
0.00282596
0.0026801
0.00106164
0.00394441
0.00159642
0.00158935
0.00315983
0.00597119
0.00294172
0.00234691
0.0011776
0.00127697
0.00161604
0.00147731
0.00789526
0.000428966
0.00238918
0.00389206
0.00382594
0.00234809
0.00143531
0.0048144
0.00206028
0.00256764
0.00173791
0.00109665
0.00474295
0.00239989
0.00410284
0.00118562
0.00657479
0.00326179
0.00177164
0.00247627
0.00137227
0.00912172
0.0028597
0.00465993
0.00137458
0.0014813
0.00132582
0.00110682
0.00670028
0.00227611
0.0016943
0.0011498
0.00587432
0.00148362
0.00330359
0.00143624
0.0013622
0.00120071
0.00216178
0.00231993
0.00570731
0.00260072
0.00197768
0.00268317
0.00514073
0.00432659
0.00154983
0.00164399
0.00119354
0.00282794
0.00212863
0.00167151
0.00211923
0.000831818
0.0015774
0.00235819
0.0377974
0.00249433
0.00166126
0.0014952
0.00117872
0.00201548
0.00368956
0.00168571
0.00099745
0.00134506
0.00165061
0.000885035
0.00215622
0.00144507
0.0015217
0.00177319
0.00302168
0.00306044
0.00629169
0.00362164
0.0035813
0.001471
0.00107151
0.00167548
0.000584351
0.00104709
0.00125938
0.00166904
0.00126586
0.00447644
0.000968182
0.0023134
0.00130115
0.000890533
0.00762277
0.116561
0.00133487
0.00222923
0.00228352
0.00535714
0.0010469
0.00295004
0.00192597
0.00208501
0.000515391
0.00128588
0.00165667
0.00136694
0.00274586
0.000723491
0.000917537
0.00204545
0.00203972
0.00216906
0.00241179
0.0019474
0.00458986
0.00180711
0.0012289
0.0200482
0.00153615
0.00387133
0.00169544
0.00144937
0.00103415
0.00241911
0.00110048
0.00141105
0.00160144
0.0816195
0.00240865
0.00146821
0.00226654
0.0016217
0.00166565
0.00661933
0.00114826
0.00224636
0.00167125
0.00340947
0.00153351
0.0020334
0.00155243
0.00181014
0.00131166
0.00277419
0.0018581
0.000935297
0.00155222
0.00445656
0.00111448
0.0038921
0.00159567
0.00114104
0.00404068
0.00159747
0.00220804
0.00251486
0.00150601
0.00150176
0.00203016
0.00225004
0.0021105
0.00154299
0.00202782
0.00209772
0.00125039
0.000880644
0.00178406
0.00274909
0.00361007
0.00148723
0.00151625
0.0033803
0.00355629
0.00196615
0.00181899
0.00210926
0.00159029
0.00398307
0.00121091
0.00146792
0.00189688
0.00486576
0.00105876
0.00239391
0.00269168
0.00285605
0.00328284
0.000692799
0.00146101
0.000969346
0.00136384
0.00137041
0.00164458
0.00537381
0.00108641
0.00370163
0.000704344
0.00239218
0.00144974
0.00357691
0.00357107
0.00586959
0.00105695
0.0029701
0.00232389
0.0019632
0.0016397
0.000849059
0.0027152
0.00140552
0.00315086
0.00149885
0.0023151
0.00429434
0.00494058
0.00278902
0.00257321
0.00243405
0.00187095
0.00136821
0.00230843
0.00115774
0.000715042
0.000854494
0.00160641
0.00223403
0.00248691
0.0067062
0.00208284
0.00129779
0.00159401
0.00178218
0.00184278
0.00148322
0.00065914
0.00277299
0.00228736
0.00390493
0.0015977
0.00148805
0.00252839
0.00198808
0.00119877
0.00165655
0.00219704
0.00298455
0.0381793
0.00870225
0.00237674
0.00185227
0.00194943
0.0026951
0.00642747
0.0018834
0.00397941
0.00717776
0.00129755
0.00167972
0.00139765
0.00160095
0.00210291
0.00284067
0.00212206
0.00147935
0.00213218
0.00356643
0.00322597
0.00132902
0.00128537
0.00372668
0.00176291
0.000895033
0.00210032
0.00219839
0.00106016
0.00315252
0.00299199
0.00161292
0.00506946
0.0021635
0.000797908
0.00246435
0.00140814
0.00136481
0.00244727
0.00216525
0.00112765
0.00210504
0.00143572
0.00190892
0.00180748
0.00228249
0.00124259
0.00233291
0.00639377
0.00110288
0.00231201
0.00145016
0.00192114
0.00155825
0.00156944
0.00324773
0.00110388
0.0011601
0.00158849
0.00561457
0.00107279
0.00457341
0.00938722
0.00161322
0.00211953
0.0050683
0.000994553
0.00266303
0.00198879
0.00153282
0.00149765
0.00176585
0.00135247
0.00293978
0.00214024
0.0258957
0.00113543
0.00202381
0.00118641
0.00328316
0.00381165
0.00075668
0.00453068
0.00126988
0.00165819
0.00229392
0.00206114
0.0047231
0.0180677
0.0020518
0.00222849
0.00146532
0.00106812
0.00292608
0.00348587
0.00240269
0.00164137
0.00154917
0.00255125
0.00117918
0.0017215
0.00182938
0.00278179
0.00237668
0.00179604
0.00240783
0.00109654
0.00310465
0.00514554
0.00106059
0.00113805
0.00628663
0.00491674
0.0049334
0.00201097
0.00276815
0.00175391
0.00249255
0.0342593
0.00108902
0.00171413
0.00232407
0.000717497
0.00220944
0.00171251
0.00177831
0.00125064
0.00362098
0.00185928
0.00348767
0.00119645
0.00148027
0.00136696
0.00262921
0.00158992
0.00164214
0.00802947
0.0020808
0.00259561
0.00258595
0.00100166
0.00108673
0.00634701
0.00400429
0.00338416
0.00181785
0.0032654
0.00106947
0.00238761
0.00219663
0.00161011
0.00195414
0.00217831
0.00542611
0.00194062
0.00156541
0.00128184
0.0013718
0.00198637
0.00181091
0.00371365
0.000856569
0.003382
0.00216457
0.00215506
0.00231568
0.00113264
0.00145954
0.00146448
0.00197596
0.00259351
0.00207503
0.00212832
0.00207186
0.000912894
0.00177373
0.00145093
0.00164519
0.00222923
0.00203631
0.00157482
0.00194783
0.00104266
0.00286119
0.00125709
0.00118376
0.000605766
0.00338821
0.00767428
0.00252091
0.00347578
0.00157308
0.00135454
0.00157911
0.00235737
0.0022031
0.00126546
0.00514151
0.0065279
0.00221149
0.000992735
0.00173122
0.00249696
0.00152586
0.00145135
0.00106312
0.00325478
0.00322775
0.00266691
0.0010646
0.00328669
0.00305321
0.00554169
0.00117558
0.00182906
0.00192654
0.00172954
0.00215421
0.000970424
0.00310396
0.00289167
0.00272634
0.00203152
0.00162806
0.00252298
0.00146378
0.00277102
0.00311934
0.0026292
0.00146905
0.00369573
0.00183004
0.00417533
0.00258692
0.00114395
0.00202815
0.00208586
0.0022297
0.00164244
0.0014126
0.00167777
0.00245556
0.00164096
0.00148416
0.00518732
0.0170992
0.000987904
0.00204688
0.00104254
0.00274115
0.0017702
0.00164067
0.00257842
0.00204405
0.00183341
0.00322153
0.00159504
0.000790788
0.00670585
0.00244145
0.000805099
0.0029356
0.00155455
0.00383504
0.00153453
0.00296188
0.0012004
0.00302747
0.00130134
0.00207194
0.00522392
0.00136459
0.00165128
0.00206624
0.00181037
0.00122853
0.00307933
0.00219214
0.00231747
0.001667
0.00253498
0.00161535
0.000898171
0.00136034
0.00101381
0.00184546
0.00359069
0.0017004
0.00256885
0.00618846
0.00223407
0.00250695
0.004482
0.00273656
0.00192554
0.00342213
0.00353137
0.000594733
0.00195571
0.00275537
0.00317059
0.00185308
0.00267803
0.00110747
0.00263392
0.000711684
0.00484117
0.00205633
0.00370599
0.00205374
0.00234782
0.00205438
0.00217706
0.00268892
0.0126131
0.0460656
0.0318803
0.00246842
0.00146453
0.00219249
0.00187551
0.00247502
0.00137794
0.00137924
0.00104981
0.00160852
0.00182431
0.00276478
0.00073143
0.00232567
0.00222863
0.00186598
0.00268382
0.00212529
0.00127422
0.00192423
0.00174001
0.0010101
0.000414426
0.00182359
0.00195579
0.00215154
0.0179674
0.00476448
0.00110884
0.0022728
0.00183051
0.00257941
0.00375694
0.0467345
0.000729363
0.00365364
0.00138496
0.00180553
0.0167203
0.00601611
0.000985963
0.00173903
0.00134074
0.00434533
0.00192309
0.00157989
0.00179399
0.00161309
0.00395732
0.00222654
0.0490976
0.00267455
0.00123824
0.00202514
0.00191906
0.00166319
0.00103862
0.00251447
0.00115549
0.00192149
0.00180685
0.00180259
0.00614739
0.00131705
0.00164456
0.00184964
0.00125404
0.00159895
0.00117341
0.00254174
0.00160543
0.00241159
0.00573142
0.00128835
0.00141704
0.00216854
0.00477896
0.000752305
0.00256543
0.0024855
0.00181505
0.00304055
0.00143116
0.00105894
0.00160613
0.00295607
0.00592359
0.00245005
0.0027285
0.000896676
0.00173048
0.00171211
0.00136264
0.0035523
0.00187861
0.00459223
0.00226456
0.00261629
0.00514062
0.00197633
0.00196117
0.000966535
0.00208155
0.00152718
0.000965067
0.00171235
0.00161721
0.0021316
0.00216094
0.00138545
0.00202163
0.00109971
0.00135407
0.00112219
0.000782661
0.00207887
0.00154552
0.00208286
0.00653481
0.00415434
0.00235376
0.00266524
0.00190897
0.00274929
0.0012288
0.00137669
0.00322437
0.00238481
0.00238602
0.00255792
0.00169434
0.00124498
0.0112278
0.00277262
0.00160398
0.00112616
0.00136775
0.00229684
0.00236504
0.00187245
0.0023213
0.00100344
0.00618655
0.00165693
0.00195314
0.0620496
0.00288078
0.0013031
0.00184473
0.00095357
0.00191714
0.00231075
0.00139719
0.00362751
0.00205367
0.00172065
0.00380472
0.00232535
0.00175039
0.00144929
0.0023614
0.00213237
0.00244931
0.00228834
0.0023429
0.0104681
0.00105965
0.00125295
