0.000520485
0.000313572
8.66535e-05
0.000364358
0.000181423
8.15718e-05
0.000155967
0.000241837
0.000256802
0.0001558
0.000177722
0.000127552
0.000162612
6.37004e-05
9.4139e-05
1.11343e-05
0.00145156
0.000165868
0.000202922
0.000223335
0.00166
0.000103546
8.0592e-05
0.00040321
0.000236437
0.000248909
0.00259791
5.08675e-05
0.000450756
9.92975e-05
0.000344697
0.000344725
0.000267088
0.000233437
0.000101862
0.000874921
0.00019015
0.000112201
0.000181834
0.0045353
0.00019789
3.65037e-05
0.00039176
7.39783e-05
0.000222532
0.000196036
0.000729672
0.000539395
0.000139564
0.000198126
0.000377614
5.96663e-05
0.000375225
0.000142532
0.000141662
0.000498104
0.000164356
0.00028619
0.000265254
9.10327e-05
5.17796e-05
0.000637517
0.000186087
0.000214743
0.00034582
0.000215465
6.48553e-05
0.000176301
0.000406406
0.000420401
0.000603203
7.12535e-05
0.000135146
8.8731e-05
0.000249814
0.000107403
0.000238087
0.000142368
0.000167644
0.000135315
0.000163524
0.000191821
0.00176627
0.000251097
0.00014019
5.39648e-05
0.000362058
0.00018555
0.000249142
0.000206763
0.00018632
7.55903e-05
0.000192435
0.0031669
0.000578501
0.000259113
0.000128331
0.000293661
0.000357528
0.000258076
0.000106472
0.000198812
9.53757e-05
0.000100955
0.000574718
0.000174404
0.000132215
0.000372955
0.000446306
0.000295259
0.000165136
0.000247601
0.000333779
0.000117883
0.000103564
0.00109322
0.000241296
0.000177505
0.000873137
0.000223205
0.000272785
0.000138928
0.000317316
0.000827437
0.000271934
0.000416228
0.000293736
5.31038e-05
0.000356921
0.000111172
0.000147103
0.000262549
0.000376799
6.32675e-05
0.000106883
0.000324366
0.000177342
0.000208572
0.000239466
0.000156343
8.87686e-05
0.000153658
3.1495e-05
0.000131455
0.000186442
0.000220708
0.000302983
0.000479473
8.26618e-05
0.000153971
0.00058087
7.20345e-05
0.000432113
0.000231632
9.77041e-05
2.70541e-05
0.00028523
0.000298658
0.000322127
0.000132809
0.000152281
2.60197e-05
0.000166795
0.000132227
0.000331465
0.000169872
0.000179946
9.38037e-05
8.29798e-05
0.000432696
0.000268762
0.000650521
0.00169249
0.000135383
6.76305e-05
0.000113946
0.000150445
9.50699e-05
0.000264322
0.000154433
0.00130371
0.000152963
0.000310748
0.0003348
9.50267e-05
0.00323445
0.000183506
0.00026015
0.000352629
0.000142006
0.000611234
0.000751994
0.000254978
0.000156151
0.000135336
0.000401816
6.7904e-05
0.000206882
5.74206e-05
0.000172315
0.000309662
0.00026191
0.000615017
0.000157905
0.000639243
0.000343366
0.000115949
0.00111277
0.00038486
0.00067627
0.000155705
0.000248247
0.189737
0.000137931
0.000156004
0.000313225
0.00289447
0.000207773
0.000206343
0.00026896
0.000645687
0.000311457
0.00042673
0.00102752
0.000224104
0.000123607
0.000167311
0.000255926
0.000103547
0.000243164
8.24914e-05
0.000123468
0.00024782
0.00242457
0.000144233
0.000201791
0.000205076
0.000271477
0.000183043
0.00028772
5.69155e-05
0.000198977
9.79143e-05
0.000151341
0.000113543
4.17265e-05
0.000144247
0.000458244
7.43969e-05
0.00043434
0.00101276
0.000450817
0.000206154
0.00217559
5.89979e-05
0.000357783
0.000338897
8.70541e-05
0.000580004
0.000129822
0.000107972
0.000222288
0.000103753
0.000388439
0.00011499
0.000187694
0.00028718
0.000283882
0.000289895
0.000144295
8.37949e-05
0.000234934
0.00554266
0.000191894
8.20392e-05
0.000147895
0.000160143
0.000407899
0.000318078
0.000161235
0.000133209
9.43684e-05
0.000333713
0.000602959
0.000219945
4.92354e-05
0.000258127
2.98753e-05
0.000650298
0.000310323
0.000229096
0.000197304
7.5908e-05
0.000101402
0.000876039
0.00027732
0.000175339
0.000112771
0.000305515
0.000242016
0.000135125
0.000279506
0.000197849
0.00130956
0.00287563
0.000114804
6.10794e-05
0.000566899
0.000148991
0.000229763
0.000333132
0.000404817
6.38617e-05
1.1565e-05
0.000117155
5.21423e-05
0.00298156
0.000187838
9.99721e-05
0.000241155
8.24664e-05
0.000699255
0.000292533
0.00028251
1.05607e-05
0.000234428
0.000266373
0.000483682
0.000183887
0.000172312
0.000194538
0.000155092
9.78384e-05
0.000778132
9.42985e-05
0.000215112
0.000195973
0.00065287
8.54385e-05
0.000329861
0.000352352
8.69515e-05
0.00520823
0.000365801
0.000107831
3.81861e-05
0.000146345
0.000171001
9.55476e-05
4.96479e-05
0.000333358
0.000285985
3.63753e-05
0.000105273
0.00042347
0.000130555
0.000248068
0.000310552
0.000109447
0.00549239
0.000149458
2.99424e-05
0.000119761
0.00026356
0.000815167
0.000285385
2.47145e-05
7.63933e-05
0.000494602
0.000179975
0.000343095
0.000189753
9.41408e-05
0.000283182
7.21099e-05
0.000463159
0.00010356
0.000133921
9.90701e-05
0.000436496
0.000185783
0.000238095
0.000367147
0.000159328
8.97102e-05
0.000100282
3.57599e-05
0.00018658
0.000204318
5.6809e-05
7.11036e-05
3.66866e-06
5.53872e-05
0.000145063
0.000947654
0.00118947
0.000160953
0.000195076
0.000780376
0.000196612
0
0.00018995
5.41547e-05
0.00029477
0.000418721
0.000418402
0.000338287
0.00157718
0.000181959
0.000201952
7.64196e-05
0.000220092
0.00019038
0.000239585
6.75154e-06
0.000126029
0.000287928
0.000480888
4.35836e-05
0.000320136
0.000151215
0.000264123
0.000175281
0.000660685
0.000519246
0.000456331
0.000181074
3.3702e-05
0.000789232
0.000102738
0.00095678
0.000164941
0.000227012
4.97013e-05
0.000217938
0.000502815
0.000377811
0.000284952
2.65071e-05
0.00019942
0.000226197
0.000454709
0.000262113
0.000576814
0.000294252
7.10122e-05
0.000140458
0.000502014
8.39914e-05
0.000288978
0.00066399
0.000161452
0.000190196
0.00028298
0.000189439
0.000151611
0.000270352
0.000416504
0.000426062
7.7072e-05
0.000397317
7.29247e-05
0.000508372
6.6543e-05
0.000226862
0.00013683
0.000116782
0.000150698
0.000287707
0.000186575
5.99296e-05
1.82434e-05
0.000174906
0.000170128
0.00116006
0.000682278
0.000201208
0.000505481
0.000263329
0.000684805
0.000183579
0.000253889
0.000138971
8.30818e-05
2.42427e-05
0.000135991
0.000332318
0.000378564
0.00225999
0.000352898
0.000295808
0.000274977
0.000186324
0.000295795
0.000473794
0.000189821
0.000226526
0.000282339
0.00212902
0.000142164
0.000501297
0.000101136
0.000146336
0.000219381
0.000179983
5.93483e-05
0.00027239
0.000204184
0.000404085
0.000208236
0.000227055
0.00191589
0.00031989
0.000173889
0.00370516
0.000418928
0.000272386
0.000165112
0.000249427
0.000243086
6.00047e-05
0.000254401
0.000183096
1.00554e-05
0.000152742
0.00239988
0.000154606
0.000256913
0.000219932
0.00328234
0.000254196
0.000548201
7.29783e-05
0.000718537
0.000151956
0.00018276
0.000140585
0.000299118
0.000183372
0.00123629
0.00022504
0.000475701
0.000512025
0.000199709
0.000211677
0.000233444
0.00120622
0.00039637
0.000261098
0.000130219
0.000301012
0.000225924
0.000155038
0.000352085
0.000278898
0.000243553
0.0001593
0.000251363
0.000170481
0.000538282
0.000247393
0.000217121
0.000128629
0.000704332
0.000173323
9.87178e-05
0.000259993
0.000254357
0.000411989
9.11504e-05
0.000537623
0.000229674
0.00016396
0.000255043
0.00053866
0.000386856
0.000260803
0.000129922
0.000173853
0.000277576
0.000154291
0.000261768
0.000276477
0.0010232
0.00032301
0.000139203
6.34217e-05
0.000163518
0.000412636
0.000223057
0.000139184
0.000112905
5.47188e-05
0.000250673
4.19666e-05
0.000156259
7.68395e-05
0.000324435
0.000878473
4.48366e-05
0.000276222
3.32755e-05
0.000131135
0.000432865
0.000122286
0.00021024
0.00674522
0.000389289
0.000164107
0.000275248
0.000211035
0.000372685
0.000272387
0.000213838
0.000176712
4.00464e-05
0.00012135
0.000127674
0.00041249
0.000755695
8.99392e-05
0.000166609
0.000471909
0.00016614
0.000257817
0.000879145
0.00017942
0.000269608
0.000323326
0.000168515
8.991e-05
0.000210856
8.93362e-05
0.000905515
0.000670335
0.000357636
6.25053e-05
0.00103864
0.000179957
0.000217414
0.000312062
0.0002046
0.000191946
6.11324e-05
0.00035551
0.000412818
0.000324993
0.000185098
0.000261486
0.000199198
0.00015228
5.85826e-05
0.000111264
0.000214091
0.000152135
0.000103492
0.000131478
0.00014311
4.96212e-05
0.000102186
0.000311833
0.000232504
0.000122787
9.34045e-05
0.000420477
0.000171511
0.000576105
0.000118703
0.00042358
0.000178973
0.000594023
0.000392742
0.000453768
0.000227946
6.96182e-05
0.000111646
0.00016712
0.000417648
0.000324698
0.00161829
0.000473806
0.000170044
0.000105181
0.000135479
0.000153138
0.000320029
0.00579572
0.000614276
0.000204208
0.000166556
0.000141232
3.87592e-05
0.000147174
0.000224508
0.00013095
5.36777e-05
0.000170618
0.000267575
0.000409078
0.000186895
0.0003688
0.000164625
6.96891e-05
0.000264861
0.000304804
0.000543418
0.000117215
0.000204168
0.000263446
0.000100945
0.000129969
0.000108694
0.000329932
8.63604e-05
0.000152162
0.000668218
8.56205e-05
7.6928e-05
0.00022333
0.000373205
0.000195924
0.000643407
0.000227974
0.000116723
0.000108717
0.000201663
0.00013643
0.000267389
0.00140959
0.000172837
0.000257952
0.000197554
0.000156019
0.000227154
0.000220719
0.000350558
0.000209393
0.00018463
0.000298773
0.000727208
0.000424617
0.000220945
0.000870968
0.000160019
7.44385e-05
0.000173324
0.000122611
0.000104126
0.000103951
4.7068e-05
0.00288575
0.000417311
0.000237187
0.000517914
4.00496e-05
0.000389589
7.95949e-05
0.000228157
8.48706e-05
0.000464869
0.000233668
7.36181e-05
0.000669852
0.000375922
0.000931646
0.000282089
0.000207568
0.000677256
0.000785453
0.000574617
8.45527e-05
0.000614525
0.000106097
0.000218651
0.00248521
0.000387167
0.000161789
0.000370538
0.000109023
0.000225906
0.000182788
0.000122476
0.000358658
0.000599512
0.000341671
0.000105869
0.000276395
0.000168625
0.000363575
0.000224397
0.000469415
0.000102251
0.000459412
0.000222542
0.00018346
0.000120379
3.88629e-05
6.09051e-05
0.000306698
0.000662397
0.000286422
0.000171065
0.00012001
0.000126456
0.000153485
0.000217535
0.000477174
0.00032596
0.000322713
0.000126527
0.000106579
0.000173135
0.000208779
0.000309132
0.000296864
0.000808658
0.000126229
0.000224037
0.000218888
0.000283956
0.000316985
0.000141191
0.000224247
0.000175255
0.000307474
0.000250537
0.000101933
0.000116257
0.00077264
0.000113187
0.000174047
3.82224e-05
0.000137467
0.000215599
0.000223195
0.000854542
0.000259211
0.00018147
0.000700999
0.00032532
0.000207452
0.000154253
3.76875e-05
0.000379209
0.000113379
0.00024739
0.000460188
0.000183792
0.000115617
0.000101209
0.000290215
0.000273786
0.000138692
0.000189167
0.00021437
0.000444511
9.85374e-05
0.000199519
0.000145529
6.59372e-05
0.000117815
0.000263936
0.000207578
0.000399306
9.08458e-05
0.000162164
0.000129852
8.75499e-05
0.000219891
1.49089e-05
0.000132306
0.00418052
0.00024878
0.000399515
8.49347e-05
0.000264782
0.000418296
0.000484366
0.000334064
0.000120772
0.0012289
0.000150519
0.000338252
0.000240628
0.000296456
0.000141863
9.32256e-05
0.000141261
0.000161692
0.000354905
0.000160799
0.000116109
0.000185288
5.69999e-05
0.0003477
0.000394987
0.000274675
0.000144863
0.00010717
0.000286938
0.000224257
0.000438149
0.000312077
9.86724e-05
0.00064384
6.91729e-05
8.16442e-05
5.4085e-05
0.000156454
0.000270024
0.0010166
7.77439e-05
0.00036784
0.000222251
0.000528983
0.000560306
0.000274273
2.62232e-05
0.000143684
5.48288e-05
6.09496e-05
0.000174841
0.00014153
0.000351059
0.000136514
0.000191421
0.000110658
0.000280536
0.000493286
7.61291e-05
0.000241751
0.000218464
0.000325862
0.000258266
0.000145401
0.000244172
0.00015112
0.00022313
0.000449802
0.00615749
0.000254256
0.000170525
0.000276247
0.000266259
0.000172593
0.000326194
0.000266511
0.000259035
0.00023509
0.000176775
0.00038926
7.65139e-05
0.00020105
2.65971e-05
0.000190222
0.000397956
0.000195397
4.41777e-05
4.75322e-05
0.000250394
0.000544771
0.000113845
0.000785418
0.000112107
0.000323876
0.000323071
0.000155923
0.000150293
9.81992e-05
0.000287045
0.00048769
0.000201441
0.00151353
0.000145841
0.0001056
9.64573e-05
0.000296246
0.000263186
9.13918e-05
0.000286507
0.00045771
0.000249071
0.00033008
0.000101888
0.00071229
0.000199473
0.000460842
6.29912e-05
0.00011522
0.000342283
7.17983e-05
0.000378818
4.95296e-05
0.000270699
0.000171415
0.000564306
0.000125548
0.000225983
0.000243844
0.000152631
0.000308775
0.000298299
0.000139106
0.000323495
9.69411e-05
0.00018107
0.000177628
0.000992776
0.000357906
0.000275212
0.00010935
0.000131594
0.000163789
0.00346674
0.000195612
0.000142603
0.000308652
0.000534034
0.000652921
0.000128563
0.000119262
0.000161405
0.000103906
9.65228e-05
0.000100084
0.000281227
7.15711e-05
5.21284e-05
4.50311e-05
0.00021435
0.000929778
0.000201934
0.000258637
0.00018117
0.000139081
0.000463277
7.66929e-05
0.00080141
0.000508984
9.69546e-05
0.000213909
0.00013434
0.000283433
0.000251804
0.000248839
8.08836e-05
0.000144698
8.91876e-05
0.000330991
0.000381123
0.000288471
0.000183829
0.000423951
0.000228221
0.000138922
5.72903e-05
0.000389217
0.000125856
0.00123015
8.84125e-05
8.07644e-05
0.000293413
0.000152634
0.000220875
0.000120195
6.58248e-05
0.000169404
6.7502e-05
0.000154284
0.000208438
0.000154917
2.82648e-05
0.000316294
0.000344558
9.79699e-05
0.000329599
0.000129579
0.0002467
0.000565877
5.68597e-05
0.000196236
0.00142013
1.82019e-05
0.00140907
0.000171763
0.000189044
0.000284104
0.000177314
3.34543e-05
0.00014535
0.000181853
0.000265181
0.000255732
0.000395182
6.35604e-05
0.000361564
0.00025637
0.02404
0.000374445
9.57821e-05
0.000245962
0.000484502
0.00253885
0.000294646
0.000196158
0.000194113
0.000341526
0.000205101
0.000161248
0.000702138
0.000327902
0.000334753
0.000183133
0.000168382
0.000334204
0.00025315
0.000217426
0.000159424
4.22468e-05
0.000458122
0.000307126
0.000174578
0.000291446
8.4438e-05
0.000189644
0.000521146
0.000144483
0.000132461
0.000492282
0.000667097
0.000623976
0.000114559
0.000111779
0.000193191
3.85187e-05
9.02082e-05
0.000454933
0.000230019
0.000101994
0.000189286
0.000360431
7.95005e-05
0.000361594
0.000139656
0.000219544
8.36437e-05
0.000212053
0.000306035
0.000184711
0.000283161
8.20235e-05
0.000194641
0.000208728
0.000246556
0.00102092
0.000121193
0.000183726
0.000473785
0.000157747
0.000127158
0.000815592
7.10595e-05
6.93092e-05
0.0001224
0.000200242
5.91438e-05
0.000296327
0.000159781
8.96146e-05
0.000134552
2.71633e-05
0.000313803
0.000310543
0.000208209
0.000784437
0.00026766
0.000162169
9.33418e-05
0.00131902
0.00611192
0.000292409
9.8871e-05
0.000205493
0.000133564
0.000164643
0.000265999
0.000254596
0.00013467
0.000239635
0.000137747
0.0051619
0.000338256
0.000674342
5.41422e-05
0.00015413
8.30938e-05
0.000151232
7.87981e-05
0.000282637
0.000257218
0.000648127
0.000144233
8.82806e-05
0.000124697
0.000136376
0.000151164
0.000224877
0.000184455
0.00247565
0.000160897
0.000273952
0.000100102
0.000152468
0.000419304
0.00015103
0.000115482
2.278e-05
6.30884e-05
0.000390473
0.000401505
0.000333027
1.0767e-05
0.000327492
0.00011313
0.000142363
0.000213677
0.000241537
9.1428e-05
0.000307614
0.000128969
0.000326737
0.000383768
0.000224288
0.000235216
0.000342763
0.000854629
0.000240331
0.000165776
0.00044181
0.000321218
2.2557e-05
0.000299413
0.000205366
2.47413e-05
0.000385557
9.13125e-05
0.000169547
0.000218141
0.000222068
0.000395848
0.000228712
0.000290197
0.000104031
5.73192e-05
0.000188528
0.000205464
0.000386483
9.76259e-05
0.000187466
0.000282612
0.00075354
0.000316179
7.15716e-05
0.0005658
0.00016911
0.000177734
0.000188803
0.000534665
6.61368e-05
0.000155498
0.000577989
0.000222268
0.000260306
0.000257945
0.000162322
0.000506852
0
0.000263618
0.000158351
0.000330768
0.00028197
0.000252504
0.000107239
0.000110322
0.000207551
0.000142455
0.000189922
0.000481732
0.000108833
0.000335913
0.000179986
0.000256887
0.000450263
0.000159274
0.000770753
0.00114877
0.000280782
0.00164991
0.000191959
0.000141032
0.00024976
5.93274e-05
0.000184725
0.000390885
0.000712829
5.36988e-05
8.8952e-05
0.000393991
0.00212632
0.00021802
0.000345839
8.84338e-05
0.000271133
0.000116812
0.0143352
7.63969e-05
0.000912718
0.000244106
0.000134715
0.000200236
0.000244613
9.26813e-05
0.000222074
5.0173e-05
0.00022418
0.000185857
0.000139123
0.000621917
0.000451354
0.000168334
0.000547692
3.45436e-05
0.00031483
0.000345905
0.000231557
0.000106845
0.000128612
0.000143404
0.000145956
0.000226315
0.000477075
0.00122974
0.000238049
0.00010555
0.00040436
0.000102876
0.000225639
0.000125591
0.000378678
0.000317393
4.68478e-05
0.000210588
0.000195786
0.000103074
0.000548241
0.000928194
0.000221346
0.000115945
0.000135186
0.000189896
0.000876127
0.000962402
0.000188797
0.00123599
0.000271688
0.000184983
0.0002193
0.000191028
0.000184686
0.000129479
0.000208385
0.000174507
0.00013499
0.000281972
0.000609196
0.000106708
0.000268695
0.000384427
0.000462467
0.000168687
0.00014827
0.000279011
0.000648018
0.000239334
0.000136772
4.05376e-05
0
0.000127141
0.000626791
0.000585416
0.000888506
0.000152502
0.00964755
0.000231199
0.000373131
0.000290715
0.000293261
0.000166546
0.000932631
0.000228336
0.000380726
0.000110348
0.000449651
0.000233344
0.00038567
0.000137222
0.000102032
0.00017386
0.000173371
0.000306868
6.38872e-05
0.000158513
0.000672275
0.000112235
4.36458e-05
0.000121869
0.00016193
0.000275356
0.00106431
0.000111245
0.000182348
4.75657e-05
0.000131262
0.000603671
2.95188e-05
0.000205406
0.000185492
0.00033019
0.00039609
4.80742e-05
0.000231539
0.000142661
1.92182e-05
0.000125563
0.000150068
0.000233222
0.00174054
0.000175914
0.00030296
0.000186296
0.000409632
0.000203056
0.000110984
0.000105476
0.000265057
0.000634439
0.000182933
0.000289997
0.000109622
0.000135032
4.15146e-05
0.000469905
5.72278e-05
7.11506e-05
8.6161e-05
0.000162348
0.000546488
0.000253065
0.000120713
7.36095e-05
0.000380773
2.18949e-05
0.000341372
0.000253579
0.000734106
0.000162673
8.02791e-05
0.000148061
0.000165498
0.000214214
0.00024238
5.20035e-05
0.00132424
0.000205466
0.00016708
0.000292363
0.00976689
0.000717958
0.0012614
0.000298849
0.000493489
0.00010088
0.00078751
0.000272091
0.000488229
0.000247167
0.000287349
0.0005943
0.000588494
0.000550726
7.56211e-05
0.000161466
0.000162112
0.000134251
0.000249355
0.000177887
1.24098e-05
0.00022745
0.000202944
0.000114269
0.000106106
0.000168302
0.000193709
1.07806e-05
0.000391777
0.000385
8.55241e-05
0.000223501
0.000195186
0.000187629
0.0003439
0.00110481
0.000352411
0.0001121
0.00010465
0.000281528
0.000316299
0.000174601
0.000269792
0.00021152
0.0021519
0.000189135
0.000531332
0.000124239
0.000343885
7.59461e-05
7.7288e-05
0.000156143
0.000165974
0.00114043
8.40476e-05
0.000159737
0.000289367
7.58857e-05
0.001193
0.000321558
0.00015986
0.000313614
0.00031169
0.00015498
0.000237001
0.000107893
0.000258443
7.87788e-05
0.00052825
0.000220883
6.09329e-05
0.000137586
0.000232043
0.000326391
0.000706538
0.000204778
9.04615e-05
0.000212595
0.00040206
0.00013146
8.46702e-05
0.000111266
3.93219e-05
6.99079e-05
0.000487021
0.000164188
0.000770027
9.9445e-05
0.000249012
0.000109989
0.000221691
0.000362005
4.88811e-05
9.14975e-05
0.000175883
0.000371867
0.000173198
0.000213108
0.000343732
0.000232288
0.000265807
0.000185635
0.000130867
0.000206828
0.000475495
4.1415e-05
0.000469038
4.95176e-05
0.000102897
0.000321023
0.000438548
0.000157721
0.000472551
0.000269451
1.67436e-05
0.000211472
0.000290867
0.000183438
0.000167327
0.000195655
0.000347752
0.000536257
0.000126257
0.00030725
1.64636e-05
0.000521747
0.000151277
1.89391e-05
1.86231e-05
0.00015515
0.000100308
8.91921e-05
0.000205833
0.000156341
0.000953097
0.000156865
0.000490067
0.000197796
0.000145725
0.000243835
0.000505137
0.000222443
0.000270604
0.000139593
0.00034105
0.000566511
0.000113214
0.00019053
0.000208609
0.000399099
0.000118393
0.000153354
7.85355e-05
0.00026732
0.000130272
0.000241263
0.000189918
0.000220556
0.000329158
0.000199584
8.18104e-05
0.000171448
7.4186e-05
0.000324063
0.002159
0.000112684
0.000973306
0.000108713
0.000205714
0.000454615
8.48121e-05
0.00070353
0.000366435
9.24521e-05
0.000335172
8.19055e-05
0.000139138
0.000172624
0.000197579
8.02775e-05
0.0014977
0.00030119
6.05487e-05
0.000195163
0.000200154
0.000257831
0.000262879
0.000204184
0.00110291
0.00061131
0.000251176
0.000556479
0.000118814
0.000485886
0.000202814
0.000241776
0.000151679
0.00017969
0.000157702
0.000228959
0.000148478
0.00018713
0.000209473
0.000162087
0.00046556
0.000654943
0.000893455
0.000286059
0.000131376
0.000112338
1.51714e-05
0.000118961
0.000201023
0.00015986
0.000513065
0.0022263
6.03142e-05
9.38204e-05
0.000127238
0.000636227
4.12633e-05
0.00011922
0.00060098
0.000119078
2.65778e-05
0.000252696
0.000427968
0.000162608
0.000213701
0.000124954
0.000403219
0.000301416
0.00117877
0.000633736
0.000280328
0.000137802
0.000125049
0.000164464
5.06311e-05
0.00142244
0.000475187
0.000126249
0.000270237
0.000181416
0.000307074
0.000184811
6.49015e-05
0.000377256
0.000183451
0.000876352
3.07318e-05
0.000336539
9.1257e-05
0.000294274
0.000204095
0.000325522
0.00025411
0.000251467
0.000115839
0.000170162
0.000121953
1.59214e-05
0
0.000290975
0.000502732
0.000203314
0.000204375
0.000272934
0.000226769
0.00036339
0.000203843
0.000304345
0.000137371
0.000568945
4.76308e-05
0.000251073
0.000315987
0.000252234
0.000431105
0.000137622
0.000511425
0.000344572
0.00185193
0.000191862
0.000194002
0.000234128
0.000127023
7.52483e-05
0.000172902
0.00529993
0.000328026
0.000105391
0.000184668
9.94567e-05
0.000831484
0.000475851
0.000185248
0.000254531
0.00201682
0.000191831
0.000477343
0.000131824
0.0001188
0.000191434
9.07781e-05
6.76873e-05
0.000182308
0.000230502
0.000274042
0.000351195
0.000135618
0.000236021
0.000341668
0.000847676
0.000170673
8.08095e-05
0.000134
0.000235222
5.60033e-05
0.000241399
0.000144193
0.000310523
8.06911e-05
0.00105667
1.2556e-05
0.000217381
7.46798e-05
0.000819086
8.3342e-05
0.000188489
0.000208464
0.000236326
0.000310792
0.000192549
6.30387e-05
0.0004539
0.000231987
0.00049854
0.000207874
0.00106139
0.00016416
0.000153081
0.000217172
0.000193339
0.000687282
0.00265965
0.000307162
9.16477e-05
0.000143374
0.000312959
0.000748454
0.000533954
0.000259636
0.00020689
0.000471872
4.97333e-05
0.000527739
0.000757448
0.000249872
0.000298786
0.000139349
0.000426635
0.000149906
0.000144452
0.000142907
0.0001444
0.000124168
0.00033296
0.000248942
0.00011541
0.000269526
0.000309194
0.000170969
0.000174528
0.00014442
0.000299562
0.000340812
0.000199729
0.000207213
0.000199262
0.000114093
2.10358e-05
0.000236358
0.00275044
0.000225582
0.000115908
3.63106e-05
4.63807e-05
0.000126975
0.000142215
0.00132859
0.000104224
6.97042e-05
0.000645965
5.64116e-05
0.000261923
0.000189689
8.02304e-05
5.18279e-05
0.000372149
0.00033678
0.000173933
0.000201157
0.000136748
0.000127668
0.000261055
0.000266087
0.000125455
0.000140845
0.000138647
0.000305823
0.000292357
0.000319501
6.2684e-05
0.000129845
8.30645e-05
0.000544267
0.000186668
0.000314407
9.38666e-05
0.000209848
0.000512633
0.00024985
0.000291508
0.000262961
0.000365654
0.000300347
0.000276828
0.000409624
0.000311909
0.000151403
0.000501011
0.000300932
5.696e-05
0.000371828
0.000276058
0.000128724
0.000343483
0.000196692
0.000257223
8.55794e-05
0.000243497
0.000230088
0.000110626
0.000232211
6.42906e-05
0
0.000209143
0.000136247
9.81721e-05
0.000313845
0.000664779
0.000118832
0.000215042
0.000229663
0.000122597
3.91525e-05
0.000113715
0.000684418
0.000317512
0.000120774
0.000173737
0.000192949
0.000290515
0.000216025
0.000225582
0.000595693
0.000312896
0.000598688
0.000188711
7.55946e-05
0.00054265
4.9247e-05
9.96984e-05
0.000240061
0.00573051
0.000354662
0.000335025
0.000209766
0.000104286
0.000181045
0.000113099
0.000126145
0.000249769
0.000150528
5.47954e-05
8.68186e-05
0.00015656
0.000386351
0.000258166
0.000114185
5.94254e-05
0.00042344
0.00125246
0.000175993
0.000220283
0.000238879
0.000241687
0.00019755
0.000229944
0.000162337
0.000959978
0.000151173
0.000167728
0.000161746
5.96353e-05
0.000306472
4.65532e-05
0.000280822
0.0023099
0.000281717
0.000296152
0.00020642
9.15991e-05
0.000369785
0.000181689
0.00128435
9.54324e-05
3.21044e-05
0.000178218
0.000170942
0.000302253
0.000110395
0.00969008
0.00356731
6.5707e-05
0.000118411
0.00020336
0.000181751
0.00016804
0.000565273
0.000843827
6.2355e-05
7.31438e-05
0.000392919
0.000530907
0.000154313
0.000797399
6.62576e-05
0.000202871
0.000470356
0.0003069
0.000169581
0.000766616
0.000246915
0.000261517
0.000127605
0.0001483
0.000430104
0.000229936
0.00014222
0.000200666
0.000319817
0.000759592
0.000356787
0.000305356
7.54247e-05
0.000328453
0.00012649
0.000160021
0.000188451
0.000152389
0.000256838
0.000206694
0.000312711
0.000171996
0.000599969
0.00024249
0.000153279
0.000295446
0.000191249
0.000242335
9.02196e-05
0.000189917
0.000305745
0.000161383
0.00266506
0.000132596
5.52853e-05
0.000274116
0.000126041
0.000148422
0.000318361
0.000160484
0.00122372
0.00086371
0.000323437
0.000169548
0.00012225
0.000297527
0.000274823
1.59165e-05
0.000101959
0.000245176
0.000316483
0.000389625
0.000292994
0.00021997
7.82195e-05
0.000142909
0.000214026
0.000295234
0.000272895
0.00021588
0.000249725
0.000121915
3.92398e-05
5.84923e-05
0.000258813
0.000196824
0.000217276
0.000166788
0.000242015
0.000169801
0.000470258
0.000304713
0.000685307
0.000203035
0.000114102
0.000508841
5.47319e-05
0.000479755
0.000190704
8.50055e-05
0.00336842
0.000372077
9.93713e-05
8.57887e-05
0.000326214
0.000320196
0.000169115
0.000307899
0.000447745
0.00015139
0.000245761
3.83957e-05
5.66658e-05
0.000203567
0.000242698
0.000163645
0.00013286
0.001537
0.000208462
0.000248009
8.08275e-05
0.00029158
0.000379802
0.000756712
0.000414824
0.000157657
0.000338811
0.000346996
0.000292562
0.000355174
0.000195688
0.00014201
0.000118005
0.000820046
8.22597e-05
0.000120683
0.000136868
0.000204204
0.000146566
0.00033416
0.000220176
0.000520938
0.00026675
0.000183784
0.000224466
0.000197772
0.000247309
0.000230754
9.93543e-05
0.000270603
0.000343404
0.000280957
0.000141998
0.000372078
0.000173954
0.00106971
0.000126244
0.000306455
0.000993011
0.000122841
0.000181377
0.000142425
0.000763376
0.000216185
0.000175547
7.28979e-05
0.000237978
7.55586e-05
0.000336245
0.000430584
7.23361e-05
0.00301425
0.00018012
8.18273e-05
0.000209119
0.000244329
0.000154595
0.000161684
0.000362995
0.000147019
0.000224929
0.000110974
0.000231671
0
0.00012647
5.37127e-05
0.000164579
0.000254615
0.000334955
0.000250551
0.00331898
0.00011519
0.000452417
0.000256133
4.16201e-05
0.000180797
4.07029e-05
9.3076e-05
0.000212479
0.000532037
0.000260751
0.000363501
0.000634002
0.000712868
0.000140262
9.26074e-05
0.000188981
2.12726e-05
0.00218139
0.000523868
0.000134969
0.000153184
0.000320423
0.000173285
0.000280127
0.000340767
0.000505829
0.000186455
0.00112908
0.000211867
0.000237953
0.000360117
0.000105708
0.000216659
0.000702485
0.000265728
0.000240181
0.000330211
0.00028207
2.49282e-05
0.000204128
0.000249478
0.000421825
0.000119025
0.000175137
6.3304e-05
0.000150318
0.000270528
7.48492e-05
0.000279133
1.1704e-05
0.000121785
3.39199e-05
0.000316165
0.000273459
0.00023083
4.37456e-05
0.000320119
0.000216651
0.00230562
0.00027026
3.9212e-05
0.00147457
0.000612864
0.000300789
3.16677e-05
0.000143948
0.00021618
0.000382119
0.000518574
1.56745e-05
0.00035286
0.000386976
8.67364e-05
0.00038085
0.00032515
0.000573209
0.000160546
0.000112839
0.000390545
0.000190774
0.000267604
0.000162439
0.000154033
0.000256723
0.000325737
0.000214159
0.000283659
0.00022368
0.000472163
0.000170216
0.000786748
5.74073e-05
0.000353028
0.000562368
5.51375e-05
0.000338845
0.000247973
7.91414e-05
0.000209041
0.000910922
0.000448668
0.00116863
0.000224929
0.000442747
3.68732e-05
0.00014423
0.000415382
0.000240675
0.00022263
0.00022265
0.000205327
0.000236728
0.000182236
6.45159e-05
0.000284839
0.000560352
0.000294955
0.000516026
0.000389186
0.000134843
0.000230848
5.72627e-05
0.000132246
6.84896e-05
0.000326261
0.000115494
0.000126791
0.000781016
0.000467215
0.000303057
0.00474274
0.000153741
4.32265e-05
0.000193804
0.000147625
0.000419234
1.94796e-05
0.000316767
0.000226716
0.000310699
0.00072911
0.000551412
6.29498e-05
0.000117877
0.00274633
0.000371049
0.000356436
8.35119e-05
0.000140387
0.00045026
1.15969e-05
0.000240596
0.000679463
0.000152352
0.000356048
0.00280985
9.79245e-05
0.000164445
0.000143379
0.000308702
0.0017704
0.0049207
0.000175362
0.000192431
0.000186811
0.00016429
0.000182358
0.000279248
8.27324e-05
0.00351807
0.000362914
0.000540452
0.000426261
0.000173937
0.000266203
0.000885049
0.000506218
7.82282e-05
0.000150211
0.000484355
0.00101035
0.00012339
0.000328248
0.000322864
9.7908e-05
0.000200554
0.000321409
0.000226534
0.000211208
0.000597228
0.000173358
0.000127914
1.81127e-05
6.86719e-05
0.000127054
0.00011152
0.000301434
0.00120936
0.000244963
0.000158492
0.000149256
3.03558e-05
0.000228947
0.000168785
0.000218994
0.000265877
3.39929e-05
0.000139062
0.000161475
9.06841e-05
0.000165447
0.000262745
0.000258056
9.39768e-05
0.000304363
0.000291087
0.000294865
5.46268e-05
6.16458e-05
0.000333877
0.000164729
0.000163727
0.000204629
0.000929369
0.000217986
0.00020313
0.000151761
0.00045021
0.000179492
0.000221707
0.000287056
6.92972e-05
0.000876776
9.87118e-05
5.96698e-05
0.000339671
0.00325351
7.81371e-05
0.00015631
7.7129e-05
0.000533732
0.000175193
0.000283375
8.19754e-05
0.000173246
0.00159009
0.000327499
0.000150064
0.0002814
0.00010302
9.5623e-05
0.000137344
0.000135917
0.000330767
0.000361144
7.94841e-05
0.000246453
0.000131566
0.000317428
9.91987e-05
0.000102523
0.000227161
0.000178416
0.000210763
0.000230822
0.00015779
0.000113758
4.74111e-05
0.000139129
8.14592e-05
0.000175234
0.000199502
0.00268699
0.000160306
0.000126523
0.000141934
0.000102403
0.000266801
0
0.000206094
0.000162157
3.29982e-05
0.000304841
0.000223929
3.82341e-05
6.33092e-05
0.000612434
0.000160251
0.000325573
0.000212728
0.000179224
0.00123872
0.000194696
0.000228659
0.00016583
0.000213755
5.90226e-05
0.000127426
0.000232534
8.35889e-05
0.000249132
0.000287869
0.000792959
8.25804e-05
0.0003225
0.000401894
5.36798e-05
0.000309717
0.000220254
8.42174e-05
0.00967087
0.000315716
9.72396e-05
3.14278e-05
0.000308367
7.94846e-05
0.000194014
0.000118134
0.000294314
0.000407691
0.000305484
0.000142411
0.000158982
0.000144701
0.000324543
6.14425e-05
0.00022381
0.000141424
0.000439954
9.50835e-05
0.000468172
0.000310099
0.000418244
0.000438705
0.000325673
0.000186071
0.00034215
8.60437e-05
0.000131355
0.000312718
0.000379041
0.000144664
0.000426012
0.000320793
0.000212398
0.00018141
0.00220702
0.000295905
0.000127552
0.000221568
0.00046911
0.000474794
0.000961871
0.000136576
0.000196214
0.000141287
0.000218353
0.000985928
0.000352661
9.75462e-05
0.000241011
0.000341476
0.00016189
0.00030513
0.000312795
0.000208022
6.06582e-05
0.000320612
0.000128473
0.000553691
9.7196e-05
0.000169037
0.000716881
7.69393e-05
0.000329188
9.88243e-05
0.000172236
0.00200061
0.000436982
0.000182885
0.000164544
0.000128332
0.000285398
7.03936e-05
0.000459441
0.000144669
0.000163118
0.000254194
0.000148439
7.00349e-05
0.000243072
8.77584e-05
0.000224459
0.000156127
8.99702e-05
0.000262673
0.000254635
0.000197815
0.000138422
7.16901e-05
0.000370796
0
9.52793e-06
0.000213472
0.000297389
9.64801e-05
0
0.000499683
0.000210377
0.000209729
0.000942542
0.000634712
0.00017205
0.000145784
0.000503712
0.000461091
0.000110117
0.000460361
0.000144595
0.000370884
1.20006e-05
0.000301518
0.000151165
3.07178e-05
0.000714543
0.000750153
0.000163618
0.000179551
0.000135905
0.000510306
0.000136683
0.000137185
0.000153281
0.000537345
1.16568e-05
0.000219465
0.000101485
0.000237491
0.000431738
0.000205011
0.000339553
0.000157796
0.00287863
0.000123254
0.00059783
0.000314728
0.000201517
0.000200732
0.000231382
0.000925006
9.64085e-05
0.00014268
0.000230012
0.000216733
0.000123685
0.00016405
0.000229405
0.000195055
0.000314777
0.000113616
7.34526e-05
0.000143374
0.000204911
0.000179566
0.000210759
0.000230415
0.000191962
0.00018611
0.00102955
0.000326413
0.000253571
0.000309537
0.000144646
0.000189708
4.15598e-05
0.00013102
0.000169239
0.00025795
0.00029452
0.000215489
0.000575894
0.000167372
0.000239659
0.000314668
0.000114341
0.000197801
0.000154522
0.000244575
9.66342e-05
0.000205324
9.67703e-05
3.66408e-05
0.00011561
0.000148835
0.000152208
0.000147491
0.000191407
0.00178895
0.000178659
0.000162664
0.000384212
0.000268947
0.000402031
0.000357485
0.000374671
0.000190342
0.000318979
0.00013331
0.000286709
0.000280775
0.000112135
0.000219738
0.00118519
0.000387604
0.000278089
0.000760794
0.00065184
0.000455208
0.000182363
0.000220404
0.000105356
0.000360475
7.80858e-05
1.44047e-05
5.87014e-05
0.000758233
0.000204726
0.000320121
0.000237341
7.63696e-05
0.000438226
0.000221311
0.000165371
0.000319926
0.00155302
0.000199678
0.000258911
0.000300918
0.000102296
3.26839e-05
0.000299998
0.00019895
0.000139537
0.000132143
0.000195158
9.53485e-05
6.65329e-05
0.000136286
0.000180159
0.00022067
0.000327489
0.000390737
7.97781e-05
0.000104605
0.000910073
0.000190985
0.000134562
0.000260759
9.63071e-05
0.000139126
0.000461345
0.000621954
0.000176811
0.00109919
0.000195876
0.000293505
0.000104263
0.000189968
0.000249491
0.000368814
0.000193041
0.00140786
0.000137104
0.000390324
0.00023506
0.000348422
0.000154464
0.000215655
0.000174193
0.00021761
0.000298804
0.000257753
0.000358336
0.000173236
6.49803e-05
0.000565131
0.000108704
0.000380857
0.000110887
4.79452e-05
0.000337216
0.000131177
8.55766e-05
0.000456829
0.000412096
0.000178454
0.000443373
0.00015232
0.000274659
9.93276e-05
0.000166981
0.000205981
0.000638893
0.000299761
0.000118706
0.000425039
0.000280238
0.000223936
7.34441e-05
0.00018287
0.000185387
0.00052925
0.000260515
0.000192083
0.000306152
9.93843e-05
0.000141752
0.00019928
0.000202427
0.000342926
0.000154771
0.0193662
0.000211233
0.000970704
0.00035402
5.89063e-05
8.40008e-05
0.000159179
0.00026227
0.000118054
0.000160485
0.000181942
0.000300894
9.80302e-05
0.000525725
0.000124449
0.000243854
0.000272694
0.00018094
0.000494248
0.000113724
9.12433e-05
0.00012798
0.000408444
0.00046375
0.000311877
0.000239888
8.65758e-05
1.09067e-05
0.000367089
0.000220254
0.000744151
0.000154488
0.000307855
0.000133234
0.000165756
1.76033e-05
6.00864e-05
4.68634e-05
3.2077e-05
0.000222152
0.000116444
2.31956e-05
0.000329933
0.000230116
0.000169677
0.000127665
8.2911e-05
0.0016979
0.000382944
0.000239469
0.000232778
0.000172325
0.000352791
0.000424257
0.000299748
0.000428743
0.00047423
0.00017541
0.000124196
8.43858e-05
0.000444972
0.000164748
0.000153156
3.98113e-05
0
0.000282273
0.00011314
0.00019324
0.000182731
0.000157033
0.000123298
0.000230151
0.000198517
0.000244169
0.000340205
0.000388041
0.000220648
0.000300669
0.000166856
0.000254436
0.000332703
0.000155147
3.56345e-05
9.92474e-05
0.00017948
0.000239272
0.000506594
0.000151855
9.74709e-05
0.000128857
0.00026472
0.00019037
0.000145752
0.000368567
0.000957722
0.000139407
0.000157301
0.000156823
0.000265061
0.00031979
0.000229364
0.000134398
0.000220198
0.000390981
0.00135302
1.41798e-05
0.000123566
0.000490686
0.000403615
0.000946676
0.000208976
0.000153774
0.000419403
0.000184901
0.000461052
0.000197608
0.000127206
0.000554778
6.18134e-05
0.000626627
5.27922e-05
0.00100159
0.000127344
0.00038375
0.00031712
7.65611e-05
0.000679027
1.01826e-05
0.000170186
0.00014231
0.000124271
0.00138508
0.000132327
0.000240236
0.000127201
0.000528343
0.000253206
7.91906e-05
0.000280005
0.000203567
8.40128e-05
0.000385601
0.000227177
0.000168166
0.000557681
6.41649e-05
0.000336373
0.000261589
0.000290891
0.000228528
0.000560895
9.94079e-05
0.000246463
0.000561784
0.000263237
0.000205528
0.000237781
0.000225103
0.000156423
0.000807917
8.27091e-05
0.000224586
0.000123778
0.000159795
0.000380306
0.000296121
0.000157645
0.00029095
9.28825e-05
0.00023905
0.000723249
0.000234613
0.000420701
7.94031e-05
0.000137133
0.000877627
0.000198901
5.96598e-05
0.000701574
0.000792361
0.000438893
0.000382738
0.000234319
0.000414628
8.08803e-05
0.000379241
0.000225201
0.000289518
0.000194071
0.000118229
0.000376394
0.000180337
8.1185e-05
6.43713e-05
0.000231627
