0.000781564
0.00233211
0.000579976
0.000503822
0.000397804
0.000384905
0.000486079
0.00131369
0.00110603
0.000851514
0.000797064
0.00148708
0.000632723
0.000534325
0.00310322
0.00064535
0.00128334
0.00101961
0.000157653
0.000746374
0.000958982
0.000811437
0.000958637
0.000537182
0.00092233
0.000437211
0.000557148
0.00100382
0.000669353
0.00087771
0.000886571
0.000878931
0.00036281
0.000812091
0.000886906
0.000869906
0.000778514
0.00101602
0.000709409
0.00139238
0.000384421
0.000482232
0.00106875
0.00103928
0.00128642
0.000154292
0.000851445
0.000217311
0.0011552
0.000875148
0.000577601
0.000358008
0.00116585
0.00108201
0.00139789
0.00185569
0.000452191
0.00183878
0.000330332
0.00037743
0.000697608
0.000757646
0.00112087
0.000450094
0.00232929
0.00114595
0.00071706
0.000503058
0.00122655
0.000644807
0.000180732
0.000925463
0.000358603
0.289372
0.000409183
0.00105778
0.00122307
0.00145719
0.00140261
0.0012079
0.000507343
0.000502168
0.000329327
0.00226415
0.000502872
0.000934819
0.00147485
0.000467088
0.000562359
0.00025726
0.000503126
0.00104185
0.000869676
0.000400595
0.00146006
0.00186949
0.00134259
0.000674574
0.00105742
0.00064874
0.000703265
0.000606636
0.000811056
0.00101709
0.000190371
0.0010538
0.00115585
0.00069034
0.00078618
0.000434338
0.000956536
0.000955069
0.000353181
0.000297414
0.000764179
0.00118396
0.00327737
0.000897975
0.000943878
0.000541522
0.000747463
0.000973533
0.000438076
0.000461102
0.000603896
0.000801119
0.000753839
0.00183632
0.00058406
0.000975856
0.00118038
0.000711772
0.00498755
0.000448398
0.000761918
0.0138404
0.000882745
0.00436838
0.000956705
0.00124991
0.000957647
0.000592883
0.00623716
0.000611797
0.000664785
0.000815748
0.00109822
0.000652265
0.000902976
0.000627499
0.000185474
0.000693771
0.0010391
0.000652047
0.000638562
0.000663304
0.000930757
0.001495
0.000775373
0.000774699
0.000351108
0.000743779
0.00101315
0.000968637
0.00100358
0.000493306
0.000981453
0.00162703
0.000940256
0.000284064
0.000603912
0.00047288
0.000462327
0.000780501
0.000638353
0.00125577
0.000379983
0.000674707
0.00743138
0.00505495
0.00116715
0.0004551
0.000879769
0.0155755
0.00114206
0.000907648
0.000833409
0.00356341
0.000465016
0.000599488
0.000721021
0.000705417
0.000480765
0.00162045
0.000618353
0.00152576
0.000784455
0.000520108
0.001422
0.000498222
0.000968583
0.000249653
0.000266053
0.00121588
0.000587995
0.000377369
0.000871767
0.00076886
0.00109492
0.000421764
0.000434142
0.00218821
0.00103705
0.000743647
0.00128842
0.000729347
0.000251675
0.00125976
0.00297976
0.000879498
0.00066588
0.000709099
0.00043884
0.00105855
0.000262851
0.00105713
0.000511291
0.000471142
0.000768228
0.00109004
0.000429857
0.0202527
0.000911957
0.00129399
0.000480239
0.000758974
0.000581421
0.00147598
0.00132986
0.000646599
0.000560238
0.00147825
0.000617805
0.000805772
0.000554215
0.0024499
0.000308519
0.0010937
0.000709685
0.00049084
0.00104546
0.00072106
0.000527247
0.00118717
0.000636471
0.00118989
0.000462776
0.000461383
0.000862281
0.000785267
0.000325047
0.000851053
0.00723324
0.000263149
0.000905713
0.000318805
0.000422576
0.000505179
0.00520794
0.00109291
0.0012715
0.000521156
0.00358148
0.000305584
0.000388491
0.000684574
0.00107568
0.0071558
0.00075862
0.000264361
0.000740882
0.00192697
0.000686427
0.004662
0.000483038
0.00153986
0.000974966
0.000455297
0.000278728
0.00393001
0.000774153
0.000762292
0.000755431
0.000309351
0.000101516
0.000704693
0.000422642
0.00200493
0.000890926
0.00105531
0.000500698
0.0103493
0.000638845
0.000942839
0.00057097
0.00106073
0.000412956
0.000550368
0.000732645
0.00238771
0.000375238
0.000367718
0.000855364
0.00081444
0.000598247
0.000546874
0.000533304
0.000576117
0.000735841
0.00101697
0.000734197
0.000871936
0.000304555
0.00193044
0.000431686
0.000712386
0.000132589
0.00121186
0.000449403
0.00152463
0.000629826
0.000546694
0.000612857
0.000750429
0.00059866
0.0015462
0.00164358
0.000780117
0.00063856
0.00118323
0.000359892
0.000506418
0.000701432
0.000252361
0.000568335
0.000456892
0.00325699
0.00101616
0.00405854
0.0153844
0.000888385
0.000962096
0.000536348
0.000619371
0.000266057
0.000901669
0.000664687
0.0013215
0.00106042
0.000439902
0.000599338
0.000508233
0.00182232
0.000731823
0.00028749
0.000528202
0.000109384
0.000882706
0.00157212
0.00156438
0.000542955
0.000908449
0.00153166
0.000725258
0.000673005
0.00102214
0.000707962
0.0189289
0.00251511
0.000481681
0.000680746
0.000813418
0.00502254
0.000755034
0.000496528
0.000843426
0.00365786
0.000575511
0.000886153
0.000167472
0.000576247
0.000127729
0.0438399
0.00102419
0.000782719
0.000554777
0.00076395
0.00104454
0.00105927
0.00760561
0.000473042
0.000330438
0.000772631
0.000644845
0.000657857
0.000822639
0.000461587
0.00139677
0.0006508
0.000183765
0.000584508
0.00172762
0.000890555
0.00138264
0.000671399
0.00107488
0.000603754
0.00104739
0.00173188
0.000934505
0.000271171
0.000922119
0.000967833
0.000713803
0.000554248
0.00173841
0.000807051
0.000225542
0.00112634
0.000777134
0.00414052
0.00160647
0.00100939
0.000847318
0.000701648
0.000530859
0.00045423
0.000877246
0.00086332
0.000404559
0.00201284
0.0012342
0.000299316
0.000504307
0.00147348
0.000673291
0.000868801
0.000700162
0.0020008
0.000846688
0.00049872
0.0010766
0.00109
0.000466298
0.000671485
0.000321288
0.000847463
0.000722577
0.00101477
0.0023114
0.00194218
0.000993768
0.000417744
0.000767711
0.00109502
0.000682454
0.000832151
0.00112016
0.0024031
0.000884576
0.000373347
0.000244833
0.000551817
0.000349858
0.000588937
0.00107146
0.000767315
0.000460094
0.000784144
0.000505441
0.000939463
0.00188832
0.00143393
0.00140229
0.000819428
0.000422897
0.000707581
0.000636816
0.000713572
0.000293982
0.000512849
0.000338859
0.000930406
0.000965296
0.000700275
0.000535443
0.00155464
0.000426926
0.000540778
0.000848204
0.000678257
0.000473434
0.00126087
0.000352661
0.000274523
0.000543272
0.000502964
0.00102005
0.000967172
0.00051415
0.000716978
0.000765726
0.000801735
0.0760843
0.000893136
0.000623131
0.000877262
0.0137719
0.00049022
0.00102767
0.000656179
0.00064215
0.000633201
0.000711718
0.0016709
0.000559059
0.000651423
0.00122227
0.00105174
0.000224984
0.000611454
0.000438995
0.000599708
0.000318508
0.000670221
0.00109711
0.00137475
0.00101318
0.000968236
0.00129204
0.00126827
0.000297358
0.000763268
0.00226188
0.00109156
0.000805562
0.00133408
0.000531886
0.00128649
0.000131793
0.00186226
0.00130385
0.00136413
0.000943413
0.000609076
0.000618061
0.0010724
0.000368677
0.000482007
0.000340772
0.000636439
0.000636032
0.000511981
0.00162485
0.000393528
0.00132518
0.000757384
0.000757394
0.000917664
0.000400203
0.000681224
0.000764478
0.0010852
0.00063959
0.000757594
0.00167447
0.000921118
0.000744606
0.000905691
0.000918649
0.000307042
0.00075771
0.000728859
0.000550507
0.001074
0.000970631
0.000858666
0.000807045
0.000777504
0.00120668
0.000682025
0.000480777
0.00237541
0.000912563
0.00079771
0.00544763
0.000805129
0.00119861
0.000596813
0.00177908
0.000541875
0.0010306
0.00110574
0.00051022
0.00040349
0.000709163
0.000848141
0.000371883
0.000828802
0.00106912
0.00030151
0.000750888
0.000629486
0.000937783
0.000813575
0.000500487
0.000607627
0.00234215
0.00072375
0.000488904
0.000743438
0.000684824
0.0011024
0.00312161
0.000996772
0.000712283
0.000445102
0.000969921
0.00293202
0.000741374
0.000438705
0.000492771
0.00102533
0.00113188
0.000830241
0.00102016
0.00030267
0.001248
0.00466924
0.0008769
0.000351355
0.000644892
0.000535243
0.00117822
0.000343747
0.00051592
0.000763895
0.000704009
0.000476853
0.000992878
0.000836929
0.000350035
0.000612733
0.000867999
0.00152913
0.00146023
0.00104531
0.00249227
0.000392865
0.000630581
0.000597073
0.000341355
0.00042306
0.00132914
0.000380821
0.000484991
0.00143365
0.00103256
0.000496769
0.000971706
0.00065691
0.000584983
0.000764584
0.00458252
0.000928262
0.0013726
0.000469254
0.000547642
0.000828176
0.00138908
0.000228334
0.000732935
0.00107863
0.000543265
0.0019148
0.000969564
0.000865932
0.000724895
0.00112819
0.00295047
0.000713271
0.00057095
0.000835638
0.000721497
0.0011111
0.000978238
0.000567827
0.00288466
0.000958004
0.000419969
0.00364667
0.0334234
0.000760598
0.000650756
0.000746914
0.000829731
0.000568705
0.00171467
0.00104448
0.000244542
0.00073118
0.00105708
0.000413796
0.00192546
0.000579432
0.000407844
0.000624735
0.000780445
0.000634572
0.000385595
0.000203709
0.00701006
0.000706155
0.000955911
0.00083405
0.00235931
0.000841862
0.000854767
0.00109487
0.00111538
0.00853019
0.00337986
0.00091219
0.00294983
0.00169536
0.00090979
0.00077844
0.00228861
0.00120116
0.000569829
0.00186412
0.000823802
0.00065168
0.00120936
0.000671185
0.000712643
0.00114405
0.000989005
0.00115457
0.000578988
0.000857577
0.000779924
0.00086639
0.000526678
0.000838072
0.000599279
0.000818537
0.000787668
0.000385923
0.00066188
0.000529956
0.00110897
0.000754395
0.000747909
0.000699589
0.00387414
0.000319903
0.000477712
0.000963419
0.000899735
0.000694044
0.00102934
0.000832694
0.000934958
0.000370158
0.000624629
0.0015166
0.000810652
0.00156634
0.000821171
0.00065659
0.00110888
0.000515428
0.00100411
0.00105247
0.00129431
0.0010442
0.000446715
0.000964181
0.000547657
0.00097641
0.0299062
0.000769107
0.00134698
0.000657429
0.000615078
0.000796605
0.00129058
0.000537157
0.0601653
0.000681842
0.00462059
0.00072509
0.000563169
0.000947293
0.000645147
0.000547531
0.000943404
0.00116689
0.000516359
0.322226
0.00402946
0.00117766
0.000621536
0.000211071
0.000949735
0.000853766
0.000531931
0.000728394
0.0012139
0.0004187
0.000749976
0.000862654
0.000701557
0.00100244
0.00151782
0.000799446
0.00136157
0.000462389
0.00073373
0.000274988
0.0014547
0.000982397
0.00124713
0.00552325
0.000642276
0.00109841
0.000703251
0.00105895
0.000874807
0.000899057
0.000790939
0.00135134
0.000840779
0.000700376
0.0011723
0.00233035
0.00153602
0.000386024
0.00628807
0.00143564
0.00230869
0.000649778
0.0011734
0.000591744
0.00110342
0.00115266
0.0013768
0.000534523
0.000800765
0.000678919
0.00539767
0.00107174
0.00126273
0.00111471
0.000736414
0.0012532
9.15932e-05
0.000555715
0.000550651
0.000765087
0.00206487
0.00082755
0.000723266
0.000970318
0.00138267
0.00107288
0.000935202
0.00093301
0.000965947
0.000603866
0.000311976
0.000862808
0.000771752
0.000693007
0.000145672
0.000897023
0.0270877
0.000485053
0.00361771
0.00640299
0.000615293
0.00076547
0.000144205
0.00107426
0.00170891
0.00126254
0.000607319
0.000467666
0.000268018
0.000305794
0.000399718
0.00452089
0.000571645
0.000374183
0.000748007
0.000410498
0.000956765
0.00127781
0.00101192
0.000481844
0.00109318
0.0011077
0.00146151
0.000465849
0.000948267
0.000798243
0.000579422
0.0010655
0.000625106
0.000580083
0.000546666
0.00104234
0.000441834
0.00108949
0.000905532
0.000490208
0.000451007
0.000501694
0.000797283
0.00076565
0.000490214
0.000235956
0.00112174
0.000432982
0.000433756
0.00091249
0.000792778
0.00182739
0.000831056
0.00137154
0.000500553
0.000533384
0.00298607
0.000759687
0.000778462
0.000325772
0.00114594
0.000547115
0.000756211
0.000457275
0.000487946
0.000360492
0.000913496
0.0001429
0.00214894
0.000488862
0.000989866
0.000702832
0.000980132
0.0010534
0.00128235
0.000982878
0.000515362
0.000704923
0.000442263
0.00055891
0.000799311
0.000536417
0.000537286
0.00107355
0.000731139
0.000491023
0.000624701
0.00249164
0.00118342
0.0315321
0.000812513
0.000516038
0.000909131
0.00114486
0.000182732
0.0014366
0.000321759
0.0010563
0.000557022
0.000816655
0.00060553
0.000307565
0.00292169
0.000612936
0.00104998
0.000681107
0.000208456
0.000818037
0.00054198
0.00121984
0.00101701
0.00175283
0.00184573
0.000621811
0.000356613
0.000530758
0.000760695
0.00116918
0.00145907
0.00352456
0.00185233
0.000961661
0.000493851
0.00059306
0.000234533
0.000662068
0.000971422
0.000595014
0.00187379
0.000152151
0.000499805
0.000733663
0.000424835
0.00227382
0.00724657
0.0012236
0.00052419
0.000779845
0.000701384
0.000960633
0.00106379
0.00236551
0.00255656
0.000828232
0.000877783
0.00517312
0.00177327
0.00223489
0.000594895
0.00117876
0.000700581
0.000337288
0.00169947
0.00121767
0.000633828
0.000707581
0.000669996
0.00117922
0.021763
0.000618997
0.00200036
0.000447117
0.000664367
0.000976312
9.39726e-05
0.00242467
0.00058351
0.0034425
0.0013628
0.000675748
0.00134197
0.000232656
0.000668921
0.000524331
0.000378594
0.000584322
0.000167343
0.00139848
0.000733543
0.000681896
0.000888456
0.00103452
0.00162516
0.000632712
0.000408261
0.000580847
0.000898955
