0.00452449
0.0561691
0.00145753
0.00186111
0.00544836
0.00164075
0.00164758
0.000739976
0.00244954
0.000648312
0.00108237
0.00138928
0.00126685
0.00271651
0.00380638
0.000663532
0.00115505
0.00263473
0.00207237
0.0035926
0.00130157
0.0016213
0.00247832
0.00199152
0.00156048
0.000951617
0.00164002
0.00241697
0.00133564
0.00158301
0.00187539
0.00135938
0.00163748
0.0114599
0.00258597
0.00156595
0.00177874
0.00155828
0.00217481
0.00119006
0.00156675
0.0023083
0.00138625
0.00142817
0.00145824
0.00197053
0.00125871
0.000807418
0.00155969
0.00114276
0.0011562
0.00104749
0.00180301
0.00195023
0.00276769
0.00157426
0.0100031
0.00191654
0.00132569
0.006043
0.00182165
0.0019887
0.000389365
0.00363674
0.000843605
0.00101288
0.00142868
0.00048642
0.00141679
0.00129623
0.00104221
0.00704743
0.00115338
0.00103346
0.00323179
0.00123486
0.00105791
0.00160317
0.0011422
0.00136341
0.00246337
0.00195228
0.0012339
0.00248722
0.00248047
0.00333296
0.00105407
0.00597473
0.000786984
0.000433517
0.00163651
0.00192157
0.00295014
0.00125079
0.00195382
0.000219371
0.00133093
0.00165553
0.00332205
0.00103691
0.00203452
0.00194742
0.00642658
0.00366038
0.00131305
0.00113735
0.00480528
0.000739938
0.00455431
0.00136094
0.000643997
0.00128869
0.00149364
0.00154816
0.000376811
0.006298
0.00881273
0.0016289
0.00113682
0.000998241
0.0131345
0.00493378
0.000800673
0.00174009
0.000821012
0.00282099
0.0013747
0.00165681
0.00138561
0.00117585
0.0010213
0.00156015
0.00128895
0.00111353
0.00199151
0.000965787
0.0057669
0.00134889
0.00133161
0.00190418
0.00248006
0.00151449
0.00243412
0.00281723
0.00142606
0.000718644
0.000902236
0.000967203
0.00115409
0.00266773
0.00112099
0.00285588
0.00127903
0.0055845
0.000855886
0.00172233
0.00100873
0.000336519
0.00225606
0.00266605
0.00195249
0.00256897
0.00555648
0.00148873
0.0025528
0.000993915
0.00149472
0.00106238
0.00132913
0.0015187
0.00272213
0.000983234
0.00116597
0.00163635
0.000813576
0.00168541
0.00165813
0.000861503
0.00060069
0.00225192
0.00189037
0.0011176
0.00206152
0.00152271
0.00118315
0.00124811
0.000883095
0.00200966
0.000731388
0.00127328
0.00429145
0.00113962
0.000629271
0.00158383
0.00185856
0.000238913
0.00163008
0.000816293
0.00117753
0.00229721
0.000508275
0.00273462
0.00043999
0.00212418
0.00189489
0.00179074
0.00208244
0.000913092
0.00202554
0.00137642
0.00198793
0.000829487
0.00138281
0.000794175
0.00117671
0.00152762
0.00121243
0.000725756
0.00189122
0.00696246
0.00134016
0.00419314
0.0027083
0.00394948
0.00290568
0.00311247
0.00208746
0.00133685
0.00103589
0.000854218
0.00246486
0.00125784
0.00054233
0.00469476
0.00144409
0.00106394
0.00177966
0.000933839
0.000650715
0.00136037
0.00210091
0.000870739
0.00134979
0.000988794
0.0020662
0.00214238
0.000903336
0.00118202
0.000650279
0.00115788
0.00184362
0.00123624
0.00143801
0.000898664
0.00262806
0.00105336
0.00345973
0.000513617
0.00138769
0.00152914
0.00165863
0.00119886
0.00185606
0.00195995
0.000989175
0.00172269
0.000746536
0.000881062
0.00246973
0.00124284
0.00104785
0.000618734
0.00252529
0.00209987
0.00109026
0.00269511
0.00150737
0.00233045
0.00173316
0.00161012
0.00112534
0.00098478
0.00144099
0.00167615
0.000858484
0.00106114
0.0021443
0.00170839
0.00290502
0.0324465
0.00374332
0.00165764
0.00331005
0.00121545
0.00334529
0.00333687
0.00244513
0.00129545
0.00411026
0.000617793
0.0140664
0.000983867
0.00188909
0.00189784
0.0105008
0.00169636
0.00234681
0.00753578
0.00121361
0.00118186
0.00146716
0.00100672
0.000987411
0.00154061
0.00787199
0.000441712
0.00143134
0.00216821
0.00146125
0.0019217
0.0010214
0.00172213
0.00121598
0.00147148
0.00159018
0.00116127
0.00309435
0.00302234
0.00089318
0.000728862
0.00127924
0.00160757
0.00103448
0.00187965
0.00176755
0.00349173
0.00279084
0.00264436
0.00768567
0.000713181
0.00417653
0.000512808
0.00156125
0.00105286
0.00110903
0.00186633
0.00142886
0.00124947
0.000510671
0.00176123
0.00179175
0.000548302
0.00309274
0.00119439
0.000767334
0.00109087
0.00067452
0.00147028
0.00210777
0.00288556
0.00256635
0.000523242
0.000930568
0.00149877
0.00113869
0.000720802
0.00165714
0.001108
0.00151558
0.00150393
0.000735446
0.00122224
0.000949667
0.00107121
0.00234536
0.00128358
0.00345416
0.00126528
0.00093942
0.00167725
0.00107361
0.00110083
0.000593223
0.00119485
0.00174422
0.000801848
0.000730291
0.000757187
0.00321628
0.000806987
0.00194146
0.00189727
0.000875487
0.00091409
0.0050455
0.00145992
0.00474366
0.00177656
0.00194678
0.000842583
0.00165842
0.00143878
0.00138305
0.00153598
0.00116504
0.00128338
0.000681409
0.00163985
0.00118873
0.00313461
0.00125644
0.000830412
0.00140859
0.00834145
0.000883575
0.000992655
0.000568754
0.00153339
0.000635628
0.003336
0.00263126
0.00174583
0.000994838
0.00128512
0.00414737
0.000960445
0.00162984
0.00209859
0.00125795
0.00134844
0.00169888
0.00202734
0.00034446
0.00318486
0.00125295
0.00123805
0.00102193
0.000887951
0.00147001
0.00151834
0.0018818
0.00127328
0.00257695
0.00879131
0.00277221
0.00791985
0.00218974
0.00122345
0.00138295
0.00111602
0.000585127
0.00140186
0.0111658
0.0139191
0.00188101
0.00136792
0.00110113
0.0033538
0.000907231
0.00111576
0.00105035
0.00605706
0.0109371
0.00144203
0.00249997
0.00214893
0.00245217
0.000971708
0.00283787
0.00244791
0.00143839
0.0069107
0.00262278
0.000632368
0.00176353
0.00121894
0.001661
0.0142489
0.00200368
0.00181091
0.000598301
0.00132108
0.00158524
0.000940548
0.00179793
0.00206298
0.00165596
0.00113484
0.00309056
0.00121209
0.00148455
0.00113172
0.00146465
0.000633473
0.00202359
0.00129927
0.000874765
0.000687824
0.0016096
0.00126591
0.00183792
0.00121644
0.00193253
0.00182231
0.039231
0.00378781
0.00105973
0.00176857
0.00157671
0.00166224
0.000764175
0.00182749
0.0028621
0.00459477
0.000887287
0.00126934
0.00104116
0.00164617
0.00167479
0.00197266
0.000999304
0.000875722
0.00057358
0.00151122
0.0012859
0.00203981
0.00167183
0.000829007
0.000805417
0.00254822
0.000754552
0.0017356
0.0021012
0.00143154
0.000815553
0.000592811
0.00110618
0.0014839
0.00103723
0.00136739
0.00138131
0.00130707
0.000617204
0.00124419
0.000662543
0.00121332
0.00145718
0.0073933
0.00133634
0.00237352
0.00102069
0.00300901
0.00102942
0.00257834
0.00133341
0.000931237
0.00172081
0.0019914
0.0013979
0.000788245
0.00189138
0.0016428
0.000805478
0.00102535
0.00226538
0.00139603
0.00432416
0.0012511
0.00210296
0.00115213
0.00170209
0.000953452
0.00183085
0.000721624
0.0018725
0.00152401
0.00138994
0.0014256
0.00112579
0.00113015
0.0118967
0.0016952
0.000920289
0.0036066
0.00314492
0.00291855
0.00845539
0.000881149
0.000900938
0.00173846
0.00215919
0.000531121
0.00670908
0.000780681
0.00331546
0.00121828
0.00224668
0.000687873
0.00618753
0.00101304
0.00155251
0.00153408
0.000960044
0.000926496
0.00192735
0.00196524
0.00473678
0.00324946
0.00140967
0.00101149
0.00132504
0.000572006
0.00084204
0.00140533
0.00180061
0.000844574
0.00275977
0.00231068
0.00121737
0.00108571
0.00103641
0.00211196
0.00114246
0.00493108
0.00464313
0.000804296
0.00135598
0.00252736
0.00118674
0.00138317
0.00266248
0.000927323
0.00115268
0.00152767
0.00244225
0.0026864
0.00162917
0.00194835
0.00167657
0.00129857
0.00157862
0.000857905
0.00281838
0.00277338
0.0012023
0.00105349
0.000787775
0.00105927
0.00256963
0.0298584
0.00214121
0.00625857
0.00353981
0.00177181
0.00111759
0.00188019
0.00161503
0.00122268
0.00137163
0.00109355
0.00204511
0.000932311
0.00147627
0.00139278
0.0010067
0.00141838
0.00224773
0.00109016
0.00130669
0.00217095
0.00570141
0.0010713
0.00130234
0.00206365
0.0016298
0.000941879
0.00762268
0.0014622
0.00154781
0.00118106
0.00278858
0.000909447
0.00184948
0.00121785
0.000733997
0.00202956
0.00107297
0.00121627
0.00126282
0.00106509
0.000950185
0.0397941
0.00101793
0.00124301
0.00123391
0.00118891
0.000989331
0.00153555
0.00139605
0.00261588
0.00126528
0.00242491
0.000537461
0.00122712
0.0016684
0.0117786
0.00174431
0.00213048
0.000888331
0.00140579
0.00147029
0.000928336
0.00211745
0.00144685
0.00112643
0.00205204
0.0132993
0.00188397
0.00107994
0.000747789
0.00157466
0.00141719
0.00114458
0.00323847
0.000428379
0.00291459
0.000714037
0.00183122
0.00129924
0.00132808
0.00185988
0.00291913
0.00197908
0.000929707
0.00158746
0.00127954
0.00107995
0.00144267
0.00106474
0.000939645
0.000890648
0.00123992
0.00181226
0.00102882
0.00188115
0.00131161
0.00049926
0.00162968
0.000994763
0.00170378
0.00221297
0.00105841
0.00158538
0.00124508
0.00232495
0.00100155
0.000827977
0.00152447
0.00151697
0.00123801
0.00133519
0.00106456
0.0014103
0.00218836
0.00148515
0.00132639
0.00194786
0.00141541
0.0109626
0.000936096
0.00175183
0.00215165
0.000873345
0.00228144
0.00407007
0.00349691
0.00251332
0.00241652
0.00091955
0.00241948
0.00119448
0.00204869
0.00123515
0.000666358
0.00275541
0.00166526
0.00214859
0.00113646
0.00106859
0.00116045
0.00167195
0.00199744
0.00163713
0.00138503
0.00125145
0.00112013
0.00142277
0.00445348
0.00148032
0.00134278
0.00368613
0.00204115
0.00445271
0.000798628
0.00207107
0.00180833
0.00194384
0.00223578
0.00191516
0.00274545
0.00263511
0.000526637
0.00132156
0.00288092
0.00297718
0.00122186
0.00145991
0.000830336
0.00147435
0.00212412
0.000944772
0.0012464
0.00149792
0.00195839
0.000887522
0.00173741
0.00203274
0.00279193
0.00194382
0.00108272
0.00310147
0.00105894
0.000720423
0.00171247
0.00118072
0.00160933
0.000917992
0.000577549
0.000807018
0.00154145
0.000764453
0.00169277
0.00156357
0.00193829
0.000692475
0.00160456
0.0017083
0.00117648
0.00199124
0.00136133
0.00158139
0.00245589
0.00145743
0.00200769
0.000985782
0.00189219
0.00153828
0.00219238
0.00166209
0.00240077
0.000756365
0.00207414
0.00106108
0.00167523
0.00263462
0.00124633
0.0019791
0.00178112
0.00174471
0.00150534
0.00170527
0.00129336
0.000967342
0.00121518
0.00376989
0.00199957
0.000961874
0.0019542
0.00167811
0.0011583
0.00606391
0.00185563
0.00263455
0.0023448
0.00233119
0.00112525
0.00088706
0.000721316
0.00138706
0.0269069
0.00173109
0.00155408
0.0066041
0.00261298
0.00189183
0.00114429
0.00170593
0.00158629
0.00198867
0.00127425
0.00139815
0.00169099
0.000807567
0.00695072
0.00186444
0.00110622
0.00127758
0.00169671
0.00137346
0.00291127
0.00130137
0.00197382
0.00106627
0.00234305
0.00136608
0.00169703
0.00113138
0.00113785
0.00134643
0.00278942
0.00196537
0.00166668
0.000628974
0.00265543
0.00437711
0.000519554
0.00163016
0.0011907
0.000958528
0.0093174
0.001601
0.00137029
0.00233591
0.00154295
0.00149962
0.00191893
0.00342362
0.000780672
0.00175915
0.00175695
0.00108081
0.00169126
0.0018525
0.0241011
0.0015827
0.00150457
0.0019042
0.00108204
0.00174757
0.00133147
0.00526416
0.00219563
0.00200833
0.00142532
0.0019545
0.00176435
0.00296916
0.00211368
0.00184919
0.00407774
0.000687596
0.00160539
0.00175788
0.00107494
0.00130479
0.0011422
0.00122468
0.00498609
0.000960011
0.00196147
0.00201771
0.000893254
0.00310583
0.0018556
0.00169834
0.00184804
0.00144363
0.00666233
0.00583021
0.00133845
0.00156518
0.00177203
0.00358584
0.00178589
0.00126321
0.000982305
0.0016716
0.00195516
0.00152433
0.00202564
0.00326405
0.000605654
0.00420689
0.000799057
0.00116891
0.00227185
0.000905434
0.00121866
0.00114423
0.00180478
0.00534603
0.0028973
0.00151471
0.00262408
0.000444793
0.00180823
0.00178608
0.00114617
0.000416695
0.00110378
0.00126356
0.00181305
0.00143534
0.000227769
0.00167939
0.00116196
0.000959276
0.00130423
0.00163192
0.00063531
0.00124462
0.000867505
0.00247349
0.000977522
0.00317905
0.00303701
0.00137872
0.0023311
0.00144404
0.00124134
0.000857834
0.00106477
0.00267411
0.0148074
0.0016617
0.00256753
0.00158453
0.00160184
0.00125748
0.0016714
0.00119218
0.00109246
0.00226189
0.00103841
0.00277211
0.0018816
0.00156785
0.000772435
0.00196709
0.00523014
0.00149066
0.00120015
0.00135983
0.00288037
0.00140144
0.00458693
0.0389818
0.00126198
0.00534716
0.00185723
0.00108108
0.00242986
0.00242232
0.000918986
0.00142094
0.00182936
0.00197876
0.00136989
0.00176727
0.00164476
0.00133409
0.00120372
0.00157527
0.000768452
0.00146415
0.00189362
0.00101321
0.00148465
0.00210776
0.00175198
0.00155728
0.00126541
0.00325489
0.00400017
0.00150708
0.00105895
0.00174855
0.00145715
0.00635948
0.00267226
0.00116162
0.000836203
0.00181696
0.00288868
0.000585048
0.000881426
0.00125628
0.00149907
0.00117747
0.00178015
0.00114649
0.000930565
0.00212427
0.000985264
0.00378043
0.000610595
0.00103179
0.00167416
0.00243029
0.00150403
0.00158989
0.00179886
0.0016325
0.00097021
0.000965779
0.00452279
0.00189264
0.00145035
0.00160548
0.00148445
0.00175041
0.00104988
0.000977273
0.00385326
0.00123078
0.00587784
0.00180639
0.000676804
0.00239743
0.00137099
0.00415052
0.00195772
0.00172643
0.00288815
0.000473488
0.00247295
0.00345399
0.0011952
0.000745158
0.00222402
0.0046778
0.00190487
0.000585378
0.00124138
0.00202764
0.000470354
0.00230809
0.00217563
0.00256098
0.00138576
0.0017988
0.00486718
0.00455559
0.00102315
0.000808592
0.00180482
0.00385499
0.00216727
0.000825716
0.019587
0.00160448
0.00208135
0.00195774
0.000923137
0.00146604
0.00353419
0.00125239
0.00673647
0.00132447
0.00470631
0.000565054
0.00211058
0.000909963
0.00113421
0.0018915
0.00234162
0.00383068
0.000754241
0.00149733
0.0010598
0.00121746
0.00193636
0.00299727
0.00237562
0.00176199
0.00114964
0.00301102
0.00101995
0.00178789
0.00107844
0.00353032
0.00152384
0.000772704
0.0014053
0.0013028
0.00235506
0.00153869
0.0012483
0.00116999
0.00306848
0.00142951
0.00218488
0.000529568
0.00237916
0.00255456
0.00132037
0.00396047
0.00172182
0.00170477
0.0147449
0.00134556
0.0028419
0.000918885
0.00120798
0.00105246
0.000939699
0.0105666
0.00115586
0.00161137
0.00174181
0.00455075
0.00156812
0.00135995
0.0025496
0.00122784
0.00274475
0.00716898
0.00352097
0.00281422
0.00219595
0.00058996
0.00102231
0.00115353
0.0194173
0.00133631
0.00192218
0.00239861
0.000837326
0.0023305
0.000687297
0.00102473
0.00143644
0.000810027
0.000754444
0.00177955
0.000948008
0.00128537
0.000835954
0.000957568
0.00206065
0.000989248
0.00129549
0.000730424
0.000499336
0.00193058
0.00165724
0.00297915
0.00198547
0.00152615
0.00158369
0.0015442
0.00413255
0.00077594
0.00355082
0.00159751
0.00211192
0.00157526
0.001154
0.00149915
0.000609618
0.00813803
0.00114556
0.00156281
0.00301495
0.00106767
0.00120282
0.00111996
0.00121407
0.00235633
0.000710862
0.0107473
0.000735688
0.0012102
0.000536176
0.00103762
0.000849841
0.00151879
0.000976493
0.000990224
0.0354896
0.00603422
0.00233185
0.00199845
0.000983562
0.000997525
0.000923648
0.00163004
0.000913458
0.00137698
0.00119261
0.00161943
0.00272511
0.00106798
0.00142261
0.000853202
0.00265751
0.00168886
0.00148201
0.00137959
0.000985233
0.00231572
0.00106774
0.00127868
0.00103449
0.00576713
0.00293629
0.00212893
0.00184403
0.00254945
0.00274689
0.00123608
0.000841939
0.00216862
0.00135796
0.0011278
0.00203701
0.00156118
0.0014406
0.000789426
0.00116138
0.00251471
0.00331607
0.000942107
0.00109322
0.00749616
0.000794173
0.00198932
0.00185087
0.00145496
0.00119667
0.0040853
0.000602577
0.00144725
0.000991558
0.00112868
0.00177248
0.00142212
0.00118471
0.00191539
0.00135906
0.00167073
0.00141501
0.0218578
0.00110663
0.00263485
0.0028316
0.00164274
0.000819634
0.00367991
0.0018916
0.00117678
0.00108927
0.00218199
0.0017048
0.00260787
0.00133922
0.000786953
0.00128726
0.0012234
0.00142014
0.00197955
0.000972512
0.000617602
0.00175177
0.000814064
0.0008649
0.00195726
0.00162329
0.000960621
0.00145506
0.000936905
0.00145419
0.00146666
0.00203767
0.00444074
0.000993089
0.000775611
0.00141804
0.00168723
0.00142888
0.00146551
0.00322163
0.00242572
0.00145266
0.0011448
0.000842047
0.00117014
0.00142166
0.000853509
0.00349855
0.00109312
0.00142602
0.00272741
0.00144919
0.00134994
0.00167081
0.00140668
0.00168192
0.000874888
0.000452638
0.00148616
0.00514171
0.00108845
0.000831508
0.00142805
0.00351693
0.000981122
0.00176813
0.00238505
0.00182918
0.0024535
0.00288632
0.000869783
0.0025169
0.00412828
0.00213434
0.00631973
0.000950251
0.000744796
0.0033741
0.000813635
0.00115914
0.00132082
0.00146001
0.00149873
0.00123601
0.000723561
0.00123303
0.00178961
0.00163659
0.00155525
0.002648
0.00245594
0.00187868
0.00140599
0.00505147
0.0013882
0.0043648
0.00629695
0.0015004
0.00246923
0.00177552
0.00233953
0.000966818
0.00168973
0.00299833
0.00211992
0.00198386
0.000894079
0.00113182
0.00111444
0.00416658
0.0016564
0.00254183
0.00182445
0.00127326
0.00296229
0.00123747
0.00318756
0.0013507
0.00203124
0.000472067
0.00336961
0.00164237
0.000561389
0.00411062
0.00168563
0.00153199
0.0010069
0.000818332
0.00153943
0.00218119
0.00114417
0.00111742
0.00195516
0.00106119
0.000743025
0.00136469
0.00140438
0.00120343
0.00107557
0.00184021
0.0015969
0.00128633
0.00428426
0.00202641
0.00125072
0.00121832
0.00540119
0.00156682
0.00215637
0.00067982
0.00600423
0.000801731
0.00151647
0.000801502
0.00159297
0.00159732
0.00617769
0.00128421
0.000347996
0.000800757
0.000898469
0.00185528
0.00241043
0.00194423
0.00356273
0.00175437
0.000983268
0.00698419
0.00107979
0.00141005
0.00126383
0.00259929
0.00305502
0.000841074
0.00149012
0.00200725
0.00131996
0.0005517
0.000948609
0.00143157
0.000842014
0.00147113
0.0018127
0.00102869
0.00306039
0.000460493
0.00170118
0.00158302
0.00534659
0.000877892
0.00197423
0.000927322
0.00227772
0.00934581
0.000881908
0.00148452
0.0020597
0.00170759
0.0013354
0.000923764
0.00123123
0.000534757
0.00176853
0.00142151
0.00171875
0.00130103
0.00122094
0.00136303
0.00192488
0.00147746
0.00137681
0.00179004
0.00239572
0.00982232
0.00567077
0.0215593
0.000763363
0.00192093
0.00100774
0.00345607
0.00257078
0.000889941
0.00133537
0.00135695
0.00152896
0.00139656
0.000627552
0.00137177
0.00159169
0.00099594
0.000768675
0.00237379
0.000981687
0.00180445
0.00307835
0.00101172
0.00180039
0.00409739
0.00335264
0.0636487
0.00119854
0.000923565
0.00175722
0.00645018
0.00149745
0.00927688
0.00120522
0.00127719
0.00175546
0.00187691
0.00104177
0.00139935
0.00763756
0.00189456
0.00105922
0.00165596
0.00259835
0.0022526
0.00344418
0.00278753
0.00141287
0.00402608
0.000987412
0.00133751
0.0015864
0.00231771
0.00131061
0.0014277
0.000873471
0.00158832
0.00152596
0.00136253
0.000946967
0.000998641
0.00165446
0.0029307
0.00200709
0.0345793
0.000738701
0.000736931
0.00188426
0.000865244
0.00162517
0.00146926
0.00104462
0.00292863
0.00176483
0.00147465
0.000936696
0.00125135
0.00260259
0.00159951
0.000930364
0.00161748
0.00251032
0.0031445
0.00130504
0.00188066
0.00145506
0.00252207
0.0013573
0.000814042
0.00121782
0.00220993
0.000929464
0.000392724
0.00258836
0.00142702
0.00235609
0.00248183
0.00188902
0.00154519
0.00412894
0.000681553
0.00220181
0.000569835
0.00150918
0.000678173
0.000995247
0.0010429
0.00117656
0.0011913
0.00171934
0.0439273
0.00123472
0.000784834
0.00147939
0.00140263
0.000720112
0.000949733
0.000473334
0.0016322
0.00547678
0.00299786
0.00114741
0.001348
0.00389463
0.000758825
0.00113042
0.0015511
0.0005622
0.00207381
0.00101663
0.00122362
0.000887176
0.000646666
0.00121107
0.00234575
0.00104345
0.00506878
0.0014398
0.000680988
0.00192482
0.00107929
0.00191747
0.00130479
0.00138346
0.954474
0.00218812
0.000810125
0.00199388
0.00742681
0.00187539
0.000929133
0.00202715
0.000982228
0.00414965
0.00382435
0.00251441
0.000293317
0.0209474
0.00766225
0.00253974
0.00191885
0.00208163
0.00213694
0.000926314
0.00120471
0.000890659
0.00209629
0.00152356
0.00103985
0.000933749
0.00112058
0.00127581
0.00257063
0.000625853
0.00173193
0.00187048
0.00322498
0.0017363
0.00075186
0.00175876
0.00178045
0.00198985
0.00144661
0.00181659
0.00136234
0.000543952
0.00147623
0.00929956
0.00114455
0.000619698
0.0011352
0.00192426
0.00507295
0.00197843
0.00174081
0.00306212
0.000247964
0.00282136
0.00111571
0.00160494
0.00167152
0.00598243
0.0029048
0.0022379
0.0011561
0.0016803
0.00188584
0.00145324
0.00105704
0.00171857
0.00770631
0.00130003
0.0011129
0.00104659
0.00238434
0.0110152
0.00173992
0.00136536
0.00152769
0.00172691
0.00124505
0.00124468
0.00180131
0.00134003
0.00119672
0.00145885
0.00200701
0.00126681
0.00150836
0.000824108
0.00176514
0.00188113
0.00189862
0.000951565
0.00147827
0.00136773
0.000926972
0.00135718
0.00117974
0.00284439
0.00185524
0.0014127
0.00097457
0.00155238
0.000954543
0.00142013
0.00249572
0.00110297
0.00158432
0.000904952
0.000858687
0.00241017
0.00216819
0.00224192
0.000542852
0.00239543
0.0012773
0.00134718
0.00159725
0.00131028
0.00132494
0.00345806
0.00103757
0.00146702
0.00227615
0.00249884
0.00164168
0.00104514
0.00171264
0.00121349
0.00192839
0.00110876
0.00138914
0.00127872
0.0019183
0.00178286
0.00112727
0.00213658
0.00082425
0.00184986
0.00133485
0.000637242
0.000677925
0.0019377
0.000961147
0.00122511
0.000803939
0.00146651
0.00150482
0.000642481
0.0017717
0.00419852
0.0019508
0.000743571
0.01123
0.0018011
0.00185413
0.000963186
0.00102493
0.00107355
0.00518147
0.00173802
0.0011406
0.00144972
0.000474988
0.00154812
0.00199568
0.000909902
0.0063838
0.000867039
0.00385926
0.00283909
0.00329485
0.00304599
0.00132937
0.000770518
0.00220159
0.00155555
0.00103652
0.00111197
0.00373188
0.00301349
0.00214604
0.00148883
0.00213013
0.00157145
0.000765467
0.00396659
0.00259558
0.00192999
0.00262033
0.0023643
0.00118235
0.00522359
0.000847201
0.0016199
0.00144666
0.001061
0.00108917
0.000859086
0.00139653
0.0335859
0.00102525
0.00104538
0.00149629
0.00344417
0.00273725
0.000498218
0.00126256
0.00108948
0.00173812
0.00197077
0.000343176
0.00227274
0.0021961
0.00258916
0.000983581
0.000928679
0.00067509
0.00245841
0.00229754
0.00223791
0.000987883
0.000625419
0.00135656
0.00781943
0.000995285
0.00131256
0.00119616
0.0020352
0.00159522
0.0539635
0.00224199
0.00161132
0.000899017
0.000858825
0.00105048
0.00156936
