0.000319425
0.000253089
0.000314425
0.000221411
8.72311e-05
0.000217832
0.00067305
0.000442414
0.000364512
0.000186624
0.000206758
0.000408713
0.000247555
0.000144072
0.000240806
0.000244766
0.000199506
0.000264505
0.00121456
0.000281824
0.000477099
0.000638652
9.6231e-05
0.000311601
0.000186464
0.000283735
0.00054819
0.00274607
0.00023158
0.0024206
0.000359244
0.000299387
0.000184415
0.000168286
0.000520161
0.000789833
0.000879252
0.000389814
0.000332318
0.000443989
0.000304259
0.000758189
0.000264692
0.000202212
0.00076453
0.000470819
0.000206818
0.00230303
0.000363148
7.09549e-05
0.000325001
0.000422461
0.000313983
0.000268078
0.000544886
0.000389383
0.000396084
0.000161914
0.000324888
0.000318385
0.000526475
0.000247472
0.000333569
0.000279907
0.000238139
0.000218571
0.000907357
0.00211355
0.000274797
0.000236586
0.000139209
0.000244444
0.000209176
0.000328137
0.000752765
0.000395862
1.40383e-05
0.000817864
0.000219625
0.000217756
0.000357339
0.000673491
7.0393e-05
0.000263414
0.000427382
0.000104515
0.000329671
0.000252703
0.000399135
0.00192769
0.000276832
0.000283382
8.55789e-05
0.000468809
8.00763e-05
0.000442303
0.000190465
0.000461636
0.000806366
0.000220845
0.000529331
0.000107918
0.000324366
0.000401707
0.000329096
0.00053263
0.000277517
0.000214347
0.000421895
0.000942907
0.000259424
0.000300652
0.000108109
0.000793435
0.000172885
0.000184135
4.04694e-05
0.000161623
0.000207892
0.000571591
0.000768052
0.000190883
0.000102352
0.000332262
0.000243794
0.000250009
8.77104e-05
0.000151983
0.00016464
0.000370449
0.000963964
0.000503632
0.00217285
0.000115104
0.00117451
0.00052892
0.000220621
0.00350687
0.000407678
7.96714e-05
0.000184757
0.000818697
0.000416557
0.000211404
0.000297641
0.000258676
0.000560476
0.000182808
0.000221156
0.000192902
0.0016551
9.4505e-05
0.000247705
0.000885829
0.000159649
0.000349075
0.000255927
0.000197799
0.000258901
0.000341475
0.00103644
0.00033316
0.000793573
0.000130691
2.62716e-05
0.000295276
0.0100124
0.000352168
0.000139782
0.000107094
0.00022442
0.000710422
0.000174828
0.000172653
0.000302897
0.000387772
0.000123236
0.000193899
0.00425863
0.000463665
0.000117598
0.00052666
0.000483941
0.000636626
0.000189927
0.000337262
0.000365179
0.00144141
0.000456056
0.000166207
0.00027763
4.90927e-05
0.000271409
0.000460553
0.000241875
0.000191416
0.00042272
0.000370264
0.000799522
0.000433724
0.000127919
0.000402033
0.000277766
0.000304421
0.000219897
0.00023657
0.000180847
0.000480479
0.00125521
0.00052147
0.000200536
0.000353801
0.000263967
0.000210897
0.000320854
7.91743e-05
0.000280854
0.000492081
0.000353836
0.00134304
0.000312113
0.000127093
0.000327945
0.000511511
0.000338726
0.000326498
0.000483322
0.00010596
0.00018544
0.000498245
0.000217569
0.000409824
9.23387e-05
0.000541938
0.000372728
0.000651344
0.000856329
0.000460776
0.000117416
3.96091e-05
0.0007914
0.000627042
0.000563464
0.000121265
0.000745952
0.00728139
0.000542457
0.000633687
0.00038657
0.000734226
0.000260808
0.000203444
0.000138967
0.000634305
0.000280924
0.000655868
8.12929e-05
0.000309072
0.00054507
0.000521753
0.000289607
0.000261392
0.00040825
0.000635758
0.000374419
0.000234287
0.00145665
0.000360287
0.00055004
0.000180679
0.000520265
0.000420866
0.000479918
0.000302399
0.000111435
0.00179289
0.000194626
0.000311914
0.000266412
0.000175529
0.000176545
0.000276948
0.000196789
0.00257431
0.000527169
0.00012359
0.000427718
0.000258282
0.000264273
0.000245725
0.000328516
0.000259839
0.00055201
0.000190603
0.000249273
0.000221983
0.00011821
0.000217253
0.00359609
0.00011895
0.000441614
0.000627149
0.000561472
0.000496269
0.000174912
0.000805382
0.000369624
0.000152109
0.000368105
0.000260058
0.000606279
0.000471259
0.000278889
3.52759e-05
0.000245675
0.000504236
0.000401
0.000310743
0.000210089
0.000315305
0.000169252
0.000327197
0.000656458
0.000338745
0.000899142
0.000850115
8.6138e-05
0.000693923
0.00018223
0.000223555
0.000254014
0.000199448
0.00037023
0.00043592
0.000463987
0.000140286
0.00130584
0.000432208
0.000183508
0.000346061
0.000533052
0.000227313
0.000289623
0.000196892
0.000761368
0.000616739
0.000333212
0.00028967
0.000306257
0.000852301
0.000530742
0.00032215
0.000470991
0.000404003
0.000476374
0.000205309
0.000345524
0.00213702
2.57414e-05
0.000283607
0.000271071
0.000227516
0.000142358
0.000259962
0.000156447
0.000351777
0.000431294
0.000717167
0.000130668
0.000149602
0.000330255
0.000421248
0.000329322
0.00118222
0.000169873
0.000147783
0.000346686
0.000853516
0.00107198
0.000408448
0.000280364
0.000249797
0.000187561
0.000726728
0.000717869
0.000141826
0.000371819
0.000764355
0.00147637
0.000432148
0.000440815
0.000170054
0.000368717
0.00242171
0.000434424
0.000316019
0.000378648
0.000355483
0.000212459
0.000383766
0.000275438
0.0002402
0.000206503
0.000398655
0.000195165
8.32842e-05
0.000291713
0.000741466
0.000854826
8.93989e-05
0.000465188
0.00022934
0.00437239
0.000490152
0.000227363
0.000203191
0.000513572
0.000167743
0.000266321
0.000783428
0.000157258
0.00092621
0.000323113
0.00131595
0.000166867
0.000630796
0.00026048
0.000328711
0.000915424
0.000147884
0.000356313
0.00509831
0.000455127
0.000202399
0.000319133
0.000228628
0.000295275
0.000480065
0.000162525
0.000330793
0.00514867
0.000286979
0.000185804
0.000153985
0.000286353
0.000426812
0.000280791
0.000342862
0.000203719
0.000250307
0.000636566
0.000284937
0.000460371
0.00458851
0.000215617
0.00111617
0.000103524
0.00048209
0.000781523
0.000275287
0.000593809
0.000148004
0.000848572
0.000114881
0.000230145
0.000302864
0.000292736
0.000203776
0.00199431
0.000184614
0.000209116
0.000239386
0.000479337
0.000624302
0.000864428
0.000207248
0.000183216
0.0118336
0.000158363
0.00054834
0.00112051
0.000228284
0.000104762
0.000840302
0.000217734
0.000268939
0.000385775
0.000255506
0.00018035
0.000193349
0.000373679
0.000259706
0.000642315
0.000224772
0.000334724
4.36756e-05
0.000217459
0.000414628
0.000205249
0.00018161
0.000242177
0.000428557
0.000215629
0.000248798
0.000678511
0.000528418
0.000398144
0.000209571
0.00267112
0.000233561
0.000327154
0.00013528
0.000189532
0.000353307
8.43301e-05
0.000199691
0.000266651
0.000169222
0.00065981
0.000227866
0.000240039
0.000271006
0.000160568
0.000539021
0.000699804
0.002232
0.000283911
0.000627123
0.000627099
0.000528599
0.000464809
0.000391493
0.00019231
0.000922944
0.000373566
0.000839619
0.000767514
0.000258515
0.00117836
0.00030974
0.000592908
0.000123504
0.00176174
0.000304167
0.000328011
0.000335098
0.00554703
0.000148426
0.000637116
0.000417564
0.000277195
0.000227467
0.000184536
0.000140311
0.00055303
0.000125551
0.000336476
0.00277171
0.000611375
0.00143911
0.000375995
0.000566696
0.000731494
0.000130714
0.000247853
0.000185897
0.000219423
0.000152254
0.000558492
0.000457906
0.000312507
0.000338236
0.000845395
0.000454523
0.000255528
0.000345434
0.000174746
0.000160284
0.000543885
0.000624759
0.000204686
0.000181376
9.90487e-05
0.000181858
0.000595567
0.000274444
0.000279143
0.00022116
0.000178048
0.0110892
0.000292402
0.000934467
0.000236979
0.000310852
0.000886968
0.00034819
0.000336726
0.0011333
0.000298842
0.000308099
0.000362091
0.000245511
0.000200779
0.000732737
0.00853744
0.00045335
0.0002394
0.000644938
0.0026344
0.0003509
0.000525643
0.000190809
0.000217447
0.00055851
0.000527705
0.000659127
0.000114665
0.000292181
0.000794218
0.000236821
0.000261004
0.000437098
0.000132229
0.000225557
0.000662586
0.000384665
0.000127036
0.000134645
0.000255055
0.000145951
0.000135549
0.000407844
0.000253777
0.000511918
0.000225551
0.000238842
0.000451198
0.000139567
0.000235361
0.000987493
0.000141571
0.000600747
0.000217857
0.000439526
0.000705805
0.000213679
0.000240228
0.000226432
0.000126222
0.000236816
0.000222055
0.000390174
0.000312363
7.37817e-05
0.000200352
0.000149603
6.50211e-05
0.000615586
0.000168443
0.000341443
0.000737601
0.000305755
0.000490227
0.000313045
0.000369399
0.000125196
0.000624566
0.000363652
0.000125362
0.00305783
0.000249567
0.00018017
0.000246143
0.000351022
0.000240498
0.000223597
0.000811783
0.000262675
0.000169267
0.000763926
0.00688939
0.000207406
0.000392124
0.00045595
0.000277262
0.000356866
0.000776379
0.0031517
0.000117949
0.000274097
0.0001268
0.000797089
0.000172183
0.000280604
0.000306681
0.000712475
0.000351229
0.000844328
0.000552438
0.000324789
0.000384452
0.000296049
0.000474337
0.000346126
0.000458986
2.37868e-05
0.000201826
0.000619568
0.00047014
0.00026618
0.000238324
0.000564156
0.000440248
0.000528275
0.000324518
0.000495028
7.17669e-05
0.000113102
0.000134932
0.000181772
0.000198869
0.000533217
0.000396703
0.000150668
0.000552173
0.000139751
0.000199451
0.000466275
0.000286951
0.000417135
0.000152976
0.000749985
0.000451874
0.00034516
0.000444668
0.000658812
0.000217633
0.000107263
0.000496576
0.000399464
0.000226361
0.000215451
0.000122564
4.93619e-05
0.000205322
0.000574272
0.000600536
0.000131581
0.000226984
0.000141911
0.000216074
0.000471324
0.000237226
0.000425569
0.000535465
0.000638443
0.000252844
0.00061704
0.000333045
0.000229685
0.000142382
0.00511921
0.000362066
0.00522758
0.000288244
0.000292507
0.000149238
0.000272711
0.000102748
0.00026671
0.000159232
0.000201581
0.000176588
0.000192367
0.000415807
0.000284123
0.000278101
0.000404875
0.000529998
0.000241278
0.000268895
0.000107153
0.000291545
0.000240595
0.0012268
0.000257312
0.000370126
0.000199834
0.000256328
0.000805958
0.000456683
0.000617039
0.000523872
0.000223588
0.000251598
0.000391576
0.000240896
0.000642085
0.000311246
0.000209059
0.000660325
0.000209077
0.000155981
0.000272728
0.0011736
9.78024e-05
0.000312581
0.000308904
0.000520002
0.000345427
0.000217954
0.00026565
0.000330517
0.000192633
0.000392999
0.000560069
0.000480422
0.000311531
0.00512777
0.000189414
0.000167055
0.000421992
0.000263182
0.000292972
0.000279013
0.000460292
0.000347021
0.00014879
0.000133174
0.000108679
0.00187332
0.00039613
0.000284292
0.000397644
0.000362142
0.000327065
0.00103643
0.000152079
0.000375573
0.00456604
0.000236747
0.000299955
0.000280443
0.000368027
0.000147526
0.000176993
0.000285544
0.00302381
0.000278423
0.000482648
0.00038358
0.000752436
0.000361707
0.000189901
0.000368679
0.000220229
0.000509312
0.000281638
0.000377004
0.00040055
0.000761639
0.000308155
0.00078782
0.000317665
0.000178859
0.000378451
8.67225e-05
0.000278265
0.000328305
0.000135669
0.000157859
0.000435346
0.000219044
0.000275699
0.000255993
0.000336799
0.000353337
0.000109328
0.000644457
0.000815126
0.00035088
8.89442e-05
0.000118079
0.000199885
0.000500466
0.000456953
0.000247463
0.000400682
0.000172398
5.19103e-05
0.000219315
0.00100353
0.000160584
0.00033001
0.000605103
0.000460638
0.000113588
0.00314983
0.000288253
0.000160525
0.00161016
0.000301932
0.00515026
0.000149996
0.000195009
0.000871537
0.000173543
0.000815126
0.000173931
0.000134948
0.00225207
0.000291152
0.000383138
0.00026095
0.00111824
0.000298955
0.000501744
0.000311384
0.0010491
0.000238982
0.000169512
0.000150678
0.000703116
4.58589e-05
0.000297166
0.000262506
0.000196265
0.000140423
0.000117874
0.000605719
0.000124114
0.000192819
0.000442551
0.000229416
0.000347477
0.000203023
0.000367961
0.000451124
0.000266161
0.000407885
0.000534654
0.000210655
0.00036927
0.00041134
0.000689815
0.000480038
0.000493897
0.000298182
0.000234937
0.000437017
0.000551353
0.000145744
0.000434291
2.15729e-05
0.000289633
0.000230162
0.00034888
0.000671334
0.000430864
0.000353666
0.000217197
2.4967e-05
0.000258852
0.000733163
0.000472006
0.00111113
0.000493994
0.000947573
0.000370474
0.000590768
0.000438142
2.77166e-05
0.000480475
0.000441237
0.000274512
0.000348502
0.000225195
4.0595e-05
0.000225566
0.000772484
0.000700628
0.000303707
0.000326828
0.000292356
0.000231808
0.000212469
0.000303578
0.000435168
0.000426004
0.000393291
0.000370638
0.000266419
0.000813244
0.0002118
0.000339036
1.40375e-05
0.000272143
0.000291333
0.000421752
0.000937192
0.000341241
0.000400951
0.000118121
0.0020113
0.000201209
0.000114677
0.0099265
0.000381848
0.000191037
0.000425361
0.00041817
0.000296367
0.000251301
0.000186168
0.0020357
0.000732207
0.000583824
0.000215018
0.000182347
0.000459625
0.000140772
2.5573e-05
0.000207917
0.000446431
4.75984e-05
0.000357464
0.000408446
0.00764309
0.000265741
0.00931608
0.000246089
0.000249887
0.000622295
0.000194867
0.00135865
0.000331394
0.000271237
0.000487027
0.00021398
0.000475083
0.000706273
0.000424099
0.000141693
0.000763958
0.000249812
0.00194317
0.000752009
0.000286326
0.000306868
0.0011313
0.000412108
0.000182693
0.000145208
7.85012e-05
0.000212621
0.000178946
0.000312792
0.00038976
0.000546454
0.000602811
5.58643e-05
8.92033e-05
5.43717e-05
0.000198757
0.000131278
0.000343339
0.00022011
0.000368501
0.000125105
0.000348981
0.000219395
0.000153794
0.000477949
0.000473587
0.000352929
0.00105231
0.000489257
0.000337462
0.000692616
0.000750934
0.000289265
0.000309662
0.000135741
0.000225465
0.000182182
0.000474072
0.00180435
0.000268625
0.000467232
0.000108466
0.000718331
0.000274025
0.000630383
0.00010647
0.000436233
0.000420028
0.000474889
0.000215156
0.000481964
0.000458125
0.00203828
0.00107925
0.000196545
0.000397023
0.000229249
0.000127244
0.000590599
6.73759e-05
0.000715571
0.00015887
0.000157851
0.000309043
0.00224451
0.000202154
0.000467735
0.000533939
5.70337e-05
0.000301325
0.000185769
0.00055162
0.0001005
0.000241025
0.000238955
0.000294101
0.000306552
0.000366823
0.000275589
0.000574632
0.000608916
0.00221983
0.000260282
0.00011759
0.000387759
0.000286464
0.000115397
0.000125562
0.000161699
0.000443506
0.000412711
0.0003621
0.000467457
0.000241561
0.00180182
0.000172415
0.000451754
0.000318288
0.000242633
0.000424608
0.000504095
0.000214088
0.000430681
0.000664591
0.00107654
0.000352966
0.000263993
0.00014421
0.000588427
0.000283486
0.000909538
0.00376039
0.000247279
0.000361642
0.000298192
0.000324593
0.000466835
0.00059156
0.000234931
0.000559742
0.000190224
0.000760004
0.000194441
0.000608334
0.000242735
0.000499372
0.000236564
0.000606715
0.00078613
0.000204456
0.00088221
0.0428348
0.000235589
0.00101194
0.000244868
0.000145496
0.000829695
0.000273079
0.000467367
0.000222503
0.000439787
0.000449653
0.000547841
0.000279178
0.00017351
0.000283599
0.000515352
0.000210549
0.000316768
0.000241754
0.000775945
0.000542213
0.000101634
0.000164638
0.000295536
0.000210171
0.000234611
0.000208576
0.000324166
0.000115912
0.000590253
0.000384953
0.000561839
0.000223445
0.000302811
0.00916656
0.000251956
0.0001852
0.00472879
0.000430447
0.000280586
0.000400851
0.000630707
0.000707988
0.000272715
0.000212125
0.000470895
0.000122186
0.00057047
0.000195709
0.000918558
0.00025596
0.00039408
0.000600506
0.000306756
0.00177865
0.00087687
0.000239043
0.000701644
0.000766895
0.000418662
0.000976781
0.000167852
0.000576286
0.000115296
0.0016457
0.000592992
0.000179451
0.000205348
0.000146466
0.000307779
0.000315082
0.000217487
0.000250356
0.000557447
0.00373677
0.000144194
0.000285383
0.000681975
0.000162239
0.000365808
0.000255517
0.000211249
0.111703
0.000363741
0.000288118
0.000690935
0.000330013
0.000304018
0.000312432
0.000252966
0.000292764
0.00027824
0.000292782
0.00027795
0.000737994
0.000253932
0.000102818
0.000738296
0.000325202
0.000348085
0.000195997
0.000490895
0.000345541
0.000600245
0.000378505
0.000425905
0.000136625
0.000604856
0.000384615
0.000138474
0.000390418
0.000231623
0.000426121
0.000140775
0.000312258
0.000299656
0.000211568
0.00255694
0.00103032
0.000808845
0.000347774
0.00040219
0.000298485
0.000728655
0.000623581
0.000269139
0.00124517
0.000708634
0.000443107
0.000372333
0.000151794
0.00053561
0.00297305
5.48981e-05
0.000411853
0.00013964
0.000545074
0.000224488
0.000263198
0.00418676
0.000108226
0.000308638
0.000407141
0.000295921
0.000176236
0.000803154
0.0001869
0.000376815
0.000230253
0.000197752
0.000186445
0.000181108
0.000263762
0.000343216
0.00340444
0.000130155
0.000428138
0.000418237
0.000376573
0.000463547
0.000467472
0.000220769
9.01276e-05
0.000176001
0.000104044
0.000191135
0.000532934
0.000806214
0.000751572
0.00132572
0.000403285
0.000535058
0.000227025
0.000227002
0.000853605
0.000211404
7.69785e-05
0.000425704
0.00016396
0.0004898
0.0020824
0.000884088
0.000273878
0.000379235
0.000121728
0.000150363
0.000409909
0.000897744
0.000625337
0.000309845
0.000464778
0.00044517
0.000623912
0.000223008
0.000994809
0.000781455
0.000197484
0.000182724
0.000350785
0.000333
0.000766701
0.00034048
0.000653746
0.000792418
0.000254416
0.000538894
0.000142228
0.000265388
0.000203173
0.000682886
0.000337598
0.000609029
0.00054093
7.77567e-05
0.000325896
0.000203891
0.00124773
0.000232894
0.000538615
0.00039755
0.000306622
0.00012972
0.000279415
0.000171108
0.000474341
0.00138212
8.40049e-05
0.000360216
0.000318765
0.000130052
0.00023721
0.00121649
0.000198727
0.000213167
0.00126853
0.000579678
0.000269869
0.000363977
0.000133163
0.000390509
0.000326155
0.000277525
0.00041212
0.000641065
0.00028465
0.000878313
0.000226621
0.000421284
0.000193052
0.000149518
0.00109768
0.000232935
0.000126845
0.00047605
0.000257796
0.000130346
0.0009175
0.000674834
0.00017794
0.000161875
0.000421733
0.000254285
5.94129e-05
7.61688e-05
0.00031472
0.000117641
0.000420441
0.000546746
0
0.00051404
0.000320266
8.66671e-05
0.000376917
0.000147592
0.000329271
0.000133242
0.000421902
0.000365517
0.00019863
0.0022453
0.000222271
0.000118821
0.000365208
0.000472052
0.000310099
0.000250769
0.000617658
0.00032033
0.000327781
0.00014002
0
0.000421249
0.000184453
0.000275634
0.000415423
0.000115676
0.000341304
0.00155464
0.000314785
0.00033403
0.000412267
0.000284758
0.000548914
0.000281691
0.000734206
0.000213357
0.000460791
0.000122961
0.00102719
0.000103397
0.00109633
0.000616161
0.000288067
0.00024643
0.000169434
0.000299687
0.000440508
0.000502799
0.000412436
0.00042716
4.51022e-05
0.000462639
0.000246027
0.000381698
0.000280785
7.83923e-05
0.000358761
0.000661143
8.26346e-05
0.000909224
0.000483807
0.000247008
0.000103473
0.000222864
0.000478075
0.000176696
0.000189591
0.000277215
0.00270964
0.00555728
0.000148541
0.000345396
0.00047654
9.51433e-05
0.00024824
0.000201781
0.000451393
0.000264422
0.00138928
0.000330016
0.000267247
0.000669958
0.000495737
0.000337924
0.000499557
0.00118201
0.000668178
0.000350337
0.000339801
0.000599669
0.000347404
5.7718e-05
0.000120657
0.000314693
0.000980669
0.000578663
4.83863e-05
0.000415966
0.000320262
0.0239931
0.000303492
0.000342734
0.000220448
2.57414e-05
0.0040761
0.00014997
0.000425327
0.000845966
0.00172785
0.000159472
0.00027791
7.655e-05
0.000180241
0.000484573
0.000177043
0.000189293
0.000314097
0.000173306
0.00168438
0.000448947
0.000146693
0.000295055
0.000126537
0.000478975
0
0.000551861
0.000543273
0.00028539
9.66577e-05
0.000304939
0.000496805
0.00030554
0.000219608
0.000107944
0.000323309
0.000685238
0.00043108
0.000318842
0.000421827
0.000403596
0.000298725
0.00109114
0.00257404
0.000288914
0.00014288
0.000361536
0.000562295
0.000399068
0.000206558
0.000188093
0.000214034
0.000367162
0.000473622
0.0010585
0.000543769
0.000436917
0.000624639
0.0014009
0.000398522
0.000204048
0.00018616
8.53858e-05
0.000367953
0.00156198
0.000222832
0.000128205
0.000637202
0.000188814
0.000103828
0.000491394
0.000267919
0.000211192
0.000204937
0.000379931
0.00011479
0.000108275
0.000183587
0.00025808
0.00049344
0.000417403
0.000489208
0.000933172
0.000196593
0.000623061
0.000133967
0.00017854
0.000478423
0.000426982
0.00247742
0.000387372
1.11574e-05
0.000334805
0.00024689
0.00022836
0.000211909
0.000351398
0.000335182
0.000217037
0.00383319
0.00104378
0.000282607
0.000152954
0.000446799
0.000669434
0.000489109
0.000430376
0.000176187
0.000980155
0.000132
0.000348281
0.000582749
0.00015459
0.000132706
0.000281926
0.00055877
0.000122444
0.00287244
0.000378666
0.000609288
0.00103439
0.000361546
0.000440388
0.000171045
0.000199737
0.000157865
0.00036148
0.000276011
0.000778851
0.000258085
7.1385e-05
0.00367603
0.000388516
0.000397397
0.000369955
0.000403343
0.000319739
0.000401691
0.000536639
0.000443843
9.66362e-05
0.000242981
0.000462022
9.43691e-05
0.000380732
0.000239871
0.00370446
0.000317177
0.000112923
0.00041418
0.000338084
0.000212001
0.000152379
0.000543464
0.000306011
0.0002567
0.000215296
0.000516582
0.000261662
0.000390996
0.000452902
0.000283543
0.000164396
0.000293687
0.000173857
0.00595597
0.000567485
0.000347233
0.000224242
0.000424757
0.000396027
5.13275e-05
0.000482043
3.90743e-05
0.000304164
0.000159093
0.000389946
0.000554621
0.00017905
0.000696741
0.000249941
0.000343466
0.000451399
0.000365354
0.000253271
0.000303151
0.000288031
0.000509118
0.000102315
0.000469372
0.000542303
0.000239059
0.00157465
0.000538031
6.24767e-05
0.000222375
0.000447467
0.000733703
0.000490249
0.000276927
0.00063443
0.000654207
0.000154431
0.000503148
0.00024724
0.000298318
0.00058721
0.000177071
0.000210758
0.000141235
0.000500807
0.000234151
0.000342921
0.000155653
0.000158097
0.000254588
0.000111477
0.000222802
0.000284668
0.000158664
0.000304736
0.000496111
0.000168618
0.000529344
0.000571878
6.47795e-05
0.000258296
0.000370957
0.000183652
0.000801207
0.000626088
0.000168377
0.000615385
0.000143608
0.000385452
0.000226575
0.000538306
0.000166937
0.000215492
0.000264276
0.000332539
0.000143923
0.000156575
0.000262488
0.000969014
0.000215815
0.000240477
0.000512061
0.000319166
0.000538867
0.000208495
0.000356673
0.000165875
0.000306222
0.000254963
0.000629196
0.000374617
0.000130522
0.000278281
0.000499943
0.00161493
0.000266887
0.000655572
0.000193908
0.000290995
0.000220662
0.000190963
0.000234234
0.000862439
0.000114532
7.93803e-05
0.000306315
0.000212679
0.00031167
0.000557043
0.000399132
4.35311e-05
0.000290052
0.000159875
0.000131195
0.000487548
0.000706948
0.000388485
9.03716e-05
0.000216684
0.000206623
0.00019926
0.000170257
0.000274684
0.000511525
0.000222539
0.00029676
0.000219401
0.000445124
0.000107991
0.00176433
0.00041718
0.000295265
0.00804049
0.000240799
0.000122218
0.000834652
0.00010964
0.00051243
0.000560885
0.000305023
0.000336833
0.000455597
8.82429e-05
0.00020407
0.00010339
0.000443524
0.000231037
0.000165363
0.000145503
0.000348833
0.000104988
0.000307701
0.000462527
0.000264773
0.000301964
0.0010367
0.00024093
0.000208658
0.000313556
0.000121587
0.00021051
0.000236885
0.000370159
0.000108336
0.000473927
8.24467e-05
0.000461958
0.000321176
6.6882e-05
0.000126119
0.000216159
0.000203431
0.000412143
0.000560434
0.000226506
0.000374592
0.000293957
0.000124631
0.000323907
0.000471252
0.000544449
0.000481986
0.000216809
0.00015143
9.84015e-05
0.000389622
0.000491347
0.000336959
0.000322532
0.000233083
0.000160353
0.000234981
0.000153108
0.0003294
0.000256358
0.000207787
0.000673477
0.000159961
0.000457727
0.00061083
7.7698e-05
6.60651e-05
0.000227808
0.000583691
0.000368832
0.00025481
0.000323552
9.1842e-05
0.000377077
3.85423e-05
0.000131017
0.000191536
2.60209e-05
0.0004091
0.00321568
0.000217415
0.000160566
0.000192038
0.000583036
0.000271015
0.00678956
0.000150518
0.00038413
5.4819e-05
0.000356634
0.000469966
0.000338242
2.16836e-05
0.000267105
0.000268735
0.000451785
0.000129189
0.000285749
0.000450647
7.1755e-05
0.000260399
0.000376794
0.000500406
0.000323608
0.000481168
0.00136606
0.000403113
0.00291557
0.000667506
0.000314841
0.000351222
0.000387484
0.000315151
0.000386056
0.000240667
0.000225501
0.000263224
0.00019982
0.000449499
0.000576781
0.00055699
0.000176135
0.000586438
0.000169274
0.000360995
5.23487e-05
0.000822674
0.000308132
0.000288558
0.00018671
0.000300831
0.0096057
0.000461632
0.00089096
6.8468e-05
0.000248141
0.000431355
0.000260588
0.000289954
0.000708152
0.000426224
0.000485595
0.000618821
0.000344076
0.000707786
0.00015178
0.000124716
0.000386403
0.000495051
0.00113082
0.000248912
6.95348e-05
0.000175224
0.000366895
0.00496118
0.00132938
0.000196151
9.79434e-05
0.000371659
0.000381674
0.000245948
0.000276005
0.000435823
0.000979371
0.000220488
0.000559792
0.00029327
0.000224484
0.000316924
0.000376076
0.000276073
0.000625653
0.000328143
0.000356442
0.000257062
0.000368762
9.30931e-05
0.000284997
0.000290984
0.000503569
0.000546918
0.000377144
0.00022571
0.00058764
0.000411715
0.000442737
0.000442848
0.000693505
0.000385279
0.000380859
0.000701765
0.000175055
0.000136832
0.000670465
0.000615526
0.000965279
0.000696644
0.000337212
0.000505854
0.00023206
0.000162119
0.000365399
0.000144346
0.000996671
0.000293123
0.000138004
0.000288027
0.000129694
0.000586715
0.000221335
9.73849e-05
0.000361206
0.000302697
0.000534681
0.000827765
0.000366624
0.000572041
0.000103972
0.000303946
0.000284138
0.000319892
0.000167261
0.000390153
0.000277622
0.000394979
0.00116961
0.000218465
0.000265544
0.00053105
0.00041485
0.000249716
0.000684031
0.000366405
0.000313261
0.000374348
0.00153265
0.000151011
0.000295707
0.000255314
0.000159321
0.000347184
0.000211264
0
0.000467865
0.000367267
0.000389703
0.000281322
0.000329731
0.000149467
0.000231752
0.000179367
0.000325498
0.000202008
0.00014915
0.000891378
0.000790342
0.000450738
0.000131211
0.000390557
0.00115061
0.000687467
0.00028734
0.000400769
0.000316695
0.000200175
0.00143301
0.000550458
0.000170586
0.000921857
0.000129485
0.00032805
0.00145033
0.00978881
0.000191924
0.000255973
0.000717614
8.73507e-05
0.000298666
0.000280243
0.000232007
0.00037984
0.000449168
0.00314506
0.000357089
0.000569022
0.000322863
0.000655644
0.000255193
0.000220691
0.000308678
0.000185056
0.000542655
0.002264
0.000245231
0.000362534
0.000414068
0.000389998
0.000330315
0.000336875
0.000117399
0.000166651
0.000452002
0.000253831
0.00012863
0.000506701
0.000308245
0.000164697
0.000308827
0.000314699
0.000389831
0.000282381
0.00066595
0.00077664
0.000183237
0.000133795
0.000489603
0.000265993
0.000378483
0.000274501
0.000381896
0.00340487
0.000475813
8.10776e-05
0.000984518
4.59766e-05
0.000566091
0.000335493
0.000280061
0.000983403
0.000270795
0.00132079
0.00022944
0.000251319
0.000551748
0.000166177
0.000417627
0.00123938
0.00045474
0.000136901
0.000186458
0.000423795
0.000312769
0.000211244
0.000363148
0.000521582
0.000353631
0.000219365
0.000503583
0.000329034
0.000197782
0.000313967
0.000288572
0.00263785
0.00039752
0.000351232
0.000182695
0.000457213
0.000208368
0.00016788
0.000333641
0.000286413
0.000267081
0.000208367
0.000424924
0.000116767
0.000176384
0.000455646
0.00137771
0.000285789
0.000744106
0.00022937
0.000479807
0.00040579
0.000225938
0.000425906
0.000434925
5.62696e-05
0.000570348
0.00106952
0.000604395
0.00109085
0.000195672
0.000342404
0.0114554
0.000250336
0.00219211
0.000302384
0.00113231
0.000462126
0.000662675
0.000389662
0.000586228
0.000324746
7.2426e-05
0.000491414
0.000455393
0.000392725
0.000208117
0.000324888
0.000802707
0.000155625
0.000500852
0.000378026
0.000422488
0.000344674
0.000370285
0.000332121
0.000503806
0.000257952
0.000476822
0.000522269
0.000165798
0.000278711
0.000230272
0.000140046
0.000225916
0.000322111
0.00011447
0.000266944
0.00470594
0.000287107
0.000295875
0.000368319
0.000148699
0.000463299
0.000321771
0.000266292
0.000104495
0.000106322
0.000519995
0.00163667
0.000510613
0.000235667
0.0153104
0.000631715
0.0152663
0.000278369
0.000398484
0.00030421
0.000152512
0.000958151
0.000305854
0.000194796
0.000332564
0.000729051
0.000178171
0.000818688
0.00544766
0.000527823
0.00025725
0.00256592
0.000358794
0.000374279
0.000895781
0.000596548
0.000396936
0.000205586
0.000101624
0.000347756
0.000278083
0.000190817
0.00130476
0.0018611
0.000633018
0.000285086
0.000361124
0.000592493
0.000474471
0.000344273
3.76958e-05
0.00107534
1.09258e-05
0.000292359
0.000228368
0.000318067
0.000369281
0.00027737
0.000165058
0.00021901
0.000145626
8.66693e-05
0.000409148
0.000313128
0.000270763
0.000300877
0.000274085
9.78715e-05
0.000433338
0.000222783
0.000243039
0.00027589
0.000331543
0.000209569
0.00018383
0.000178323
0.00052904
2.26915e-05
0.000751462
0.000435785
0.000392649
0.000244994
0.0011412
0.000397633
0.0013634
8.59181e-05
0.000434088
0.000500334
0.000188162
0.000193063
3.86639e-05
0.000210669
0.000143795
0.000392275
0.00035101
0.000519917
0.000516905
0.00092064
0.000425052
0.000216308
0.000287605
0.000338211
0.000363177
0.000302306
0.000222086
0.000241145
0.00010674
0.000330498
0.00106884
0.000316348
0.000314425
0.00145502
0.000556443
0.0107235
0.000276586
9.03813e-05
0.000492773
0.00063622
0.000336725
0.00050157
0.000148913
0.000385133
0.000256701
0.000360707
0.000426975
0.00039024
0.000349476
0.000297155
0.000304931
0.000249809
0.000813467
0.000191574
9.93895e-05
0.000209276
0.000468091
0.000422946
0.000374859
0.000189355
0.000275244
0.000101679
0.000255503
0.000782847
8.57406e-05
0.000366494
0.000396165
0.000572808
0.000226823
0.000218114
0.000429386
6.16537e-05
4.8954e-05
0.000305777
0.000217128
0.000495334
0.000870605
0.00115388
0.000434232
0.00281853
0.00064625
0.000279375
0.000321898
0.000286678
0.000499974
0.000425389
0.000884216
0.000324385
0.000579957
0.000305606
0.000803894
0.000278077
0.000494734
0.000239244
0.00036126
0.000411322
0.00035719
0.00019973
0.000152121
0.00046193
0.000762596
0.000546414
0.00241165
0.00027277
0.000227823
0.000348851
0.0011341
0.000248244
0.000446488
0.00043749
0.000292769
0.000124633
0.000656092
0.000738959
0.000280891
0.000246702
0.00011514
0.000695291
0.000153248
0.000289812
0.000382593
0.000165415
0.000924175
0.000228497
0.000134705
0.000252778
0.00065709
0.000411077
0.00488866
0.000183483
0.00013616
0.000266662
0.000522758
0.000963932
0.000209645
0.00023594
0.000385748
0.00131532
0.000422186
0.000410448
0.00050067
0.000377069
0.002204
0.000446558
7.03963e-05
0.000280253
0.000334561
0.000560269
0.000366949
0.000650567
0.000605983
0.000760734
0.000451093
0.000541168
0.000321085
0.00325601
0.000582745
7.22242e-05
0.000100109
0.000237348
0.000150568
0.000270478
0.0176597
7.98257e-05
0.00045577
0.000576772
0.000296278
0.000383226
0.000216261
0.000623035
0.000309412
0.00050566
0.000268434
1.47337e-05
0.000262074
0.00152907
0.000594625
0.000537351
0.000552125
0.00033182
0.00026512
0.000168909
0.000531961
0.000254481
0.000240536
0.000160657
0.000214554
0.000393903
0.000310635
0.00207075
0.000267991
0.000282493
0.000284498
0.000316711
0.000204053
0.000200381
0.000439689
9.97432e-05
0.000214431
0.000345356
0.000211743
0.000234196
0.000575171
0.000395631
0.00036848
0.000479543
0.000275452
0.000603
0.000424996
0.000411462
0.000196957
0.000460983
0.000341765
9.12492e-05
0.000247925
0.00162688
0.000310787
0.000739652
0.000370289
0.000138438
0.000193736
0.000755635
0.000447475
0.000572541
0.000323552
0.000457117
0.000226629
0.000179961
0.000533184
5.20089e-05
0.000359724
0.00025618
0.000441311
0.000106606
0.000174
0.00104278
0.000126405
0.000583478
8.86324e-05
0.000105919
0.000222481
0.000166867
0.00271432
0.000206845
0.000858012
0.000230623
0.000573218
8.38348e-05
0.000362006
0.000156651
0.000245445
0.000274028
0.0011761
0.000262496
0.000134639
0.000368676
0.000975903
0.000654751
0.000344562
0.00107315
0.000496982
6.76995e-05
0.00056458
0.000742504
0.000242196
0.000373506
0.000110486
0.00041727
