0.000593533
0.000692319
0.00153279
0.000372127
0.00104946
0.000636242
0.00101193
0.000712021
0.000529385
0.00059908
0.000427914
0.000841559
0.000612504
0.00068627
0.000457053
0.00125079
0.000704849
0.000349402
0.000235899
0.000449771
0.000349318
0.000808923
0.000510994
0.000549923
0.000487508
0.000385039
0.0177016
0.000402072
0.00138097
0.000795595
0.000568716
0.000961073
0.00102826
0.000963773
0.000596368
0.000404955
0.0002488
0.00147505
0.00165035
0.000826684
0.000569876
0.00020377
0.000193764
0.000642559
0.000539316
0.000252975
0.000529596
0.000550252
0.000643635
0.0006109
0.00249898
0.0002895
0.000486443
0.00154485
0.000361413
0.000232608
0.000609137
0.000446969
0.000783746
0.000501915
0.00067883
0.0010233
0.000129786
0.00139152
0.00136732
0.000342833
0.00038715
0.000808964
0.000335868
0.000830796
0.000678677
0.000133411
0.000768833
0.000569712
0.000175184
0.00103759
0.00099239
0.000488573
0.00115343
0.000237673
0.000382989
0.000544494
0.000247581
0.000930406
0.00114983
0.00103719
0.000685815
0.000622515
0.000696616
0.00217609
0.00158353
0.000524393
0.000758647
0.000568396
0.00121939
0.000743309
0.000620909
0.000357334
0.000247176
0.000450913
0.00096366
0.000794022
0.000932625
0.00124143
0.000602447
0.00048007
0.00155146
0.00032626
0.00136583
0.000613262
0.00239619
0.00196683
0.000687928
0.00165516
0.000645632
0.000868097
0.00148288
0.000517502
0.000615709
0.000513823
0.000534801
0.00539703
0.000557582
0.00043888
0.000264651
0.000802212
0.000302374
0.00105847
0.000954861
0.000586622
7.9992e-05
0.000744316
0.00055887
0.000641246
0.000308087
0.00022306
0.002549
0.00189808
0.000666924
0.000952462
0.00140075
0.00121812
0.000805966
0.000556798
0.00125903
0.000501153
0.000932362
0.000698705
0.00030388
0.000774587
0.000791606
0.000440203
0.00076139
0.000916363
0.000270866
0.000320437
0.00045064
0.00127146
0.00293542
0.0015438
0.000475861
0.000428543
0.000947229
0.000824241
0.00107819
0.00174472
0.000415914
0.000425674
0.00131719
0.000528167
0.000568083
0.0010269
0.000504045
0.000643838
0.000464648
0.000612843
0.00066948
0.000521006
0.000701029
0.000755811
0.000856852
0.000724539
0.000751742
0.00279461
0.000331999
0.00053224
0.000687591
0.000733029
0.000310005
0.000456535
0.0041099
0.000457185
0.000580231
0.00174607
0.000463154
0.00128622
0.000353451
0.000502669
0.000405219
0.000411058
0.000696732
0.000270474
0.00352291
0.000563465
0.0103038
0.000368454
0.000543262
0.000365995
0.00264862
0.000768224
0.00157341
0.000850493
0.000911719
0.000608547
0.000331055
0.000873404
0.011936
0.00045563
0.000520819
0.000788877
0.00114608
0.000820504
0.000921649
0.000392472
0.000719078
0.000446032
0.000553799
0.000723225
0.000366882
0.000371341
0.00038881
0.000516378
0.00235099
0.00145595
0.00106891
0.000248599
0.0012567
0.000422712
0.000537578
0.000591008
0.000813958
0.000615464
0.000586049
0.00120539
0.000727025
0.00063595
0.000789626
0.000889536
0.000656731
0.000544027
0.0012154
0.000595369
0.000347591
0.000782018
0.000475225
0.000373508
0.000587031
0.000324668
0.000605885
0.000995122
0.000382471
0.000257267
0.000486693
0.000746055
0.000491972
0.00157985
0.00056493
0.00107942
0.000445122
0.000213636
0.00109093
0.000526254
0.000635079
0.00134561
0.000607251
0.000746243
0.000766262
0.000596288
0.0017667
0.000689005
0.00120918
0.000387545
0.00097881
0.000470925
0.000493802
0.00108688
0.00130814
0.000710646
0.00108474
0.000526522
0.00173107
0.00056464
0.00031779
0.00117751
0.000650694
0.00062178
0.000657252
0.000852534
0.00781887
0.0024377
0.00133733
0.000655719
0.000321401
0.000681252
0.00294866
0.00099825
0.00146383
0.000485219
0.000308108
0.000506722
0.000675167
0.000283403
0.00124787
0.00143521
0.00100155
0.000315438
0.00127805
0.00216845
0.00199868
0.000457598
0.000453029
0.00234175
0.000425842
0.000696762
0.000820698
0.000544871
0.00239407
0.000362244
0.000447606
0.000406087
0.000910753
0.00324517
0.000608804
0.00143946
0.000449233
0.000533431
0.000672929
0.000374482
0.000408242
0.00105751
0.0011493
0.00110631
0.000367319
0.000979261
0.000225524
0.00124724
0.000628956
0.000793732
0.000530494
0.000585166
0.000807385
0.0013511
0.00068523
0.00339756
0.000626285
0.000371263
0.000482326
0.000264722
0.000433009
0.001626
0.000955279
0.000258586
0.000924922
0.0063671
0.00131525
0.00126483
0.000992672
0.000647778
0.000465677
0.000809396
0.000543816
0.00114843
0.000482952
0.000535564
0.000527338
0.000717122
0.000634167
0.000795124
0.000699208
0.000269406
0.00055629
0.000601661
0.000925667
0.00059718
0.000650148
0.000251196
0.00312104
0.000539544
0.00999446
0.00073449
0.00141256
0.000636027
0.000840693
0.0010173
0.00063979
0.0007665
0.000835462
0.00161358
0.00130636
0.000248158
0.000385206
0.00152541
0.00216475
0.000237204
0.000834091
0.000599674
0.000754002
0.00132759
0.000885012
0.00130687
0.00128354
0.00141287
0.000309037
0.000232396
0.00385557
0.000759313
0.000796068
0.000510635
0.000795678
0.000766994
0.00077603
0.00050927
0.000278306
0.000735729
0.000574393
0.000811993
0.00029504
0.000379427
0.00437189
0.000580377
0.000446957
0.00108877
0.000471096
0.0011025
0.0010835
0.000742512
0.00192545
0.000893214
0.00136402
0.000204156
0.00058725
0.00159163
0.00031101
0.000493094
0.000820097
0.00192115
0.000322253
6.51088e-05
0.000517558
0.000925841
0.00067149
0.000617469
0.000778102
0.000569571
0.000701655
0.00146657
0.00879855
0.000463572
0.00180505
0.000931245
0.000464096
0.000622199
0.00168849
0.000484823
0.00070616
0.000520558
0.000548191
0.000590976
0.000241263
0.000601982
0.000493931
0.00119958
0.000398454
0.00036094
0.00071103
0.000870432
0.000425873
0.000605411
0.00111461
0.000812689
0.00070402
0.00122034
0.000877758
0.000250271
0.000752625
0.000884858
0.000251986
0.000325094
0.00307513
0.000439915
0.000351429
0.000997886
0.000634047
0.000323125
0.00250152
0.000518875
0.00450358
0.000941293
0.000499733
0.00127822
0.000868851
0.000970198
0.000681223
0.0154709
0.000714227
0.00231384
0.000256856
0.000691684
0.00109042
0.000524568
0.00101538
0.000370959
0.000265859
0.000576728
0.000289356
0.00201023
0.00140184
0.000609157
0.000880161
0.000751842
0.00113079
0.000535854
0.000453655
0.000367348
0.00041669
0.00150581
0.00117537
0.000641433
0.000708071
0.000687623
0.0003818
0.000664387
0.000747915
0.000706416
0.000335358
0.000356569
0.000678272
0.00040237
0.000402799
0.000369137
0.000661112
0.00152284
0.000602099
0.000324233
0.00109744
0.00106573
0.00045578
0.000362649
0.000784271
0.00017934
0.000417951
0.000462691
0.0749659
