0.000359452
0.000879213
0.000392816
0.00050348
0.000301216
0.000236428
0.000281631
0.000633195
0.000749959
0.000276522
0.000648148
0.00051801
0.000452092
0.000505164
0.000522376
0.000121806
0.000665859
0.00135972
0.000131931
0.000447445
0.000680536
0.000584604
0.000515273
0.000415231
0.00315987
0.000370428
0.000749974
0.00135222
0.000848391
0.000579355
0.000392051
0.000177436
0.000531031
0.000300332
0.000403271
0.000267836
0.000614141
0.00117189
0.00143472
0.000204908
0.00102505
0.000486265
0.000194037
0.00256271
0.000627732
0.000238617
0.00014351
0.000311761
0.000642802
0.000464921
0.000489522
0.000187969
0.000679592
0.00048849
0.000340465
0.000208479
0.000511848
0.000276589
0.00194011
0.000750368
0.000490381
0.000520874
0.00109901
0.000557403
0.000335443
0.000588424
0.000187237
0.000714938
0.00413389
0.000422634
0.000202255
0.000271949
0.000176505
0.000471818
0.000466549
0.000574368
0.000455584
0.000330666
0.00111654
0.00102263
0.000122856
0.000384108
9.27085e-05
0.000549177
0.000433405
0.000664641
0.00118115
0.000557553
0.000329993
0.000311913
0.000190693
0.000498555
0.000683892
7.76311e-05
0.000766075
0.000317085
0.00040936
0.000495695
0.0049139
0.000241194
0.000541942
0.000503435
0.000834774
0.000289262
0.000535163
0.000427373
0.00863001
0.000402222
0.000520646
0.000241541
0.000457445
0.000516069
0.000268331
0.00040451
0.000133383
0.000376367
0.000301537
0.000430488
0.000519078
0.000495868
0.00042958
0.000575758
0.000657395
0.00151622
0.000759664
0.000349805
0.00019453
6.51527e-05
0.00125865
0.000484284
0.0007078
0.000563585
0.00078539
0.000234411
0.000473334
0.000643285
0.000477665
0.000287629
0.000602552
0.000395809
0.000389499
0.000804431
0.000562348
0.000862617
0.000355487
0.000361649
0.000203361
0.000311204
0.000279648
0.000303591
0.000324569
0.000688542
0.000209801
0.00145819
0.000386514
0.000594443
0.000627821
0.00052696
0.000459469
0.000832617
0.00054814
0.000584294
0.000706571
0.000372507
0.000129108
0.000820885
0.000300394
0.000507903
0.00107656
0.000723317
0.00486053
0.000677615
0.000581571
8.99414e-05
0.000626627
0.000148729
0.000951305
0.000248405
0.00072064
0.000531062
0.00107992
0.000216593
0.000141972
0.000557873
0.000389054
0.000553429
0.000170329
0.00042661
0.0010877
0.00051574
0.000533987
0.000449168
0.000517681
0.000240635
0.000297885
0.000532652
0.00113189
0.000245489
0.000359851
0.000293139
0.000530552
0.000892432
0.000400878
0.000342634
0.000127622
0.000475587
0.000557081
0.000226172
0.00024715
0.000392895
0.000623337
0.000277551
0.000606275
0.000325684
0.000233123
0.000632727
0.000211337
0.000585572
0.000595929
0.000193854
0.000284971
0.000544582
0.000428417
0.000676925
0.00123647
0.00060771
0.000326584
0.000292799
0.000374816
0.00028847
0.000930326
0.000643619
0.000817454
0.00150925
0.000351008
0.000551425
0.00056699
0.000389424
0.00035616
0.000536247
0.0006694
0.000327892
0.00128062
0.00515399
0.000651142
0.000533785
0.00112034
0.000643197
0.000136253
0.00047522
0.00044034
0.000430174
0.000830165
0.00388246
0.00596186
0.000695812
0.00056263
0.000312923
0.000613348
0.00039864
0.000275978
0.00610278
0.000501246
0.000747933
0.000672612
0.000423745
0.000392745
0.00207153
0.00036661
0.00117981
0.000603029
0.000149737
0.000467623
0.000211249
0.00109542
0.000684491
0.000806458
0.000961393
0.000890749
0.000326921
0.000403813
0.000506531
0.000563341
0.000406259
0.000103241
0.000672089
0.000375848
0.000277453
0.000716622
0.000488697
0.000718443
0.000445333
0.00156424
0.00223147
0.000383989
0.000405144
0.000403606
0.000349525
0.000532641
0.00063455
0.00149577
0.000475319
0.000490402
0.000641528
0.000322044
0.000491662
0.000436437
0.000982778
0.000429654
0.000258335
0.00323783
0.00121734
0.000643988
0.000354302
0.000340969
0.00136078
0.000254332
0.000793124
0.000358209
0.000568108
0.00134854
0.000698253
0.000799091
0.00363938
0.00049945
0.000560391
0.00183808
0.000186887
0.00109103
0.000313179
0.000121769
0.00035845
0.000262833
0.000298608
0.000776157
0.000642292
0.000516154
0.000257547
0.000394271
0.000191185
0.00170695
0.00203765
0.00019661
0.00014476
0.000361604
3.43827e-05
0.00178243
0.000297384
0.000318877
0.000489924
0.000602871
0.000567178
0.000628779
0.000375387
0.00458586
0.00887249
0.000313576
0.00106679
0.000450436
0.00046293
0.000805602
0.000218406
0.00329127
0.000626671
0.000224321
0.000363209
0.000383793
0.0002621
0.000749167
0.000232322
0.000374867
0.000626428
0.00044879
0.000193996
0.000471438
0.000412432
0.000324124
0.00062799
0.000253181
0.000194541
0.000274826
0.000366916
0.000526864
0.00206387
0.000332651
0.000759735
0.000374075
0.000230898
0.000429499
0.00027343
0.00029697
0.000263182
0.000114492
0.000424008
0.000283793
0.00056115
0.000376684
0.000376884
0.00049085
0.000472856
0.000766497
0.00152272
0.000382652
0.00123
0.000181464
0.000598002
0.000760468
0.000438028
0.0001919
0.000626188
0.000805543
0.000565797
0.000292793
0.000359758
0.000565333
0.000520795
0.000325248
0.000788742
0.000776069
0.000572665
0.000286781
0.0013563
0.000355398
0.000116362
0.000769189
0.000437771
0.000345485
0.000116371
0.000937254
0.00030751
0.00152994
0.000940523
0.000376927
0.000277473
0.000907117
0.000371313
0.000155921
0.000207681
0.000308637
0.000396223
0.000446176
0.000338728
0.000410256
0.000531947
0.000695281
0.000538287
0.000444261
0.000182159
0.00110567
0.000744724
0.000309719
0.000467244
0.000444046
0.000807667
0.000260856
0.000620623
0.000573274
0.000327934
0.000586958
0.000335387
0.000270993
0.000556098
0.000309238
0.00029266
0.000939848
0.00045617
0.000723664
0.000372267
0.000418202
0.00149447
0.000527334
0.00038334
0.000581433
0.000441344
0.000399073
0.00214189
0.000387609
0.000575364
0.000681843
0.000588825
0.000515716
0.000503613
0.000306502
0.000327349
0.000831364
0.000666033
0.000340498
0.000375638
0.000487016
0.0029513
0.000675606
0.00034712
0.000631565
0.00040934
0.00048082
0.000254659
0.000327454
0.000823046
0.00087744
0.000501849
0.000366222
0.00100772
0.000549731
0.000284874
0.000816303
0.00115678
0.000412669
0.00334149
0.00024197
0.000470048
0.000733779
0.0013555
0.000450977
0.000226179
0.000252145
0.000370698
0.000487916
0.00255094
0.000241692
0.00107721
0.000696929
0.000457612
0.000213435
0.000442355
0.000767672
0.000694393
0.00023448
0.000393383
0.000374866
0.000371404
0.000490253
0.000515846
0.000626757
0.000523189
0.00180499
0.000255341
0.000355387
0.000527743
0.000486381
0.00017209
0.000618774
9.25023e-05
0.000114814
0.000495131
6.20921e-05
0.000221408
0.000583514
0.000343352
0.00120627
0.00028889
0.000202437
0.000301638
0.000274265
0.000489716
0.000854454
0.00156605
0.000106038
0.000316013
0.000522137
0.000486931
0.000217263
0.000306486
0.00038841
0.000348133
0.000485816
0.000436186
0.00412525
0.000465252
0.000388091
0.00039626
0.000315705
0.000306754
0.00161088
0.000399697
0.00022392
0.000438688
0.00127066
0.00530085
0.00103913
0.000821112
0.000885398
0.000656968
0.000372813
0.000345413
0.000745907
0.00063647
0.000376198
0.000300937
0.000392674
0.000323799
0.000903049
0.000441981
0.000290774
0.000152397
0.000437935
0.000546796
0.000273464
0.00028052
0.0032488
0.00135837
0.000132788
0.00131941
0.00249853
0.000267261
0.000308157
0.00172864
0.00043302
0.00104585
0.00042567
0.000952983
0.000578937
0.000504782
0.000556773
0.001144
0.000382677
0.00120355
0.000269791
0.000661213
0.00264852
0.000425005
0.000528423
0.00039256
0.00042733
0.000369596
0.000335839
0.000634894
0.000362605
0.000501304
0.000418686
0.000383665
0.000462413
0.000185508
0.000386108
0.000222508
3.55422e-05
0.000444147
0.00164465
0.000593425
0.000890631
0.000165456
0.000677696
5.26088e-05
0.000547829
0.00105447
0.00034944
0.00080848
0.00182636
0.000445577
0.00051728
0.000401439
0.000171328
0.000446771
0.000583278
0.00021642
0.000534608
0.00136706
0.000254072
0.00391081
0.000219136
0.000225107
0.000615326
0.000569485
0.000456858
0.000251322
0.000993698
0.00037238
0.000425323
0.00497779
0.000606233
0.000305256
0.000908235
0.00045391
0.0013979
0.000295359
4.07091e-05
0.000392643
0.000441683
0.000324801
0.000552568
0.000472183
0.000406374
0.000295251
0.000428997
0.000607083
0.000489978
0.000499521
0.000355177
0.000636668
0.000715787
0.000701992
0.000379811
0.00054844
0.000729812
0.00060852
0.000336944
0.00101371
0.000226618
0.00181186
0.000467103
0.000319576
0.000513705
0.00036773
0.000236195
0.000276291
0.000506434
0.000228718
0.000724918
0.000107022
0.000159276
0.000380799
0.000472201
0.00163667
0.000807548
0.000446582
0.000378016
0.00128594
0.000581512
0.000986462
0.00024904
0.000244127
0.00039195
0.000464464
0.000187366
0.000174002
0.000280736
0.00219852
0.000364001
0.000252962
0.000502621
0.000614253
0.000479643
0.000335534
0.00064028
0.000240409
0.00130225
0.000147573
0.00035119
0.000374385
0.000450774
0.0007803
0.000550222
0.000980211
0.000336915
0.000665164
0.000442375
0.000420155
0.000734688
0.000915959
0.000159673
0.000302285
0.000503899
0.00197763
0.000414012
0.00150172
0.000266937
0.00034175
0.00233969
0.000800481
0.000475844
0.000480781
0.000969607
0.000924509
0.000669995
0.000286423
0.000188861
0.000457196
0.0003352
0.000442515
0.000339811
0.00026607
0.000349502
0.000970575
0.000850807
0.00118881
0.000550096
0.000257492
0.000164879
0.00015343
0.000268331
0.000553791
0.00103816
0.000596985
0.000110332
0.000329541
0.000170827
0.000747942
0.000863906
0.000297005
0.000259567
0.00103619
0.000903733
0.000443307
0.00158147
0.000839111
0.000430831
0.000200528
0.00144552
0.000192014
0.000219681
0.000273141
0.000417079
0.00124943
0.00175267
0.000421753
0.000158865
0.000856744
0.000327604
0.000151654
0.000486315
0.000671717
0.000546374
0.000215544
0.00299728
0.000479767
0.000421003
0.000423285
0.000220121
0.000402983
0.000158931
0.000727194
0.00091729
0.000755048
0.000334945
0.000326514
0.000167524
0.000375293
0.00049585
0.00072702
0.000544671
0.000279827
0.000126209
0.000694212
0.000559306
0.000709824
0.000673383
0.000755605
0.000517336
0.0135954
0.000252603
9.89052e-05
0.00045964
0.00039646
0.000230681
0.000391465
0.000770164
0.00564005
0.000188125
0.000507624
0.000330724
0.000526936
0.000319916
0.000206181
0.000547595
0.000472192
0.000173189
0.000284033
0.000920612
0.000221905
0.000429255
0.000401847
0.00044135
0.000631603
0.000633509
0.000312581
0.000456857
0.000386811
0.000204012
0.000251555
0.000343566
0.00075174
0.000321172
0.00044558
0.000396651
0.000496232
0.000737108
0.000440609
0.000335946
0.000522425
0.000304373
0.000580684
0.0012233
0.000695813
0.000255367
0.000283774
0.000810783
0.00767047
0.000208647
0.000860825
0.000308562
0.00126505
0.000329192
0.000210792
0.000101743
0.000483135
0.0006612
0.000392297
0.000441212
0.000259731
0.000694236
0.00032185
0.000506333
0.0007696
0.000685472
0.000878667
0.000595219
0.00103181
0.000816834
0.000414086
0.000475881
0.000419624
0.000466816
0.000504244
0.000356583
0.000958691
0.000280662
0.000468368
0.000551919
0.000532779
0.00044367
0.00062853
0.00135492
0.000370743
0.000433648
0.000317694
0.000258373
0.000542301
0.00115776
0.000265467
0.000564473
0.000671668
0.000431792
0.000848426
0.000667539
0.000200137
0.00111683
0.000564594
0.000465486
0.000342467
0.000614207
0.00029369
0.000358907
0.00404982
0.000307013
0.000372855
0.000639618
0.000387602
0.0235446
6.41996e-05
0.000484242
0.000488613
0.000558033
0.000354584
0.000293206
0.000361209
0.000245841
0.000300028
0.000587055
0.000293251
6.43104e-05
0.000451687
0.000355771
0.000773157
0.000689485
0.000216868
0.000263818
0.000280289
0.00021326
0.00128001
0.00040645
0.000212641
0.000288372
0.000225059
0.000214216
0.00053735
0.000409849
0.000112889
0.00134564
0.000411405
0.000557682
0.000349272
0.000388153
0.000609004
0.00179741
0.000644057
0.000377133
0.000334718
0.000638587
0.000547299
0.00187633
0.000553879
0.000340954
0.000533016
0.000809656
0.000522589
0.000619518
0.000545738
0.00026337
0.000483695
0.000679149
0.00125063
0.000473353
4.55132e-05
0.000775704
0.00149898
0.00020291
0.000291767
0.000523371
0.00027017
0.000187519
0.000637191
0.000462325
0.000497377
0.000782914
0.0178623
0.00139271
0.000447651
0.00811258
0.000414886
0.00111409
0.000728054
0.000318856
0.000290609
0.000520997
0.000347852
0.00117763
0.000548529
0.000313119
0.000658238
0.00325351
0.000992923
0.000472082
