0.00265068
0.00179243
0.0046366
0.0151683
0.00101811
0.000856038
0.00174551
0.0015256
0.00161025
0.00138257
0.000751218
0.00176406
0.00183438
0.00830756
0.000972371
0.00134359
0.0026309
0.00250886
0.00137066
0.00316213
0.000863434
0.00224501
0.00267281
0.00112965
0.00104699
0.00145488
0.00101991
0.0012253
0.00109926
0.00103452
0.00176012
0.0045977
0.00158291
0.00168
0.00307503
0.00124653
0.00158374
0.00258781
0.00149482
0.00182644
0.00324345
0.00174841
0.00188351
0.00133787
0.000965718
0.00109193
0.00144233
0.00115479
0.00162785
0.00238194
0.00229116
0.000938119
0.00341018
0.00118336
0.0015214
0.00145976
0.000839657
0.00150812
0.00200073
0.0011838
0.00177964
0.00104368
0.00514965
0.00136177
0.00240586
0.00265713
0.00193077
0.00251954
0.00144265
0.00225989
0.00249068
0.0023117
0.00158339
0.00254257
0.00101233
0.00156245
0.00207277
0.00181747
0.00498169
0.0010498
0.00106855
0.00605696
0.00404128
0.0014002
0.00126547
0.00179225
0.00142184
0.00565518
0.00119683
0.00213671
0.00184144
0.00281502
0.00226882
0.00144415
0.00238763
0.00151828
0.00177974
0.00127789
0.000849161
0.00110382
0.00154832
0.00113296
0.00113457
0.00112223
0.000379442
0.00247945
0.000583738
0.00214363
0.00127978
0.00192812
0.00109693
0.00135712
0.0017337
0.00207937
0.00165696
0.00184382
0.00317128
0.000847844
0.0183021
0.00117086
0.00172229
0.00169611
0.00174976
0.00157774
0.00123871
0.00174875
0.00148038
0.00241746
0.00211699
0.000972162
0.00337049
0.00282693
0.00343643
0.00113365
0.00234173
0.00133111
0.00139247
0.00110263
0.00527753
0.00137737
0.00252352
0.00143063
0.00380703
0.00240259
0.00203836
0.00240367
0.00222283
0.00158378
0.00122849
0.00195865
0.00096314
0.00165289
0.00262934
0.00394451
0.00263263
0.00194834
0.00187634
0.00231736
0.0013591
0.00201716
0.00188079
0.00142403
0.00308785
0.00173489
0.00198365
0.00102986
0.00157213
0.00385635
0.00387573
0.00162779
0.00121292
0.00122686
0.000682001
0.00354011
0.000787276
0.00192343
0.00160645
0.0019608
0.00151565
0.00144909
0.0026633
0.00267897
0.0011374
0.0105703
0.0041682
0.00187835
0.00178163
0.00297835
0.00142883
0.0016904
0.00145459
0.00222031
0.00232514
0.0019959
0.00129137
0.00218704
0.00314406
0.00213985
0.00126893
0.00147073
0.00268283
0.00160385
0.00546635
0.000582372
0.00107911
0.000902069
0.0013327
0.00145425
0.00202001
0.00146792
0.00781471
0.00129906
0.0024413
0.00168875
0.00224462
0.000952492
0.00154434
0.0014798
0.00130109
0.00125793
0.00161042
0.00232974
0.000790936
0.00342812
0.0017753
0.00142707
0.00157911
0.00212216
0.00201505
0.00167722
0.00159435
0.00135731
0.00172135
0.00191274
0.00322634
0.00172906
0.00194483
0.00138628
0.000796802
0.00183483
0.00664545
0.000547135
0.00396436
0.00305755
0.00148104
0.00105624
0.00269384
0.00192038
0.0138046
0.00890623
0.00163776
0.00143869
0.00105782
0.00409115
0.00142116
0.00160958
0.000526954
0.00116777
0.00200118
0.00167152
0.00172028
0.00170529
0.000725106
0.309946
0.00101851
0.00183314
0.00289315
0.00389856
0.00152368
0.00185417
0.00172735
0.00205496
0.00121207
0.00261027
0.00107818
0.000461688
0.00249823
0.00138765
0.00106401
0.0023312
0.00130767
0.00102223
0.00180777
0.000799278
0.00192953
0.00228549
0.00180814
0.00386966
0.000601308
0.0021161
0.00140572
0.00315585
0.00214444
0.00173989
0.00121472
0.000969857
0.00192257
0.00321719
0.00219977
0.000595561
0.00158506
0.00133495
0.00322891
0.00323685
0.00158373
0.00531659
0.00105658
0.00105847
0.00539972
0.00185995
0.00157568
0.000912581
0.207794
0.00118344
0.000464441
0.0112211
0.00193355
0.00107536
0.00189551
0.000878891
0.000870162
0.00131414
0.00370119
0.00188089
0.00139603
0.00177484
0.00115966
0.00115124
0.00132393
0.00203681
0.0014979
0.00306952
0.00225485
0.00212772
0.00151754
0.00194415
0.001541
0.00146246
0.00297575
0.00138774
0.00141318
0.00211385
0.00203565
0.000892585
0.00124829
0.00232061
0.000697492
0.00143465
0.00314634
0.00147591
0.00124376
0.00302053
0.00171235
0.00170307
0.00112041
0.00390593
0.00266625
0.00137904
0.00101633
0.00241955
0.00153933
0.0015624
0.00100904
0.000983118
0.0031541
0.0021133
0.00234176
0.00173354
0.00207795
0.0013456
0.00207702
0.00115119
0.00146239
0.00183875
0.00194099
0.00196189
0.000997968
0.000711202
0.00519366
0.00169461
0.000832803
0.00107741
0.00123354
0.00146273
0.00352193
0.00107905
0.00180831
0.00726726
0.00203116
0.00336159
0.000738825
0.000825099
0.00510484
0.00379064
0.0021657
0.00179909
0.00151723
0.00110833
0.00204835
0.0021088
0.00169055
0.00130302
0.00125226
0.00145917
0.00684728
0.00146816
0.0017722
0.00213355
0.00116267
0.00159105
0.001015
0.00279493
0.00144349
0.000963703
0.00203392
0.00073215
0.0016455
0.00121506
0.00334863
0.00180258
0.00084866
0.00137814
0.00218218
0.00231206
0.00171108
0.00251577
0.00512749
0.00143005
0.00178248
0.00245849
0.00884682
0.00316566
0.00194293
0.00244558
0.000390248
0.00139032
0.00144833
0.00151198
0.00782225
0.00117256
0.00199649
0.00174993
0.00139109
0.00142348
0.000912801
0.000905076
0.0026493
0.00145178
0.00185709
0.00520194
0.000821258
0.00308306
0.0013993
0.00159466
0.00954531
0.00157832
0.00181486
0.00190597
0.00175184
0.00150011
0.00214233
0.00114052
0.00248041
0.00205377
0.00149545
0.00039211
0.00154272
0.0111717
0.00400683
0.00143379
0.000978703
0.00460478
0.00232445
0.00112598
0.000991374
0.00223578
0.00129255
0.0021671
0.00166521
0.00208664
0.00459872
0.00165093
0.00271872
0.00217687
0.00166109
0.00168799
0.000756584
0.0012101
0.00291256
0.00132431
0.00162168
0.00138253
0.00146228
0.00521978
0.00289792
0.00160805
0.00248717
0.0015813
0.0015786
0.00125939
0.00211982
0.00100962
0.00211265
0.00334067
0.00373927
0.002286
0.00343459
0.00172291
0.00311811
0.00180949
0.00233696
0.00193558
0.00361853
0.0180871
0.00134525
0.00301322
0.00105633
0.00161347
0.00127083
0.00148754
0.00309554
0.00280097
0.00133447
0.00224711
0.00182285
0.00154899
0.00152528
0.00124586
0.00142646
0.000849407
0.000557293
0.00263008
0.0015087
0.00619832
0.0305359
0.00196687
0.00149171
0.00117089
0.00538582
0.000922069
0.00170866
0.00119622
0.00147808
0.00203678
0.00129245
0.000985732
0.00136069
0.000557816
0.00198459
0.00539691
0.00137717
0.0016304
0.00306286
0.00127672
0.00111125
0.00193292
0.00224752
0.00271346
0.0026667
0.000803265
0.00221058
0.00309829
0.00135086
0.000577266
0.00196939
0.00231286
0.000662295
0.00191738
0.00444145
0.000622511
0.0015171
0.00297264
0.00250965
0.00204919
0.00146806
0.00140915
0.00188578
0.000554659
0.00186026
0.00256277
0.00137004
0.00215326
0.00144505
0.00632745
0.00213599
0.00124243
0.000678852
0.00241994
0.00933084
0.00166125
0.0016129
0.00337968
0.00116826
0.000952194
0.00260469
0.00609568
0.00146329
0.00129066
0.000876261
0.00177807
0.00174286
0.0012806
0.00295942
0.0013031
0.000906353
0.00195322
0.00336146
0.0038846
0.00128308
0.00151328
0.0015033
0.0015023
0.00138359
0.00238903
0.00132502
0.00165197
0.00108945
0.00161615
0.00119203
0.00229702
0.00194298
0.00134635
0.0023373
0.00182499
0.00105177
0.00146253
0.00256936
0.00580358
0.0021185
0.00201465
0.000953355
0.000713519
0.00194735
0.000670991
0.00302882
0.00306228
0.00126564
0.00229677
0.00128685
0.00174359
0.00207474
0.000909592
0.00242389
0.00136818
0.00123731
0.00069617
0.00182789
0.00507475
0.00237301
0.00166537
0.00198188
0.00114344
0.00236902
0.00181646
0.00296451
0.000931255
0.00109399
0.00118106
0.00563052
0.0015355
0.00198137
0.00340323
0.00145612
0.00207605
0.00344022
0.0014221
0.00214067
0.00206682
0.00296434
0.00172579
0.00106884
0.000878498
0.00219305
0.00115817
0.00126534
0.00169234
0.00256975
0.00181825
0.00200113
0.00162608
0.00122379
0.000616162
0.00117023
0.00191707
0.00143755
0.00151737
0.00151031
0.00447321
0.00276815
0.00116873
0.00487111
0.00200145
0.0017928
0.0010833
0.00155492
0.000655534
0.00143951
0.00297478
0.00256507
0.0022206
0.00113959
0.00205864
0.000987586
0.00165701
0.00290503
0.001275
0.00593869
0.00124456
0.00114945
0.00220927
0.0445686
0.000899073
0.00230725
0.00115563
0.00082303
0.00222711
0.000931509
0.00167404
0.000848283
0.0116242
0.00147805
0.00086825
0.00137359
0.00328127
0.00134385
0.0021077
0.000905232
0.00152091
0.00123568
0.00193221
0.000949042
0.00139425
0.000650429
0.00109824
0.000765656
0.00242484
0.00250279
0.00129912
0.0340634
0.00130028
0.00231775
0.00174573
0.00592738
0.00174394
0.00136137
0.00141356
0.00222855
0.00149076
0.00124055
0.00493112
0.0298538
0.00154878
0.000754716
0.00537707
0.00115377
0.00375127
0.00152295
0.00281474
0.00217601
0.000371276
0.00137027
0.0012315
0.0057138
0.00315166
0.00835431
0.00201273
0.00147421
0.00142898
0.00196909
0.00251183
0.000776248
0.00184708
0.00130385
0.00377183
0.00183089
0.0011639
0.00160611
0.0013237
0.00175723
0.00150908
0.00104693
0.00669328
0.00213028
0.00145696
0.00180428
0.00150108
0.00105247
0.00206362
0.00288536
0.00198981
0.00167895
0.00220509
0.00108667
0.00130575
0.00276584
0.00110186
0.000640278
0.00174851
0.00106324
0.00171504
0.00145577
0.00150652
0.00122353
0.0011852
0.0019859
0.00102871
0.00291444
0.00625668
0.00269486
0.00145634
0.00110051
0.00821456
0.00193764
0.00451435
0.00103381
0.000825715
0.002402
0.0035501
0.00376975
0.00142496
0.00188785
0.00145282
0.000754281
0.00115222
0.00220305
0.00182471
0.00206536
0.00277089
0.00260595
0.0030875
0.0109701
0.00137837
0.00171389
0.00138487
0.00190114
0.00135449
0.000908936
0.00121195
0.00205142
0.000857444
0.00167367
0.0027854
0.00208323
0.0503611
0.00234531
0.0014727
0.00220144
0.00203562
0.00128659
0.00206942
0.00348731
0.00248102
0.000888596
0.00146748
0.000885772
0.000472911
0.0037146
0.00122186
0.0020427
0.0196941
0.0014452
0.00233092
0.00122126
0.00107141
0.00394456
0.00107526
0.00490553
0.00130306
0.00223871
0.00342719
0.00774945
0.00140839
0.0020429
0.00106941
0.000635547
0.00120392
0.000771736
0.00250918
0.00116248
0.00266461
0.0025454
0.00149994
0.00286226
0.000424746
0.00177381
0.00344115
0.00127794
0.00215055
0.00237579
0.00173733
0.0270927
0.00152152
0.00115436
0.00114084
0.00120007
0.00100098
0.00169063
0.00163941
0.00083885
0.0018021
0.00127765
0.00159807
0.00122009
0.00338693
0.00137618
0.000544024
0.00104875
0.00189775
0.00163123
0.00240147
0.00307887
0.0013215
0.00141894
0.0012364
0.00154955
0.00230726
0.000735577
0.00218943
0.00207751
0.00124416
0.00118909
0.00170355
0.002218
0.0011248
0.00139855
0.000456511
0.000633577
0.000839429
0.000757056
0.00136099
0.00172644
0.0014327
0.00171033
0.00107449
0.0022116
0.00175531
0.000753144
0.00256872
0.00189804
0.00210869
0.00234368
0.00188511
0.00107182
0.000609981
0.00124464
0.00141555
0.00437065
0.0019553
0.00284728
0.00250438
0.00272367
0.00207784
0.00152626
0.00159599
0.00237539
0.00261904
0.00157226
0.00293138
0.00134477
0.00206622
0.00115322
0.00285726
0.00108606
0.00111282
0.00205559
0.00101215
0.00113794
0.00114915
0.0012602
0.0017561
0.00141227
0.00220832
0.00199442
0.0075944
0.0033323
0.000980588
0.00149269
0.00185215
0.00154192
0.00304728
0.00175497
0.00186955
0.000923789
0.00108484
0.00318286
0.00803481
0.00106195
0.00116657
0.00153844
0.00165624
0.00142585
0.00130874
0.00144697
0.00208704
0.00153747
0.000864882
0.00198198
0.00172068
0.00104513
0.00187667
0.00191256
0.00286868
0.00421847
0.00178636
0.000882481
0.00114178
0.00134633
0.00208578
0.00307187
0.000883155
0.00196724
0.00176784
0.00208929
0.00214632
0.000928165
0.00137539
0.00287794
0.0013214
0.0020727
0.00129776
0.000988733
0.00188573
0.00119212
0.00173963
0.00179592
0.00120427
0.00114015
0.000374884
0.00167362
0.0223301
0.00225423
0.000562217
0.00235049
0.00108636
0.00192293
0.00150212
0.00118707
0.000890142
0.0010062
0.0015561
0.00388825
0.00156174
0.00128321
0.00143739
0.00146994
0.00112682
0.0995711
0.0026945
0.00179404
0.00164702
0.00301093
0.00178674
0.00212798
0.00261748
0.00154794
0.00186246
0.00145727
0.00380288
0.00121858
0.00123006
0.00259011
0.00183586
0.00205354
0.0115909
0.00132611
0.00242518
0.00240364
0.0021512
0.00520406
0.00140556
0.00145616
0.00574349
0.000945362
0.00194984
0.00349448
0.00516269
0.00112092
0.00122953
0.00152179
0.00268926
0.00221743
0.00148443
0.00248839
0.00169973
0.00532286
0.0018545
0.00107273
0.00100767
0.00149754
0.00210663
0.00260605
0.16045
0.00084601
0.00137341
0.0018371
0.00201303
0.00130562
0.00346311
0.00144118
0.000760352
0.000565966
0.00464265
0.00156154
0.00474108
0.0015826
0.00175028
0.00177747
0.00393414
0.000667923
0.000817257
0.00999451
0.00146581
0.00123598
0.0125388
0.00306722
0.00295776
0.0104027
0.00155063
0.00136638
0.00115472
0.000921292
0.00146098
0.00108344
0.000816527
0.00116369
0.00176654
0.00580163
0.000896888
0.0021601
0.00187808
0.00215071
0.00107634
0.00183031
0.00236433
0.0027948
0.00121493
0.00272698
0.00351667
0.00302269
0.00118935
0.00949915
0.000750335
0.00448517
0.00132469
0.00128559
0.0014833
0.00208221
0.00196733
0.00173768
0.000538761
0.00112067
0.000712915
0.00263679
0.00305298
0.00165668
0.00424018
0.00300678
0.00141554
0.000959164
0.0010312
0.00148715
0.00304217
0.000618766
0.00224948
0.00116227
0.00104317
0.00223218
0.00755833
0.0129034
0.00120801
0.00134696
0.00132466
0.00305318
0.00209014
0.00174305
0.00157596
0.00205312
0.00131298
0.00240983
0.00398854
0.00209159
0.00117485
0.00166112
0.00194869
0.000433852
0.0018383
0.00260087
0.00426645
0.00171058
0.00170233
0.00223589
0.00130183
0.00183588
0.00217775
0.00132134
0.0027643
0.00246805
0.0030078
0.00355039
0.00131582
0.0103887
0.000596343
0.00311673
0.00143175
0.00552956
0.000786303
0.00259564
0.00127257
0.00162545
0.00398229
0.00226852
0.00179235
0.00222886
0.000624279
0.0010712
0.00228434
0.00255867
0.00158779
0.000766392
0.001968
0.000989881
0.00121221
0.00106129
0.0015031
0.00144908
0.000714396
0.00320341
0.00179609
0.00115141
0.00144201
0.00198753
0.00108757
0.0012254
0.00108638
0.00246886
0.00262935
0.00152244
0.00154811
0.00129246
0.00388936
0.00283835
0.00761186
0.00276205
0.00141629
0.00145606
0.00140839
0.00143206
0.0136908
0.00156225
0.00101053
0.00121455
0.00697156
0.00147043
0.00181199
0.00167913
0.00126397
0.00501716
0.00171241
0.00182404
0.00494914
0.00140899
0.000853706
0.00190861
0.00167136
0.000979427
0.00198804
0.00146181
0.00119304
0.00240557
0.00150735
0.00144663
0.00184625
0.00165166
0.00193387
0.0164505
0.00130565
0.00114774
0.00277707
0.00127391
0.00515353
0.000633993
0.00162978
0.00177593
0.014843
0.00147163
0.000371122
0.00221631
0.00179472
0.00141058
0.00152441
0.00152129
0.000708949
0.000879984
0.00104151
0.0095623
0.00188443
0.00126817
0.00149749
0.00128694
0.00166892
0.00180265
0.00157828
0.00155391
0.0012826
0.0022196
0.00112288
0.00274514
0.00132527
0.000527058
0.00150628
0.00114599
0.00225572
0.00356551
0.008423
0.0011797
0.00257266
0.00129863
0.00365879
0.00114249
0.00134407
0.00373863
0.0018206
0.00134812
0.00128339
0.00139923
0.000987459
0.00573765
0.00098309
0.00122127
0.00174644
0.00324091
0.00238939
0.00226348
0.00229224
0.00107898
0.00154491
0.00181336
0.00204619
0.0311398
0.00138322
0.00136206
0.00198678
0.000873217
0.00256746
0.00256624
0.000535403
0.000391333
0.00303608
0.00276184
0.00350614
0.00118756
0.00134463
0.00197268
0.00189624
0.0022614
0.00169597
0.00203805
0.00168827
0.00132013
0.000899271
0.002153
0.000744649
0.00175391
0.0016958
0.0013312
0.00124022
0.00382381
0.000941823
0.00464134
0.00240841
0.00124082
0.00149408
0.00200056
0.000927113
0.00125601
0.00275512
0.00184196
0.000996672
0.00245388
0.00546078
0.00131676
0.000569198
0.00135486
0.001435
0.00140731
0.0056087
0.00570867
0.00164383
0.000991647
0.000369649
0.00161115
0.00118427
0.00430995
0.00138256
0.00178594
0.00155144
0.00160298
0.000889718
0.00277178
0.00154592
0.00374783
0.0559007
0.00550102
0.00141548
0.00277495
0.00136066
0.00220629
0.002144
0.0197573
0.000808471
0.00352196
0.00184073
0.001682
0.00177472
0.00244473
0.00188038
0.00347618
0.00163051
0.00174869
0.000874218
0.00186835
0.00199557
0.000985083
0.00205075
0.00220253
0.0010931
0.00134348
0.0015192
0.00235657
0.00219278
0.00180055
0.00258628
0.00165445
0.00196309
0.00151526
0.0084118
0.00614491
0.00172045
0.00293777
0.00111281
0.00178592
0.000994899
0.00165099
0.00451846
0.00163605
0.00155439
0.00116379
0.00219864
0.00321549
0.00188355
0.00149198
0.000879337
0.00154032
0.00132579
0.00211339
0.00154994
0.000999292
0.000568498
0.00141086
0.000936344
0.00180659
0.00406247
0.00105118
0.00192952
0.00476621
0.0020587
0.00279026
0.00151908
0.00541191
0.00157548
0.0014155
0.000377347
0.0022372
0.00149691
0.0015968
0.0018088
0.00504316
0.00178017
0.00716128
0.00189037
0.00140357
0.024434
0.00352926
0.00217607
0.00225128
0.00097932
0.0016623
0.00151156
0.0322644
0.00177271
0.00175848
0.00185222
0.00102156
0.00192648
0.00138357
0.00949483
0.00089275
0.00252231
0.00194724
0.0022698
0.00355505
0.00293734
0.00169832
0.00114928
0.00158321
0.00102839
0.00310893
0.00226421
0.00212306
0.00166137
0.00129316
0.00152992
0.000565304
0.00517446
0.00164803
0.00118561
0.000661767
0.00198401
0.00191531
0.000869171
0.0015699
0.00210271
0.00127074
0.00113506
0.00147037
0.00205565
0.00114635
0.00205197
0.00132989
0.00262125
0.0019514
0.00130153
0.00154793
0.000740612
0.00210642
0.00189564
0.000415232
0.00196769
0.00225853
0.00221838
0.00134258
0.0022454
0.00271509
0.00146811
0.00115271
0.00236166
0.00155248
0.00211965
0.00120072
0.00213594
0.00167527
0.00470468
0.00153239
0.00116196
0.00187642
0.00210074
0.00162395
0.000928124
0.00152411
0.00180424
0.000739161
0.00278213
0.00135718
0.00279822
0.00182044
0.00140267
0.00444068
0.00487974
0.00987507
0.00237595
0.00146796
0.00148194
0.00162239
0.00175511
0.00150136
0.00544935
0.0020816
0.0018303
0.00141283
0.00110962
0.00116478
0.00145352
0.00120801
0.00111932
0.00263746
0.00225177
0.00369014
0.00343686
0.00177459
0.00163332
0.00338121
0.00235033
0.00216907
0.00103109
0.000980796
0.00142147
0.00191163
0.00134449
0.00138762
0.00332096
0.00121898
0.00119219
0.00156111
0.00213813
0.00247621
0.00232418
0.00104814
0.00146506
0.00173094
0.000933789
0.000795926
0.00586563
0.00176899
0.00128615
0.00191934
0.00192208
0.00158126
0.00357093
0.00171166
0.00199525
0.00111149
0.00145143
0.00247206
0.00163406
0.00248273
0.00810251
0.00131998
0.00270544
0.00148107
0.0027678
0.00277916
0.00174028
0.00120163
0.00409507
0.00183933
0.00134651
0.000883917
0.00528751
0.00335112
0.00287399
0.00452865
0.00160142
0.000915705
0.00192241
0.00176971
0.0025221
0.0014703
0.00208739
0.00135748
0.00196396
0.00146151
0.00200699
0.00238128
0.00210317
0.000869784
0.0022688
0.00143036
0.00821988
0.00225849
0.00265663
0.00124716
0.00136879
0.00207791
0.00155704
0.00121019
0.00141601
0.00202094
0.0119607
0.00108616
0.00282073
0.00128008
0.00797797
0.00103971
0.00191427
0.00173698
0.00167683
0.00102587
0.00188226
0.00183973
0.00262465
0.00198929
0.00172028
0.00142181
0.00254897
0.00192161
0.00742675
0.00160081
0.00338389
0.000844323
0.00164823
0.00659536
0.00138064
0.000965795
0.0367901
0.00108712
0.00251458
0.00145227
0.00149274
0.000929709
0.0010168
0.00130548
0.00165502
0.00305132
0.00139581
0.00154695
0.001066
0.00254733
0.00199288
0.00161147
0.00175035
0.00105044
0.00208635
0.01362
0.00231348
0.00209661
0.00250986
0.000915145
0.00127255
0.00307537
0.00431711
0.00132256
0.0010375
0.00186286
0.00841071
0.00144148
0.00160777
0.00274499
0.00207509
0.00137093
0.00250219
0.000612936
0.00147092
0.000637162
0.00112741
0.00451427
0.003073
0.00209372
0.00136794
0.00181115
0.00147064
0.000754671
0.0028574
0.00149654
0.00295664
0.00135926
0.00104949
0.0016081
0.000885621
0.00158733
0.00252914
0.00081452
0.00294273
0.00140317
0.00234899
0.00117252
0.000626397
0.00072784
0.00287326
0.00150394
0.00306319
0.00108187
0.00468228
0.000776119
0.00213033
0.00163607
0.00137361
0.000905757
0.00227979
0.00235187
0.00222071
0.00155133
0.00081645
0.00160504
0.000908116
0.000923389
0.00427584
0.00169687
0.0024646
0.00155469
0.00195245
0.00266315
0.00159951
0.00211606
0.00212778
0.000940308
0.000924397
0.00226947
0.00103223
0.000973447
0.00068671
0.00147806
0.00176905
0.00305767
0.0025184
0.000908142
0.00215221
0.00106171
0.0015608
0.00175456
0.00169429
0.00194591
0.000783013
0.000667125
0.00245144
0.00149241
0.00185394
0.00242023
0.00123598
0.00316249
0.00121974
0.00289284
0.0028797
0.0010102
0.00124031
0.00176276
0.00152931
0.000883388
0.00206548
0.00239135
0.00218614
0.00202044
0.00115045
0.00208298
0.00154998
0.00206965
0.000697602
0.000847727
0.00435022
0.00200842
0.00188458
0.00366665
0.00251081
0.00157599
0.00349947
0.00183215
0.00111264
0.000790762
0.0020102
0.000562048
0.00217898
0.00149117
0.00341184
0.00182511
0.00182316
0.00125464
0.018125
0.00121271
0.00210455
0.00102748
0.00123317
0.00129451
0.00154167
0.0111523
0.00116594
0.00250032
0.00293803
0.00182291
0.00109224
0.00100913
0.00163903
0.00207025
0.00392609
0.00114243
0.00154234
0.00256427
0.00155541
0.00293879
0.0014181
0.00272973
0.0374091
0.00549494
0.00153601
0.000545476
0.00700847
0.0248392
0.00142427
0.00188924
0.00188408
0.00163906
0.0169301
0.00254939
0.00809303
0.00187584
0.00264793
0.0028919
0.00266028
0.00131891
0.00203475
0.00158874
0.00110378
0.00865343
0.000983282
0.00194887
0.0021535
0.000906705
0.00217399
0.000690086
0.00245339
0.00106583
0.00162385
0.00193338
0.00123203
0.00156051
0.00198552
0.00101156
0.00262698
0.00132001
0.00322446
0.00228537
0.0044105
0.000844468
0.000781177
0.00139205
0.00213792
0.00084888
0.00189495
0.00157421
0.00121056
0.0032858
0.00142726
0.0019199
0.0028148
0.00226051
0.00153634
0.00145169
0.00253551
0.00108825
0.00269157
0.0136772
0.00143586
0.00127533
0.0020548
0.00304523
0.00130643
0.0010162
0.00665363
0.0015075
0.00141291
0.00127371
0.00139868
0.00148381
0.000266675
0.0022238
0.0014758
0.00120531
0.000952783
0.00215764
0.00226736
0.000985445
0.000660722
0.00203733
0.00178238
0.00156494
0.00112895
0.00214013
0.00228332
0.000944744
0.000918193
0.0016128
0.000548811
0.00117638
0.000432751
0.00133137
0.00147551
0.0015829
0.00302874
0.00134758
0.00190514
0.00116457
0.00281526
0.0169416
0.00187404
0.00102651
0.0226418
0.00153772
0.00156878
0.00102607
0.00229672
0.00104362
0.000991572
0.00154905
0.00101845
0.00311977
0.000906056
0.0020883
0.00126265
0.00203589
0.00203704
0.00255774
0.001176
0.00182813
0.00169966
0.000996622
0.0117724
0.00103018
0.000909199
0.00172946
0.00160341
0.00319341
0.00133792
0.000721663
0.00131777
0.00214341
0.00330211
0.00165164
0.0118639
0.00097514
0.00186762
0.00189757
0.00152627
0.00101227
0.00186105
0.000833519
0.00137611
0.00225391
0.00212413
0.000990077
0.00117384
0.00252255
0.0010027
0.00543813
0.00205488
0.00799844
0.0133159
0.00122397
0.00244439
0.00118337
0.0023533
0.00129193
0.00303974
0.000863406
0.00144801
0.000894279
0.00187189
0.00157542
0.0224881
0.0016422
0.00117013
0.00127926
0.00112952
0.00137029
0.00107797
0.00243557
0.00188041
0.00652244
0.00778695
0.00117043
0.00230631
0.000924366
0.00124508
0.00196403
0.000710586
0.00300984
0.0014906
0.00196753
0.00216463
0.00131667
0.00156036
0.00259901
0.00154132
0.24015
0.0016775
0.000957301
0.00194422
0.0107862
0.00268682
0.00246553
0.00221195
0.000282206
0.00385021
0.00206194
0.00142318
0.000387563
0.00405614
0.000732102
0.000623706
0.00120035
0.00379019
0.00193604
0.00121192
0.0012591
0.00132767
0.00209048
0.00180702
0.00161656
0.00281385
0.00137216
0.00111456
0.00273615
0.00166382
0.00110849
0.00111736
0.00161068
0.00137803
0.000693834
0.00137134
0.0015279
0.00204445
0.00131489
0.000870575
0.00105383
0.0022978
0.00192654
0.00133801
0.0010847
0.00146233
0.00184459
0.00415848
0.0025914
0.0261662
0.00128224
0.0018145
0.00137561
0.00136802
0.000905645
0.00229298
0.00155389
0.000476257
0.00149638
0.00270355
0.00582475
0.00270173
0.00427687
0.00179606
0.00816119
0.0018724
0.00277982
0.00131791
0.000949353
0.00108515
0.00725229
0.00112221
0.00122393
0.00534294
0.00155483
0.00127261
0.00237396
0.00127023
0.00119372
0.00261889
0.00197742
0.00193703
0.00283503
0.00067751
0.00165758
0.00208935
0.00112954
0.00483675
0.00109307
0.00178714
0.00385274
0.00181192
0.00162787
0.00200841
0.000800472
0.00130889
0.00306347
0.00304487
0.00044916
0.000928566
0.00157615
0.00128159
0.00105909
0.00229799
0.00116926
0.00342775
0.00159578
0.00159629
0.00164567
0.00171896
0.00125481
0.00162982
0.00141638
0.0476084
0.00401167
0.00161038
0.00300159
0.00139216
0.00318381
0.00333298
0.00507838
0.0015741
0.00277963
0.000597088
0.00175199
0.00115893
0.00152653
0.00459451
0.000633591
0.000490082
0.00159065
0.00188231
0.00222046
0.00172213
0.00155972
0.00197606
0.0016136
0.00222586
0.00119912
0.00162618
0.00125427
0.00185147
0.00107559
0.000862381
0.00169302
0.00258826
0.0017805
0.00228144
0.00226272
0.00111213
0.000919666
0.00240688
0.000403724
0.0027946
0.00260133
0.0178143
0.00137977
0.00105479
0.00201119
0.00228049
0.0011194
0.000612727
0.00525942
0.000816432
0.0020751
0.00108229
0.00164728
0.00163706
0.00734172
0.000962973
0.00569696
0.00109434
0.00207689
0.0039931
0.00211552
0.00121608
0.00159954
0.000934685
0.00201429
0.00151892
0.0152879
0.00146782
0.00126845
0.00235233
0.000518178
0.00133693
0.00174293
0.00154393
0.00245682
0.00138897
0.00294977
0.00144416
0.00170946
0.00136857
0.00322379
0.00265017
0.00163374
0.00156538
0.00182689
0.00206922
0.00130274
0.000616545
0.00184906
0.00102523
0.000846452
0.000980185
0.000933498
0.00188662
0.00469216
0.00146128
0.00307901
0.000560886
0.0014171
0.00177161
0.00162618
0.000752931
0.0023751
0.00144945
0.00174363
0.0038992
0.0206445
0.00157742
0.000873127
0.001765
0.00383254
0.00138787
0.00128261
0.00114573
0.00149158
0.00181606
0.00117759
0.00200182
0.00125793
0.00193809
0.000860678
0.00174385
0.00182265
0.0019746
0.00302511
0.00109225
0.00546786
0.00168101
0.00117455
0.000931261
0.00243745
0.00116189
0.00204137
0.00123527
0.00149776
0.000479641
0.00136757
0.00243644
0.00198829
0.00374018
0.00187912
0.000617285
0.00213074
0.00134231
0.00113399
0.00151381
0.00131139
0.000862206
0.000714793
0.000384282
0.00196434
0.000792205
0.00146689
0.00600755
0.000877144
0.00206938
0.00575295
0.00118992
0.00209939
0.00217478
0.00196985
0.00172291
0.00144431
0.0016538
0.00210024
0.00263974
0.00147312
0.000967942
0.00133116
0.000909817
0.00219952
0.00111942
0.00241465
0.00186692
0.00149326
0.00157994
0.000763266
0.00179979
0.0027654
0.00182988
0.00104328
0.00231681
0.00140521
0.00177698
0.00117889
0.00281608
0.00175533
0.000951128
0.00157593
0.00157022
0.00217686
0.000802481
0.00204286
0.00589302
0.00193562
0.00128194
0.00263803
0.000788555
0.000662465
0.0027713
0.00138115
0.00133487
0.00118096
0.00258685
0.00187436
0.00307613
0.00198962
0.00155759
0.000535914
0.00215717
0.00182856
0.00325982
0.0014401
0.00200457
0.000802771
0.00202281
0.00195832
0.00337886
0.00178357
0.00204161
0.0011003
0.00146157
0.00201542
0.00104873
0.00137298
0.000785094
0.000953895
0.00135525
0.000943428
0.00156224
0.00207316
0.000978215
0.000432027
0.0020753
0.00367581
0.00159983
0.00169934
0.000807818
0.00290633
0.00191074
0.00197193
0.00100422
0.00150134
0.00145574
0.00140054
0.00226989
0.00161271
0.00111372
0.00232295
0.00258179
0.00127671
0.00105437
0.00108871
0.00134217
0.00519496
0.00179539
0.00139461
0.00218809
0.000959168
0.00129094
0.00165557
0.00331072
0.000852318
0.000997933
0.00113364
0.00172869
0.000432136
0.000885409
0.00125925
0.00172803
0.00148566
0.00279992
0.0021471
0.00213465
0.0024281
0.00276947
0.00172556
0.000753109
0.00157721
0.00210968
0.00886652
0.00225294
0.00120671
0.000926666
0.00342695
0.00191274
0.00109076
0.00206207
0.00162464
0.00251836
0.00135028
0.00244179
0.00176211
0.00108954
0.00197359
0.0108052
0.00338202
0.002415
0.0035525
0.00224691
0.000999725
0.00650897
0.000907049
0.0018845
0.0010954
0.00128276
0.00191884
0.00155021
0.00137909
0.00207184
0.00772701
0.00288076
0.00185208
0.00182741
0.00159896
0.00160595
0.00385773
0.00172906
0.00175684
0.00257622
0.00127486
0.00178393
0.000922191
0.00331459
0.00124912
0.0010674
0.00191393
0.00147491
0.00150516
0.00277552
0.00114883
0.00117328
0.00126085
0.00120907
0.00133485
0.00275383
0.00201063
0.00186328
0.00202267
0.00116898
0.00141635
0.0017709
0.00126563
0.00144031
0.0019169
0.00166542
0.00204891
0.000984831
0.0019469
0.00405863
0.00096518
0.00121665
0.0019312
0.00976256
0.00276126
0.00113437
0.00142176
0.000865885
0.00134281
0.00117042
0.00246138
0.000721773
0.00182962
0.00129044
0.000889076
0.00145621
0.00109901
0.00160022
0.00127833
0.00119855
0.0144269
0.0013628
0.00136127
0.00296991
0.00636741
0.00127806
0.000888632
0.000932576
0.00231336
0.00202217
0.00168837
0.00541941
0.00215481
0.00284763
0.00382925
0.0102643
0.00166803
0.00135167
0.00221087
0.00118621
0.00173561
0.00266441
0.00145599
0.00225658
0.00383614
0.00438642
0.00108504
0.00168578
0.00112074
0.00182601
0.00143657
0.00166901
0.120582
0.00225589
0.00901833
0.000340385
0.000972118
0.00289966
0.0127421
0.00197021
0.00155195
0.00297527
0.00206776
0.00197478
0.00108828
0.00639481
0.00241415
0.00139586
0.0022224
0.00538721
0.000864303
0.0559172
0.00540313
0.00246722
0.00120042
0.00180459
0.0022323
0.00255119
0.00352193
0.00053933
0.00197347
0.0026033
0.00236226
0.00275936
0.00581003
0.00283237
0.00173577
0.00236419
0.00213727
0.00375613
0.002578
0.00120947
0.00152459
0.0016449
0.00275379
0.00157594
0.00209662
0.00206601
0.00112227
0.000940828
0.00167313
0.00175219
0.00156221
0.000728317
0.00156438
0.00162709
0.00116115
0.00164491
0.00159581
0.00186946
0.00144859
0.00211737
0.00137335
0.00165991
0.00193871
0.00534519
0.00172403
0.000803628
0.00224511
0.00221839
0.00237374
0.00181223
0.000877644
0.00182713
0.00155723
0.00196709
0.00114593
0.000995277
0.00375249
0.00153971
0.00121708
0.00193394
0.00180319
0.00256012
0.000667196
0.00603801
0.00163617
0.000807988
0.00128375
0.00191001
0.00607828
0.00278716
0.00121142
0.00100164
0.00151377
0.00157327
0.00102479
0.00114996
0.00943248
0.00119972
0.0014623
0.00363048
0.00116051
0.00458805
0.0014663
0.00184513
0.00146751
0.00436193
0.003089
0.00148674
0.00195848
0.00192515
0.00248002
0.00293642
0.00082043
0.00161752
0.00109589
0.00192168
0.00193174
0.00130151
0.00166211
0.00703117
0.00169088
0.0027079
0.00527701
0.000779343
0.0016437
0.0126119
0.000940909
0.0017909
0.00126228
0.00226226
0.00762135
0.00252127
0.00137031
0.00204647
0.000968156
0.00515566
0.00441617
0.00327305
0.00132191
0.0019277
0.00110862
0.000446546
0.0127435
0.00162606
0.00167699
0.00312706
0.00154339
0.00139821
0.00403065
0.0020315
0.00188502
0.0019413
0.00151702
0.00250139
0.0018847
0.0014154
0.00165885
0.00118805
0.00130987
0.00145939
0.00255008
0.002068
0.00110374
0.00100487
0.00633117
0.00234076
0.00178888
0.00233274
0.000823899
0.00169135
0.000421821
0.00135006
0.00170072
0.00255628
0.00160324
0.00293847
0.00321434
0.0047617
0.000641937
0.00131067
0.000897493
0.000842604
0.00127017
0.00216192
0.000598084
0.00169736
0.00202808
0.00167782
0.00208269
0.00222948
0.00168993
0.00279431
0.000598913
0.00154147
0.000688289
0.00164088
0.00143477
0.00387656
0.00134319
0.00112663
0.00115653
0.00223183
0.00220708
0.00237202
0.00142116
0.00115971
0.00186461
0.00124881
0.00123957
0.00169859
0.0021218
0.00177999
0.0028965
0.002047
0.000992173
0.000972085
0.000995764
0.00109178
0.00234634
0.00169016
0.00110647
0.00144519
0.00106661
0.00136399
0.00567406
0.0014537
0.00126389
0.00178592
0.00201828
0.00332731
0.00109909
0.000720992
0.000538703
0.00271129
0.00153824
0.0186716
0.00241897
0.00168822
0.00288509
0.00383133
0.00208405
0.00160341
0.00156964
0.00433417
0.0016012
0.00193952
0.00209736
0.00244913
0.00195413
0.00130223
0.0015812
0.00317028
0.00191178
0.00297195
0.00431163
0.00149976
0.00141643
0.00107833
0.00281643
0.0017202
0.00204641
0.00120535
0.00159665
0.00133804
0.0010232
0.00283039
0.00239147
0.00259497
0.00229577
0.00237805
0.00120678
0.00108707
0.00144732
0.00160696
0.00121298
0.000954792
0.00119704
0.00213534
0.00135923
0.00126577
0.00242813
0.00106175
0.00449724
0.00190132
0.00133825
0.00280943
0.00121506
0.00101316
0.00295043
0.00236551
0.00246307
0.0026952
0.00124001
0.00146317
0.0102146
0.005383
0.00180677
0.00111749
0.00431353
0.00180858
0.00432061
0.0013898
0.00453261
0.00128184
0.0013852
0.00128768
0.00223864
0.00245575
0.000503908
0.00298295
0.00155894
0.0028361
0.0014778
0.00133255
0.00162579
0.00148115
0.00160392
0.00105691
0.000898439
0.00231073
0.00292091
0.00296466
0.000867585
0.00152356
0.00259975
0.000829251
0.00283823
0.00182996
0.00461182
0.0017474
0.00217122
0.00309213
0.00207413
0.000855778
0.0015141
0.00134376
0.00221078
0.00198779
0.00115204
0.001336
0.00100048
0.00143223
0.000681408
0.00172636
0.00130408
0.00223183
0.00221308
0.00132745
0.00203806
0.00630896
0.00121929
0.00144706
0.00134225
0.00586437
0.00205799
0.00176195
0.000876233
0.00325432
0.00106734
0.00378323
0.00108125
0.00718709
0.000919777
0.00192858
0.0159064
0.0014219
0.00133711
0.00133719
0.00102104
0.00142022
0.0025325
0.00152929
0.00317261
0.00200401
0.00196344
0.00203997
0.00197296
0.00399391
0.00244521
0.00128074
0.0025637
0.00435665
0.000823345
0.00120207
0.00121104
0.00183715
0.00896795
0.0013764
0.00129914
0
0.00421716
0.00499787
0.00180309
0.00262479
0.00190182
0.0019198
0.00226837
0.00196401
0.0022741
0.00224377
0.0019152
0.00116305
0.0049853
0.000727132
0.00076685
0.00159209
0.00192693
0.00154467
0.0014397
0.00200659
0.0012956
0.00181573
0.00469855
0.00100355
0.00142969
0.00514151
0.00271764
0.000969621
0.00178665
0.000887216
0.00420639
0.00131521
0.00267998
0.00223124
0.0011138
0.00166489
0.00117529
0.00227463
0.00198367
0.00169012
0.00540363
0.00283255
0.00389822
0.00244717
0.00142743
0.00176894
0.00150215
0.00272558
0.000677509
0.00181649
0.00190567
0.00171451
0.00536797
0.00272116
0.00530359
0.00318046
0.00126034
0.00520951
0.00102083
0.00122876
0.00271385
0.00217884
0.000971334
0.00207608
0.00429643
0.000854999
0.00351663
0.00161566
0.00104679
0.00330727
0.00879054
0.0027352
0.00256979
0.00258255
0.00089824
0.000375245
0.00160267
0.00245887
0.00185092
0.00498984
0.000950737
0.001269
0.00177641
0.000840185
0.00131893
0.00159529
0.00246162
0.0046715
0.0010523
0.00634571
0.00120589
0.0026882
0.00161129
0.0035094
0.00193271
0.00252272
0.0025069
0.00354866
0.00314419
0.00132606
0.0027564
0.000741552
0.00155077
0.00106679
0.00155072
0.00329846
0.00107937
0.00251704
0.000718945
0.00114904
0.00100174
0.00189928
0.00528102
0.0018309
0.00110434
0.00199157
0.005799
0.00183859
0.000924618
0.00198675
0.00435325
0.00250921
0.00191379
0.0016427
0.00200345
0.000985906
0.00176781
0.00159365
0.00136303
0.0025471
0.00301893
0.00165618
0.000861727
0.000789268
0.00227304
0.00542343
0.000821019
0.00155437
0.00350463
0.00529559
0.00103224
0.00299615
0.00382885
0.00116299
0.00217992
0.00275485
0.000382951
0.00108153
0.00229839
0.00269454
0.000932625
0.00524472
0.00104486
0.00137868
0.00097506
0.00328473
0.000969876
0.00161711
0.00318284
0.00120357
0.00462941
0.00161392
0.00180426
0.000701834
0.00275824
0.00149879
0.000863922
0.00600217
0.000763184
0.00346584
0.00318728
0.00341748
0.00116003
0.00198684
0.00214379
0.0014946
0.00211569
0.00119392
0.00155538
0.000936618
0.00169289
0.00322095
0.00104406
0.00136704
0.00146559
0.000748492
0.00136948
0.00108297
0.00148609
0.002646
0.00110352
0.00149499
0.00101223
0.000480357
0.00200935
0.00145077
0.00148058
0.00161061
0.00125546
0.000860551
0.00135727
0.000737306
0.00599551
0.00302439
0.002386
0.00120611
0.00387864
0.0018504
0.00124341
0.00169931
0.002158
0.00340864
0.0122389
0.00125643
0.00188358
0.00108524
0.000544491
0.00170058
0.00129688
0.00235511
0.0020028
0.00387619
0.00101489
0.00172063
0.00107071
0.00296853
0.000911396
0.00179975
0.00540379
0.00148815
0.0010103
0.00108876
0.0024367
0.0102026
0.0021153
0.00378674
0.00150057
0.00324623
0.00113823
0.000604132
0.00131939
0.00230767
0.0054554
0.00151324
0.00164362
0.00273598
0.000998626
0.00312661
0.00235904
0.0021812
0.0025299
0.00158054
0.00144471
0.00110598
0.00298487
0.000879214
0.00121253
0.00129046
0.00137137
0.00114393
0.00236976
0.000675394
0.00133815
0.00153997
0.00134571
0.00394438
0.00229186
0.00587588
0.00310922
0.00038371
0.00212592
0.00177922
0.00105886
0.00272659
0.00365297
0.00201441
0.00380999
0.00137685
0.00124659
0.000860505
0.00430775
0.00153771
0.00282875
0.00143687
0.00174853
0.00112055
0.00331735
0.00158535
0.00182021
0.0116456
0.00130993
0.00206349
0.00189327
0.00489022
0.00102809
0.00185237
0.00603439
0.00195257
0.00135312
0.00354942
0.00158864
0.000779395
0.000483753
0.00264569
0.000907867
0.00629593
0.00136332
0.00118079
0.001843
0.000912043
0.00278928
0.00156667
0.000591038
0.00281551
0.000326829
0.00278848
0.00163533
0.00688636
0.0059218
0.0019237
0.00216872
0.00120085
0.000761634
0.00276993
0.00184016
0.00190476
0.00214147
0.00211512
0.000583093
0.00361292
0.00163658
0.00531914
0.00142856
0.0010023
0.00182796
0.000713399
0.00233157
0.00456759
0.00186075
0.0015971
0.00170844
0.00279953
0.00138216
0.00163059
0.00206719
0.00108255
0.00885034
0.00376531
0.00214004
0.00224325
0.00165959
0.00176872
0.00163987
0.0015155
0.00187829
0.000832798
0.00159905
0.00972763
0.00221136
0.00155119
0.00123912
0.00264215
0.00134475
0.00151796
0.00195045
0.00129221
0.00285451
0.000444995
0.00154977
0.0012345
0.00591473
0.00359332
0.00166909
0.00473644
0.00167583
0.00135495
0.00483035
0.00224438
0.000494117
0.00240539
0.00109775
0.00672732
0.00281309
0.00172962
0.00165655
0.000830609
0.00611865
0.000441649
0.00190303
0.00364132
0.00394826
0.0010718
0.00158538
0.0047798
0.00210796
0.00132874
0.00123355
0.00209455
0.00145792
0.00320705
0.00258713
0.00277826
0.00213213
0.00131376
0.00109427
0.00401135
0.00142742
0.00118055
0.000938291
0.00174068
0.00187735
0.00177708
0.00209849
0.00232752
0.00124668
0.0145535
0.0027074
0.00222436
0.00224336
0.000986209
0.00290512
0.00475583
0.0022965
0.00154698
0.00207324
0.000987799
0.00160722
0.00129356
0.00217509
0.00200016
0.000883643
0.00194391
0.00145235
0.00196379
0.00158642
0.00509043
0.00190562
0.00114315
0.00243089
0.000995307
0.00778318
0.00246912
0.00347247
0.00199437
0.00108165
0.00267947
0.00154031
0.00301311
0.0023859
0.0038733
0.00505637
0.00149698
0.00166884
0.00241035
0.000956925
0.00303829
0.00172725
0.00157688
0.00168825
0.00206664
0.00209099
0.00111442
0.000946286
0.00181517
0.00148329
0.00181026
0.000868128
0.00105716
0.0011688
0.00399886
0.00291616
0.0021983
0.00175582
0.00133123
0.00173126
0.00330767
0.00187035
0.00141022
0.00203478
0.00136769
0.00152819
0.00211049
0.00177425
0.00174219
0.00241453
0.00174846
0.00249653
0.0020743
0.00141866
0.00101203
0.00659807
0.0014684
0.00156401
0.00101134
0.00137229
0.00215664
0.00680471
0.00117616
0.0017427
0.00107248
0.00900737
0.000923146
0.00107825
0.00147085
0.00289938
0.00341977
0.000822531
0.00203646
0.00171031
0.00173827
0.00169297
0.0018395
0.00177056
0.000579291
0.00445225
0.00400699
0.00489957
0.00166322
0.00127145
0.00386037
0.00435385
0.00257348
0.00127079
0.00126006
0.00188394
0.00520729
0.00202217
0.00134406
0.00182521
0.00320628
0.00153306
0.00233121
0.00171434
0.000918389
0.00108087
0.00094357
0.0109413
0.00169219
0.00225291
0.00121459
0.00287202
0.00157542
0.00165451
0.00216627
0.00131654
0.00141498
0.00164697
0.00238164
0.00244918
0.00188788
0.00270011
0.00180621
0.00182519
0.00164208
0.0011162
0.00129409
0.00277711
0.000992096
0.00136571
0.00112801
0.00184543
0.000327293
0.00270441
0.00105133
0.000642833
0.000975975
0.0014149
0.00806846
0.00108327
0.000771748
0.000955257
0.00221892
0.00110572
0.00192753
0.00308312
0.0063207
0.00257575
0.00118951
0.00166605
0.00341531
0.000911388
0.00253623
0.00208568
0.00298773
0.00397166
0.00300637
0.00202076
0.0011972
0.00383634
0.00178748
0.00101246
0.00666621
0.00151721
0.00149093
0.00128506
0.00188742
0.00198957
0.0016758
0.00405624
0.00264012
0.0120107
0.0013226
0.00160875
0.00954196
0.00123431
0.00173213
0.00242845
0.000968207
0.00166092
0.00139811
0.00154403
0.00121706
0.00771043
0.000989599
0.00116619
0.00090079
0.0023249
0.000723884
0.00498333
0.0015372
0.00173879
0.000966864
0.000742126
0.00119379
0.00189261
0.00162969
0.00139536
0.00215351
0.00109261
0.00215018
0.00249967
0.00163047
0.00116718
0.001474
0.00113391
0.00103205
0.000893951
0.00124644
0.00355588
0.00141251
0.0022493
0.00162221
0.00100824
0.00114311
0.00192714
0.0022634
0.0017997
0.00236209
0.00193188
0.00121834
0.00189025
0.00075619
0.00093415
0.00264412
0.00155047
0.00342008
0.000841535
0.00397964
0.00124552
0.00549222
0.000552844
0.00153866
0.00157213
0.00147701
0.00109645
0.00166202
0.00689367
0.00168228
0.00127924
0.00203687
0.00149928
0.00152313
0.00273189
0.00259563
0.00183471
0.00270381
0.00149887
0.00114936
0.00754617
0.00210663
0.00190303
0.00175648
0.00104095
0.000585422
0.00203578
0.00168647
0.00144246
0.00110857
0.00105396
0.000738568
0.000523351
0.00157199
0.00216634
0.00162917
0.00224687
0.00171117
0.00202348
0.00111006
0.00198659
0.00153645
0.00103524
0.00209408
0.00256256
0.00242622
0.00356928
0.00127439
0.00548747
0.00153722
0.0016714
0.00197214
0.0022453
0.00111255
0.0030135
0.00104246
0.00193464
0.00143099
0.00247312
0.00201964
0.00148441
0.00282927
0.00149806
0.00291882
0.0016943
0.00115331
0.00157941
0.00187963
0.00112809
0.00132656
0.000952912
0.00262393
0.000253625
0.00148388
0.00309156
0.0114155
0.00182603
0.00380966
0.0017414
0.000629317
0.00192545
0.00141758
0.000714152
0.00251086
0.00244788
0.00227127
0.00193746
0.00174735
0.00214513
0.00258405
0.00059705
0.00137718
0.00121794
0.00276902
0.000811571
0.00474756
0.00181707
0.00171945
0.00119377
0.00418192
0.00208448
0.00232793
0.00132464
0.00186745
0.00122357
0.00139974
0.00303795
0.00122799
0.00609379
0.00158458
0.0042032
0.000913163
0.00180687
0.00176939
0.00129156
0.00163974
0.00218769
0.00195938
0.00303943
0.00334653
0.00107414
0.0014011
0.00130545
0.00152343
0.00194216
0.00100248
0.00143888
0.00161839
0.00158451
0.0755122
0.000801177
0.00181965
0.0015919
0.00154718
0.0332886
0.00298778
0.00259013
0.000632909
0.0254238
0.00331242
0.00107878
0.00148832
0.00233458
0.00188292
0.00101606
0.00261679
0.00200121
0.00221238
0.013412
0.00124904
0.00121256
0.0013784
0.00148691
0.0018701
0.000886763
0.00333302
0.00223187
0.00970828
0.000968346
0.00142843
0.00258411
0.00272059
0.00142071
0.00307216
0.00877136
0.00219089
0.000923652
0.00115221
0.00217191
0.0020209
0.00131374
0.00121726
0.00184598
0.00269062
0.00143759
0.00208528
0.00123151
0.00188199
0.00158494
0.00188306
0.00122529
0.0020932
0.00158694
0.00290241
0.00147628
0.00139019
0.00248458
0.0018615
0.00390225
0.00154452
0.00160576
0.00116204
0.000740275
0.00219584
0.0021445
0.00210132
0.00501639
0.000897965
0.00205656
0.002458
0.000497573
0.00195826
0.00169557
0.00158422
0.00227475
0.0147062
0.000863521
0.000524032
0.00161986
0.00226369
0.00170201
0.00155348
0.00121224
0.000553598
0.00129268
0.00231845
0.00158237
0.00124053
0.00162238
0.00118408
0.00255215
0.000958944
0.00157334
0.00252563
0.00106665
0.00194904
0.0019389
0.00249191
0.00167677
0.00200505
0.00139976
0.00170974
0.00280459
0.00169232
0.00101011
0.00435428
0.00149369
0.00249842
0.0105166
0.00972403
0.00292456
0.00144756
0.00123695
0.00104306
0.00140833
0.00106021
0.000587988
0.00161324
0.00209809
0.0095268
0.00113816
0.000455495
0.00193791
0.00249219
0.00176624
0.0019679
0.00186486
0.00177481
0.00417582
0.00118071
0.00414359
0.00162749
0.00168371
0.00115452
0.000850947
0.00337004
0.0017777
0.00105947
0.00116613
0.00135161
0.00185836
0.0021377
0.00106002
0.00112707
0.00162158
0.00213467
0.00190079
0.00118144
0.00183306
0.000961984
0.0011807
0.00105312
0.00157417
0.00159222
0.00125772
0.00213268
0.00228967
0.00172987
0.00384186
0.00183401
0.00170531
0.00125309
0.0019513
0.00141622
0.000919134
0.00116081
0.00133536
0.00162724
0.00508868
0.00132301
0.0011894
0.00132903
0.000964015
0.00192399
0.00123779
0.00173149
0.0050626
0.00141362
0.00131217
0.00136468
0.00272839
0.00865081
0.0015961
0.00152605
0.00129928
0.00302588
0.00294989
0.00141108
0.00163073
0.00136691
0.00170389
0.00105682
0.00240558
0.00129168
0.00139109
0.00115363
0.00159887
0.0016266
0.00148425
0.000918941
0.00261662
0.000697592
0.00150418
0.00215229
0.00145823
0.00109445
0.00223803
0.00125471
0.00276885
0.00120924
0.00203958
0.00203494
0.00503628
0.0208923
0.00156262
0.00353673
0.00255489
0.00133352
0.00205481
0.00185857
0.00395185
0.00183972
0.00395694
0.00101516
0.000876327
0.00127459
0.00132013
0.000486217
0.00227823
0.00169256
0.0015612
0.00100966
0.000812048
0.00133058
0.00216239
0.0105562
0.00187465
0.00186365
0.00168475
0.0129695
0.00114887
0.000836717
0.0031118
0.00145627
0.00270636
0.00175553
0.000720786
0.00196906
0.00160348
0.00484798
0.00230046
0.00295516
0.0019186
0.00590225
0.00178102
0.00199434
0.00246996
0.0044762
0.00115617
0.000678108
0.000845774
0.00176959
0.000925397
0.00206864
0.00123541
0.00191296
0.00198226
0.00145506
0.00183054
0.00168705
0.000632947
0.00117737
0.00563492
0.00226518
0.00568464
0.000898066
0.00165195
0.000724595
0.00115175
0.00148867
0.00247581
0.000974399
0.00193218
0.000865749
0.00382764
0.00178399
0.000651556
0.0024169
0.00203591
0.000985323
0.00137062
0.00264912
0.0018597
0.000967337
0.00176615
0.00236561
0.200902
0.00119608
0.00200394
0.00132368
0.000819285
0.0145813
0.00137103
0.00131689
0.00131963
0.00389492
0.00158579
0.000504686
0.0014477
0.00170142
0.00146082
0.0108062
0.00122128
