0.00251213
0.000669825
0.00203391
0.00253327
0.00222968
0.00219975
0.0019331
0.00321854
0.00147206
0.00168547
0.00405636
0.00100884
0.00167104
0.00111379
0.00159446
0.00176008
0.00126987
0.00159626
0.00305376
0.00182191
0.00179576
0.00384189
0.00346524
0.00170252
0.0090928
0.00153385
0.000996583
0.00034974
0.0170414
0.00188094
0.00095773
0.00188162
0.000682227
0.00183251
0.00104966
0.00219594
0.00159826
0.00101785
0.00353248
0.00401185
0.00399969
0.00931689
0.00178181
0.00275691
0.00141593
0.00517511
0.000885326
0.0012135
0.001622
0.00206742
0.0015045
0.000607605
0.0109534
0.00110249
0.000867463
0.0019849
0.00518182
0.000769225
0.0012825
0.00202724
0.00154722
0.00107111
0.00320943
0.00185197
0.00220973
0.00146166
0.00391182
0.00231858
0.00143832
0.00211367
0.000872217
0.00141955
0.000865844
0.00145577
0.00279909
0.0027637
0.00226508
0.00143014
0.00245179
0.0187517
0.00522734
0.0013103
0.00230161
0.00129156
0.00184953
0.00244923
0.000420127
0.00133491
0.00703454
0.00093811
0.000817819
0.00150921
0.00183771
0.00324381
0.0018327
0.00114089
0.0048613
0.00167311
0.000963646
0.00157759
0.00138083
0.00432531
0.00111047
0.00121304
0.00176727
0.00219959
0.000955989
0.000673503
0.00505714
0.00121621
0.00271886
0.00117233
0.00162749
0.00122297
0.00120381
0.00179985
0.00111207
0.00165052
0.00159872
0.00095425
0.00303997
0.00095751
0.000601269
0.00246416
0.000663533
0.000862518
0.00197518
0.00151787
0.000743803
0.00147334
0.00146416
0.000901165
0.000930568
0.00248702
0.0154196
0.00136206
0.00318845
0.00211479
0.00128111
0.000389945
0.00151516
0.00122257
0.00298234
0.00104044
0.00188752
0.00222884
0.0022275
0.00287626
0.00161349
0.00132121
0.001745
0.00208158
0.00189783
0.000789655
0.0016335
0.00191151
0.00162473
0.00175893
0.00148617
0.00090784
0.00170131
0.00265255
0.0204706
0.000889035
0.00375487
0.00165632
0.00127384
0.000827401
0.00122015
0.00088821
0.00165708
0.000683029
0.000961239
0.00426601
0.0020065
0.000555176
0.00210786
0.00190158
0.00341043
0.00254273
0.0040117
0.00171071
0.00104021
0.00126043
0.00210586
0.00150191
0.00332304
0.000774007
0.00204
0.00108927
0.00132319
0.00110527
0.00164449
0.000896566
0.00183851
0.00151756
0.00198624
0.00106208
0.00139762
0.00120022
0.00674937
0.00635172
0.00157966
0.00033121
0.0127467
0.00143107
0.00313267
0.00170206
0.000989306
0.0013295
0.00135874
0.00124453
0.00216401
0.00406462
0.00880672
0.00138552
0.00205021
0.00127009
0.00155801
0.0013035
0.00207309
0.00141922
0.00106337
0.00119406
0.00123192
0.00283786
0.00192255
0.00119261
0.00121132
0.00172554
0.000985682
0.00177135
0.000651707
0.0024326
0.00175898
0.00196943
0.00160887
0.00233307
0.00156406
0.00506094
0.00213586
0.00136331
0.000726922
0.000837448
0.00170906
0.00137514
0.00155045
0.00147415
0.000712252
0.00144761
0.00576541
0.00251436
0.00121206
0.00154101
0.00274409
0.000572632
0.00148425
0.00144848
0.00195753
0.00175287
0.00313094
0.00146044
0.000944154
0.00220824
0.00231443
0.00267092
0.00366348
0.0017104
0.00196301
0.00097692
0.00185297
0.0011622
0.00175543
0.00147491
0.0027739
0.00171879
0.00109154
0.00151149
0.00113297
0.00300308
0.00127197
0.0015817
0.00327112
0.00138347
0.00192195
0.00147311
0.00124761
0.00399295
0.00302762
0.00261664
0.00135633
0.00105164
0.00201047
0.000831536
0.00237319
0.000885673
0.00188707
0.00454858
0.00181831
0.00214637
0.0220497
0.000638998
0.000620801
0.001531
0.00132876
0.00122024
0.00222731
0.00143538
0.00109488
0.000972463
0.00193064
0.00142247
0.00188693
0.00154244
0.00308423
0.00356756
0.000436249
0.00114584
0.00179305
0.00122147
0.00104011
0.00162356
0.00241854
0.00186391
0.00207649
0.00214747
0.00234005
0.0027261
0.00229714
0.000878651
0.00156968
0.0015292
0.00120617
0.00131498
0.00184148
0.0025538
0.0009762
0.00250865
0.00321204
0.00186596
0.00163487
0.00257028
0.00239797
0.00207734
0.000282761
0.00125681
0.000745876
0.00223397
0.00179718
0.00189768
0.00130616
0.00946727
0.00135252
0.00150092
0.000641977
0.00311104
0.000899616
0.00153462
0.00604356
0.000586471
0.0147655
0.00178693
0.0013367
0.00285607
0.00317589
0.00176213
0.00141536
0.00160225
0.00321791
0.00135679
0.00130614
0.00152319
0.00107861
0.00143303
0.00170727
0.0023515
0.00159155
0.00140916
0.00172951
0.00116303
0.000702042
0.00336111
0.00368544
0.00139004
0.00204391
0.00185506
0.0029633
0.00162056
0.00332385
0.00182481
0.0011591
0.00220381
0.00359952
0.0017974
0.000924287
0.00199595
0.00149092
0.00102072
0.00217844
0.000634506
0.00204636
0.00224351
0.00213832
0.00306552
0.00137391
0.00174966
0.000764176
0.00175543
0.00189202
0.00145947
0.00148787
0.00239481
0.00195006
0.0017183
0.00226036
0.00229802
0.00176124
0.0254339
0.0028841
0.00266609
0.00173435
0.00203882
0.00120703
0.00177695
0.00112736
0.00108031
0.00237019
0.00230806
0.00177094
0.00158034
0.00158432
0.00879645
0.00162881
0.00650689
0.00635071
0.000620834
0.0011321
0.003116
0.0045459
0.00167176
0.00201942
0.00184875
0.001436
0.0016929
0.00205255
0.00610889
0.00170104
0.00126811
0.00227888
0.00296158
0.00139478
0.00146508
0.00163599
0.00188791
0.000667272
0.00287212
0.00141829
0.0008459
0.00209098
0.00128199
0.00811144
0.00130161
0.0026164
0.00241799
0.0143268
0.00260758
0.00199032
0.00104043
0.0131257
0.000805426
0.00178396
0.0017835
0.00133758
0.00184188
0.0219834
0.00225039
0.00299484
0.00269794
0.00187703
0.00023382
0.00169183
0.00162876
0.00142194
0.00170334
0.00149567
0.00114001
0.00169876
0.000820744
0.00246751
0.00839059
0.00173474
0.000418267
0.00302109
0.00135545
0.000710514
0.001267
0.00232238
0.00111305
0.00141114
0.000767024
0.0015096
0.00191138
0.00343053
0.00169593
0.00102176
0.00161787
0.00206459
0.00138191
0.00250214
0.00227972
0.00132235
0.00282725
0.00262327
0.002185
0.0104018
0.00406499
0.000364216
0.00280114
0.00170207
0.00320958
0.0182232
0.00454655
0.00403362
0.000930039
0.000633693
0.00249192
0.00238275
0.00131672
0.0021597
0.00190898
0.000799104
0.00043953
0.00310337
0.00209109
0.00132617
0.00173975
0.00134017
0.00129503
0.00049684
0.00186026
0.00327887
0.00146977
0.00189696
0.00288534
0.00229501
0.00153465
0.0126039
0.0062624
0.00223114
0.00191909
0.00207951
0.00148416
0.00184012
0.00417198
0.0029765
0.00191594
0.0010949
0.00208565
0.00122206
0.00171267
0.00148266
0.00157598
0.000617876
0.000131456
0.00165593
0.00144285
0.00143287
0.00157779
0.00177138
0.00138229
0.00109036
0.00139239
0.00226928
0.00180386
0.00193768
0.0013089
0.00351369
0.00288805
0.00249925
0.00128322
0.000937964
0.00175777
0.00121098
0.00131212
0.00239947
0.00302765
0.00147164
0.00132353
0.00217925
0.0018242
0.00100531
0.00115287
0.00143302
0.000709304
0.00211897
0.00188283
0.00729739
0.00151147
0.00094216
0.00150133
0.00136393
0.000942566
0.00107418
0.00142475
0.00122686
0.00824731
0.00137567
0.00226235
0.00237604
0.00202207
0.00351683
0.00153784
0.00154476
0.00109582
0.00158753
0.00295325
0.00178127
0.00599945
0.00143932
0.0012325
0.00125765
0.0270179
0.00148007
0.00151532
0.00201976
0.00103335
0.00659177
0.00195814
0.00433859
0.000977665
0.00127884
0.00172578
0.00125773
0.000989234
0.00209694
0.00305681
0.00195481
0.000951708
0.000769012
0.00110989
0.000784524
0.000708433
0.00204403
0.00204528
0.00134837
0.00205324
0.00145514
0.00196621
0.00232079
0.00168065
0.00232649
0.00113381
0.00174375
0.00211402
0.00182399
0.00474874
0.00106534
0.00146774
0.00152869
0.0016301
0.00247578
0.00159046
0.00219542
0.00260755
0.00156172
0.000959981
0.00167101
0.00122943
0.00164462
0.00184108
0.00137766
0.00148884
0.00104662
0.000551724
0.0012516
0.00149049
0.00312056
0.00144872
0.00075398
0.00108992
0.00126997
0.00278577
0.00061766
0.00104842
0.00308215
0.00213945
0.000830466
0.00140128
0.00177909
0.00205094
0.0147676
0.00080171
0.00181144
0.00103749
0.00185316
0.00191543
0.00127886
0.002967
0.00217729
0.00178791
0.00210215
0.00180542
0.00106101
0.00135194
0.00369878
0.00088101
0.00209215
0.0012993
0.000823946
0.00253135
0.000843871
0.00113852
0.00139494
0.00397921
0.000946953
0.00177575
0.00477097
0.016292
0.00216132
0.00155118
0.00124099
0.00516427
0.00146752
0.00160717
0.00182435
0.00176311
0.00157876
0.00153914
0.00111386
0.00198163
0.00367771
0.00138024
0.00152549
0.00182884
0.00105213
0.00090189
0.00261492
0.00156141
0.00146745
0.00124916
0.000922823
0.00160036
0.00177597
0.00209341
0.00252857
0.00348617
0.000829524
0.00413173
0.00205726
0.0016631
0.00511053
0.001318
0.00268638
0.000910924
0.00144933
0.00198412
0.00227777
0.00213132
0.00206997
0.00184629
0.00114109
0.00088492
0.00107455
0.00224839
0.00110022
0.00216928
0.00210523
0.000997636
0.00208476
0.000589221
0.00229866
0.00154296
0.0014967
0.0018085
0.00115904
0.00165778
0.00143456
0.000979127
0.00103682
0.00171151
0.0010792
0.0114375
0.00159013
0.00135626
0.00127571
0.0029758
0.00709219
0.00239482
0.00285003
0.000836487
0.00175638
0.00235904
0.021354
0.00274367
0.00152325
0.00251729
0.00199868
0.00175949
0.00167245
0.00111058
0.00190274
0.000934208
0.00187396
0.00191576
0.00200772
0.00101414
0.00305818
0.00113527
0.00133607
0.00117513
0.0021771
0.000870067
0.00162295
0.00261294
0.0012536
0.000840748
0.000968742
0.00242026
0.00105099
0.016011
0.0015921
0.000808617
0.000836673
0.00176347
0.00194163
0.00118917
0.00231134
0.00178424
0.00205327
0.00117353
0.00193806
0.00118725
0.00148732
0.00970574
0.00465583
0.000633607
0.00104684
0.000786981
0.00117616
0.000908664
0.00101944
0.00122284
0.00349863
0.001902
0.00110977
0.00100578
0.00225064
0.00113016
0.00099166
0.00119448
0.00105827
0.00103841
0.00199694
0.000628697
0.000931874
0.00113019
0.00386383
0.000965314
0.00333037
0.00275711
0.00126449
0.000949137
0.00096508
0.00153232
0.0061035
0.00156429
0.00179696
0.0017041
0.00157991
0.00178092
0.00162555
0.00175902
0.00211214
0.00302282
0.00195615
0.00282465
0.00153487
0.00149897
0.00111578
0.000959425
0.00267015
0.00130631
0.00310735
0.00165934
0.00208688
0.00199549
0.000837603
0.000924652
0.00183466
0.00224778
0.00129449
0.0021559
0.00163846
0.00205768
0.00123805
0.00250785
0.0059327
0.00194626
0.00159322
0.00195388
0.00150255
0.0073675
0.00150183
0.0010491
0.00132443
0.00114669
0.000231991
0.00200268
0.00287653
0.0287585
0.00139225
0.00128853
0.00439893
0.00286259
0.0131668
0.00221804
0.00121224
0.00240713
0.00624012
0.00192889
0.000836042
0.00106934
0.00104203
0.00152559
0.00125571
0.00117472
0.000761671
0.00200521
0.000634563
0.0020043
0.00301044
0.00213173
0.00373191
0.00143134
0.00161019
0.00609882
0.00168465
0.00202755
0.00102091
0.000305842
0.00327393
0.00246743
0.00186141
0.0012675
0.00140884
0.0049999
0.0023274
0.00765923
0.00805996
0.00202811
0.00180728
0.00237543
0.00131246
0.00356886
0.00215444
0.00163687
0.00208552
0.00131972
0.00337815
0.00414067
0.000971877
0.00103797
0.000669614
0.00171764
0.00103152
0.00203725
0.00214273
0.0014753
0.00128636
0.000870294
0.00529215
0.00110527
0.00198634
0.00776708
0.00267828
0.00224708
0.0022554
0.0050828
0.00248969
0.00180916
0.00189732
0.000891762
0.00360675
0.00214597
0.00146543
0.00166505
0.0158198
0.00235365
0.00190848
0.00139769
0.000968586
0.00214006
0.000781994
0.00222177
0.00146841
0.000933979
0.00182565
0.00273752
0.00132216
0.00110493
0.00220344
0.000799353
0.000821455
0.00177418
0.00199134
0.00204286
0.001634
0.00104067
0.000943828
0.00145415
0.00121666
0.00121516
0.0018797
0.00965791
0.00148654
0.00081518
0.00166024
0.000817631
0.00207126
0.00118201
0.00165017
0.00327983
0.00239338
0.00175615
0.00180289
0.00141989
0.00176271
0.00503406
0.00127864
0.00185946
0.00288925
0.00254123
0.00160153
0.00279491
0.00148834
0.0013958
0.00177902
0.00159034
0.00118233
0.00128763
0.000896731
0.00170897
0.0101233
0.0035482
0.00145
0.000847065
0.00108354
0.00147485
0.00272056
0.00112488
0.00070758
0.00184416
0.00120186
0.00131619
0.000934948
0.0017963
0.00157746
0.00197624
0.00292492
0.0042247
0.00189764
0.00373445
0.00178246
0.000597623
0.0041433
0.00142804
0.0010701
0.00190811
0.00705986
0.00137708
0.00192189
0.00115636
0.00160305
0.000937709
0.00433816
0.00200052
0.0023158
0.00194844
0.000411693
0.00107811
0.035011
0.0018503
0.00159229
0.0111089
0.00224709
0.00830991
0.00139628
0.00146163
0.00165692
0.00150336
0.00155228
0.00340787
0.00189807
0.00161681
0.00131682
0.00304045
0.00277596
0.00115105
0.00425547
0.000790305
0.00153785
0.00100903
0.00149145
0.00177583
0.00266496
0.00135402
0.00176702
0.00104776
0.00183102
0.00898875
0.000812647
0.00162487
0.00130295
0.000757773
0.00282877
0.00130479
0.00125741
0.00183403
0.00755065
0.000829845
0.00136422
0.00354145
0.00325125
0.00125115
0.00111234
0.002833
0.00111454
0.000823115
0.00153294
0.00130609
0.000956488
0.00156493
0.00162057
0.00188083
0.00141562
0.00261614
0.000644097
0.00154136
0.000574157
0.00156106
0.00186004
0.00131648
0.000964583
0.00171352
0.00197616
0.00123322
0.0019509
0.00242612
0.000955404
0.000962857
0.00131411
0.00124227
0.00202847
0.00132115
0.00361461
0.00142222
0.00292663
0.00350701
0.00268127
0.00142215
0.00777653
0.00141033
0.00320902
0.00671593
0.00307371
0.00247076
0.00472652
0.00186953
0.00242494
0.00199654
0.00134368
0.00178829
0.00380146
0.00152744
0.00162527
0.00364385
0.00110352
0.00171198
0.0015624
0.0127842
0.000951889
0.00186556
0.00205894
0.00227423
0.00105144
0.000759804
0.0011253
0.00185996
0.00283123
0.00142385
0.00324851
0.00216637
0.00150041
0.00170947
0.00203342
0.00147117
0.00113488
0.00133994
0.00192948
0.00046984
0.00169361
0.00155799
0.00139459
0.00148444
0.00131504
0.0021802
0.00281392
0.00165851
0.00177853
0.00152202
0.000722
0.00152676
0.00360371
0.00158315
0.00168225
0.00171901
0.00179279
0.00161419
0.00216292
0.0013469
0.00151204
0.0019431
0.00116542
0.000565849
0.00209295
0.00181843
0.00879511
0.0021395
0.00192335
0.000601567
0.0024966
0.00161349
0.0013329
0.00123754
0.00107099
0.00400982
0.00339098
0.00200888
0.00140457
0.00131908
0.00212565
0.00423359
0.00399755
0.00157529
0.00210941
0.00140997
0.00115649
0.00143675
0.00115424
0.000833162
0.00114408
0.00266598
0.00105997
0.000957985
0.00208248
0.00488964
0.00103491
0.00120514
0.00141676
0.00265125
0.00348587
0.000772604
0.00128571
0.00387356
0.00195903
0.00197865
0.00139923
0.00151601
0.00295262
0.00148242
0.00303364
0.00161212
0.00156625
0.00279064
0.00128575
0.00126027
0.00104687
0.00129347
0.00137323
0.00163626
0.000550422
0.00191644
0.000555389
0.001145
0.00144821
0.00234837
0.00237384
0.00209203
0.00168718
0.00368674
0.00107636
0.00148675
0.00183482
0.00339182
0.00234101
0.00140755
0.000880741
0.00244039
0.00826937
0.00181052
0.00202847
0.00058757
0.00140216
0.00151354
0.000373123
0.00128026
0.000517864
0.00207955
0.00155994
0.000927647
0.00133661
0.00601485
0.00164069
0.0027321
0.0021768
0.00203051
0.00109497
0.00162533
0.00268969
0.00114588
0.00204959
0.00164481
0.00116327
0.00196142
0.00515252
0.00174205
0.00180058
0.00250869
0.00271783
0.00108917
0.00185754
0.00414651
0.00435356
0.00205641
0.00173441
0.00125545
0.00366656
0.00101974
0.00143866
0.00156088
0.00155631
0.00168273
0.00108185
0.000809065
0.00312262
0.00189624
0.00204493
0.000790707
0.00115221
0.00136854
0.00449229
0.00292045
0.00196435
0.00114352
0.000986699
0.00122812
0.00158046
0.000458345
0.00123011
0.00227482
0.00218203
0.00158483
0.00245153
0.00164818
0.00210608
0.000907318
0.000957962
0.00168974
0.000875114
0.00116734
0.00772652
0.00192945
0.000606757
0.00133274
0.00117539
0.00135858
0.00527391
0.00158175
0.00217842
0.00316782
0.00109842
0.0012873
0.00384723
0.000541393
0.00175937
0.00141
0.00505581
0.00118401
0.00274364
0.00305284
0.00267846
0.00155169
0.00200046
0.00244155
0.00119728
0.00138388
0.00212613
0.00965218
0.00186148
0.00143636
0.00253923
0.0034573
0.000987133
0.000623012
0.00173072
0.00124216
0.00316701
0.00225223
0.0036042
0.00265617
0.00396585
0.00113055
0.00119323
0.00114201
0.00294908
0.00189499
0.000927962
0.00186202
0.00213876
0.00381848
0.00157288
0.000324197
0.000661884
0.000687498
0.00115679
0.00498246
0.00212336
0.00339938
0.000788573
0.000391366
0.000497039
0.00152762
0.00338498
0.00123942
0.0146614
0.00312024
0.00209311
0.00192151
0.00213556
0.00194549
0.00390495
0.0020388
0.00114788
0.000993845
0.0113532
0.00226816
0.00112942
0.00127058
0.00266588
0.00110855
0.00254852
0.00256994
0.00269316
0.00125598
0.000944976
0.00261644
0.00182293
0.00215335
0.000651012
0.000423765
0.00249257
0.000783995
0.000506351
0.00237714
0.0016666
0.00213443
0.00271194
0.00135303
0.00132444
0.00268952
0.00298346
0.00367198
0.000922184
0.00162789
0.00121889
0.00220659
0.00308196
0.00229689
0.000941128
0.00162266
0.00136274
0.00176733
0.00181573
0.00108875
0.00175069
0.00120183
0.0057166
0.00196423
0.00202178
0.00144367
0.00114268
0.000818159
0.00117884
0.00371558
0.00240716
0.00125093
0.00283694
0.0009659
0.00257603
0.0017792
0.00156475
0.00146488
0.000649979
0.000455087
0.00180769
0.00117714
0.0012972
0.00162176
0.0012185
0.00126993
0.00123266
0.00151295
0.00141149
0.0010002
0.00194523
0.00782004
0.00196533
0.00311338
0.00191702
0.0018039
0.00129343
0.00822679
0.00140296
0.000361641
0.00122329
0.00144615
0.000973088
0.00737633
0.00102726
0.00179941
0.00673081
0.00148548
0.00170224
0.00250287
0.00172707
0.000828503
0.00275503
0.000985318
0.00155881
0.00127387
0.00151739
0.0012737
0.00191318
0.0011442
0.00203151
0.00141631
0.00120377
0.00141389
0.00158195
0.00154473
0.00122259
0.0124469
0.00645328
0.00138396
0.00152841
0.00150135
0.00088292
0.00147837
0.000888461
0.00326321
0.00167321
0.00143837
0.00156216
0.00172226
0.0017076
0.00100078
0.0017614
0.00157925
0.00316645
0.00230836
0.000546337
0.00232012
0.00203584
0.00249255
0.001188
0.00115241
0.000683476
0.000863393
0.00153912
0.00154885
0.00264347
0.000939185
0.00213818
0.00221201
0.000989599
0.00158074
0.00241958
0.00234525
0.00177762
0.00130705
0.000893533
0.00174036
0.00177481
0.00103347
0.000880995
0.00194595
0.00191842
0.000778045
0.00161087
0.00237828
0.00159193
0.00449198
0.00159461
0.00215319
0.00170829
0.00140357
0.00135834
0.0121676
0.000892491
0.00152291
0.00137193
0.00158542
0.00247327
0.00131922
0.00105468
0.00203084
0.00135371
0.00653167
0.00221696
0.00178817
0.000743462
0.00240492
0.00107601
0.000850655
0.0014968
0.00132327
0.00161757
0.00109484
0.00277375
0.00285857
0.00125449
0.00271952
0.00183386
0.00341205
0.000391064
0.001166
0.00115291
0.00596643
0.0008612
0.00272711
0.00112027
0.00216354
0.00145296
0.00105279
0.00133578
0.00128732
0.00144893
0.000835922
0.0012104
0.00162778
0.0024499
0.00144268
0.00230844
0.00315526
0.00495603
0.00092856
0.000890658
0.00113008
0.00135516
0.00264526
0.00140579
0.00248906
0.00145251
0.000992399
0.00237645
0.00120507
0.00133625
0.00210346
0.00154556
0.00300494
0.00192111
0.00420477
0.0017848
0.00171459
0.0014289
0.00203591
0.00125853
0.000207249
0.000620044
0.0059921
0.00163858
0.000841963
0.00228826
0.0017262
0.00376171
0.00238203
0.00212723
0.0016994
0.00169711
0.00171681
0.00687281
0.00209835
0.0013281
0.00110464
0.00119316
0.00399876
0.0020562
0.00103596
0.00116557
0.00180916
0.0012365
0.000610818
0.10063
0.00709358
0.0049873
0.00134534
0.00163294
0.00099143
0.0015974
0.00138288
0.00161968
0.00103966
0.00268333
0.000921485
0.00213688
0.00135753
0.00745649
0.00166744
0.00649216
0.00101358
0.00192691
0.00399077
0.000934389
0.00149333
0.00191764
0.00299448
0.00350367
0.00162905
0.00262718
0.00665045
0.00131218
0.00173268
0.00149251
0.00223564
0.000661782
0.00134543
0.0114481
0.00343791
0.00107198
0.00238888
0.00167914
0.0017513
0.00307681
0.00154258
0.00193932
0.00151833
0.00238541
0.000993935
0.000812802
0.00127704
0.00119354
0.00185602
0.00194176
0.00127742
0.00119785
0.00173755
0.00254235
0.00174519
0.00165475
0.00114391
0.00150385
0.00230721
0.00228866
0.00104346
0.00158961
0.00273633
0.00144131
0.0027137
0.00140422
0.00226367
0.0013517
0.00156432
0.00142012
0.00140168
0.0017954
0.000998255
0.00122294
0.00092719
0.00156604
0.00132309
0.00151145
0.00180902
0.00178094
0.00337577
0.000281064
0.00126078
0.000982641
0.00217579
0.00146152
0.00157456
0.00303327
0.00035326
0.00123917
0.00166426
0.0018302
0.00151445
0.000635565
0.00115011
0.00176696
0.00117988
0.00457662
0.00074538
0.0015237
0.00313448
0.00152863
0.00211757
0.00197132
0.00142639
0.000755653
0.000826509
0.00118721
0.00113435
0.00114501
0.0012391
0.00151691
0.0126364
0.00258696
0.00170028
0.00189184
0.00255407
0.00120378
0.00148981
0.00156042
0.0019548
0.00619163
0.00162607
0.00247327
0.000980821
0.00280739
0.00426277
0.00863028
0.00348696
0.00132759
0.00253536
0.00470522
0.00111756
0.00165811
0.00246339
0.00101237
0.0018622
0.0119303
0.00176386
0.00150396
0.00094203
0.00190948
0.00271337
0.000840104
0.0296599
0.00239664
0.00197235
0.0014328
0.00235833
0.00440241
0.00100036
0.0036144
0.0021348
0.000491755
0.00247773
0.0173933
0.00165643
0.00181995
0.00396021
0.00153935
0.000399827
0.00165587
0.00146916
0.00225146
0.00177651
0.00132404
0.00124227
0.00113866
0.00732419
0.000936374
0.000529346
0.00165417
0.0020308
0.000817163
0.00175441
0.00164907
0.00160746
0.00216167
0.00201117
0.00333958
0.00171075
0.00337471
0.0016159
0.00294135
0.00124575
0.00142829
0.000662483
0.00734552
0.00174074
0.00258977
0.00230375
0.000570888
0.000515465
0.00149595
0.00137572
0.0017504
0.00178702
0.00927085
0.00188963
0.00163789
0.00666381
0.00247403
0.00342404
0.00302662
0.00148424
0.00576395
0.00171479
0.00372239
0.00201587
0.00304543
0.00150242
0.0111832
0.00116374
0.00383953
0.00282443
0.00190657
0.00162994
0.00213292
0.00101526
0.00117908
0.00119257
0.00256069
0.00152594
0.00130639
0.001841
0.00205132
0.00116699
0.00182801
0.00211543
0.002236
0.00108526
0.00163535
0.00200359
0.000746086
0.00163784
0.0010274
0.00183527
0.0015396
0.00233272
0.00182145
0.00098856
0.00268579
0.00121857
0.00187817
0.00115246
0.000892539
0.002427
0.00224988
0.00180875
0.00200439
0.00534286
0.00122622
0.00280858
0.001001
0.00127666
0.00256591
0.00119015
0.00168883
0.00477235
0.0040517
0.000746326
0.00578911
0.00128493
0.00114634
0.00183292
0.00190082
0.0724909
0.00244506
0.000868733
0.0185156
0.00340181
0.0011362
0.00108642
0.00111063
0.00303194
0.000854789
0.00190669
0.00186338
0.00233105
0.00197882
0.00100802
0.00138253
0.00146562
0.00060849
0.000679337
0.00173975
0.00379736
0.00328157
0.00409305
0.000587743
0.00112547
0.00139873
0.00127596
0.000852439
0.00194921
0.00181135
0.00142212
0.00104332
0.00126055
0.00245986
0.0015848
0.000823743
0.00190862
0.00252926
0.00170705
0.00125883
0.00126372
0.00202847
0.000925939
0.00572314
0.00127645
0.00114338
0.00237365
0.00262531
0.00157029
0.00160741
0.0018259
0.00173052
0.00159503
0.0222331
0.00219487
0.00230098
0.00132496
0.00111651
0.00164579
0.00156942
0.00134056
0.00130022
0.00208299
0.000888329
0.000893136
0.00145342
0.00169306
0.00125692
0.000530863
0.00168967
0.00121318
0.00107871
0.00232201
0.00138341
0.0073511
0.00195986
0.000569531
0.00135256
0.00145038
0.00142369
0.00188396
0.000717083
0.00115937
0.0546236
0.00136641
0.0303258
0.00165749
0.00142099
0.0011512
0.00229287
0.00103004
0.00156393
0.00159594
0.00155174
0.00411356
0.00161576
0.00405136
0.000724056
0.00119267
0.00227051
0.00201289
0.00138472
0.00180277
0.000692898
0.00240961
0.00173601
0.00135726
0.00144857
0.00346904
0.00187446
0.00143045
0.000497196
0.00122728
0.00165517
0.00386661
0.00159149
0.00496895
0.00169436
0.00168164
0.00119503
0.00109932
0.00180946
0.00216872
0.0031304
0.00121866
0.00287221
0.00133492
0.00219132
0.00242797
0.000813244
0.00253598
0.00189911
0.0071177
0.00258557
0.000558073
0.00156607
0.00305204
0.00194154
0.00408313
0.000835504
0.00231153
0.00293729
0.0643419
0.00322069
0.00728439
0.00167505
0.00164636
0.000504353
0.00236998
0.00167761
0.00151462
0.00218503
0.0016395
0.00321312
0.00371446
0.00322079
0.00156953
0.00206548
0.00366001
0.0011106
0.00147818
0.000666618
0.00168902
0.00181594
0.00245566
0.00270946
0.00157242
0.00109957
0.00186757
0.00189511
0.00154768
0.00100287
0.0020816
0.00464223
0.00151946
0.00175957
0.00173205
0.00211519
0.00164318
0.0022341
0.00185927
0.00199665
0.000965792
0.00116391
0.00360045
0.00104276
0.00117987
0.0098437
0.00569717
0.00180079
0.00288612
0.00864438
0.00156102
0.0014444
0.00426353
0.00405337
0.000829354
0.00167209
0.00106735
0.00161422
0.00142958
0.000486235
0.00115517
0.00342387
0.000860476
0.00141415
0.00335027
0.0013082
0.00212404
0.00165441
0.00169253
0.00113865
0.00229718
0.00217954
0.000747253
0.000994884
0.000707397
0.00817552
0.00117677
0.00139335
0.00172265
0.00403215
0.000944252
0.00122208
0.00113848
0.00115064
0.00146091
0.00379263
0.00200832
0.000407269
0.000868355
0.0018391
0.00153269
0.00185712
0.00351912
0.00114895
0.00159953
0.00279907
0.00146387
0.00140621
0.00105475
0.00212275
0.00123349
0.000751548
0.00171001
0.0369131
0.00239372
0.00123231
0.00137766
0.00275976
0.00240095
0.00125149
0.00122644
0.00177718
0.001548
0.00145461
0.000789437
0.000969593
0.036878
0.00264571
0.00222821
0.00246346
0.00190271
0.0006276
0.00303856
0.00104551
0.00175408
0.00109875
0.0013586
0.0137168
0.00136933
0.00130732
0.0236831
0.00130568
0.00300334
0.000940682
0.00194059
0.0019178
0.000918647
0.00157676
0.00109593
0.00196092
0.00196147
0.00343037
0.00163856
0.00290849
0.00151341
0.00121903
0.0014921
0.00126875
0.0268953
0.00167951
0.00439776
0.00162306
0.00146571
0.00155614
0.0011339
0.00149989
0.00196246
0.00162064
0.00117971
0.00420783
0.00257
0.000776936
0.00151168
0.00161568
0.00110674
0.00234624
0.00164093
0.00190289
0.00183394
0.00312345
0.00169252
0.00305694
0.00117275
0.00121342
0.00120726
0.00105136
0.000924068
0.00563413
0.000922234
0.0015066
0.0016706
0.00164365
0.00085987
0.00136011
0.00170824
0.000857109
0.001957
0.00190441
0.00197779
0.00120593
0.000850675
0.0010296
0.00148345
0.00196026
0.00148432
0.00125019
0.00221835
0.00154505
0.00200084
0.00181092
0.00144344
0.000682009
0.00318349
0.000877606
0.001094
0.00157496
0.00246297
0.00141274
0.00368748
0.00118487
0.00333606
0.00316622
0.00136571
0.00209459
0.00128039
0.000401276
0.00405126
0.00243721
0.0016297
0.00416802
0.00737671
0.00167986
0.000929104
0.0130193
0.00159868
0.00132445
0.00239118
0.00180673
0.00134521
0.00125015
0.00225637
0.00170816
0.00114824
0.00128713
0.00125974
0.00103746
0.00119642
0.00138404
0.00230756
0.00133247
0.00180865
0.000589836
0.00186394
0.00138628
0.00132283
0.00280166
0.0017587
0.00166645
0.00189913
0.00261812
0.00178618
0.00153425
0.00227296
0.00758141
0.00107868
0.0017604
0.00188446
0.00231682
0.00139164
0.00117887
0.003691
0.00104415
0.000930811
0.00251186
0.00446179
0.00174512
0.00284078
0.00200799
0.00100579
0.00205468
0.0212148
0.00288498
0.00150576
0.00166146
0.00130263
0.00130556
0.00170078
0.00185617
0.000474848
0.000766405
0.0029757
0.00923354
0.00101297
0.000937609
0.00111073
0.00223835
0.00100934
0.00173128
0.00165891
0.00160491
0.00288047
0.000625374
0.00291304
0.00140188
0.00226246
0.00141448
0.00109114
0.00123167
0.0093762
0.00125148
0.0016946
0.0012646
0.00182654
0.00187926
0.0031879
0.00113443
0.000876927
0.00136136
0.00126457
0.00124859
0.00797234
0.0015924
0.00124057
0.00159254
0.00676045
0.00291657
0.00207517
0.000712416
0.00145956
0.00234532
0.00213863
0.00107785
0.00113075
0.00164136
0.001744
0.00185408
0.0116534
0.000470012
0.00105657
0.00201694
0.00141763
0.00177661
0.00199853
0.000690236
0.0014533
0.000727856
0.00179549
0.00146992
0.000594638
0.00135554
0.00100889
0.0014101
0.0133571
0.00157154
0.00138062
0.00131216
0.00159189
0.0014428
0.00114221
0.00224168
0.00229281
0.0016497
0.0273084
0.00525726
0.00186667
0.00153023
0.00121323
0.00117558
0.00153836
0.00169257
0.00152414
0.00203844
0.00197257
0.0011752
0.000755749
0.00314745
0.00200191
0.01323
0.00133698
0.00151785
0.00156033
0.00407212
0.00284588
0.00122227
0.00122178
0.00126108
0.006504
0.00185841
0.000973095
0.000873049
0.00126229
0.00208046
0.00136991
0.00165362
0.00178617
0.00261585
0.00164838
0.0010728
0.00152333
0.00144691
0.0105265
0.00526794
0.00123873
0.00141858
0.00216846
0.000659391
0.00213634
0.00167238
0.00135503
0.00315121
0.00118413
0.00511307
0.00118626
0.00268711
0.00167419
0.00063959
0.0035142
0.00101611
0.00106753
0.00140137
0.000746587
0.0024377
0.00248284
0.0010858
0.00122295
0.00165344
0.00255994
0.00652185
0.0020465
0.00150686
0.0027767
0.00245828
0.0105371
0.00198668
0.00197137
0.0019214
0.000863431
0.00151325
0.000659177
0.00105328
0.00375195
0.00149223
0.00107423
0.00246869
0.000963401
0.00285847
0.00117784
0.00201252
0.0018207
0.00119533
0.00161704
0.00261715
0.00142237
0.0496463
0.00222985
0.00170291
0.00176556
0.000672219
0.00183736
0.00108203
0.00119173
0.00196865
0.00830854
0.00161329
0.00121279
0.00131164
0.00179985
0.00258196
0.00184472
0.00109321
0.00158891
0.00811216
0.0014863
0.00222081
0.0029693
0.00119608
0.0015117
0.00298656
0.00210792
0.00234959
0.00157946
0.00214371
0.00237868
0.00206523
0.00435281
0.002326
0.00143495
0.00556214
0.00160114
0.00192774
0.00195879
0.00218184
0.00845799
0.00132797
0.00148288
0.00123365
0.00124011
0.00241987
0.00145361
0.00161732
0.00196126
0.00139333
0.00137419
0.00393131
0.00126212
0.000858716
0.00205363
0.000860346
0.00231786
0.0013592
0.00271888
0.00199275
0.00261798
0.00326247
0.00173959
0.0160791
0.000850622
0.000754318
0.00180546
0.00151264
0.0010588
0.00149652
0.00508061
0.00206935
0.00202656
0.000670253
0.00121348
0.0018555
0.00213679
0.00111398
0.0108559
0.00107294
0.00492531
0.00354273
0.00171977
0.00184238
0.00111366
0.000979464
0.00140694
0.000941479
0.00117428
0.00151983
0.00243948
0.00202173
0.00210724
0.00179541
0.00163636
0.0015697
0.00259953
0.00222603
0.00509919
0.00301734
0.00337601
0.00379452
0.00114587
0.00125487
0.00187224
0.0022602
0.00240419
0.00175919
0.00146592
0.00207215
0.00215422
0.00181155
0.00202269
0.00081923
0.000607537
0.00166237
0.00251346
0.000745961
0.0018437
0.00135446
0.00234348
0.0023698
0.00176853
0.00221355
0.00121318
0.00144465
0.000875359
0.00214968
0.00112462
0.000784311
0.00170142
0.00159311
0.0019573
0.00275702
0.00127263
0.00133896
0.00141146
0.00103934
0.00125049
0.000338574
0.00168187
0.00107954
0.00124173
0.00179995
0.00228413
0.000618646
0.00134809
0.00072075
0.00187402
0.0028438
0.00189923
0.00100393
0.00231532
0.000953529
0.00110109
0.00122761
0.00111132
0.00176875
0.00133184
0.00109508
0.00146596
0.00196325
0.00540806
0.00218565
0.00107661
0.00131672
0.00157371
0.00166773
0.00157794
0.000735627
0.00120072
0.00122863
0.00267009
0.00186152
0.00156519
0.000808445
0.00217989
0.00150107
0.00135162
0.00135301
0.00125376
0.00444464
0.00130594
0.00129087
0.0016956
0.00245494
0.0017971
0.00275815
0.00134559
0.00230636
0.00201904
0.00121981
0.00125239
0.00157817
0.00159223
0.00109446
0.00113494
0.00198833
0.0011232
0.00240876
0.00132849
0.00388815
0.00181255
0.00129571
0.00114039
0.00106665
0.00128638
0.00228315
0.00133195
0.00135873
0.00218354
0.000966009
0.00401982
0.00197597
0.000801622
0.000916778
0.00109413
0.00162479
0.00119986
0.00107028
0.00122303
0.00158395
0.00123225
0.000891041
0.00102836
0.00120295
0.00130632
0.00224556
0.00127928
0.00328293
0.00144977
0.000744688
0.00450848
0.0020805
0.0012319
0.00236024
0.000944257
0.00302588
0.00194214
0.00112014
0.00114485
0.00126407
0.000991891
0.00169198
0.0010357
0.00284461
0.00175674
0.000982341
0.00121407
0.00103854
0.00174225
0.00148352
0.00112701
0.00478934
0.00154378
0.00179008
0.000721343
0.00484014
0.000783456
0.00162704
0.00116151
0.00178795
0.000852504
0.0013583
0.00139702
0.00248507
0.000507637
0.00132237
0.00910814
0.00127189
0.000683851
0.000834719
0.00127712
0.0016265
0.00472694
0.0017809
0.00108621
0.00230335
0.00281076
0.00230619
0.00228138
0.00689403
0.00206862
0.00140683
0.00161113
0.000924355
0.00220565
0.00392117
0.00157388
0.00248509
0.00474522
0.00166405
0.00141698
0.00522702
0.00128503
0.00301536
0.000611203
0.00262367
0.00125675
0.00133002
0.00140636
0.00122682
0.0140664
0.0014045
0.00155898
0.00129545
0.00677711
0.00117753
0.00189791
0.00140889
0.00155007
0.0027316
0.00208548
0.00139532
0.00196263
0.00681175
0.0013208
0.00130816
0.00107638
0.00138369
0.00303079
0.00319225
0.00194167
0.00214406
0.00220305
0.00165888
0.00997544
0.00142924
0.0301967
0.000908226
0.00170281
0.00352266
0.00196706
0.00302467
0.00122274
0.00188783
0.00224005
0.00238082
0.00132493
0.00993493
0.00117307
0.00223304
0.00201722
0.00367661
0.00135082
0.00227939
0.00279379
0.000821087
0.00127946
0.00077422
0.00176464
0.00155372
0.00507112
0.00131693
0.00313896
0.00130262
0.000828691
0.00875665
0.00194988
0.00156801
0.00136792
0.00120989
0.00561025
0.00175546
0.00471356
0.0067712
0.00229403
0.00132023
0.00356596
0.00213083
0.00226734
0.00115781
0.000595796
0.000706633
0.00292893
0.00166919
0.00272157
0.0189518
0.00111306
0.0020734
0.00329221
0.00415128
0.00254253
0.00278527
0.00049754
0.00196613
0.00353482
0.0013711
0.00265831
0.00177456
0.00227362
0.000819288
0.00653488
0.00122987
0.000535263
0.00150708
0.00162322
0.000961212
0.000848005
0.00449715
0.000957093
0.00216501
0.00132017
0.00197233
0.00233517
0.00109967
0.0031337
0.00141603
0.00270432
0.000812508
0.015156
0.00124404
0.00116706
0.00165972
0.00109158
0.00232871
0.00218901
0.00140515
0.00166423
0.00130753
0.00224942
0.000937539
0.00172514
0.00223296
0.00129668
0.000946142
0.00174337
0.00162619
0.00223634
0.00135475
0.00283862
0.00121712
0.00226505
0.00266939
0.00188117
0.00154592
0.00213676
0.00282746
0.00121259
0.00241467
0.00215132
0.00199024
0.000879378
0.00121852
0.00107323
0.00230686
0.00289644
0.00156822
0.00115829
0.0016377
0.00305029
0.00438813
0.000972199
0.00131547
0.00199651
0.00135209
0.00253757
0.000711087
0.00215861
0.00180358
0.00384729
0.00120307
0.00150577
0.0016886
0.00136535
0.00310132
0.00168984
0.00226131
0.00407441
0.00156811
0.00147981
0.00230153
0.00770039
0.00201014
0.00103655
0.00363449
0.00251671
0.000723013
0.00105684
0.00121738
0.00185247
0.00129689
0.00183864
0.00246172
0.00156574
0.0019039
0.00254647
0.00115047
0.00117575
0.00208209
0.00240089
0.0138475
0.00277833
0.00608765
0.00171019
0.0020299
0.00158526
0.00141678
0.00198598
0.00185024
0.00620638
0.00130168
0.00102588
0.00630485
0.00119683
0.0062878
0.00113958
0.00188009
0.00354369
0.00112646
0.00139843
0.0019467
0.0022815
0.00245568
0.00168151
0.00133698
0.00325486
0.00193126
0.00203019
0.00085873
0.00235314
0.00109402
0.00162352
0.00096829
0.00155906
0.00523555
0.00116722
0.00142251
0.00229121
0.000775323
0.00121362
0.00162127
0.00198141
0.00293832
0.00129245
0.00216291
0.000864804
0.00189737
0.00108951
0.00186085
0.00347936
0.00258973
0.000951667
0.00150622
0.000921323
0.00130662
0.00387349
0.00195697
0.00209793
0.000602378
0.00326985
0.00101238
0.000571617
0.00162137
0.00208429
0.00230174
0.00140243
0.00128809
0.00131141
0.00188104
0.0013734
0.00853663
0.00807984
0.00137938
0.00189643
0.00471735
0.00333329
0.00152011
0.00215089
0.00194569
0.000967073
0.00202839
0.00088931
0.00145417
0.00115126
0.00297578
0.000981985
0.00153496
0.000722268
0.00122699
0.00281505
0.00167429
0.000876982
0.00503385
0.00177124
0.00446449
0.0015717
0.00173155
0.00201704
0.00116038
0.0031915
0.00244482
0.00196819
0.000982406
0.00171958
0.00200981
0.00363355
0.00229172
0.00385509
0.00239249
0.00180065
0.00136202
0.00584483
0.00139649
0.00145755
0.00251769
0.00110622
0.00179424
0.00205589
0.00184482
0.000932602
0.00124658
0.00302824
0.000977362
0.00138904
0.00167065
0.00155301
0.00121392
0.000600744
0.00142032
0.00201836
0.00113977
0.00156794
0.00238026
0.000508639
0.00206012
0.00177714
0.00122573
0.00120744
0.00328364
0.00159165
0.00128495
0.00228008
0.00206862
0.00216972
0.00148083
0.0339733
0.00164439
0.00134044
0.000924649
0.00495302
0.00151883
0.00243322
0.00433149
0.00251663
0.00157291
0.00100269
0.00166249
0.00194839
0.00127253
0.00153443
0.00437591
0.00165372
0.00141503
0.00160716
0.00143367
0.00106334
0.00250686
0.00118032
0.00130448
0.00153996
0.00297331
0.00126669
0.00467287
0.00315762
0.00190613
0.0010651
0.00119276
0.000841646
0.000639409
0.000321973
0.00184268
0.00116073
0.00243459
0.00290013
0.00153647
0.00229652
0.0015103
0.00161259
0.0139509
0.00115815
0.0015724
0.00131538
0.00268359
0.00140939
0.000342188
0.00118266
0.00130505
0.00163735
0.0014493
0.0011263
0.00134265
0.00160559
0.00198138
0.00141745
0.00137601
0.00123371
0.00187643
0.00205711
0.00569763
0.0028332
0.00242587
0.00122285
0.00159322
0.000835216
0.00186764
0.00118743
0.00136923
0.00161323
0.00168857
0.00227624
0.00172741
0.000684303
0.00147336
0.00153166
0.00224744
0.00199642
0.00533789
0.00151623
0.00206647
0.000903412
0.00106784
0.00624268
0.0070794
0.00193592
0.0056264
0.0014827
0.00472318
0.00403172
0.00156269
0.00102872
0.00251747
0.0019252
0.00777108
0.00118291
0.000510371
0.00144273
0.00155434
0.00120983
0.00114323
0.00249919
0.00335382
0.0102981
0.00174692
0.00126315
0.00107286
0.00138277
0.000782454
0.000497432
0.00138551
0.0027627
0.00229578
0.0024727
0.00154906
0.00166791
0.000789507
0.00077028
0.0035746
0.00140649
0.00255411
0.00237135
0.00170791
0.00202948
0.00144102
0.0018313
0.000991218
0.00451503
0.0062146
0.00187095
0.00138115
0.00144067
0.00308251
0.00173357
0.00122097
0.00175629
0.00155525
0.000970735
0.00282073
0.00138126
0.0032707
0.00126703
0.001283
0.00149962
0.000809085
0.00122646
0.00123684
0.00143777
0.00178366
0.00240043
0.00364183
0.00356218
0.00122389
0.00163418
0.00167267
0.00152151
0.00638152
0.00121105
0.00207061
0.004062
0.00120929
0.00140577
0.0016342
0.00217968
0.00707242
0.00175868
0.000992519
0.00142776
0.00169256
0.000690839
0.00202741
0.00132824
0.0014587
0.00195664
0.00244799
0.000996371
0.00113337
0.00264608
0.0015483
0.00379657
0.00596376
0.00135236
0.00148257
0.00678164
0.00223848
0.000650828
0.00149554
0.00206121
0.00146647
0.00199446
0.00265777
0.00533543
0.00160541
0.00217244
0.0020496
0.00232869
0.00594886
0.00139776
0.00178035
0.00151969
0.00194623
0.00213883
0.00137084
0.00101316
0.00133235
0.000974968
0.00142286
0.00073955
0.00167157
0.00200287
0.00191712
0.00181694
0.00267767
0.00243638
0.000755946
0.00168544
0.00192518
0.00471873
0.00246
0.000893257
0.00109008
0.00168833
0.00200248
0.00159309
0.00138417
0.00107946
0.00143697
0.000790209
0.00132975
0.00223407
0.00153621
0.00172832
0.00100347
0.00150787
0.00274183
0.0011789
0.00793192
0.00144399
0.00223991
0.001244
0.00101635
0.00261191
0.00125368
0.00211299
0.00182255
0.00169404
0.0015816
0.00163234
0.00161535
0.00623309
0.000673592
0.00181722
0.00131394
0.00156599
0.00094101
0.00218096
0.00226483
0.00071567
0.00242601
0.00219716
0.00131901
0.00223772
0.00123719
0.00154648
0.00146809
0.00350501
0.000990766
0.00146473
0.00238979
0.00241375
0.00143934
0.00125882
0.00305694
0.00162798
0.00116856
0.00222162
0.00267307
0.00190901
0.00422687
0.00110894
0.000700757
0.00194247
0.00239084
0.00103763
0.0022997
0.00153521
0.00101851
0.00235713
0.00194509
0.00281921
0.00141227
0.00138645
0.00198447
0.00111667
0.00124796
0.00187441
0.00141995
0.00197332
0.00170933
0.00267057
0.0021565
0.00147271
0.00551573
0.00148888
0.000891203
0.00129684
0.00220201
0.00190623
0.00130963
0.00355917
0.00191075
0.00133334
0.0041707
0.000975356
0.00339407
0.00289634
0.000599018
0.00269847
0.00203175
0.00106217
0.00128452
0.00249155
0.00153741
0.00171946
0.00131305
0.00238262
0.00984365
0.00110284
0.00467986
0.00193245
0.00215482
0.00203436
0.00161824
0.00277319
0.00126353
0.00220896
0.00101153
0.00155754
0.00199951
0.00114147
0.00183293
0.0021124
0.00176424
0.000890161
0.00459401
0.00120846
0.00211193
0.00166566
0.00119051
0.00163231
0.00108451
0.00472205
0.000516726
0.000495251
0.00155944
0.0010013
0.00254199
0.00121872
0.00297807
0.00133223
0.00165673
0.00435497
0.00330348
0.0012195
0.00195857
0.0305737
0.001256
0.00107683
0.00143254
0.00167848
0.000954332
0.00283869
0.00122661
0.000856015
0.00344917
0.00205054
0.00147928
0.00212441
0.0012796
0.00142514
0.0014513
0.000991212
0.00137627
0.00302023
0.000502854
0.00245797
0.00251683
0.00381786
0.0022167
0.00132181
0.00166535
0.00172089
0.00129785
0.00203708
0.00503231
0.0163608
0.0013312
0.00501524
0.00166502
0.00261017
0.00445473
0.00275045
0.0013217
0.00115025
0.00172637
0.0023956
0.00876017
0.00196468
0.0043368
0.00141045
0.00168412
0.0023413
0.00140222
0.00135455
0.0129753
0.00172558
0.00154434
0.00309094
0.00144161
0.00167691
0.00207335
0.00077658
0.00108173
0.000465217
0.00315201
0.00305596
0.000699834
0.00120706
0.00142736
0.00265911
0.00127306
0.00984899
0.00154534
0.00070545
0.00240841
0.00253233
0.0016134
0.0153148
0.00122237
0.000929994
0.000944319
0.00581805
0.00340016
0.000954477
0.000895569
0.00465076
0.00106471
0.00230369
0.00175629
0.00182638
0.00127766
0.00173168
0.00814028
0.00170492
0.0024802
0.00100231
0.000801591
0.000888738
0.00103556
0.00403424
0.00432425
0.00178211
0.00224377
0.000546407
0.00147329
0.00109878
0.0011861
0.0023677
0.000987975
0.00154058
0.00251527
0.00102658
0.00196241
0.00273157
0.00155068
0.00133791
0.00103953
0.00185342
0.0015757
0.000752093
0.00238544
0.00210079
0.00205557
0.00368592
0.00113481
0.00163008
0.0241512
0.00150853
0.00368784
0.00117096
0.00168456
0.00161252
0.00184433
0.0015394
0.00146992
0.00204974
0.00126124
0.00175359
0.00212009
0.00172572
0.00257716
0.00265776
0.00150788
0.00190553
0.0023323
0.00193908
0.000918307
0.00262125
0.00183471
0.00163391
0.00181637
0.0100913
0.0016842
0.0010126
0.00281777
0.0317163
0.00310167
0.00101886
0.00108749
0.00235252
0.00173106
0.00180837
0.00193895
0.00131686
0.00254957
0.00196763
0.00135858
0.00163109
0.00152932
0.00121506
0.00108742
0.00146139
0.00148312
0.0022061
0.00255204
0.000856616
0.002749
0.00155334
0.00136273
0.00179615
0.00218448
0.00224926
0.0268492
0.00101885
0.00110112
0.000767744
0.00280787
0.00123211
0.00211677
0.0015149
0.002518
0.00122853
0.00178459
0.00195458
0.00105845
0.00136046
0.00157144
0.00124282
0.0017656
0.00225974
0.00226883
0.00165607
0.00279149
0.00154995
0.00292745
0.00134054
0.00333655
0.000677415
0.00133969
0.00148362
0.00176522
0.00178897
0.00186647
0.00107763
0.00230258
0.00169562
0.00230788
0.00327039
0.00198389
0.00120219
0.00135222
0.00138706
0.00192529
0.00179084
0.00337925
0.00212656
0.0016861
0.00111193
0.000857506
0.00183036
0.00192955
0.00214822
0.000801817
0.00112439
0.00159201
0.000532467
0.000822311
0.0019567
0.00597217
0.00190771
0.00130004
0.0138044
0.00246094
0.0025557
0.00119174
0.00062693
0.00293473
0.00155763
0.00204238
0.000825237
0.00221997
0.00573917
0.00250658
0.00121184
0.00066176
0.00094163
0.0016646
0.00280937
0.00173789
0.00102404
0.00193013
0.00137532
0.000838791
0.00113913
0.00306441
0.00102714
0.00182792
0.00205072
0.00115574
0.00250364
0.000955038
0.00110522
0.00697421
0.0123898
0.00202985
0.00136751
0.00192011
0.00241202
0.00121676
0.0014089
0.00251509
0.00472847
0.00213759
0.00139607
0.00194506
0.00194112
0.0019288
0.00143438
0.000504102
0.00159976
0.000973807
0.00170507
0.000882496
0.00175929
0.000874485
0.00140218
0.00130495
0.00225394
0.00409223
0.00235627
0.00268404
0.00141083
0.00133215
0.000399397
0.00342839
0.000693131
0.00191779
0.00110644
0.000655422
0.00221372
0.0014283
0.00179029
0.00164495
0.00172648
0.00221792
0.0032142
0.000501824
0.00197732
0.000878928
0.00782029
0.00111054
0.00903859
0.000774009
0.00166439
0.00246864
0.00227553
0.0014008
0.00179592
0.00109052
0.00201165
0.000789
0.00236099
0.0012866
0.00286917
0.00220315
0.00236001
0.00590971
0.00172626
0.00154615
0.00289149
0.00387825
0.000982297
0.00222415
0.00119752
0.00550009
0.00130776
0.000563727
0.00137958
0.00653398
0.00172961
0.00118868
0.00328936
0.00168275
0.00206683
0.00144093
0.000840783
0.00101998
0.00159935
0.00189303
0.00218474
0.00135698
0.00251934
0.00172253
0.00134895
0.00377497
0.00319705
0.00159054
0.00191437
0.00207761
0.000983601
0.000851327
0.00140418
0.000795281
0.00207562
0.00144911
0.00411993
0.00114451
0.000929908
0.00170116
0.000898307
0.000959349
0.0015223
0.00134314
0.00218945
0.00191827
0.00141039
0.00258111
0.000761903
0.00257384
0.00268564
0.00117703
0.00587451
0.0010488
0.00159974
0.00454634
0.00251555
0.000367999
0.00137784
0.00141248
0.000922522
0.00158646
0.00138515
0.000901241
0.000828271
0.00421402
0.00375056
0.00195187
0.00133144
0.00132069
0.00214922
0.0021687
0.00616838
0.00119856
0.000636733
0.00882132
0.00142443
0.00655003
0.000809931
0.0259944
0.00096795
0.00160424
0.00206842
0.00132805
0.00495995
0.000713728
0.00232284
0.00319118
0.000866462
0.00209029
0.00097696
0.00270835
0.00252887
0.00497285
0.00333273
0.00153502
0.00574603
0.00167306
0.00324536
0.0066646
0.00128769
0.00131723
0.00131128
0.0092751
0.0066862
0.00603659
0.00156992
0.0019729
0.00195257
0.00107056
0.00486832
0.00110503
0.0015971
0.000959279
0.00113468
0.000838957
0.00253905
0.0015466
0.00685122
0.000925046
0.00456851
0.00156563
0.00192181
0.00190494
0.00145328
0.00187421
0.00131614
0.00196833
0.00185008
0.0014356
0.00151812
0.00243628
0.00115267
0.00307692
0.00197535
0.00107214
0.00194573
0.0016676
0.00431093
0.000650688
0.00139761
0.00105305
0.00110572
0.00415649
0.000864855
0.00293024
0.00101251
0.00258373
0.0016329
0.00219722
0.00069415
0.00127941
0.00177563
0.00225134
0.000904811
0.00212492
0.00116174
0.00179637
0.00160198
0.00255068
0.00117291
0.00147527
0.00232645
0.00165777
0.00187778
0.00179224
0.00247037
0.00335154
0.00132359
0.00119444
0.00179917
0.00141028
0.00123543
0.00162693
0.00143468
0.00539664
0.00131517
0.00395783
0.00202743
0.00103701
0.0023728
0.00302934
0.00199142
0.00101149
0.000547256
0.000954933
0.00152589
0.00111741
0.000746156
0.00172045
0.00283085
0.00177534
0.00189315
0.00218349
0.00129894
0.000664682
0.00384511
0.00134357
0.00113968
0.0029294
0.0040793
0.00366101
0.00193352
0.00137929
0.00182292
0.00220409
0.00186229
0.00102881
0.000773199
0.00216599
0.000639927
0.0024044
0.00161414
0.00264516
0.0093671
0.0439204
0.00143026
0.00104381
0.00206152
0.00101886
0.0228673
0.00119483
0.00205931
0.001049
0.00124103
0.00084085
0.00216629
0.000938988
0.0023797
0.000882071
0.00191968
0.00268951
0.000561621
0.00139363
0.00216724
0.00139499
0.00133373
0.00217923
0.000663648
0.00139491
0.00213727
0.00152197
0.00141933
0.00154845
0.00078453
0.00111386
0.00125794
0.00160509
0.00171294
0.00152227
0.00106089
0.00137644
0.000769222
0.00208174
0.0016546
0.00175433
0.00252909
0.000697332
0.00172664
0.00128752
0.0014517
0.00138391
0.0012642
0.00110271
0.00115774
0.00140375
0.00126378
0.0015484
0.000949428
0.00413837
0.0028538
0.00144143
0.00196338
0.00132052
0.000351923
0.00143528
0.00156774
0.0010159
0.00127218
0.00120974
0.00084116
0.00526267
0.000678443
0.00203423
0.00163584
0.00164106
0.00222467
0.000670907
0.00110874
0.000982495
0.000865763
0.000912547
0.00131855
0.000937353
0.00135021
0.00110489
0.00165161
0.00387832
0.00211613
0.00263376
0.00177805
0.00159888
0.00672204
0.0028818
0.00141607
0.00237361
0.00125288
0.00189134
0.00221738
0.00176249
0.00164821
0.0012246
0.0012221
0.00285054
0.00252849
0.00128939
0.00223776
0.00417431
0.00148134
0.00119351
0.00177161
0.00203716
0.00159807
0.00519481
0.00210227
0.00308743
0.00137629
0.00209018
0.00157697
0.00152035
0.00126453
0.00283596
0.00221771
0.00187667
0.0067362
0.00179834
0.00163631
0.00156653
0.00120864
0.00140603
0.00138135
0.00100966
0.000972155
0.00106974
0.00235246
0.00185353
0.00205227
0.00157032
0.000941371
0.00206149
0.00486264
0.00197854
0.000935025
0.0028937
0.00125904
0.00128422
0.00642357
0.00128164
0.00132764
0.00413693
0.00149587
0.00096275
0.00248004
0.00207131
0.00211899
0.00169976
0.00114472
0.00174714
0.00234896
0.00138424
0.00189929
0.0012485
0.00138023
0.000822356
0.000754266
0.00238835
0.000972645
0.000700613
0.000972858
0.00241908
0.0014419
0.00145574
0.00172958
0.00237018
0.0027682
0.00224002
0.00109044
0.00656729
0.0104203
0.00157845
0.00262875
0.00253225
0.00182581
0.00362779
0.000931828
0.00169697
0.00217375
0.00195178
0.00142591
0.00125849
0.00198037
0.000418769
0.00139457
0.00132463
0.00116203
0.00481968
0.00207708
0.00939252
0.00378288
0.0013145
0.00093713
0.00110591
0.00128495
0.00222829
0.00216737
0.00193782
0.000783222
0.00171458
0.00234319
0.0032776
0.0013779
0.00131573
0.000712536
0.000840633
0.00187375
0.00156544
0.00126293
0.00194329
0.00199334
0.00177433
0.00147928
0.00164216
0.000774273
0.00157211
0.00260053
0.00115412
0.00192729
0.0014864
0.00209928
0.000863602
0.00167588
0.00214679
0.00148902
0.00306097
0.00811636
0.00403035
0.0015757
0.00146441
0.00210801
0.00203617
0.00249562
0.00182004
0.00178401
0.000538632
0.00148307
0.00256515
0.00220904
0.00180303
0.00323713
0.00205507
0.0019953
