0.000357684
0.000106429
0.00108664
0.000197797
0.000315791
0.000979728
0.000359361
0.000228793
0.000109502
0.000198842
0.000262957
0.000126007
3.50436e-05
8.3601e-06
0.000375986
0.000292154
0.000355537
0.000272174
0.000670704
0.000429771
4.02507e-05
0.000101997
8.17003e-05
0.00024403
0.000441185
0.00027264
0.000148545
0.00017995
0.000341614
9.24424e-05
0.000381817
0.000486591
6.94077e-05
0.000445212
0.000246664
0.000123237
0.000318178
0.000390394
0.000144285
1.22882e-05
0.000276333
0.000103307
8.79882e-05
0.000282149
0.0001438
5.41173e-05
0.000235251
0.00025303
0.000242022
0.000681914
0.000217281
0.000393955
0.000290862
0.00026917
0.000323425
0.000166225
0.000131019
0.000641292
0.00032363
0.000280177
0.000361742
0.000128054
0.000489764
0.000266166
0.000176659
0.0002087
0.000171265
0.000138974
9.17507e-05
0.000156207
0.00094539
0.000225421
0.000481857
0.000318008
0.000171893
0.0096613
0.000181711
0.000249824
7.40078e-05
0.000491625
0.000227266
0.00174042
0.000434815
0.000285818
0.000865426
0.000100044
0.000405059
0.000181261
6.12746e-05
0.000414253
0.000493566
0.00459145
0.000238996
0.00111944
0.000181491
0.000362969
0.00110748
0.000383889
5.73467e-05
0.000126679
0.000252262
0.000211789
0.000513771
8.69307e-05
0.000223107
0.000369106
0.00016341
0.000151497
0.000955593
0.000139138
0.000391439
6.5452e-05
0.000438545
0.00013758
0.000103788
0
0.0021928
0.000104707
3.1823e-05
8.10034e-05
0.000200611
0.000121855
9.10884e-05
0.000258444
0.000447992
0.000204257
0.000234717
0.000262862
0.000181825
0.00238482
0.000390022
0.000266773
0.000219834
0.000119377
0.000116414
0.000397863
0.00027784
0.000159305
0.000297769
0.000555656
0.000216045
0.000428795
6.96298e-05
0.00019709
0.000294928
0.000174104
0.000223008
0.000258718
0.000165436
0.000718394
0.000297381
0.000107803
0.000139285
0.000106499
0.000224335
0.000196754
0.000246409
0.00024868
0.000190926
0.000402372
0.000182516
0.000137628
0.000113541
0.000604139
0.00018677
0.000171136
0.000125074
8.87301e-05
0.000286729
0.000827729
0.000235584
0.000121676
0.000382949
0.000139523
0.000225974
0.00018982
0.000138217
0.000182733
0.00024892
0.000216766
0.000640076
0.000397522
0.000194712
5.96935e-05
0.0003874
0.000317684
0.000488724
0.0014185
0.000122843
6.51619e-05
0.000462723
0.000175013
0.000261387
0.000119098
0.000226736
0.000140339
0.00103296
0.000258552
0.000224789
0.0002112
0.00018698
0.000865373
0.00406854
0.000438231
0.000418807
0.000151055
0.000254406
0.000184889
0.000181356
0.000402057
0.000303856
0.000350911
3.26352e-05
0.000122181
0.000454315
0.000113921
0.000257034
8.32447e-05
0.00020691
0.000541382
0.000191231
0.000211601
0.000173474
7.79926e-05
0.000682955
0.000167295
0.000252053
8.56276e-05
0.000152242
0.00048217
0.000376005
0.000190989
0.000128575
0.000725626
5.84985e-05
0.000297111
0.00059921
0.000261794
0.000245755
6.96378e-05
0.000217384
0.000250301
0.000677509
0.000407939
5.94587e-05
0.000217158
0.000350603
0.000419061
0.00128354
0.00030438
0.000185939
0.000267954
0.000364156
0.000127716
9.98213e-05
0.000143059
0.000568766
6.21378e-05
0.000116381
0.000184926
0.000243385
0.000288084
0.000144329
0.000513927
0.00165856
0.000474881
0.000296369
0.000580294
0.000265021
0.000254626
0.000258494
0.000642038
0.000107241
0.000237042
0.000169725
0
0.000238746
0.000131025
0.000228109
0.000359726
0.000424667
4.68219e-05
0.000514215
0.000725293
0.000335416
0.000309845
0.000146723
0.000282215
0.000319197
0.000210099
0.000254778
0.000505101
0.000183855
0.000215416
0.00125396
0.000184248
0.000162902
0.000363577
0.00033323
0.00035199
0.000161559
8.52462e-05
0.000288517
9.12845e-07
0.000116569
0.000230101
6.54626e-05
0.000332493
0.000175305
0.000253928
0.000136534
0.000389163
4.12781e-05
0.000233337
0.000274854
0.000161027
0.0001936
2.51031e-05
0.00023954
0.000340541
0
0.000168205
0.000672606
0.000633649
4.50139e-05
0.000551995
0.000167672
9.30726e-05
0.000252501
0.000286764
6.13344e-05
0.000129837
0.000131764
0.000268405
0.000175275
7.94508e-05
0.000153966
0.000134345
0.000426719
0.000136972
0.000242216
0.00330451
0.000843152
0.00014976
0.000193665
0.000150867
0.000355258
0.00502861
0.000247063
7.41452e-05
0.000120814
0.00034769
0.000188881
0.0002596
1.18401e-05
0.000225853
0.000249634
0.000398469
2.80218e-05
0.000689789
8.55246e-05
0.00029498
