0.000452289
0.000256158
0.000645576
0.000483704
0.000225879
0.000176579
0.000363337
0.00052425
0.000420364
0.000397507
0.000273249
0.00149772
9.87616e-05
0.000656029
0.000589473
0.000351282
0.00018787
0.000920815
7.77275e-05
0.000435925
0.000323483
0.000284782
0.000238059
0.00107095
0.000927872
0.00041403
0.000935112
0.000443013
0.000485038
0.00103971
0.000393239
0.000501626
0.000167415
0.000910662
0.0003741
0.000328147
0.000553508
0.000598805
0.000173364
0.000277985
0.000585921
0.0011543
0.000421959
0.000193122
0.000398177
0.000206003
0.000399607
0.000384276
0.000478211
0.000129545
0.000489309
0.000544098
0.000605812
0.000423868
0.000908487
0.000353636
0.00059165
0.000228559
9.26456e-05
0.000358495
0.000265019
0.000341035
5.35091e-05
0.0021461
0.000289999
0.000460078
0.000185547
0.000425167
0.000307535
0.000254886
0.000913517
0.000498898
0.000559685
0.000255007
0.00107965
0.000612351
0.000155058
0.000310513
0.000419767
0.000741075
0.000343334
0.000168743
0.00037552
0.000399389
0.00229261
0.00113681
0.00104743
0.00107803
0.000485501
0.00033266
0.000593037
0.000328935
0.000420341
0.000651514
0.000249629
0.000572951
0.000291664
0.00081368
0.000257757
0.00499672
0.000331854
0.000486825
0.000262059
0.00498849
0.000416805
0.000231933
0.000165603
0.000329612
0.000214132
0.000527391
0.000680387
0.000164351
0.000316287
0.000563944
0.000494293
0.00024124
0.000189077
0.000290211
0.00120906
0.00020492
0.0005998
0.000527072
0.00072919
0.00322767
0.000238694
0.001137
0.000797815
0.000237474
0.000807743
0.000518115
0.00178795
0.000686814
0.00058724
0.000565227
0.000340898
0.000317691
0.00033709
0.0175764
0.000475469
0.000157341
0.00026372
0.000286873
0.000443026
0.000321893
0.000523446
0.000807544
0.000276495
0.000973215
0.00034843
0.000318879
0.000262369
0.000452467
0.00039681
0.000748269
0.000526238
0.000509871
0.000539067
0.000228023
0.000380913
0.000195598
0.000590418
0.000145116
0.000454983
0.00118109
0.000605299
0.00100248
0.000305092
0.000418089
0.000673723
0.000547137
0.00127326
0.000473303
0.00037104
0.000257218
0.000328313
0.000862336
0.00713572
0.00108967
0.000581278
0.000296487
0.000429659
0.000188894
0.000193308
0.000230018
0.000604229
0.000541335
0.000189583
0.000585268
0.000150262
0.000140044
0.000677228
0.000547277
0.000146332
0.00378287
0.000970974
0.000623808
0.00051507
9.52771e-05
0.000299095
0.000407869
0.000493478
0.000575972
0.000312173
0.000469685
0.00288114
0.000548761
0.000527514
0.000178817
0.000150789
0.000447743
0.000196752
0.000322158
0.000267914
0.000546964
0.000433439
0.000355162
0.000519025
0.00207035
0.00240912
0.000651209
0.00125934
0.00889211
0.000654251
0.000376699
0.000408391
0.000782264
0.000312703
0.000381904
0.000278143
0.000465391
0.000233085
0.000237751
0.00254272
0.000637745
0.000242242
0.000983534
0.000444093
0.00114483
0.000705873
0.00050634
0.000714464
0.00077674
0.000498272
0.000603806
0.000373562
0.000731521
0.000561745
0.000543665
0.000712527
0.00116397
0.00034675
0.000365247
0.00083829
0.000256223
0.00147699
0.000365294
0.00133731
0.00157316
0.000915609
0.000563288
0.000917774
0.00169057
0.00025074
0.000913492
0.000370473
0.000561554
0.000203466
0.000649407
0.000152981
0.000318329
0.00034213
0.000383344
0.000712838
0.000517993
0.000708011
0.000289566
0.000566024
0.000497496
0.000401297
0.000136861
0.00201336
0.00050333
0.000251743
0.000401917
0.00492382
0.00108761
0.000300742
0.000996193
0.000854562
0.000588334
0.000378998
0.000336786
0.00018796
0.00124717
0.00013039
0.000615599
0.000260406
0.00070892
0.000641359
0.00044417
0.000419974
0.000514435
0.000260148
0.000991934
0.000508019
0.000726078
0.000427337
0.00053032
0.0021528
0.000403999
0.00036479
0.00382808
0.000343201
0.000526648
0.000223532
0.000574499
0.000399232
0.000525826
0.000492725
0.000295399
0.000413821
0.000521809
0.000438893
0.000216583
0.00119468
0.000198848
0.000384314
9.94283e-05
7.64333e-05
0.000327186
0.00205028
0.000352123
0.000248377
0.00024534
0.000352284
6.52181e-05
0.00103052
0.000643896
0.000450737
0.00114435
0.00209752
0.000290847
0.0011816
0.00157085
0.000231617
0.000474958
0.000139416
0.00248605
0.000394025
0.000496902
0.00062472
0.00047618
0.000335786
0.00042819
0.000213561
0.00145259
0.000424321
0.000486127
0.000602123
0.0005953
0.000649145
0.000372884
0.000369362
0.000793116
0.000383626
0.000592709
0.000104553
0.000435682
0.000503803
0.000573924
0.000359887
0.000518076
0.000534179
0.000201118
0.000519557
0.00481532
0.000424784
0.000983614
0.000269245
0.000428507
4.96205e-05
0.000560675
0.000315245
0.000398934
0.000387695
0.000813895
0.000607337
0.000454235
0.000448807
0.000279882
0.000940293
0.00307141
0.000559092
0.000451713
0.000450957
0.000278805
0.000315644
0.000197524
0.000361029
0.000232853
0.000371647
0.000355208
0.000100877
0.00128465
0.000412992
0.000364564
0.000493993
0.000572104
0.00157784
0.000332502
0.000285079
0.000334658
0.000244476
0.00108616
0.00371261
0.000362519
0.000130196
9.40926e-05
0.000464528
0.000540497
0.000315924
0.000453539
0.000436058
0.000630028
0.00046154
0.000344338
0.00155757
0.000113794
0.00110556
0.00024943
0.000296303
0.000855845
0.000590407
0.00029039
0.00035614
0.000295607
0.000363821
0.000347381
0.000287006
0.00041585
0.0014103
0.000341322
0.0002229
0.000350113
4.95283e-05
0.00034857
0.000340859
0.000255828
0.000112671
0.000382288
0.000139794
0.000230583
0.010969
0.000108442
0.00027981
0.000715054
7.59901e-05
0.000325302
0.000309004
0.000683335
0.000400148
0.000283704
0.00047142
0.00148249
0.000436239
0.000441559
0.000301878
0.000141965
0.00290551
0.00266722
0.000557255
0.00032696
0.000123643
0.00357042
0.000333786
0.000258875
0.00055721
0.000849757
0.000485916
0.000119125
0.000655214
0.000181726
0.00022313
0.000581661
0.000212191
0.000933085
0.00086946
0.000829894
0.000455937
0.000599094
0.000300595
0.000492043
0.000769287
0.000385137
0.000834726
0.000372936
0.000294421
0.00060923
0.000348479
0.000181706
0.000305863
0.0005554
0.000372808
0.000379984
0.000579905
0.000506889
0.000280776
0.00041238
0.00044163
0.000483037
0.000660255
0.000650618
0.000490027
0.000172082
0.000567968
0.000257386
0.000313457
0.000777411
0.000162501
0.000389183
0.000707579
0.000732856
0.000329426
0.000910443
0.000754316
0.00120091
0.00020971
0.00663796
0.000393359
0.000542908
0.000276096
0.00422119
0.000458744
0.000565118
0.000553846
0.000369381
0.000337408
0.00111956
0.000234715
0.000753077
0.00165194
0.000351759
0.000334327
0.000311817
0.000466015
0.000460734
0.000625219
0.00134385
0.000425284
0.00109302
0.0103054
0.00103432
0.000453863
0.000388736
0.000925617
0.00029918
0.000920653
0.00105545
0.000753059
0.000792465
0.0005073
0.000379419
0.000287747
0.000340045
0.000176965
0.000384582
0.000551269
0.000309632
0.00111176
0.0013673
0.0655398
0.000473921
0.000778576
0.000549515
0.000644306
0.000473162
0.00105597
0.000249409
0.000983497
0.000109037
0.000439742
0.000856149
0.000982047
0.000611742
0.000520489
0.000317754
0.000851647
0.000842582
0.00109848
0.000383894
0.0008213
0.000280231
0.000369681
0.000556007
0.000405318
0.000469757
0.000422437
5.96412e-05
0.000400523
0.00232759
0.000424039
0.000203634
0.000781155
0.000456722
0.000536075
0.00022202
9.1632e-05
9.14797e-05
0.000754935
0.000161304
4.37376e-06
0.000380444
7.88595e-05
0.000430532
0.000295617
0.00101525
0.000377402
0.000275241
0.00781936
8.33322e-05
0.000123497
0.000779898
0.000434686
0.000359314
0.000496163
0.00223022
0.000489958
0.000220043
0.000298783
0.000568793
0.000589609
0.00100198
0.000149113
0.000203026
0.000332782
