0.00351547
0.000632475
0.000757599
0.000581022
0.000709132
0.000749255
0.000543922
0.00112907
0.000895673
0.000898964
0.00123081
0.000513528
0.000290494
0.000795848
0.000362851
0.000584876
0.000855737
0.000833924
0.000798681
0.000477217
0.000904415
0.000612107
0.000376489
0.000407518
0.000947438
0.000304493
0.00435811
0.000546701
0.00120306
0.00027536
0.00121287
0.000794052
0.00112164
0.000631366
0.000483372
0.000428821
0.000565833
0.000941787
0.000411137
0.000731426
0.00208106
0.00100499
0.000751458
0.000275732
0.00179658
0.000511643
0.000727091
0.0010619
0.000534701
0.000580361
0.00787654
0.000536284
0.000949231
0.00041888
0.00490398
0.00149837
0.00207836
0.00475779
0.000466536
0.000747312
0.000424798
0.000701265
0.0001496
0.000344009
0.00165756
0.000532802
0.000651524
0.00077213
0.000679771
0.000620715
0.000672347
0.000837227
0.000706064
0.0012884
0.000629585
0.000936358
0.000282419
0.000207195
0.000913877
0.000828404
0.00073008
0.00153606
0.00052176
0.000964067
0.000220779
0.000464695
0.0014585
0.000972997
0.000619213
0.00197017
0.000707052
0.000545566
0.000605132
0.00111463
0.000327975
0.000854384
0.000653956
0.00169552
0.000959047
0.000336139
0.000940506
0.000698288
0.00133144
0.000623089
0.000695783
0.00102659
0.00073293
0.000460288
0.000543893
0.00920488
0.000473631
0.000641304
0.000627774
0.000420488
0.00115233
0.000567622
0.000660606
0.000387614
0.00132377
0.000369742
0.000899676
0.000923319
0.000526176
0.00128772
0.000237876
0.000540321
0.000100987
0.000853903
0.000399824
0.000792073
0.000909775
0.000493478
0.000855994
0.000673776
0.000330798
0.000683936
0.000440873
0.000579309
0.000323416
0.000933706
0.000647502
0.000270122
0.000762115
0.000635372
0.000615854
0.000328941
0.000541639
0.0010821
0.00112808
0.000592617
0.000774961
0.000445364
0.00109572
0.00118022
0.000958619
0.000177348
0.00380532
0.000624982
0.000736754
0.000545286
0.000706123
0.00331984
0.000462735
0.00894059
0.00109942
0.000157085
0.00112951
0.000933843
0.000889265
0.000865031
0.00125481
0.00557152
0.00094469
0.00083442
0.000504376
0.00100238
0.000592451
0.00150505
0.000905045
0.00129543
0.000545532
0.000727725
0.000669924
0.00116112
0.00060405
0.000762331
0.00506012
0.000765713
0.000725327
0.00142655
0.000278626
0.000728531
0.00323996
0.000786115
0.000516556
0.000807574
0.0018448
0.000934207
0.000750757
0.00108503
0.00154467
0.000446503
0.000212946
0.000665463
0.00026414
0.000570902
0.000791824
0.000479641
0.000364316
0.00217957
0.00143213
0.00034882
0.00022119
0.000689896
0.0012548
0.000392652
0.00171125
0.00245377
0.000428745
0.00060127
0.00113164
0.000456916
0.00455004
0.00166298
0.000634063
0.00109159
0.000897248
0.00126136
0.000862205
0.00162969
0.000754101
0.000864422
0.00080125
0.000777994
0.000641186
0.000576151
0.000298441
0.000450425
0.000837859
0.000501983
0.000135458
0.00102308
0.00162155
0.00224577
0.000518439
0.000668336
0.000538178
0.000955314
0.00218944
0.00374109
0.000568385
0.000154909
0.000202818
0.00104115
0.000274296
0.000849562
0.000401178
0.00119124
0.00109721
0.000265476
0.000486159
0.000414523
0.000753497
0.000517719
0.000472383
0.00068471
0.000712265
0.000492058
0.000396141
0.000468733
0.000614745
0.000529494
0.00140182
0.000583397
0.000299867
0.000179668
0.000398008
0.000511379
0.00104324
0.0040066
0.000585383
0.00423921
0.00048477
0.000886059
0.00123711
0.000339017
0.000954436
0.00153653
0.000109384
0.00127751
0.00209217
0.000509505
0.00043447
0.00177686
0.000212496
0.000699474
0.00364731
0.000901002
0.000439133
0.000420557
0.000574775
0.000347171
0.000454741
0.000870945
0.00053455
0.0012516
0.000580809
0.00106474
0.000973635
0.000529246
0.00396336
0.0010532
0.000553969
0.000789082
0.00307231
0.000577465
0.000715169
0.000414826
0.000270128
0.000562232
0.000626788
0.000585117
0.000496744
0.000698151
0.000903705
0.00352849
0.0026489
0.00160692
0.000409718
0.00101722
0.000660565
0.000513931
0.000411402
0.000655626
0.001679
0.000318865
0.000367057
0.000760994
0.0010657
0.000673456
0.000564219
0.000549346
0.00116665
0.00122495
0.00118228
0.000992488
0.00066634
0.000614369
0.00104292
0.000524178
0.00116646
0.000366148
0.0013488
0.000517446
0.00103952
0.000363656
0.000656151
0.000387916
0.0010286
0.00112893
0.000406138
0.00143959
0.000478208
0.00171474
0.00132626
0.000474542
0.000617122
0.00115487
0.00179317
0.000513206
0.00129586
0.00104398
0.000514126
0.000753305
0.000739699
0.000795706
0.000983281
0.000569501
0.000107451
0.000710177
0.00232084
0.00106097
0.00110337
0.000826119
0.000441984
0.000319439
0.00107994
0.00104216
0.000492338
0.00054668
0.000954709
0.000682521
0.000185691
0.00221478
0.00147096
0.000445841
0.000197956
0.00039148
0.00120268
0.000708368
0.000527909
0.000645472
0.00075748
0.000535124
0.000884274
0.00172995
0.000688948
0.000707712
0.000819851
0.0077248
0.000660494
0.000502902
0.000585212
0.00081781
0.000544598
0.000566815
0.000610453
0.00120695
0.000717347
0.000401735
0.000760073
0.000615478
0.000738058
0.00309658
0.000589424
0.000650258
0.0028728
0.00135375
0.00110066
0.000218089
0.00184949
0.000721162
0.000826209
0.000297796
0.000424636
0.000817624
0.000460917
0.000671519
0.000371625
0.00105095
0.00058682
0.00060931
0.00038123
0.00136336
0.000716616
0.00102917
0.00195655
0.000519587
0.000572891
0.000696432
0.0016323
0.000529539
0.00100451
0.000481954
0.000870934
0.000645
0.000258337
0.000582763
0.000895902
0.00168584
0.000784215
0.000946627
0.000653465
0.000508609
0.000547951
0.000567367
0.000451832
0.000927107
0.00100866
0.000368539
0.00225243
0.00156521
0.000685382
0.000615005
0.000679576
0.000285296
0.00317904
0.000614496
0.00710534
0.000671952
0.000588927
0.00151817
0.000358904
0.000787243
0.00077739
0.0005934
0.00164634
0.0020075
0.000804777
0.000727402
0.00305452
0.00124095
0.00123756
0.000712321
0.000964615
0.0025591
7.90144e-05
0.000732213
0.0763939
0.000794179
0.00125172
0.00120373
0.0010904
0.000997333
0.000410199
0.0106791
0.000871105
0.000638581
0.000511727
0.00052202
0.000486434
0.00078846
0.000831131
0.000291504
0.000982054
0.000519973
0.00078108
0.0011052
6.70359e-05
0.00310483
0.000268249
0.000208594
0.000597147
0.000778174
0.000561046
0.00117915
0.00179445
0.000825831
0.000231556
0.000999487
0.000791224
0.000889803
0.00101623
0.000521976
0.000923985
0.0010229
0.00118339
0.000679023
0.000685422
0.000415925
0.000908399
0.000579304
0.000452005
0.000293145
0.000590118
0.000191537
0.000443307
0.00230103
0.000501108
0.00079618
0.00126534
0.00107313
0.00161662
0.000317828
0.00065603
0.000793239
0.000996882
0.000460456
0.000720295
0.000291506
0.000451279
0.000366497
0.00127317
0.00149278
4.05504e-05
0.000365247
0.001067
0.00102299
0.000772354
0.000639899
0.000950013
0.000527329
0.00060853
0.00101712
0.000734076
0.000617714
0.000574592
0.000751396
0.000544831
0.001048
0.00034398
0.000695705
0.000987641
0.000513751
0.000608837
0.00103748
0.000783316
0.000687064
0.001013
0.000646348
0.0015316
0.000727861
0.000702319
0.000155729
0.000544684
0.000505414
0.000475411
0.00055602
0.000647616
0.000988767
0.000612121
0.00125009
0.000674395
0.00144827
0.000938133
0.000547973
0.000688307
0.000731449
0.000902657
0.000709331
0.00124938
7.16472e-05
0.000628677
0.000612263
0.00202788
0.00064498
0.000950639
0.000165059
0.000637675
0.000678351
0.000877123
0.00270178
0.000648714
0.00097598
0.000692475
0.000545705
0.000905085
0.00277509
0.00128227
0.000579661
0.000467956
0.00739491
0.000323361
0.000852573
0.000192306
0.000243014
0.00080721
0.000573825
0.000775076
0.00134958
0.000714111
0.00064365
0.000712368
0.0888606
0.000684098
0.000499062
0.000230544
0.00114226
0.000703831
0.00101298
0.000370026
0.000938031
0.00109475
0.00402146
0.000390635
0.000599295
0.0014268
0.000327893
0.000471546
0.00174218
0.00113335
0.000588017
0.000386867
0.00132343
0.00037969
0.00107613
0.00457296
0.00312557
0.000497083
0.00160102
0.00148933
0.00399454
0.000836325
0.000856837
0.000573771
0.00099835
0.000405069
0.000287329
0.000582821
0.00128688
0.000553441
0.000402998
0.000344004
0.00047696
0.00133963
0.000615103
0.00070931
0.00160039
0.000258156
0.000316276
0.000702925
0.00114273
0.00123408
0.00181575
0.00124958
0.00084887
0.000518406
0.000395148
0.0018728
0.000834552
0.000804712
0.000402943
0.000501605
0.00145531
0.0008919
0.00487219
0.000833385
0.000415541
0.00086093
0.000424399
0.000990891
0.000607502
0.00463815
0.000453383
0.000537334
0.000266957
0.000864677
0.00140232
0.000380709
0.00104198
0.000808771
0.00144005
0.0157959
0.000422643
0.000919926
0.000385716
0.000216705
0.000525535
0.00169017
0.000738191
0.000304149
0.00130683
0.000997302
0.0011711
0.000392491
0.000637
0.000655239
0.000898297
0.00145581
0.00153469
0.000577587
0.00342679
0.00132362
0.000873776
0.00695893
0.000904256
0.00112488
0.000467277
0.000676823
0.000241032
0.000567669
0.00182478
0.000725387
0.000864253
0.00104503
0.00039804
0.000623154
0.000376158
0.00155488
0.0169523
0.000812872
0.000716594
0.000294417
0.000859673
0.000923703
0.000728447
0.000756032
0.000437649
0.00126338
0.000373313
0.000444788
0.000429187
0.000695022
0.000328644
0.000447674
0.000550622
0.00383436
0.00509363
0.000277668
0.000385537
0.000370598
0.000516352
0.000784225
0.00184398
0.000630373
0.000589183
0.000706149
0.000444223
0.000447343
0.00128078
0.00150632
0.000776779
0.000640604
0.000706907
0.00042574
0.000469032
0.000485186
0.00133569
0.000582344
0.000917351
0.000612761
0.000480152
0.000763909
0.000780427
0.00053697
0.00689394
0.000699326
0.000728499
0.00250234
0.000167414
0.000283207
0.00117118
0.000957137
0.000322682
0.000306733
0.00056657
0.000209204
0.00105109
0.00136574
0.000566735
0.000575723
0.000829979
0.00132163
0.000939917
0.001187
0.000463766
0.000833974
0.000423533
0.00101428
0.000531822
0.000413493
0.00039267
0.00118366
0.000536399
0.00128454
0.000638406
0.0025972
0.00106161
0.00087611
0.000518781
0.00041575
0.000740567
0.000558517
0.00030638
0.000697192
0.00157071
0.000906848
0.000644015
0.00109219
0.000778982
0.000415152
0.000770818
0.000292128
0.000540577
0.000752743
0.000624309
0.000702725
0.00100445
0.0014734
0.000845301
0.000658191
0.00158345
0.000262413
0.000968348
0.000922235
0.000892373
0.000800406
0.000937145
0.000303055
0.000762045
0.000967261
0.0019106
0.000641346
0.00162806
0.000977633
0.000762699
0.000651791
0.000763572
0.000718436
0.000501861
0.000673549
0.00065589
0.000340414
0.000563456
0.000397242
0.000998378
0.000759961
0.000514209
0.000700812
0.00147105
0.000172647
0.00038783
0.000982037
0.000631843
0.00054679
0.000593977
0.00253082
0.000303009
0.000600458
0.000282192
0.000862197
0.000780179
0.00112338
0.00106533
0.000597684
0.000331895
0.000902912
0.00087517
0.00029053
0.000865812
0.00130999
0.000301696
0.000689268
0.000594067
0.00113816
0.000759648
0.00209369
0.000933279
0.000490086
0.00124185
0.00052758
0.000350175
0.000703979
0.00109744
0.000482992
0.00114771
0.00148975
0.000477251
0.000916234
0.000224151
0.000581506
0.000611678
0.000943754
0.00126187
0.000761156
0.000682105
0.000734945
0.000710596
0.000677908
0.00124522
0.0011421
0.000959152
0.000769477
0.0080535
0.000773897
0.000583557
0.00205376
0.00115941
0.000859182
0.00135692
0.00166729
0.000944503
0.00098269
0.000599917
0.000328973
0.00264897
0.000993202
0.000467166
0.000856287
0.00117756
0.00055169
0.0090298
0.00111397
0.000526618
0.000478349
0.000838717
0.000500993
0.00449537
0.000615341
0.000482358
0.000792566
0.00106892
0.000794279
0.000438662
0.0011745
0.000391523
0.00106851
0.00046807
0.000454034
0.00129894
0.00167174
0.000290403
0.000834211
0.000476324
0.0125901
0.00021028
0.000350397
0.000515456
0.000489413
0.000389985
0.00212838
0.000934283
0.000586902
0.00143615
0.00120189
0.0010279
0.000743582
0.000963448
0.00141098
0.000702178
0.000818098
0.000788241
0.000444493
0.000507144
0.000866612
0.00054505
0.000815425
0.000713221
0.00069576
0.000785876
0.0005394
0.00148652
0.00053945
0.000493705
0.000758127
0.000223732
0.000452425
0.00144842
0.00130168
0.000548653
0.000555713
0.000804557
0.00069264
0.000395992
0.00145846
0.000436414
0.000380954
0.000722928
0.000911034
0.00049082
0.0019505
0.000948654
0.000624343
0.00155211
0.000179084
0.000366837
0.000662926
0.00102009
0.000644323
0.00109325
0.000960431
0.000616697
0.000922391
0.000472362
0.000305638
0.000368871
0.00103419
0.00107714
0.000377289
0.000807
0.00047302
0.000717559
0.000740504
0.000661477
0.0011085
0.00106936
0.000659593
0.000792944
0.000568548
0.00132681
0.000569138
0.000425361
0.00121004
0.000571947
0.00510687
0.000622611
0.000455655
0.000785635
0.000672793
0.00104434
0.00100124
0.000470593
0.000589003
0.000682125
0.0007327
0.000451525
0.000644764
0.00131733
0.000552091
0.000648372
0.000712275
0.00085949
0.000622445
0.000900064
0.000625435
0.000894877
0.000727631
0.000666226
0.000716409
0.000646235
0.00114889
0.000584007
0.000367224
0.000824104
0.000609152
0.000986364
0.000463447
0.000775276
0.00100194
0.000506102
0.000493644
0.00122283
0.00117526
0.000485388
0.00116003
0.000373422
0.000790932
0.0049459
0.0120567
0.000860345
0.000906132
0.000433174
0.000727582
0.000261883
0.00082619
0.000426016
0.00132009
0.00108664
0.000581353
0.000635664
0.000684069
0.00110733
0.000731621
0.00131449
0.00154322
0.00141094
0.000621345
0.000774453
0.00051823
0.00432246
0.000607608
0.000788404
0.000487871
0.000700705
0.000905562
0.00153983
0.000767718
0.000392179
0.000564796
0.00105894
0.00011826
0.000661858
0.000558587
0.000803986
0.000475091
0.000917786
0.000818637
0.000857225
0.000368919
0.00146757
0.000741981
0.000639615
0.00116394
0.000471429
0.000966013
0.000997471
0.000534193
0.00107219
0.00037192
0.000699141
0.0020816
0.000537637
0.000997721
0.000926096
0.00275458
0.00532788
0.000580931
0.00078404
0.00159085
0.00035961
0.000630303
0.000870146
0.000686661
0.000407807
0.000677866
0.000916216
0.00181445
0.000919084
0.000626175
0.0512542
0.000805862
0.000370648
0.000215033
0.000732906
0.00202818
0.000319149
0.000514318
0.000870212
0.000884622
0.000529123
0.000966648
0.00105112
0.000643702
0.000641459
0.000918077
0.00113708
0.000550194
0.000228832
0.000709031
0.000773843
0.000552751
0.00050634
0.00057333
0.000452154
0.000350465
0.000559144
0.0013136
0.000403298
0.000854925
0.0196659
0.000330747
0.00074125
0.00123945
0.000482
0.00060033
0.00128756
0.000235563
0.000637989
0.000160268
0.000400525
0.00134403
0.00112904
0.000238448
0.000629606
0.000906524
0.000475456
0.000795342
0.000817159
0.000679835
0.000647374
0.00098509
0.00062552
0.000596048
0.0104213
0.000866967
0.000771939
0.000692076
0.000276572
0.000530045
0.000512329
0.00167236
0.000621481
0.000483359
0.000433356
0.00104233
0.000332345
0.000649162
0.000904763
0.000825468
0.000662776
0.00012722
0.00019855
0.0019174
0.00402543
0.000376042
0.00204389
0.000311302
0.000336763
0.000500719
0.000600824
0.000771501
0.00300288
0.000363015
0.000784112
0.00885306
0.000354039
0.000604231
0.000614228
0.00124396
0.000466854
0.000658603
0.000681113
0.000348396
0.000759678
0.00233128
0.000400231
0.000751868
0.000907316
0.000573435
0.0011763
0.00333946
0.000799287
0.000558718
0.000646118
0.000574405
0.0018348
0.000807768
0.000834531
0.0009066
0.00298454
0.000890178
0.00124346
0.000456365
0.000727555
0.00139199
0.000547825
0.00113669
0.000694362
0.000704272
0.000117526
0.000342051
0.000366425
0.000198364
0.000563932
0.00113806
0.00067123
0.00574878
0.000874255
0.00148167
0.000479636
0.000225327
0.000189066
0.00047369
0.000505217
0.000648227
0.00100952
0.000651245
0.000596838
0.000579261
0.00252249
0.00201211
0.000440678
0.00132741
0.000520628
0.000823998
0.00137457
0.000509086
0.000893491
0.000892053
0.000891889
0.000537432
0.000669339
0.00109956
0.000820862
0.000573214
0.000940418
0.00107204
0.00074506
0.00101349
0.000664693
0.000389175
0.00180886
0.00107229
0.00144137
0.000795556
0.000233414
0.000554391
0.000773012
0.000621124
0.000971168
0.00112307
0.000968128
0.000747474
0.000980712
0.000785986
0.000345981
0.000962834
0.000832169
0.000308407
0.000965606
0.000373402
0.000528788
0.00157574
0.000688253
0.00088303
0.000611056
0.000834245
0.000259284
0.000100812
0.000721369
0.00104157
0.000907282
0.00114356
0.000904013
0.000550375
0.00135808
0.0082325
0.00157769
0.000650853
0.00015725
0.000660453
0.000850829
0.000467685
0.000620507
0.000898125
0.000468326
0.000727333
0.000435317
0.00101615
0.000620905
0.000974994
0.0161977
0.000483388
0.000451608
0.000373477
0.000935616
0.00325336
0.000435907
0.000315038
0.000323882
0.00164412
0.000422757
0.000859039
0.00012599
0.00053204
0.00102023
0.000562599
0.0019949
0.00110894
0.00079073
0.00111481
0.00118948
0.000619838
0.00102649
0.000810745
0.0010567
0.00117032
0.000257626
0.000576146
0.000979802
0.000819299
0.0007148
0.000503398
0.000507682
0.00517934
0.000447353
0.000390966
0.000852679
0.00207512
0.000336899
0.00181896
0.000698628
0.000820595
0.000543774
0.00065742
0.000663289
0.000611659
0.00107014
0.000629724
0.000287557
0.00141548
0.000701786
0.000625474
0.0012139
0.000821663
0.000325288
0.000258521
0.000239256
0.000346983
0.000681833
0.000356344
0.00126937
0.000587935
0.00068298
0.00118074
0.000824454
0.000591922
0.000773679
0.000633028
0.000280331
0.00044851
0.000294634
0.000584381
0.000512486
0.000520757
0.00146975
0.000503537
0.0750342
0.000343255
0.000588065
0.000601793
0.00275255
0.000814291
0.00219969
0.000499277
0.000582427
0.00051253
0.00201632
0.00123557
0.000472719
0.00156011
0.00076779
0.000355027
0.000664511
0.00179467
0.00118704
0.000948301
0.000912983
0.000359849
0.000902911
0.000202549
0.00109668
0.000718516
0.00204976
0.000424879
0.00105154
0.0110255
0.000881729
0.000351459
0.00141857
0.000715919
0.000736962
0.00045745
0.000152455
0.000511689
0.000467661
0.000529376
0.00066739
0.000463526
0.000525812
0.00100384
0.000434792
0.00498299
0.000415018
0.0010108
0.00185585
0.000672652
0.000553389
0.000194448
0.000736873
0.000674287
0.000930301
0.000175013
0.000796074
0.0102127
0.00168788
0.00117124
0.000687343
0.00129848
0.00118157
0.000814744
0.00132832
0.00207096
0.00071864
0.0004048
0.000507744
0.00107729
0.0026453
0.000406983
0.00088503
0.00075322
0.00284501
0.000457216
0.000292815
0.000647234
0.000775831
3.75723e-05
0.000893125
0.000460602
0.00117436
0.000828534
0.000660529
0.000775902
0.000825445
0.000272124
0.000400976
0.00105052
0.000629114
0.00137556
0.000931879
0.000132469
0.000733878
0.00113399
0.000871716
0.000511243
0.000798478
0.000606202
0.000392438
0.000297908
0.000703938
0.000556301
0.000692917
0.00219341
0.00234946
0.000411795
0.000589575
0.000989384
0.000935342
0.000750095
0.000531831
0.000775118
0.000683778
0.000772665
0.00153251
0.00114629
0.000368587
0.000627901
0.0010696
0.000771715
0.000534929
0.00109435
0.000874615
0.000725325
0.00101016
0.000320873
0.00121985
0.000377857
0.00068131
0.000547266
0.000631067
0.000551533
0.00060587
0.00134586
0.00113947
0.000377249
0.00103377
0.000394193
0.000842849
0.000379679
0.00137503
0.0008528
0.00101554
0.000548885
0.00253643
0.00092812
0.000597122
0.000670249
0.000817136
0.000841353
0.00100788
0.000496037
0.00126836
0.000424986
0.000602014
0.00227249
0.000601712
0.00127625
0.000762607
0.000946838
0.000773297
0.000921596
0.000426844
0.000756205
0.000889363
0.000812971
0.00140967
0.000835138
0.000801284
0.000576137
0.000874221
0.0010222
0.000324113
0.0013764
0.00219214
0.00123262
0.000539533
0.000554044
0.000367835
0.000480589
0.00437413
0.000775272
0.000717222
0.00161281
0.000500501
0.000880243
0.0017789
0.0010888
0.00177445
0.00539359
0.000379275
0.000579607
0.00138805
0.000909742
0.000789399
0.00102253
0.000601035
0.000655409
0.000454702
0.000820757
0.000667566
0.000674105
0.000821017
0.000670412
0.000865697
0.00130697
0.000630428
0.000637215
0.00124499
0.000707584
0.00047947
0.000535697
0.000980915
0.000446374
0.00111897
0.000481741
0.000254994
0.000524915
0.000378315
0.000253114
0.000936242
0.00038215
0.0107233
0.000829267
0.000765204
0.000714086
0.00127921
0.00132923
0.000442295
0.000875685
0.00151765
0.000723797
0.000625462
0.000169667
0.000578789
0.000487418
0.000822461
0.0024264
0.00138347
0.000321984
0.00214048
0.000433718
0.00085533
0.00063592
0.000626056
0.000910368
0.000345313
0.00062556
0.000694251
0.00101923
0.00112556
0.000391897
0.000442766
0.000424086
0.000605361
0.00118176
0.000916512
0.000533268
0.000346295
0.00104923
0.000671391
0.000394932
0.000315546
0.000781661
0.000884214
0.00118368
0.00058262
0.0003393
0.0023461
0.000513284
0.000540661
0.000438467
0.00174806
0.000785849
0.000748747
0.000884632
0.00035492
0.00072072
0.00119082
0.000534725
0.000628304
0.000574255
0.00252134
0.000937504
8.86255e-05
0.000474337
0.000579973
0.000639145
0.000742532
0.00123396
0.000521397
0.000275465
0.000638359
0.00106319
0.000994659
0.000496384
0.000344568
0.000979956
0.000641574
0.000530915
0.00120824
0.000733317
0.00233359
0.0010255
0.000546462
