0.00322743
0.000701513
0.000517407
0.00029051
0.00032947
0.00060929
0.000534834
0.00136696
0.000656912
0.000667804
0.00134781
0.000233016
0.000157538
0.00029905
0.000337636
0.000504592
0.000457841
0.000553005
0.000586281
0.000372414
0.00101413
0.000291417
0.000627907
0.000470659
0.000443281
0.00070395
0.000314287
0.000628189
0.000325359
0.00190441
0.000594048
0.000589784
0.000346544
0.000459428
0.000840362
0.000363287
0.000273526
0.000638525
0.000879679
0.000240066
0.00132318
0.000737577
0.000469186
0.000317029
0.000857808
0.000441061
0.000683737
0.00113606
1.02135e-05
7.85102e-05
0.000669586
0.000658932
0.00211845
0.00056797
0.000482459
0.000688754
0.00033285
0.000629669
0.000525668
0.00155246
0.000568519
0.000692172
0.000290729
0.000875842
0.000531255
0.000916064
0.000992293
0.000701994
0.00017178
0.00297778
0.00100885
0.000379261
0.000305098
0.000973828
0.000662445
0.000716732
0.000399434
0.000304783
0.000361772
0.000552069
0.000521093
0.000490985
0.000568208
0.000532192
0.000414789
0.000587499
0.000922535
0.000890182
0.00100271
0.00047376
0.000207204
0.000762115
0.000813444
0.000575342
0.000681099
0.000151903
0.000850582
0.000771397
0.000522834
0.00050673
0.000581836
0.000406804
0.000315986
0.00365567
0.000276755
0.00118746
0.00039276
0.000406489
0.00746443
0.000417636
0.000592693
0.000117965
0.000940431
0.000911251
0.000522909
0.000308492
0.000512558
0.000556005
0.00032603
0.00114797
0.000605116
0.000543409
0.00193726
0.000370263
0.000653563
0.000278653
0.00315362
0.000307365
0.000429788
0.000407039
0.000259475
0.000580323
0.000166634
0.000326817
0.000509563
0.000474606
0.000948398
0.000659439
0.000363954
0.000412153
0.000145941
0.000484372
0.00114456
0.000775971
0.000696033
0.000861348
0.000702233
0.000377037
0.000492872
0.000608929
0.000840897
0.000176071
0.000514416
0.000307255
0.000799026
0.000558028
0.000279614
0.000587558
0.000915304
0.000408122
0.0028918
0.000730988
0.00016602
0.000592162
0.00177396
0.000315094
0.000298464
0.000873259
0.000398241
0.000315218
0.000700239
0.000744579
0.000876905
0.00016534
0.000734055
0.0038926
0.000652716
0.000599267
0.00082127
0.000407821
0.0013471
0.000699565
0.000529525
0.000399319
0.000245134
0.000647896
0.000361145
0.000313032
0.000277516
0.000354512
0.000347799
0.000320568
0.00926193
0.000157068
0.000555912
0.000460394
0.00356469
0.00022713
0.00152506
0.000499722
0.00093032
2.24327e-05
0.000979098
0.00306284
0.000510345
0.000713383
0.000716301
0.000546437
0.000580019
0.000938269
0.000985276
0.000635506
0.000687237
0.000200547
0.000461917
0.000534822
0.000516002
0.000398655
0.000658569
0.000308855
0.000524639
0.000635043
0.00160837
0.000701407
0.000520542
0.000746759
0.000619583
0.000664388
0.00174968
0.000784017
0.000657074
0.000123778
0.000316945
0.000498007
0.000278192
0.00059604
0.000863294
0.000436336
0.000251771
0.000272056
7.48381e-05
0.000646693
0.00326327
0.000580378
0.000685486
0.000113136
0.000217208
0.000747764
0.000284243
0.000464696
0.000675715
0.000511302
0.000245972
0.000715609
0.001516
0.00349732
0.000288565
0.00104447
0.000448809
0.00248497
0.0122936
0.000384936
0.000582381
0.000422113
0
0.00105489
0.0001075
0.000801201
0.000196764
0.000247642
0.000270927
0.00124615
0.000673715
0.000611957
0.000793686
0.00028709
0.000351935
0.00067738
0.000340486
0.00679011
0.000495222
0.00064403
0.000661732
0.000885012
0.000131637
0.000440593
0.000472049
0.000708144
0.000290213
0.000760419
7.66706e-05
0.000556723
0.00108913
0.000703922
0.00110952
0.0018054
0.000466279
0.00103543
0.000862374
0.000440435
0.000544724
0.000393383
0.000596605
0.000355662
0.000386769
0.00116423
0.000406746
0.000440972
0.000160222
0.000542372
0.000393748
0.000400708
0.00023588
0.00048486
0.000483886
0.000269197
0.000689298
0.000310622
0.000249656
0.000738978
0.000623887
0.00040646
0.000935226
0.000485683
0.00189628
0.000406362
0.000137696
0.000893388
0.000529956
0.00155328
0.00206901
0.000343667
0.000521047
0.00114113
0.000467954
0.000410963
0.000198528
0.000897508
0.000332861
0.00383913
0.000855046
0.000831196
0.000235246
0.00067154
0.00450579
0.000679476
0.000762463
0.000654506
0.00129779
0.00178168
0.00022366
0.000247133
0.000359104
0.000345625
0.000827499
0.000296499
0.00018413
0.000229239
0.000432715
0.000387846
0.00123307
0.000252223
0.00090454
0.000280268
0.000627774
0.000363808
0.000129371
0.000975447
0.000128275
0.000983095
0.000584551
0.000342547
0.000637992
0.00116936
0.00125268
0.000372967
0.000240426
0.000697247
0.00223006
0.000400167
0.000282206
0.000757117
0.000530898
0.000898806
0.00015659
0.000197679
0.00214728
0.000482143
0.000552444
0.000398007
0.00109929
0.000727393
0.00201893
0.000520024
0.00023043
0.000707645
0.000468826
0.00102089
0.000418414
0.000441009
0.000640128
0.000763066
0.000463788
0.00103627
0.0321274
0.000110671
0.0175756
0.00034753
0.000260374
0.000236858
0.000653882
0.000292247
0.000343509
0.000255541
0.000725142
0.000327512
0.000540191
0.000448048
0.0019227
0.000538804
0.00149958
0.000662161
0.000680139
0.000212771
0.000926564
0.00114586
0.000324107
0.000409588
0.000232396
0.000617974
0.000668851
0.000586406
0.000134797
0.000458679
0.00279623
0.00040921
0.000299156
0.000530217
0.000846437
0.000394582
0.00050847
0.000287903
0.000190569
0.000580371
0.000696593
0.000455405
0.000298223
0.000417901
0.000750402
0.000377472
0.000756396
0.00166482
0.000862539
0.00058561
0.000242702
0.000373819
0.000634306
0.000648259
0.000714417
0.00060893
0.000558794
0.000179921
0.000455865
0.000429925
0.000161098
0.000552988
0.000872163
0.000581174
0.000347165
0.000314711
0.000416234
0.000488183
0.000422708
0.000258182
0.000417622
0.000805423
0.000450739
0.00135856
0.00048303
0.00108306
0.000398599
0.000202442
0.00324746
0.000710001
0.000686572
0.000251945
0.000391915
0.000478735
0.000453222
0.000392006
0.000849206
0.000323172
0.00110163
0.000236514
0.00492505
0.000296305
0.000478496
0.0011824
0.000307712
0.000213942
0.00050984
0.000635485
0.000410784
0.000626272
0.000599537
0.000709051
0.000413961
0.000410624
0.00102599
0.000793463
0.00162408
0.000941569
0.000608254
0.000683528
0.00039046
0.00931418
0.000496836
0.00118704
0.000821362
0.000353649
0.000591949
0.000608525
0.000733991
0.00104369
0.000419206
0.000535434
0.00132416
0.000966397
0.000512171
0.000583022
0.000254772
0.000839643
0.000375178
0.000556879
0.000256909
0.000494849
0.000528724
0.000242829
0.00236021
0.000497331
0.000483578
0.000619673
0.000679026
0.000282673
0.000423092
0.000215722
0.000729618
0.0028714
0.000372003
0.000608616
0.000682901
0.000543836
0.0003462
0.000347657
0.00208281
0.00141711
0.000329819
0.000675951
0.000476934
0.000367922
0.000482477
0.000602343
0.000633868
0.000407861
0.000192307
0.000241235
0.000181807
0.000351384
0.000348893
0.000582554
0.000518829
0.000803414
0.000939148
0.00069938
0.000280271
0.000754507
0.0004496
0.000776431
0.000358186
0.000591701
0.00048289
0.000496335
0.000515054
0.000654675
0.000332056
0.00077151
0.000333211
0.000640364
0.00133058
0.000430312
0.00069236
0.00159034
0.00132633
0.00106244
0.000467546
0.000312431
0.0010766
0.000795769
0.000659259
0.000582972
0.00103586
0.00056781
0.000423577
0.000570732
0.000649637
0.000594038
0.000421382
0.000256393
0.00068521
0.00292626
0.000813834
0.000565776
0.000640162
0.000173782
0.000717062
0.000508495
0.000635667
0.000661997
0.02689
0.000196226
0.000444035
0.000224305
0.00103199
0.000820591
0.00287071
0.000649336
0.00058103
0.00103643
0.000365323
0.000235422
0.000843393
0.000409192
0.000897669
0.00160548
0.000561157
0.000194198
0.000539863
0.000548541
6.27245e-05
0.000672793
0.000973155
0.000487116
0.000440637
0.000596508
0.00050068
0.00115874
0.000478099
0.00074121
0.000420173
0.000478355
0.000236276
0.00168121
0.000455049
0.00185277
0.000528522
0.000154737
0.000159563
0.000459228
0.000792037
0.00059618
0.000327981
0.000173118
0.000448465
0.000154644
0.000292168
0.00026174
0.000981299
0.000733599
0.000735337
0.00061958
0.000616504
0.000587073
0.000538568
0.00120388
8.37417e-05
0.000821406
0.000260794
0.000259498
0.000634546
0.000558612
0.000411059
0.000290809
0.000688551
0.000324071
0.000845855
0.00185994
0.0013093
0.000358207
0.000370796
0.000459515
0.00140135
0.000691957
0.00109488
0.000183905
0.000539377
0.000502428
0.000587259
0.00191755
0.000529845
0.000298581
0.00241539
0.000529186
0.000216869
0.00064126
0.000775504
0.000222963
0.000733491
0.000467828
0.000594037
0.000379659
0.000429754
0.000324282
0.000353727
0.000382971
0.000430069
0.000391813
0.000448716
0.000752698
0.000216651
0.00106245
0.00045559
0.000960043
0.000427181
0.000529642
0.000861017
0.000769079
0.000678508
0.000352244
0.00118756
0.000493479
0.000597213
0.000552584
0.000626557
0.00137832
0.000459109
0.000574666
0.00104471
0.000808513
0.000850477
0.000624995
0.0054195
0.000513589
0.000406697
0.000659827
0.000308119
0.000236585
0.000708723
0.00145603
0.000168531
0.000433695
0.00106398
0.00127829
0.000212285
0.000616542
0.000664103
0.00125272
0.000263792
0.000251216
0.00395011
0.000400932
0.000542083
0.000243669
0.000916746
0.00115308
0.000568157
0.00116651
0.00230924
0.000496301
0.00113711
0.000454545
0.000640662
0.00030077
0.000296585
0.000294235
0.000406799
0.00104106
0.000718178
0.000448599
0.000495103
0.000495987
0.000661593
0.000483007
0.000181369
0.000457416
0.000523784
0.000691656
0.00461827
0.000486331
0.000710903
0.000818641
0.00050985
0.000436623
0.000524366
0.000926553
0.000269476
0.000222747
0.000690668
0.000309875
0.000216131
0.000684213
0.000591421
0.000431345
0.000377938
0.000788032
0.000628626
0.000444388
0.000921163
0.00439461
0.000670787
0.00142213
0.000508485
0.000839353
0.00340508
0.000409086
0.000661059
0.000267905
0.000347756
0.00040128
0.00048653
0.000470369
0.000234129
0.00235635
0.000163059
0.000833804
0.000335609
0.000639386
0.000368996
0.000369946
0.000467411
0.000281894
0.000898389
0.000227725
0.00164567
0.00121386
0.000473175
0.0015153
0.00157018
0.0101659
0.00120199
0.000730902
0.00109891
0.000430132
0.00663136
0.000758469
0.00036149
0.000420116
0.000984399
0.000336592
0.000433509
0.000240222
0.000313581
0.000443713
0.000870709
0.000892664
0.0016541
0.0036351
0.000475913
0.000424509
0.00102018
0.000809744
0.000436923
0.00109925
0.000459832
0.000359462
0.000418748
0.000628252
0.000689236
0.000328563
0.00135159
0.000947019
0.000905872
0.000298555
0.000224805
0.000644932
0.000800899
0.000757023
0.000372112
0.000363815
0.00112579
0.000676635
0.00448057
0.000133377
0.000307356
0.000182799
0.000725338
0.000450928
0.000614571
0.000309894
0.00103184
0.0006289
0.0044158
0.000413606
0.00033256
0.00169612
0.000547702
0.000602276
0.000478816
0.000356002
0.000322237
0.000710976
0.000642311
0.000637154
0.000501553
0.000935882
0.00175137
0.000376924
0.000626904
0.000571982
0.000566861
0.000524559
0.000570355
0.00544119
0.000708606
0.00180221
0.000296626
0.000518092
0.000575875
0.000657304
0.00123273
0.000396088
0.000541526
0.001179
0.000360033
0.000125041
0.000540779
0.000465758
0.000416341
0.00298395
0.000216307
0.000796064
0.00114007
0.000464706
0.00102463
0.000985066
0.00646437
0.000551326
0.0012023
0.000488895
0.0036152
0.000379856
0.000825511
0.000399577
2.85027e-05
0.00380055
0.000955398
0.00035018
0.000505306
0.00189976
0.000660473
0.001872
0.000822149
0.000331112
0.000455823
0.000448829
0.000174391
0.00177036
0.00115332
0.000433225
0.00048271
0.00084258
0.000418193
0.000639398
0.000331975
0.00554566
0.000423907
0.000416677
0.000493403
0.000462137
0.00138173
0.000108215
0.000644548
0.000364713
0.000126029
0.000478996
0.000584513
0.000319637
0.000404196
0.00290887
0.000280588
0.000400073
0.000500743
0.000870543
0.000434075
0.000507603
0.000659363
0.000506685
0.000388754
0.000372141
0.000399484
0.000678476
0.000255595
0.000624854
0.000467918
0.000521421
0.000538369
0.000325205
0.000313464
0.000313889
0.000761279
0.000213663
0.000748039
0.000416989
0.000858221
0.000847775
0.00335461
0.000477947
0.000381129
0.000464058
0.000591952
0.000487598
0.000199118
0.000660494
0.000635298
0.0012164
0.000668323
0.000335405
0.00180436
0.000343596
0.00063433
0.000155798
0.000471706
0.000406725
0.00234263
0.000303491
0.000801162
0.00102659
0.000376676
0.000302614
0.000235319
0.000507205
0.000513565
0.00073051
0.000470852
0.00156266
0.000377053
0.0130599
0.000923561
0.000341632
0.000399314
0.000446474
0.0005618
0.000900448
0.00220684
0.000436973
0.000656497
0.000132047
0.000180282
0.000156221
0.000488687
0.00223982
0.000355674
0.000751703
0.000399975
0.00102847
0.000178922
0.000379629
0.000826907
0.00126951
0.000363897
0.000552907
0.00111541
0.000439137
0.000497573
0.000290328
0.000276918
0.000474264
0.000210465
0.000603751
0.00105036
0.000247189
0.000513534
3.92337e-05
0.00100479
0.000540643
0.000764544
0.000797597
0.00024556
0.000943715
0.000478785
0.000701285
0.00027673
0.000369084
0.000528775
0.00023166
0.000548922
0.000628576
0.000591514
0.000952324
0.000295619
0.000715099
0.000436038
0.000552958
0.000336347
0.00118033
0.00100348
0.000555597
0.000516879
0.0005927
0.000554608
0.000420713
0.000894777
0.000330901
0.000677653
0.0003344
0.000653908
0.000432362
0.000443135
0.000233371
0.0019615
0.000345968
0.000423646
0.00050797
0.000709697
0.000344724
0.00063615
0.000455245
0.00043698
0.000568673
0.000494708
0.000676291
0.00071987
0.00048646
0.000364759
0.000735101
0.00041361
0.000421663
0.000474582
0.000368106
0.000865151
0.000705591
0.000391736
0.000335952
0.000455864
0.000641774
0.000326741
0.000509214
0.000732252
0.000576458
0.000589081
0.00106615
0.000492266
0.000731418
0.00041101
0.000852006
0.000779468
0.000813615
0.000616053
0.000628146
0.000858666
0.00240362
0.000403658
0.00147875
0.00199311
0.000167948
0.000396108
0.00021929
0.000330652
0.000385987
0.000405987
0.00217535
0.000114276
0.000520216
0.000246567
0.000379052
0.0016316
0.000397129
0.00596507
0.000607509
0.000404612
0.000605579
0.000626421
0.00091101
0.000169362
0.00105536
0.00037003
0.0017038
0.000385485
0.000472082
0.000511354
0.000491788
0.000381288
0.000725859
0.000849695
0.000366174
0.00177004
0.000532158
0.000829217
0.000848188
0.00091511
0.000655295
0.000550636
0.000328715
0.000405398
0.000519584
0.00173847
0.000507674
0.000542143
0.00044738
0.000212055
0.000312731
0.000464103
0.000434142
0.000485706
0.000593253
0.00101809
0.000327861
0.000791888
0.000445189
0.00056501
0.0013102
0.000324531
0.000827369
0.000212231
0.000831132
0.00134385
0.000413535
0.00105183
0.000525944
0.000502373
0.00039348
0.000758163
0.00110122
0.000270361
0.000425592
0.000445892
0.000278543
0.00220706
0.00109133
0.000743644
0.00046116
0.000679601
0.000523797
0.000535378
0.00020572
0.000562278
0.000345373
0.000325698
0.000511168
0.002929
0.000410626
0.000427776
0.00173976
0.00052396
0.00312082
0.000674023
0.000176266
0.000488885
0.000329124
0.00123803
0.000398372
0.000255523
0.000488928
0.000801335
0.000977579
0.000873137
0.000575781
0.00043008
0.00085694
0.000688705
0.000287731
0.000291306
0.000693335
0.000704214
0.000966421
0.000187885
0.000131654
0.000204064
0.00122023
0.000310721
0.000298602
0.000967203
0.000452726
0.000489997
0.000770885
0.000438862
0.000315437
0.000197379
0.000782932
0.000512667
0.0272292
0.000333152
0.000339927
0.00599208
0.00298493
0.000688502
0.000531
0.000427728
0.000546459
0.000166902
0.000719451
0.000216651
0.00030944
0.000463776
0.000616777
0.000297993
0.016606
0.000891877
0.00132652
0.000382669
0.000286119
0.000442967
0.00279544
0.000623416
0.000224391
0.00117497
0.000425693
0.000362134
0.0149401
0.000422473
0.000318714
0.000703495
0.00255967
0.000916983
0.00075158
0.000830683
0.00120463
0.000895154
0.000227455
0.00104208
0.000450353
0.00130411
0.000225709
0.00102296
0.00216766
0.00051958
0.00186098
0.000356247
0.00198015
0.000232864
0.000596641
0.000210455
0.000859579
0.000515661
0.000625398
0.000167802
0.000479099
0.000212174
0.000256397
0.000852877
0.00077888
0.000435709
0.000373312
0.000482712
0.00174732
0.000813464
0.000367624
0.00035248
0.000969452
0.00049078
0.000127699
0.000493591
0.000701251
0.00223385
0.00037332
0.00112835
0.000555039
0.00331137
0.000302552
0.000538389
0.000440089
0.000261598
0.000491481
0.00062046
0.000559029
0.000924904
0.000478326
0.000824562
0.00057921
0.00426416
0.00375393
0.000681256
0.00147613
0.000775819
0.000624012
0.00132365
0.00112559
0.000203956
0.000570261
0.000930927
0.000641441
0.000480228
0.00120465
0.000542951
0.000190827
0.000741072
0.000383948
0.0025226
0.000306931
0.000413064
0.000592206
0.000261393
0.000858826
0.000550137
0.000579436
0.000788275
0.000990141
0.00119219
0.000459076
0.000486873
0.000318724
0.000781889
0.000327349
0.000325466
0.000355735
0.000535893
0.000463319
0.000416507
0.00124903
0.000780315
0.000479776
0.000450222
0.000553221
0.000523888
0.00108147
0.000474415
0.000405242
0.000115584
0.000499755
0.00432862
0.000532485
0.000674622
0.000846342
0.000469192
0.000443742
0.000613472
0.000973001
0.000720579
0.000736531
0.0003294
0.000375402
0.000361572
0.000765637
0.000177918
0.000391019
0.000458185
0.000505663
0.000762582
0.000402767
0.000403565
0.000466738
0.00167908
0.000478009
0.000642656
0.000485006
0.000804587
0.000737731
0.000635321
0.000361737
0.000839139
0.000553412
0.000659439
0.000768329
0.000429918
0.000476446
0.000447118
0.000585618
0.000225815
0.000267327
0.000383311
0.000482304
0.000399272
0.000995481
0.000474106
0.000711823
0.00116609
0.000413892
0.000279683
0.00184045
0.000833863
0.000689123
0.000668265
0.000307874
0.000426588
0.000829755
0.00063167
0.00036242
0.00035147
0.000240442
0.00100669
0.000260661
0.00110794
0.000717729
0.00047233
0.00108794
0.000545807
0.000548198
0.000539489
0.0565812
0.00047109
0.000494091
0.00072115
0.00136473
0.000142067
0.000869043
0.000392031
0.000380172
0.00054244
0.000988872
0.000521971
0.000853448
0.000566473
0.000272952
0.0020465
0.000754692
0.000779698
0.00102577
0.00126107
0.00138139
0.000120065
0.000599307
0.000485256
0.0001005
0.00035242
0.000910068
0.00076775
0.000518902
0.000368878
0.000413264
0.000927283
0.000553479
0.000472621
0.000695072
0.000412875
0.000233969
0.000614163
0.00160231
0.000698717
0.000609413
0.00140051
0.00053442
9.89486e-05
0.000790058
0.000949008
0.000862595
0.00129336
0.000436853
0.000206334
0.00134404
0.000298291
0.000313404
0.000608588
0.0004431
0.000275049
0.000781741
0.000841284
0.000422269
0.000353696
0.00110597
0.00103777
0.00074659
0.00124535
0.000789509
0.000239414
0.00066396
0.000419617
0.0095331
0.000367301
0.000417562
0.000322602
0.00118749
0.000580936
0.00119157
0.000455362
0.000501334
0.000336487
0.00147442
0.000122812
0.00337262
0.000548708
0.000179634
0.000415374
0.000609654
0.000608349
0.000815965
0.000371519
0.000464099
0.000679272
0.000353358
0.000971532
0.000710099
0.000514423
0.000710999
0.000575283
0.000348649
0.000677316
0.00106665
0.000404416
0.00103556
0.000260092
0.000190268
0.00162972
0.000331683
0.000361002
0.00038946
9.33352e-05
0.000508205
0.000425196
0.000160631
0.000689021
0.000486113
0.000510926
0.000576138
0.000946923
0.000662626
0.000606583
0.0006612
0.000875946
0.000664868
0.000322414
0.000756713
0.00076953
0.000311824
0.000539152
0.000408171
0.000549273
0.00276084
0.000885193
0.00113185
0.000178465
0.000450831
0.00182808
0.000261026
0.000747004
0.000808589
0.000608381
0.000636328
0.000932266
0.000400634
0.000824544
0.000341386
0.000354961
0.000330306
0.000627767
0.000360791
0.000121166
0.000416794
0.000471082
0.0013408
0.000536865
0.000286248
0.000554659
0.000130421
0.000447045
0.000244311
0.00302916
0.000640306
0.000708282
0.000377858
0.000915359
0.000303014
0.000505184
0.00034731
0.000873592
0.000391632
0.000123333
0.000513466
0.000435795
0.000375537
0.000694713
0.000267351
0.00111461
0.000393872
0.00125519
0.000484495
0.000255265
0.000474458
0.00115561
0.00146947
0.000274495
0.000678512
0.000301707
0.000654042
0.000716279
0.000129513
0.000518097
0.000482289
0.000249884
0.000608408
0.00244829
0.00059319
0.000238145
0.00225167
0.000190091
0.00399842
0.0034715
0.000702062
0.000504729
0.000520776
0.000292279
0.000310247
0.00088789
0.00103036
0.000620437
0.00231458
0.00050539
0.000779947
0.000439521
0.000500112
0.00034662
0.000402353
0.000990967
0.00156696
0.000538582
0.000208344
0.000698471
0.000487342
0.000702332
0.000726353
0.00128807
0.000510712
0.000107343
0.00057523
0.000481727
0.00334508
0.000483633
0.000592917
0.00076029
0.000455558
0.000797674
0.000776307
0.00321935
0.000859795
0.000443129
0.000536
0.00089435
0.000605996
0.00103337
0.00039072
0.000560023
0.000613234
0.000426321
0.0017676
0.00246924
0.000596972
0.000801078
0.000420588
0.000328159
0.000587211
0.00063016
0.000687599
0.000394593
0.000464897
0.000535645
0.000422141
0.000426769
0.000720317
0.00285796
0.000456729
0.000586314
0.000538184
0.000280858
0.00349244
0.000355734
0.000794583
0.000148031
0.000143739
0.000608848
0.000779237
0.000281355
0.000374955
0.000335231
0.000417043
0.000324548
0.000279404
0.000722136
0.000379831
0.00103161
0.000947269
0.000705292
0.000723382
0.00158017
0.000509982
0.00133571
0.000729702
0.0008039
0.000111859
0.000488554
0.000753464
0.00193592
0.000618598
0.000698598
0.000115946
0.000828747
0.000408088
0.000298034
0.000298676
0.000452392
0.000896402
0.000349204
0.000408634
0.000800173
0.000747492
0.000660214
0.000235443
0.000651777
0.000481063
0.000417569
0.00293639
0.000555519
0.00316425
0.00153516
0.00133182
0.000593154
0.000643867
0.000376069
0.000285715
0.000685266
0.000541077
0.000471042
0.000870269
0.000418913
0.000638585
0.000701529
0.000233228
0.000634721
0.000637071
0.000400127
0.000142269
0.000370529
0.00040481
0.000308026
0.00315068
0.000632874
0.000763853
0.000158836
0.000593611
0.000537486
0.000460994
0.000248898
0.000405781
0.000506917
0.000586128
0.000188631
0.00091383
0.000347135
0.000529596
0.000584571
0.00256714
0.00257375
9.58801e-05
0.000585754
0.000277902
0.000477811
0.00184592
0.00166086
0.000524498
0.000328906
0.000264652
0.000626358
0.000303835
0.000579383
0.000610095
0.00108721
0.000334707
0.000797834
0.00104336
0.000290926
0.000493678
0.00130071
0.000708094
0.00074918
0.000300393
0.000608562
0.000463979
0.000361197
0.000523169
0.000265261
0.000576313
0.000572436
0.000943084
0.000485863
0.00033118
0.000378502
0.00122623
0.000324804
0.00042014
0.000319245
0.000233765
0.000392251
0.00161883
0.000714775
0.00020354
0.000198615
0.000647722
6.45323e-05
0.000829311
0.000484359
6.66552e-05
0.00414844
0.000509979
0.000203229
0.000574617
0.000218367
0.00048149
0.00208589
0.000883677
0.000293598
0.000628662
0.00031669
0.000361795
0.0028703
0.00105471
0.00046357
0.000324113
0.000587951
0.00064046
0.000294455
0.00111669
0.000412346
0.000508689
0.000555498
0.000270806
0.000561728
0.000375377
0.000154701
0.000384716
0.000974432
0.000497087
0.000855413
0.000352691
0.000408829
0.00034719
0.00059055
0.000575013
0.000541699
0.000683204
0.0013046
0.000230874
0.000553661
0.000293376
0.00599682
0.000173149
0.000273538
0.000398373
0.0010145
0.00240338
0.000322903
0.00043119
0.000733015
0.000340538
0.0015453
0.000356672
0.0011396
0.000193591
0.000231095
0.000780496
0.000812975
0.000647846
0.000647117
0.000546354
0.00092113
0.0278383
0.00038677
0.000130942
0.000240202
0.000824093
0.00031994
0.00061556
0.00146822
0.000310377
0.00457241
0.000379976
0.000393526
0.000275225
0.000594523
0.00112897
0.00080391
0.000588021
0.000713589
0.000578347
0.00125142
0.000540759
0.000589013
0.00153161
0.000265218
0.00137018
0.000783951
0.00048273
0.000522581
0.000148105
0.000504078
0.000182214
0.000858274
0.000716863
0.000364089
0.000462101
0.000496863
0.000476179
0.000840718
0.00069412
0.00108736
0.000379878
0.00254803
0.000679512
0.00047308
0.0006414
0.0004589
0.000393919
0.000612839
0.000230788
0.00325961
0.000339976
0.000593799
0.00249867
0.000856737
0.000426419
0.000327852
0.000416514
0.000645781
0.000215295
0.000399007
0.000971381
0.000675456
0.000474485
0.000528739
0.000369758
0.00056722
0.000692578
0.0014844
0.000577745
0.00196839
0.000481751
0.000388164
0.000633132
0.000634951
0.000595158
0.00175566
0.000519891
0.000484819
0.000471546
0.000518625
0.00039134
0.000418965
0.000505245
0.00134497
0.000431196
0.0021708
0.0026022
0.000520519
0.00111678
0.000309488
0.000539624
0.000433662
0.000379096
0.000622084
0.000233677
0.0001915
0.00120439
0.000645144
0.000516872
0.00072921
0.000537197
0.000344434
0.000344336
0.000311884
0.00064277
0.00120668
0.00113157
0.000791332
0.000442735
0.000424723
0.000775334
0.000325026
0.000478331
0.000930684
0.000610739
0.00070859
0.000521242
0.000486559
0.000218275
0.0006966
0.000186964
0.000767365
0.000551255
0.000113071
0.000561837
0.000366037
0.000508482
0.000744579
0.000378372
0.000235817
0.00069181
0.000374701
0.00114238
0.000608394
0.000612017
0.000456067
0.00215543
0.001049
0.000312777
0.000406009
0.000564004
0.000662276
0.000296919
0.000320131
0.000602135
0.00110358
0.000470282
0.000244271
0.000625177
0.00117438
0.000638536
0.000492825
0.000315729
0.00028781
0.000104463
0.00149001
0.000876917
0.00197117
0.000346817
0.000577529
0.000931928
0.000424415
0.000854344
0.00097289
0.000862622
0.000324846
0.00552436
0.000519547
0.000464715
0.000743903
0.000367166
0.000478478
0.000809969
0.000495703
0.000711358
0.000353702
0.00119098
0.000635999
0.00124062
0.000906045
0.000413215
0.000597013
0.00051311
0.000823338
0.000184688
0.00071876
0.000166405
7.38248e-05
0.000474029
0.000415412
0.000428812
0.000416789
0.000281176
0.00053564
0.000395068
0.00045871
0.000190424
0.000947201
0.000282332
0.000528309
0.000526727
0.00011289
0.000265129
0.000356967
0.000137547
0.00101918
0.00037131
0.000450611
0.000590946
0.000435749
0.000561597
0.000701613
0.000462201
0.000368711
0.000549146
0.000500879
0.000422345
0.00059308
0.000452832
0.00145682
0.000514935
0.00517698
0.0182892
0.00413559
0.000396229
0.000457108
0.000745555
0.000538751
0.00034801
0.000936149
0.000518218
0.00100442
0.000674547
0.000281733
0.000568316
0.000928308
0.000813572
0.000192155
0.000480334
0.000594361
0.000967834
0.00052618
0.000500668
0.000443773
0.000456753
0.000454316
0.000335039
0.000453121
7.80185e-05
0.000505106
0.000664201
0.000554566
0.000407206
0.000483649
0.000374486
0.000830416
0.000774392
0.00120237
0.000329104
0.000614968
0.0267696
0.000307744
0.000719221
0.00215927
0.000419016
0.000769104
0.000271718
0.000519265
0.0004058
0.00108336
0.000661192
0.00170006
0.00037011
0.0007547
0.000422194
0.000877924
0.000725475
0.000606477
0.000364925
0.00264036
0.00109045
0.000669666
0.000122713
0.000851638
0.000491072
0.000326317
0.00048315
0.000482778
0.000577135
0.00129399
0.000513768
0.000381257
0.00069813
0.000275449
0.000217076
0.000144441
0.000201331
0.000485306
0.000939795
0.00117597
0.00133302
0.000516356
0.000681642
0.000746986
0.000787134
0.00083793
0.000840575
0.000910992
0.000453507
0.00324727
0.00693739
0.000453707
0.0017495
0.000772472
0.00032806
0.000662271
0.000222862
0.000747119
0.000372951
0.000388526
0.0027973
0.000407001
0.000389548
0.00014951
0.000495773
0.0018059
0.000902685
0.000745481
0.000503134
0.000567625
0.000461327
0.000841315
0.000788935
0.000414924
0.000168235
0.000163409
0.000566632
0.00032424
0.000732646
0.000446991
0.000116005
0.00081907
0.000220553
0.00062415
0.000667097
0.000575086
0.000407276
0.000575098
0.000324719
0.000695539
0.000793936
0.000597423
0.000937442
0.000566468
0.000222709
0.000939216
0.000454829
0.000662798
0.000464162
0.000330201
0.000252427
0.000213762
0.000326501
0.0162821
0.000626692
0.000281629
0.000425751
0.000117667
0.000538439
0.00403467
0.000979968
0.000329653
0.00100321
0.000291905
0.00045529
0.000593263
0.000172768
0.000610013
0.000380115
0.000645369
5.1986e-05
0.00382843
0.000824685
0.000799859
0.00080727
0.000673434
0.000186552
0.000363247
0.000426752
0.000390297
0.000307931
0.00044629
0.000331656
0.000340947
0.000412224
0.000664194
0.000455536
0.0392418
0.000482809
0.000267703
0.000736075
0.00028846
0.000367234
0.000443797
0.000183421
0.000390899
0.000289158
0.000218465
0.000569615
0.000720583
0.000417063
0.00118667
0.000781911
0.00133433
0.0005675
0.000461339
0.000167833
0.00134948
0.00128997
0.00162575
0.000129103
0.0068948
0.000129105
0.000281652
0.000521837
0.00121188
0.000727398
0.000789173
0.000378593
0.000226288
0.000485406
0.000566358
0.000506954
0.000584467
0.000282685
0.000335326
0.000747194
0.000661938
0.00466406
0.000434634
0.0008727
0.000468779
0.000480931
0.0004505
0.000967715
8.95096e-05
0.000542212
0.00130149
0.000796601
0.000276656
0.00030953
0.000389772
0.000457532
0.000493289
0.00035772
0.000666399
0.000521527
0.000954749
0.000407254
0.000832232
0.00176986
0.000490316
0.000793425
0.000337555
0.00035287
0.000316161
0.00242163
0.000344189
0.000966633
0.000350272
0.000471012
0.000627832
0.000403478
0.00149048
0.000245233
0.0007023
0.000702546
0.000643308
0.00101183
0.000301536
0.000903853
0.000497794
0.000263547
0.00159219
0.000721242
0.00146094
0.000673236
0.000478151
0.000435525
0.000400235
0.000344833
0.00057616
0.00076193
0.000721705
0.0010701
0.000719976
0.000543457
0.002963
0.000224703
0.000474668
0.00121287
0.00065635
0.000765753
0.000638438
0.000368237
0.000265777
0.000573684
0.000407035
0.00027986
0.000277066
0.000446073
0.000443777
0.000235092
0.000419494
0.00082094
0.000538912
0.000310358
0.000901219
0.000511663
0.000264951
0.000455494
0.000360556
0.00101107
0.000568116
0.000453215
0.000517858
0.000462256
0.000839023
0.000488445
0.000694365
0.000576123
0.000396815
0.000259161
0.000314877
0.000730904
0.000502255
0.000256236
0.00200295
0.00147865
0.000546192
0.00032328
0.000336527
0.00101287
0.000299793
0.000686374
0.000322622
0.000518289
0.000603766
0.00135275
0.00084216
0.0003696
0.00037499
0.000435199
0.000378364
0.000441345
0.000656969
0.00119996
0.000621205
0.000678027
0.000536072
0.000574632
0.000454679
0.0001771
0.000725114
0.000738156
0.000863996
0.000428969
0.000272794
0.000866188
0.000613782
0.00119697
0.000244561
0.000872774
0.0007642
0.000777444
0.000413929
0.000541032
9.8205e-05
0.000390323
0.000515782
0.000381764
0.00126045
0
0.00114832
0.00185526
0.000281246
0.000329944
0.000595582
0.000639414
0.000444108
0.000397076
0.000987507
0.000604189
0.000393738
0.000404735
0.000649461
0.000246894
0.00107529
0.000955504
0.000470301
0.00104436
0.000399203
0.000639139
0.00556566
0.00081152
0.000584814
0.000611984
0.000342803
0.000476704
0.000673613
0.00076981
0.000650173
0.000307549
0.000569924
0.00032238
0.000527467
0.000465077
0.00042155
0.00113454
0.00319492
0.000501595
0.000479612
0.000225129
0.000776706
0.000489654
0.000243134
0.000198769
0.000492536
0.000524696
0.000683388
0.000431286
0.000337847
0.000189449
0.000323229
0.000425106
0.000374933
0.000375621
0.00014287
0.000470137
0.000305596
0.000857914
0.000494204
0.000503237
0.000868065
0.000363324
0.00221651
0.000776794
0.000311673
0.000805444
0.000645977
0.000879834
0.00328272
0.000262888
0.00067509
0.000341824
0.000776481
0.000543427
0.000133662
0.0127069
0.0152937
0.000677225
0.000521623
0.000222899
0.000422895
0.0004937
0.000291584
0.000314057
0.0008275
0.000587171
0.000676626
0.000905977
0.000691147
0.000113847
0.000174577
0.000551784
8.55421e-05
0.0058025
0.00128536
0.000856563
0.000284294
0.000390451
0.0004222
0.000547787
0.000226718
0.000572329
0.000183772
0.000281929
0.00107855
0.000705921
0.000364357
0.000234437
0.00043244
0.000472057
0.000413049
0.000217699
0.000560198
0.000448847
0.0004721
0.00117383
0.00053102
0.000797306
0.000490393
0.000206233
0.000297925
0.00045996
0.00603212
0.000456578
0.000317832
0.00172152
0.000659956
0.000256064
0.00062078
0.000190679
0.000352877
0.000389607
0.000344583
0.000433977
0.000457087
0.000206212
0.00127565
0.000424231
0.000771808
0.00077476
0.000377424
0.0017056
0.000445104
0.000900836
0.000308336
0.000642044
0.000506085
0.000429484
0.000315165
0.000171766
0.000519852
0.00067285
0.000425826
0.000262074
0.00045083
0.00103416
0.00030423
0.000714503
0.00130203
0.00226566
0.00104168
0.00102338
0.000653507
0.000548671
0.000219156
0.000539615
0.000470282
0.00050452
0.000507059
0.000441093
0.000260874
0.00026554
0.00111632
0.000431504
0.000690266
0.000813371
0.000502659
0.000458542
0.000354003
4.7861e-05
0.000698898
0.00047381
0.00100893
0.000636377
0.00020498
0.000495313
0.000396842
0.000519297
0.000630514
0.00140241
0.000151789
0.00109805
0.000897199
0.000358572
0.000639507
0.00037135
0.000322285
0.000841028
0.000183031
0.000308644
0.000285583
0.000310628
0.000232378
0.000622875
0.000621606
0.00143341
0.000707054
0.000546333
0.000412215
0.000891929
0.000511433
0.000576217
0.000813313
0.000466744
0.000250527
0.000494651
0.000347985
0.000414458
0.00237451
0.000464312
0.000278218
0.000438546
0.000906665
0.000200225
0.000277085
0.0137561
0.000462929
0.000437958
0.000688405
0.000867325
0.000790719
0.000272212
0.000857302
0.000858326
0.00014987
0.000460402
0.000297563
0.000587367
0.00134619
0.000272061
0.000398005
0.00109415
0.000399868
0.000190684
0.000900335
0.00136645
0.000777696
0.000579246
0.000235561
0.000769414
0.000444705
0.000425411
0.000842559
0.00039628
0.000643131
0.000532454
0.0005489
0.000822861
0.000616269
0.00154196
0.00017239
0.000301211
0.000761683
0.000444255
0.00028369
0.0011333
0.000514464
0.00242166
0.00052871
0.000307756
0.000306214
0.000720665
0.00142046
0.000368331
0.000350102
0.0028398
0.000369509
0.00281632
0.0011509
0.00023987
0.000182238
0.00065186
0.000312744
0.000744167
0.00118894
0.00040708
0.000188032
0.000248876
0.000530677
0.00036517
0.0028141
0.00124855
0.000534364
0.000563268
0.000447705
0.00180626
0.000350441
0.000159783
0.000711508
0.000372545
0.000689846
0.000118479
0.000276001
0.000583393
0.000303911
0.00133165
0.00179797
0.000526237
0.000298882
0.000701371
0.00052471
0.000466022
0.000756549
0.00383101
0.000239115
0.000854638
0.000190349
0.000393384
0.0010923
0.000189614
0.000332404
0.00037037
0.000329055
0.000275055
0.000386835
0.000492502
0.000827296
0.000900428
0.000907731
0.00111941
0.000332062
0.000130352
0.000781514
0.000796816
0.000494156
0.00502129
0.00152812
0.000589963
0.000718525
0.000522988
0.000500461
0.00106881
0.000484549
0.000597945
0.000115079
0.000367779
0.00117904
0.000241704
0.000629596
0.000405635
0.000175339
0.000526086
0.000895757
0.000478559
0.00113675
0.000237206
0.00102966
0.000279095
0.000369562
0.000637086
0.000545442
0.000537825
0.000423835
0.00131614
0.00146843
0.000727612
0.000331371
0.000263774
0.000455661
0.00037009
0.000422939
0.000561449
0.000303632
0.00062348
0.000842463
0.000588873
0.00147641
0.00109029
0.00182715
0.000795179
0.000461215
0.000102556
0.000482477
0.000981279
0.000379243
0.000586323
0.000179279
0.00118359
0.00111483
0.000655749
0.00055232
0.000448702
0.000416257
0.000432009
0.000507566
0.000392762
0.000481763
0.000649902
0.000959928
0.000258476
0.000217703
0.000647378
0.000502335
0.000725311
0.0014438
0.000675348
0.000641709
0.000746354
0.000562917
0.000371218
0.000341543
0.000284936
0.000149859
0.000487299
0.000480068
0.000543125
0.000834152
0.000404036
