0.00014035
3.18028e-05
0.000118371
0.00011035
0.000136683
8.87393e-05
0.000264921
0.000113978
0.000117917
9.00288e-05
0.000341455
0.000124009
0.000167425
0.000243925
0.000358529
6.53347e-06
0
0
4.42845e-05
0.00178007
0.000193032
0.000129589
0.000148738
0.000149077
0.000108678
8.86551e-05
0.000169752
0.000286653
0.000162358
0.000127367
0.000328288
5.57931e-05
0.00010609
0.000258485
0.000740776
0.000176605
4.62254e-05
7.42473e-05
9.06035e-05
2.57864e-05
4.20279e-05
5.36539e-05
0.00210812
4.56409e-05
0.000238223
0.000195504
0.000353427
0.000195468
5.66254e-05
4.6873e-05
0.000121697
0.000437294
1.12414e-06
3.7709e-05
6.8331e-05
3.3662e-05
0.000150899
0.000133573
0.000264318
0.000194832
3.48698e-05
8.17105e-05
9.44027e-05
0.00286752
0
0.000196583
3.02553e-05
0.000129766
0.000157346
0.000869886
7.6669e-05
0.000216276
0.00134615
9.19114e-05
0.000123558
0.000203353
0.000276498
0.000195835
0.00027173
0.000181147
8.217e-05
5.31634e-05
0.000286617
0.000140657
0.000291359
0.000159157
0.000161975
0.000118967
0.000278767
0.00020055
0.000160173
0.000134243
0.000248985
0.000205033
8.84524e-05
0.000286871
6.01749e-05
0.000512118
0.00031418
4.70426e-05
0.000565607
7.52075e-05
0.000146492
0.000182982
0.000168135
0.000202325
0.000164541
0.000104432
0.000969814
0.000170682
6.34473e-05
0.00059398
0.000165328
7.31118e-05
0.000240429
0.000132784
0.000114772
0.000300062
9.18547e-05
9.77756e-05
0.000178892
0.000157124
0.000209119
0.000339519
9.89876e-05
0.000162004
7.02703e-05
0.000107913
3.95153e-05
0.000127426
0.000450669
3.86797e-05
0
0.00010335
0.000698652
0.000204221
0.000112351
7.41514e-05
3.40189e-05
9.02728e-05
8.49204e-05
5.56795e-05
0.0254592
0.0001771
4.08536e-05
0.000235318
0
0.000168214
0.00500143
0
0.000139739
6.17726e-05
0.000140978
0.000169574
0.00756253
9.40115e-05
6.96895e-05
0.000175738
2.72731e-05
4.63283e-05
0.000135805
0.000489515
4.77371e-05
0.000173352
0.000329569
2.14501e-05
1.61306e-05
0.000358101
9.0776e-05
0.000192309
0.000257655
0
0.000196651
6.58543e-05
0.000297056
0.00025508
0.000211322
0.000491237
0.000170768
8.79841e-05
0.000326327
0.000237293
4.9991e-05
0.000149106
1.78653e-05
0.000145171
0.000167409
5.5556e-05
0.000305756
0.000111454
6.04958e-05
0.000316985
0.00425576
0.000135253
6.72129e-05
0.000136396
0.000355452
0.000243358
0.000105138
7.73015e-05
0.000123421
0.000210876
0.000105166
0.000164571
9.10702e-05
0.000823483
3.69126e-05
0.000514504
0.00010722
6.76656e-05
0.000190351
7.23764e-05
8.32636e-05
0.00118022
9.708e-05
0.000293966
3.82698e-05
0.000113458
7.93945e-05
0.00015058
9.35479e-05
9.78154e-05
8.64003e-05
0.000225801
0.000103626
0.000153696
8.81645e-05
8.65709e-05
0.000254258
0.000283298
0.000105181
0.000105129
0.00037104
9.95534e-05
0.000101737
0.000309125
0.0035356
9.486e-05
7.09755e-05
0.000154635
0.00562013
7.39841e-05
0.00224934
0.000104636
4.45424e-05
0.000427669
0.0012879
9.75549e-05
7.30903e-05
0.000737953
0.000223429
0.00484692
3.99474e-05
0.0237176
0.000393378
0.000273379
0.000194838
6.22583e-05
0.000132185
0.00021088
0.000436483
0.000118044
0.000130133
0.000102012
0.000147243
0.00013695
0.000125348
0.000157263
0.000325568
8.27927e-05
8.25333e-05
0.000374719
5.36151e-05
0.000164137
0.000408164
0.000209241
0.0003005
8.91191e-05
1.50817e-05
0.000149151
0.000101053
0.000123181
0.000312708
0.000151682
0.00253158
0.000301412
0.000192483
6.03211e-05
0.000281643
0.000192941
1.72114e-05
0.000130526
0.00011812
5.96073e-05
0.000102904
0.000252698
0.000126964
0.000440001
0.000150087
0.000138923
0.00012957
0.000149082
0.000267911
8.66674e-05
0.00595776
2.09256e-05
0.00015576
0.000142395
5.80651e-05
0.00120969
0.000240624
7.94358e-05
0.0001658
6.69968e-05
0.000118195
5.91497e-05
3.72926e-05
6.04092e-05
0.000119341
0.000110894
8.25989e-05
4.92049e-05
6.57391e-05
0.000121641
0.000216285
0.00010556
0.00041952
0.000241398
4.38807e-05
0.00018923
0.000467299
2.67819e-05
0.00100213
0.000298645
6.12354e-05
1.32869e-05
0.000130865
0.000105059
0.000101025
0.000161523
7.49466e-05
0.000214702
0.000250152
6.39598e-05
0.000166955
1.40588e-05
0.000123475
0.000100354
0.000104213
7.62307e-05
0.000101456
0.000140292
0.000728171
0.000171623
0.000137435
5.53586e-05
0.000336601
8.1457e-05
0.000256612
0.000156922
0.000125366
0.000158191
3.64561e-05
0.000362941
0.000173265
2.51936e-06
3.28807e-05
0
0.0001469
0.0001283
0.000221356
0.000150567
6.42709e-05
4.40397e-05
0.000146339
4.54517e-05
0.000165819
0.000507911
8.20614e-05
0.000105063
0.000124351
9.77466e-05
0.000289965
0.000202752
5.65946e-05
0.000171691
7.25874e-05
3.13894e-05
8.09845e-05
9.37223e-05
0.000114949
0.000150171
4.23893e-05
0.000228941
9.86421e-05
8.23701e-05
9.91591e-05
6.26352e-05
0.000139065
0.000404476
0.000160712
0.000120427
9.87963e-05
1.0706e-05
7.94031e-05
1.59527e-05
0.000245363
0
0.000320782
4.81869e-05
0.000185751
3.28899e-05
0.000324806
6.06599e-05
0.000171823
0.000114477
0.000173533
0.000239885
0
0.000126485
0.000196542
0.000321382
9.18883e-05
2.66155e-05
1.91408e-05
0.000127504
7.01982e-05
6.11792e-05
5.53743e-05
1.52397e-05
0.000120187
3.52734e-05
0.000290225
0.000112306
0.000106034
0.000445381
7.05488e-05
0.0012264
0.000151093
5.97289e-05
0.000153206
5.89936e-05
5.73128e-05
0.000258867
2.26949e-05
0.00022618
0.000100789
0.000190436
7.00449e-05
0.000298486
3.22025e-05
0.000162321
1.30849e-05
5.83492e-05
0.000993165
2.45839e-05
0.000395739
4.97731e-05
8.67388e-05
6.10739e-05
0.00016956
9.46497e-05
0.00032778
0.0144598
0.000124143
0.000435693
0.000171543
0.000282098
0.000252948
0.000133773
0.000128159
0.000267644
0.000106817
0.0011692
0.000106306
4.25717e-05
3.32932e-05
0.000353658
0.000121796
0.000166978
6.08799e-05
0.00116117
0.000131786
0.000142043
8.82834e-05
5.42507e-05
0.000349715
2.76976e-05
6.56529e-05
6.77308e-05
0.000270421
3.20884e-05
0.000199916
4.3246e-05
0.000320574
0.000261268
9.67171e-05
0.000110315
0.000111144
9.64818e-05
0.000268708
5.09201e-05
4.39327e-05
0.000219331
0.000235837
4.56704e-05
0.000402276
0.000127108
1.19927e-05
3.21367e-05
3.58173e-05
5.65625e-05
9.2901e-05
0.000158528
0.000103765
7.98754e-05
6.81382e-05
4.74615e-05
0.000111803
7.56023e-05
0.000172102
0.000200122
0.000167671
4.44609e-05
3.25845e-05
0.000254527
0.000157538
0.000108408
5.01351e-05
7.46129e-05
9.7018e-05
3.54611e-05
8.36489e-05
0.000719945
0.000158801
3.67678e-05
0.000409768
1.01204e-05
0.000405519
0.000114709
0.000203605
0.000123548
6.1097e-05
0.000238021
6.4687e-05
4.79106e-05
7.18383e-05
0.000155314
5.06749e-05
0.000360237
0.000165714
0.000117855
4.94305e-05
0.000310509
0.000238689
0.000252264
5.19582e-05
0.000177146
0.000177817
7.80048e-05
1.74302e-05
0.000418128
7.76642e-05
0.000156697
0.000157058
0.000353923
5.3024e-05
0.000121863
0.00129989
9.27982e-05
0.000438991
7.30288e-05
0.000194399
0.000166504
0.000218445
0.000290505
0.000142641
6.50824e-05
8.45782e-05
3.01219e-05
0.000215837
0.000721412
0.000332975
9.15317e-05
0.000151327
0.000233427
0
8.37849e-05
0.00014156
9.72878e-05
0.000255459
0.00031562
6.15762e-05
0.000111883
7.85197e-05
0.000111787
6.9272e-05
0.000133841
0.000129111
1.90536e-05
0.000167123
0.000261839
0.000409958
0.000116184
0.000138205
0.000101642
0.00033166
0.00011233
0.000203991
0.00044524
0.000136524
0.00010165
0.00020436
0.000201953
0.000172318
0
0.000102409
0.000219036
0.000144718
0.000108563
6.23811e-05
1.14519e-05
0.000213101
0.000142761
0.000145777
0.000266646
8.45619e-05
1.68415e-05
0.000133684
0.00010208
0.000121596
3.15932e-05
0.000710078
3.10594e-05
0.000103158
0.00013233
0.000147332
8.43716e-05
0.000152238
1.4101e-05
7.16569e-05
0.000141311
0.000118454
0.000220783
0.00011456
0.000184521
0.000172039
0
7.9231e-05
8.7534e-05
0.000506775
7.15524e-05
0.000143041
2.01822e-05
9.06194e-05
0.000121556
0.000210278
0.000145488
1.38099e-05
9.97816e-05
0.000188033
0.00035281
1.09815e-05
4.33447e-05
0.000151679
4.6666e-05
0.000238223
9.4789e-05
8.62699e-05
0.000152268
0.000303911
0.000132446
4.58064e-05
7.71742e-05
