0
0.000207309
2.96955e-05
8.85893e-05
0.000140809
0.000246526
0.000195487
1.63183e-05
0
9.87704e-05
8.13747e-05
0.000122467
0.000129135
0.000183305
6.51534e-05
5.11244e-05
0.000213815
0.000109607
9.52144e-05
0.000666615
0.000237839
9.95233e-05
0.000118939
0.000170091
0.00016025
0.000134932
0.000183232
3.67746e-05
0.000124438
0.0002
0.00068322
8.88245e-05
0.000197341
0.000204221
6.96205e-05
0.000177375
4.43933e-05
2.39251e-05
0.000500323
0.000176239
8.36082e-05
0.000181902
0.000255304
0
0.000189457
0.000140073
0.00276878
8.19266e-05
8.5768e-05
0.00028533
6.87121e-05
0.000336309
0.000169312
1.63905e-05
0.000134599
1.7852e-05
1.44311e-05
9.11308e-05
0
0.000133125
0.000125738
0.000226671
0.000154162
0.000110047
6.03092e-05
0.000702675
5.13662e-05
0.000435418
0.000157346
5.47745e-05
7.43021e-05
0.000274727
0.000132473
0.000164432
0
0.00057886
0.00131693
3.23953e-05
6.05534e-05
0.000312265
0.000981253
0.000515336
0.000500861
0.000225656
0.000115354
0.000943159
0.000143146
0.000270158
0.000147098
0.000206105
0.000180238
0.000131546
7.15721e-05
0.000184854
0.000104245
5.8313e-05
0.000119879
0.000711245
2.19857e-05
0.000237705
0.00026521
0.000168055
0.000399201
3.5044e-05
0.000221041
0.000104106
0.00011369
0.000165982
3.53333e-05
0.000209563
8.09807e-05
7.99159e-05
0.00463506
8.58447e-05
0.000222577
7.72306e-05
7.08741e-05
0.000242671
0.000165314
0.000412192
8.73307e-05
7.4794e-05
0.000274056
0.000326903
1.57742e-05
0.000153258
0.00016767
0.000154209
5.47719e-05
9.89344e-05
0.000238132
0.000225952
7.89119e-05
0.000101166
0.000259659
0.000207721
0.000231217
0.000133322
0.000148474
0.000355998
0.000167935
0.000175394
0.000136325
7.86834e-05
0.000117323
0.000236002
0.000148244
8.06546e-05
0.000164702
2.27888e-05
5.57491e-05
0.000114225
0.000238374
0.000113306
0.000158645
0.000278532
8.88914e-05
0.000168882
0.000214049
6.00457e-05
2.36455e-05
0.000199738
0.000220833
0.00014676
0.000114743
0.000252344
0.000272615
0.000176998
0.000536054
0.00014942
7.40419e-05
4.47646e-05
0.000285894
0.000788323
0.000156603
0.000204375
0.000230314
0.000136691
0.000305399
0.000118248
7.81464e-05
0.000282086
0.000325066
0.000203698
0.000143792
0.000330109
0.000175697
8.49763e-05
0.000144223
0.000135898
0.000182859
0.000255958
0.00011297
0.000101888
0.000177667
0.000140849
0.00018005
0.000234416
0.000152633
0.000512191
5.80684e-05
0.000157666
0.000286522
0.000428305
0.00019802
0.000492245
0.000181777
0.00141935
0.000181402
2.38394e-05
4.35717e-05
0.000201415
4.61379e-05
0.000125676
0.000206621
7.24596e-05
3.61847e-05
9.50828e-05
0.000378003
3.71048e-05
0.000323475
0.000230632
0.000119218
0.000174377
6.26366e-05
0.000217677
0.000200992
9.97434e-05
0.00109155
0.000281115
0.000102324
0.000152577
0.000278815
0.000172739
0.000201076
0.00019314
0.000117931
0.00036146
0.000185509
4.98206e-05
0.00010446
7.93534e-05
5.9065e-05
0.000180726
6.51004e-05
0.000224355
8.46435e-05
0.000253099
0.0001586
0.000307468
0.000309758
4.41492e-05
0.00022685
0.000178276
0.00074673
0.000133692
4.51412e-05
9.65849e-05
0.000112945
0.00025226
5.53395e-05
0.000218209
7.0925e-05
0.000176896
0.000348174
0.000302109
0.000154471
0.000237216
7.85555e-05
0.000105633
0.000801537
0.000154797
0.000388622
5.84338e-05
0
0.000144167
7.55152e-05
0.000172849
0.000141062
0.000294236
0.000337791
0.000329158
0.00595486
8.44193e-05
1.69053e-05
0.000180169
4.42481e-05
0.000132815
0.000130894
0.000100561
0.000154272
0.000196017
0.000176238
0.000273434
0.000642518
6.37518e-05
0.000316115
0.000106686
0.000126551
0.000211794
0.00013477
6.23689e-05
0
0.000309251
0.00018072
0.000199021
0.000537795
2.66936e-05
0.000212528
6.52392e-05
0.000192902
8.28538e-05
3.47842e-05
0.000382101
0.000232018
0.000155272
1.1649e-05
2.62279e-05
5.42498e-05
0.000158978
0.000151432
9.75053e-05
9.30612e-05
0.000133685
0.00017128
0.000284982
1.0377e-05
0.000277441
7.62824e-05
0.000193233
0.000904874
0.000501851
0.000270213
8.43995e-05
0.000166372
0.000116163
0.000106253
0.000691823
0.000282889
1.22169e-05
0.000143056
0.000278264
0.000361783
0.000128212
0.000127907
0.000166914
6.56398e-05
0.00957447
0.000653061
0.000567426
0.000137872
0.000107135
0.000168018
0.000808904
0.000156624
1.58492e-05
0.000137363
0.000120777
0.000138752
2.31761e-05
0.000367622
1.93587e-05
0.000162381
4.70289e-05
6.60052e-05
0.000349667
0.000254073
0.000110065
0.000807921
0.000842603
0.000307309
0.000155492
0.000233258
0.000195288
8.7945e-05
4.51687e-05
0
0.000191175
0.000211435
5.17464e-05
0.000102124
0.000126668
0.000565342
0.000473843
2.22682e-05
0.000205212
0.000161498
0.000155621
0.000196609
0.000140758
0.000128626
0.000102224
0.000129119
0.000179473
0
7.7867e-05
0.000382066
0.000336163
0.000163912
0.00399995
0.00029765
7.24819e-05
0.000116088
3.74299e-05
0.00017426
0.000192832
2.24203e-05
0.000471209
0.000411154
3.39779e-05
7.83318e-05
0.00020929
4.08504e-05
7.24938e-05
0.000268658
0.000299314
0.000149303
0.000266544
4.7149e-05
0.000124859
8.19965e-05
0.000136055
5.21177e-05
0.000133696
0.000168118
5.28146e-05
0.00023851
0.000204761
9.53877e-05
0.000111871
5.07835e-05
5.17414e-05
0.000162492
4.67586e-05
2.647e-05
9.49271e-05
0.00272224
0.00013566
6.78147e-05
0.000106713
6.93053e-05
0.000145726
4.45555e-05
7.27417e-05
6.24789e-05
0.000141513
0.000137935
9.29159e-05
0.000708109
7.39867e-05
0.000250901
0.000256725
0.000139414
0.000207484
0.00017577
0.00051489
0.000161679
1.81441e-05
0.000153919
0.000149439
0.000233018
0.000277122
2.91609e-05
0.000484985
0.000372469
0.00019516
0.000207794
0.000259557
0.000450031
6.99172e-05
0.000462521
3.40523e-05
7.33608e-05
0.000140421
0.000168672
6.76736e-05
0.000117905
0.000472122
6.29475e-05
0.000299028
0.000136751
0.000138076
0.000201076
0.000233859
0.000366664
0.00016993
0.000423984
8.79962e-05
9.50559e-05
0.000288543
0.00016807
7.17338e-05
0.000212984
0.000184307
0.000591723
0.000189951
0.000273359
0.000110301
9.71395e-05
0.000278939
0.00011463
3.31586e-05
1.37879e-05
4.9254e-05
0.000114984
0.000227883
0.000179002
0.000107646
5.62104e-05
0.000157009
0.000136208
0.000601047
0.000175521
0.000114991
1.26665e-05
0.000551494
0.000184952
8.63143e-05
0.000148028
0.000581683
0.0004465
0.000500913
0.000106269
5.47995e-05
8.15858e-05
0.000111252
9.78423e-05
2.92278e-05
0.000270796
0.000140191
0.000599184
6.22124e-05
0.000199358
0.000157934
0.000297325
0.000971974
0.000943825
2.69577e-05
3.69784e-05
0.000137596
0.000137521
3.75769e-05
0.000141989
0.000917001
0.000317623
0.000243717
0.000158025
4.4801e-06
4.99505e-05
0.00025217
0.000224403
0.000285404
0.000696392
0.000197432
0.000122227
0.000415879
0.000128502
0.000245316
0.000114539
0.000139969
3.41417e-05
5.58841e-05
0.000190794
0.000321578
8.42382e-05
0.00047956
0.000125705
8.82499e-05
0.00013253
0.000186281
0.000200924
5.80753e-05
0.000145481
0.00032053
3.60024e-05
9.6914e-05
8.63529e-05
0.00020066
2.75063e-05
0.000162782
8.34915e-05
9.80229e-05
9.44375e-05
2.9661e-05
0.000161517
1.07732e-05
0.000182647
0.000268634
9.39965e-05
1.91697e-05
2.54709e-05
0.000140033
0.000113372
0.000106941
0.0001163
0.0299956
9.8605e-05
0.000133486
0.000144386
0.000118467
0.000139063
0.000141198
0.000212225
0.000313584
0.000116974
0.000204001
0.000351704
0.000141018
0.000398562
0.000214048
0.00172256
3.38615e-05
0.000247674
6.93931e-05
0.000200905
0.000181269
9.44727e-05
0.000460852
0.000111733
0.000101431
0.000184193
0.000557709
0.000152844
0.000155566
0.000462968
0.000254655
0.000727929
0.000136334
0.000117825
0.000268328
0
0.000169157
0.000127673
0.000130131
0.000225737
0.00123291
0.000229038
7.24179e-05
0.000121
0.000231621
0.000323021
0.00024753
9.10861e-05
0.000166649
0.00038824
0.000102101
8.45129e-05
0.00324381
0.000143615
9.13152e-05
0.000347634
3.42123e-05
0.000266146
0.00017911
0.000229414
9.85954e-05
8.22929e-05
6.31024e-05
0.000880321
7.07107e-05
8.28354e-05
0.000171099
4.71994e-05
0.000166515
6.53111e-05
0.000114239
0.000655829
4.93273e-05
0.000244573
0.000230196
0.000104912
0.000130719
0.000222774
5.40797e-05
7.92163e-05
0.000200753
5.5904e-05
0.0010827
0.000262985
1.07525e-05
0.000525865
0.00150176
0.000220931
0.000140924
8.80217e-05
5.0975e-05
0.000160594
0.00509793
0.00018982
0.000110814
0.000191786
0.000254342
0.000287409
0.000125904
0.000339114
0.000223385
0.000341171
2.48746e-05
0.000219209
0.000115592
0.000406599
0.000262336
0.000108934
0.000113657
9.8591e-05
0.000335021
0.000159103
8.94484e-05
6.88419e-05
0.000132134
8.36853e-05
4.37821e-05
0.000107856
0.000213418
0.000121076
0.000261252
0.000125246
0.00039128
0.00015401
0.000102251
3.41339e-05
7.72995e-05
0.000259051
0
4.05596e-05
0.000388405
0.000157188
0.00167289
6.97445e-05
0.00025209
0.000198086
0.000283972
0.000142056
0.000144539
0.0002053
0.000113299
8.36219e-05
0.000120875
9.63575e-05
0.000259666
7.37369e-05
0.00015851
0.000149413
0.000214349
0.000425326
0.00011145
0.000579388
0.00010139
4.78113e-05
0.000198523
7.3892e-05
5.3088e-05
7.39171e-05
0.000556649
0.000130441
0
0.000183587
5.34411e-05
0.000147048
0.000175212
0.00035453
0.000175833
0.000248121
0.000295472
0.000314357
7.65266e-05
0.000177923
0.000148041
0.000227301
0.000563193
1.14586e-05
0.000207597
8.16881e-05
9.05642e-05
0.000406781
0.000156689
0.00180369
0.000249557
0.000189176
7.21535e-05
0.000107593
0.000173788
6.44424e-05
2.06794e-05
1.00769e-05
5.61334e-05
0.000123919
0.000291567
6.54667e-05
1.72809e-05
0.000189389
0.000380165
0.000139276
0.000130453
0.000120669
0.000119595
9.84911e-05
6.93752e-05
5.08624e-05
0
0.000101997
0.000172047
6.57425e-05
9.44859e-05
6.57651e-05
0.000134501
0.000145037
0.000167933
0.000223086
8.08848e-05
0.000161508
0.000277636
0.000178248
0.000209946
0
8.87497e-05
0.00012945
0.000285713
0.000172425
0.000135885
0.000189595
0.000118584
0.000135321
0.000124245
0.000146183
6.76098e-05
1.12368e-05
0.000136124
6.68924e-05
0.000298428
0.000126497
2.65295e-05
0.000176829
0.000158259
0.000106952
0.000128154
0.00124141
3.84072e-05
4.06653e-05
0.000324776
0.000108002
1.79034e-05
0.000391613
1.59361e-05
0.000128214
0.00044099
0.000227235
0.000245596
0.000149156
0.000365421
0.000125568
0.000126859
0.000123828
0.000578361
0.000189738
5.03167e-05
0.000269109
2.50444e-05
0.000192921
0.000222225
0.000127014
0.000205238
6.32887e-05
0
6.08928e-05
0.000182387
0.00020455
7.37691e-05
0.000104574
0.000269998
1.50025e-05
0.000143177
0.000619398
6.74198e-05
8.79182e-05
9.1532e-05
0.000199228
0.000138036
0.000155335
0.00094884
0.000215692
7.59712e-05
0.000128554
0.000139714
9.62959e-05
0.000169074
0.000178327
4.87005e-05
1.01189e-05
0.000112962
0.000196079
0.000144716
0.000151218
0.000777925
5.01105e-05
0.000123321
