0.000341928
0.00107043
0.000572997
0.000510969
0.00348087
0.00112252
0.000756913
0.00115414
0.00151999
0.00121597
0.000587927
0.00144504
0.000639719
0.00147413
0.00164968
0.000995602
0.000565147
0.00050735
0.000621664
0.000702163
0.00123053
0.000552576
0.00179595
0.000754767
0.00243328
0.000727471
0.00106552
0.000845429
0.000348618
0.000818729
0.000844414
0.000972051
0.0012247
0.00111916
0.00107517
0.00206672
0.00126566
0.00069343
0.000673073
0.000452777
0.000508616
0.000822481
0.00056205
0.000892661
0.00201555
0.0022068
0.000902376
0.00119998
0.00439539
0.000472564
0.000503483
0.000790796
0.000689424
0.000428157
0.00514871
0.00047493
0.000926463
0.000715419
0.0011321
0.00232196
0.000971789
0.000885145
0.00106706
0.000875443
0.00070917
0.00080059
0.000703829
0.000821122
0.000305029
0.000573028
0.00285669
0.000610015
0.00143257
0.000700288
0.00126093
0.00117262
0.00139832
0.00100217
0.000721918
0.00112336
0.0116779
0.00523938
0.000446719
0.00413286
0.00133622
0.000908962
0.000413352
0.000819254
0.000727206
0.00207758
0.000427109
0.00102546
0.00126704
0.000299878
0.00126919
0.00108526
0.00122811
0.0011086
0.00207305
0.00133172
0.00292055
0.000610464
0.000429864
0.0208298
0.000943857
0.0012652
0.00111182
0.00138756
0.00373377
0.00156772
0.00112455
0.00126571
0.000532811
0.00014855
0.00110425
0.000618446
0.000508835
0.0127551
0.0016663
0.00142158
0.000718245
0.000872296
0.00119308
0.000796092
0.00107153
0.00322867
0.000914211
0.00108715
0.000856973
0.000199385
0.000541459
0.000819914
0.0033151
0.00238937
0.00124491
0.000850154
0.00101894
0.00110887
0.00227749
0.000992142
0.00227787
0.00102795
0.000254914
0.00121686
0.000937492
0.000523553
0.00103978
0.00174613
0.0128765
0.00110322
0.00226871
0.00171081
0.000594913
0.000834545
0.000775913
0.000472077
0.00250185
0.00065521
0.00268277
0.000988647
0.00109628
0.0010312
0.000819015
0.000347504
0.00088175
0.00137496
0.000551679
0.000954187
0.000784619
0.0010847
0.00142334
0.000874136
0.000870915
0.00107568
0.000529346
0.000763954
0.001484
0.000432498
0.00241441
0.000853032
0.000752133
0.000591225
0.0194586
0.00107442
0.000707238
0.00321471
0.00178761
0.000799293
0.000697538
0.000712814
0.0010382
0.00108838
0.00246674
0.00116633
0.000816757
0.000461023
0.0134793
0.000813756
0.00076927
0.00136586
0.000702858
0.00143282
0.000410263
0.000754231
0.000955335
0.000851135
0.000998081
0.000936775
0.000672486
0.000324879
0.000830745
0.00194498
0.00178391
0.00104188
0.00136838
0.000291468
0.000679622
0.00162999
0.000735745
0.00109552
0.00135092
0.000353242
0.000996674
0.00120244
0.001082
0.000339829
0.00277065
0.00121276
0.00244964
0.000331182
0.00136059
0.000734627
0.00138888
0.00119443
0.000574948
0.00135118
0.0015851
0.00047848
0.00113376
0.00172482
0.000970484
0.00103563
0.000834969
0.00101944
0.000942571
0.000794969
0.00910763
0.000553178
0.00101788
0.00102757
0.000621957
0.000790241
0.00142959
0.00041167
0.00330255
0.00116356
0.000787603
0.0011936
0.000406233
0.00114704
0.000497129
0.000394164
0.00118524
0.000326454
0.00109572
0.00188087
0.000330098
0.00121467
0.00101169
0.00141221
0.000925297
0.00145232
0.00115956
0.00146413
0.000608375
0.000912013
0.000534578
0.000919298
0.000509538
0.000619662
0.0013865
0.000923742
0.00165914
0.00058388
0.00189578
0.000567261
0.00108201
0.000827337
0.00114306
0.000551652
0.00102862
0.000776498
0.000800311
0.000530583
0.00111342
0.00313254
0.0005673
0.000572061
0.000654301
0.000631243
0.000645247
0.000869336
0.000585305
0.0017562
0.000887612
0.0005427
0.00151242
0.000518625
0.000361923
0.000916238
0.000689118
0.0010002
0.000604028
0.000897225
0.000579676
0.000357076
0.00166861
0.00139224
0.000492093
0.000826834
0.000714586
0.000863124
0.000673059
0.00161288
0.00196257
0.000617662
0.00190389
0.00111396
0.00125102
0.000963054
0.000745889
0.00055694
0.00195228
0.00106554
0.00237951
0.00146373
0.000882704
0.000639885
0.000885473
0.00127063
0.00123067
0.000483656
0.000584085
0.000592823
0.00152161
0.000898147
0.000473459
0.00144315
0.000774174
0.00446456
0.00054266
0.000610988
0.000969439
0.000994125
0.00142474
0.00167228
0.000558385
0.00107258
0.0147522
0.00149619
0.000655485
0.000670275
0.000382483
0.00606222
0.00145279
0.000970243
0.000855541
0.00059828
0.00158688
0.00187594
0.00104465
0.000302217
0.000902985
0.000455008
0.00209331
0.000893733
0.00108767
0.000521079
0.000714618
0.000608037
0.00110034
0.000979573
0.00138315
0.00127583
0.000841904
0.0212125
0.0112409
0.000750518
0.000831878
0.000699327
0.000830469
0.00124587
0.0011809
0.00097885
0.00104858
0.000931494
0.000978981
0.00143492
0.00218044
0.000474638
0.000689223
0.000962449
0.00141161
0.000704298
0.000696738
0.00117597
0.00062316
0.00094345
0.00170633
0.00218652
0.0015301
0.00116452
0.00215019
0.000175799
0.00242079
0.000811274
0.00131374
0.000376447
0.000651449
0.000689316
0.000760466
0.000685414
0.00139591
0.000677224
0.00123288
0.00106916
0.00079605
0.00157135
0.000813994
0.00295244
0.000670907
0.000902077
0.00130455
0.000676708
0.000703434
0.000788645
0.00138673
0.000754204
0.000489405
0.000532742
0.000648302
0.00114641
0.00143389
0.00164817
0.00077935
0.00127376
0.000894698
0.00129498
0.00123955
0.00256117
0.000390315
0.000794652
0.0011824
0.00125554
0.000738512
0.000877798
0.000728523
0.00141115
0.00026315
0.00092896
0.000829668
0.000730128
0.00193957
0.000723418
0.000706585
0.00229857
0.00152668
0.00082263
0.00283237
0.00103097
0.000982697
0.000722939
0.000860104
0.000661957
0.000859366
0.000585876
0.000513081
0.000697918
0.0012618
0.000861463
0.000840325
0.00105508
0.00100952
0.00114522
0.000977103
0.000749338
0.000798745
0.000764608
0.0032221
0.00159875
0.00374014
0.00101589
0.000371964
0.00101493
0.00216743
0.000601378
0.000212927
0.000791886
0.000502653
0.00131269
0.00277066
0.00865936
0.00125904
0.000593145
0.00145974
0.000942575
0.00096839
0.000990003
0.0017334
0.000611933
0.00261609
0.000758255
0.000806474
0.000142075
0.000955168
0.00213522
0.000926631
0.00160677
0.000699329
0.0011071
0.000917482
0.00236809
0.000975889
0.000335788
0.000944387
0.000986646
0.00102458
0.00129985
0.000615497
0.00083092
0.00150398
0.000320757
0.000408812
0.00564809
0.000638683
0.00112446
0.00105123
0.000445527
0.00915308
0.000920678
0.00515992
0.0035845
0.00293075
0.000801874
0.000397303
0.00055183
0.00198925
0.00178497
0.000159978
0.00146312
0.000943242
0.00084357
0.000648289
0.00118587
0.00133515
0.00115109
0.000809797
0.00149053
0.000593643
0.000482804
0.00117646
0.00119153
0.00111041
0.00614072
0.000768194
0.00051326
0.000748431
0.000714505
0.00140804
0.00113235
0.00121432
0.000717894
0.00163756
0.00101598
0.000676371
0.000517726
0.00250598
0.000452042
0.0011954
0.000495903
0.00538217
0.000761396
0.002286
0.0073312
0.00102206
0.000602919
0.000435664
0.000427972
0.000875945
0.000864576
0.00158332
0.000997557
0.000523704
0.000996629
0.000752886
0.00170224
0.000832835
0.00432707
0.00135936
0.0103081
0.000943657
0.000791892
0.000724018
0.00403732
0.00107564
0.000744357
0.000282429
0.00200953
0.00104899
0.000624028
0.000616521
0.0030509
0.000420353
0.000343064
0.00224596
0.000508231
0.000963408
0.0010195
0.000406931
0.00108273
0.000583447
0.00180169
0.00292948
0.0013605
0.000748926
0.000638997
0.00147968
0.000305751
0.00939808
0.000873305
0.00101109
0.0012838
0.000931772
0.000882244
0.000775885
0.000943832
0.000575156
0.00162181
0.00325823
0.000743053
0.000730262
0.000743578
0.0106137
0.000508484
0.00390169
0.000542542
0.000433341
0.00166563
0.000930281
0.00318225
0.000591028
0.000783669
0.00177013
0.000967144
0.000264638
0.00124178
0.00244841
0.000311577
0.000707117
0.000784106
0.000590708
0.00150793
0.0112497
0.000923248
0.000757375
0.00120083
0.00110637
0.00109104
0.000951413
0.00142535
0.000373283
0.00101167
0.000641292
0.00165027
0.000404856
0.000827429
0.00138579
0.00613342
0.000941058
0.00142462
0.00135154
0.00147122
0.000388451
0.00333317
0.000942335
0.000859045
0.00253715
0.00117276
0.000818156
0.000322035
0.000729392
0.000709695
0.000691385
0.000654459
0.00117167
0.0011701
0.00111557
0.000941325
0.000708379
0.0013229
0.000960036
0.00155025
0.000600252
0.000395887
0.000609258
0.00123159
0.000919664
0.00065116
0.00139883
0.000781432
0.00106046
0.00150439
0.00093313
0.00249177
0.000988404
0.00128815
0.0137827
0.000596109
0.000736632
0.000979063
0.00161001
0.00097082
0.00115503
0.00118745
0.00101364
0.00103958
0.00443596
0.000719909
0.000808636
0.00121189
0.00201866
0.00105172
0.00071957
0.000572697
0.00727786
0.00322047
0.000844901
0.000653751
0.000734389
0.00130393
0.00102692
0.00313394
0.00090587
0.00061141
0.000681728
0.00119149
0.000987268
0.000804683
0.000762256
0.00436433
0.00428877
0.000860476
0.000853231
0.00293551
0.00160367
0.00398873
0.0007055
0.000407905
0.0233379
0.000571744
0.00117295
0.00125169
0.00486189
0.00120854
0.00200873
0.0016218
0.00109198
0.0018263
0.00038055
0.00134191
0.00110935
0.00161307
0.000907308
0.0149107
0.00105981
0.00113994
0.000554717
0.00121748
0.000683241
0.00098435
0.000963401
0.00478537
0.000355367
0.000831755
0.00306125
0.00100024
0.000318697
0.000922167
0.00084873
0.000896848
0.000771416
0.000691032
0.00129154
0.000574892
0.00104093
0.000445528
0.000444582
0.000533597
0.000747467
0.000653412
0.00154319
0.00163004
0.00496384
0.00206992
0.00923395
0.00146839
0.00090077
0.00104794
0.00100031
0.00414474
0.00304093
0.000757697
0.000859379
0.00120575
0.00114975
0.00188749
0.00115522
0.0012488
0.000165905
0.000926814
0.00148462
0.000773436
0.00130127
0
0.000687511
0.00363684
0.000533672
0.000639277
0.00126489
0.000765596
0.000819614
0.000510191
0.000879847
0.000606665
0.00388897
0.00094278
0.00136205
0.00111124
0.000788175
0.00128137
0.000663839
0.0015258
0.000125657
0.000950595
0.0015364
0.00047728
0.00073162
0.00068657
0.00084497
0.00142187
0.000995447
0.00133997
0.000768168
0.000797394
0.00140392
0.0664201
0.000639409
0.00119338
0.00110083
0.000491739
0.000907741
0.000669064
0.00337054
0.00106298
0.00219975
0.000594661
0.00022684
0.00103894
0.000555712
0.00109104
0.00181598
0.001151
0.00388216
0.000753331
0.000550413
0.00055921
0.00508867
0.000491324
0.00338261
0.00038253
0.000647733
0.00183991
0.000782178
0.00105736
0.000356827
0.000814569
0.00117716
0.000885572
0.00797773
0.00409777
0.000828304
0.000700895
0.00754022
0.000654142
0.000836569
0.0010099
0.000662163
0.000445476
0.00112213
0.000522918
0.000837953
0.000403308
0.000914494
0.000788236
0.00139234
0.00959987
0.000609297
0.000717652
0.0316776
0.000880966
0.00113001
0.000562528
0.000235399
0.000777171
0.000804263
0.000751005
0.00160518
0.000530284
0.00106783
0.00110047
0.000453895
0.000336796
0.000913723
0.00326663
0.00249157
0.000895124
0.00223053
0.00101576
0.000889844
0.000723603
0.000513041
0.00500629
0.000463978
0.000840226
0.000957992
0.000848031
0.00129365
0.00214872
0.000866472
0.00120639
0.0014985
0.000549459
0.00113498
0.00106938
0.00617032
0.000349289
0.000634859
0.00119368
0.00131654
0.000214429
0.000681754
0.000603681
0.000571775
0.00135023
0.00055778
0.00474362
0.000706688
0.00129344
0.000713504
0.000925433
0.00656482
0.00107043
0.00427641
0.0210728
0.00117609
0.000524597
0.000517816
0.000427773
0.0131211
0.00055446
0.000552991
0.000590562
0.00108691
0.000683004
0.00151642
0.000256058
0.00157816
0.00119094
0.00176888
0.0010237
0.000182459
0.00160695
0.00064513
0.0118686
0.000799573
0.00129571
0.00120222
0.000924558
0.000913005
0.000614575
0.000650204
0.00268915
0.000499278
0.000986694
0.00305279
0.000927844
0.000554771
0.00109481
0.00106015
0.00304775
0.000526958
0.000468999
0.00339596
0.000855391
0.000766978
0.00100599
0.000811537
0.0011073
0.00071718
0.0038788
0.00151993
0.000868655
0.000284677
0.000953495
0.000439278
0.0102511
0.000933274
0.000429237
0.000160383
0.00137872
0.000868559
0.00187637
0.00105027
0.000332544
0.000878275
0.00167552
0.000509422
0.00114932
0.00169488
0.00135675
0.00192789
0.00120101
0.00142247
0.000561185
0.000929064
0.00129865
0.00138422
0.000695042
0.000651462
0.00486477
0.000571862
0.000861567
0.008561
0.000606094
0.00380768
0.000702286
0.000476933
0.00195921
0.000907613
0.0010202
0.00143516
0.00192363
0.000570904
0.0126066
0.00350861
0.00126013
0.000791439
0.000748374
0.00106208
0.00109527
0.00102029
0.000875845
0.00164529
0.000664562
0.00116634
0.00123154
0.000753877
0.0072786
0.00116482
0.000938165
0.00282145
0.000435089
0.00160858
0.00137212
0.000930793
0.000657455
0.00069919
0.00277167
0.000909055
0.00235731
0.000652756
0.000391151
0.000173588
0.00135802
0.00147498
0.00141559
0.0011431
0.000729191
0.000428423
0.000378024
0.000478936
0.00124467
0.000819718
0.000508195
0.00269287
0.000898742
0.00102635
0.000652051
0.0135189
0.000914517
0.00190223
0.000273656
0.000920071
0.000820106
0.00395024
0.000637949
0.000663613
0.000849992
0.000827514
0.00063155
0.00175395
0.00106624
0.00139869
0.000732349
0.000750507
0.00040651
0.00197598
0.000780753
0.000455543
0.000699048
0.000947415
0.000781239
0.0049458
0.000757213
0.00295134
0.00055689
0.00122058
0.002413
0.00137539
0.00592405
0.000764924
0.00114657
0.00182439
0.0011896
0.00430264
0.000551006
0.00120121
0.000740944
0.00250446
0.000503309
0.00349267
0.000563977
0.000828033
0.00118236
0.00139218
0.000529165
0.00180345
0.000671674
0.000480806
0.00056336
0.00100309
0.000582283
0.000700453
0.000174753
0.00100155
0.000914377
0.000720988
0.00102188
0.00103178
0.000752485
0.000478782
0.0017622
0.00147443
0.000796307
0.000944683
0.000982155
0.000915573
0.000446249
0.000369485
0.00051767
0.000523317
0.000497796
0.000857359
0.000443252
0.00288811
0.000713682
0.00144751
0.00085371
0.001415
0.000940667
0.0008713
0.000375386
0.000904275
0.000967964
0.000196113
0.000514346
0.010326
0.000385873
0.000771063
0.000783907
0.000855212
0.000978505
0.000783389
0.00500038
0.000649053
0.00058016
0.000581132
0.00353834
0.00103838
0.000406501
0.000746062
0.00164352
0.00148586
0.000977981
0.00296663
0.00753694
0.00143542
0.00105527
0.000862925
0.000812439
0.000557239
0.000314869
0.00162154
0.000509831
0.000526665
0.000957337
0.00122877
0.000546664
0.00103562
0.000362015
0.00102
0.00155672
0.00100571
0.00183541
0.000820867
0.000453171
0.000547082
0.000772084
0.000796363
0.00143967
0.000483559
0.00160978
0.000951166
0.000848817
0.000799241
0.000205766
0.000909995
0.000914464
0.0021306
0.00081507
0.00117333
0.00105893
0.0379568
0.000920162
0.000596932
0.000863676
0.000963669
0.00133062
0.00810585
0.000633289
0.000615968
0.00321586
0.000643289
0.000949549
0.000607654
0.00193302
0.00183683
0.00130448
0.00111944
0.000516801
0.0032899
0.000782772
0.00133256
0.00140716
0.00127732
0.00121845
0.000551296
0.00107677
0.000471048
0.000555863
0.00192659
0.000967523
0.00190531
0.00173397
0.000581597
0.000524159
0.000805561
0.00131667
0.000465697
0.00139426
0.000595906
0.000729681
0.00118601
0.00073374
0.000412075
0.0016255
0.000897092
0.00228611
0.000752039
0.00121224
0.000780162
0.00142577
0.00373957
0.00102914
0.0114377
0.00120236
0.000647401
0.000818701
0.0129756
0.000476151
0.000969309
0.000801947
0.000609762
0.00124787
0.000743336
0.00272097
0.000607011
0.00121963
0.000974732
0.0011377
0.0014649
0.000272539
0.000413022
0.000643366
0.000581773
0.00137495
0.00118776
0.0256309
0.00116316
0.00067222
0.00117723
0.00140137
0.00407986
0.000673758
0.000209709
0.00147683
0.000695595
0.0077443
0.00135934
0.00138099
0.00094678
0.000702758
0.000777571
0.000307963
0.000982153
0.00118888
0.00138106
0.000251454
0.00078648
0.000484816
0.00165777
0.000569123
0.000863591
0.00024978
0.000631395
0.00120112
0.000327849
0.000405876
0.000339023
0.00105193
0.000538039
0.000948701
0.00106241
0.00130838
0.00182482
0.000681362
0.000900941
0.00073024
0.00674416
0.00123977
0.00374037
0.000931367
0.00105883
0.00100724
0.000790439
0.000889614
0.000700438
0.00919838
0.00109158
0.00465524
0.00100684
0.000964086
0.000603534
0.00288912
0.00225534
0.000774721
0.000728206
0.000440945
0.00106193
0.0123091
0.000886927
0.000722369
0.000485512
0.000903947
0.00130202
0.000560315
0.000541525
0.000625199
0.00107923
0.00096948
0.000831087
0.000473584
0.000758554
0.00180141
0.000508189
0.000873644
0.000830546
0.000684979
0.00122186
0.000583188
0.00246383
0.000885697
0.00108005
0.001238
0.000535729
0.00141633
0.00191742
0.00677217
0.00185272
0.000607673
0.00180927
0.000354494
0.000446762
0.000622539
0.00160155
0.00163059
0.00109888
0.000619272
0.000669542
0.000399098
0.000812456
0.00196207
0.000759877
0.00127469
0.000812294
0.00187341
0.000300126
0.00102175
0.00100159
0.000513985
0.00037896
0.000498823
0.00109469
0.000844419
0.00193552
0.000390732
0.00114534
0.00141926
0.00101304
0.000942422
0.000380378
0.00088282
0.000913605
0.00103065
0.000512409
0.000908675
0.00060553
0.000963844
0.000635183
0.00227885
0.00146937
0.00130221
0.000341132
0.00149353
0.000938216
0.000677752
0.00196556
0.000735585
0.000764435
0.00648391
0.000654421
0.00174531
9.37777e-05
0.0016601
0.000778644
0.00156871
0.000359247
0.000881314
0.00287197
0.00100409
0.00118156
0.00112923
0.000695202
0.00128608
0.000622631
0.000631465
0.000707829
0.000837255
0.00113486
0.000286382
0.000239886
0.000916025
0.00112311
0.00110093
0.00167549
0.00218878
0.00322449
0.000513246
0.0010557
0.000221256
0.00448489
0.00149869
0.00129303
0.0102479
0.000968133
0.00102877
0.000737956
0.000692077
0.00110317
0.000755479
0.000790977
0.000434418
0.000698199
0.00121895
0.000769253
0.00114763
0.00146702
0.00172971
0.000434855
0.00015911
0.000949026
0.00236054
0.000533296
0.0156251
0.000417968
0.000700936
0.000789382
0.00097714
0.00167218
0.00123155
0.000720899
0.000971434
0.000637585
0.000225632
0.00175937
0.000673492
0.000743743
0.000684989
0.00109368
0.000878144
0.0013291
0.000643656
0.000350856
0.000628248
0.00100635
0.000958447
0.00100333
0.00045946
0.00448119
0.000674392
0.000455868
0.000686249
0.00137716
0.00118395
0.00105134
0.000950725
0.00122472
0.000526185
0.00188195
0.00100214
0.00332798
0.000956474
0.000639585
0.0010496
0.000328722
0.00103896
0.000775204
0.000256643
0.000993523
0.000770555
0.00072454
0.00141638
0.00121162
0.00188187
0.00106066
0.000573844
0.000562922
0.000286606
0.00103223
0.00192241
0.000583306
0.000745151
0.000571388
0.000635504
0.000835345
0.00136728
0.00087861
0.000521999
0.000416187
0.000551422
0.000832647
0.000761154
0.00127775
0.000350406
0.00104149
0.00180747
0.00210808
0.000181746
0.000391353
0.00969872
0.00190232
0.00136174
0.000662101
0.00206885
0.000726486
0.000734026
0.000804998
0.000901572
0.00143846
0.000897834
0.00268674
0.000569061
0.00146166
0.000807536
0.000804848
0.00120947
0.00264686
0.00383852
0.000910118
0.00148788
0.00161435
0.000908029
0.0015152
0.00143824
0.000375775
0.000918065
0.0019943
0.00103796
0.00170763
0.00273091
0.0012071
0.000421443
0.00141703
0.00198476
0.00134051
0.00100151
0.000676479
0.000253443
0.0133989
0.00291136
0.000704094
0.000349328
0.000829452
0.000570257
0.00171896
0.00245406
0.00020356
0.00110631
0.00120298
0.00135647
0.00321558
0.000792479
0.001229
0.00194908
0.00153342
0.00157154
0.00128708
0.00139098
0.000614899
0.000438262
0.00121578
0.00131597
0.000178629
0.000822927
0.00231509
0.00139137
0.000936874
0.000591715
0.00143071
0.000566106
0.00101465
0.000753201
0.000623879
0.00195305
0.000533359
0.00117266
0.000874862
0.00105812
0.00099762
0.000413044
0.00032503
0.000937846
0.015609
0.00500485
0.00169145
0.0056174
0.000692168
0.00119358
0.000717474
0.00106698
0.00100024
0.000868355
0.000858001
0.000666086
0.000719086
0.000542189
0.00102926
0.00125317
0.000664643
0.00260696
0.000854341
0.00117341
0.000261707
0.00142875
0.000521749
0.00676533
0.00426632
0.00084836
0.000504815
0.00166187
0.00101761
0.00089438
0.000811772
0.000523648
0.000422697
0.000890483
0.000696295
0.000945524
0.000690041
0.000483287
0.000611706
0.00988316
0.0025286
0.00105015
0.000952152
0.000262778
0.00075162
0.000603314
0.0014552
0.000788943
0.00141574
0.000680583
0.00081572
0.000421341
0.00160598
0.000440464
0.000835017
0.000327142
0.000869707
0.00129844
0.00067785
0.000518303
0.00130947
0.00100973
0.000950232
0.000926461
0.00112552
0.0010541
0.000596206
0.00235717
0.00174948
0.00076983
0.0019471
0.00152287
0.0011938
0.00175953
0.000493189
0.000351356
0.000886336
0.000494588
0.000188232
0.000277164
0.00278865
0.000746993
0.000884763
0.000633232
0.00119436
0.000799925
0.00088422
0.00133425
0.00053823
0.00190267
0.000850925
0.000441155
0.00150586
0.000902086
0.00077111
0.000592671
0.00171457
0.00147143
0.00373575
0.00164501
0.000816002
0.00100453
0.00165303
0.00604844
0.00122756
0.000474027
0.00433097
0.000400197
0.00181155
0.00139362
0.00688026
0.000981991
0.000871237
0.000919086
0.000800459
0.00143055
0.000862991
0.00149622
0.000523903
0.000533751
0.00241489
0.000605154
0.000964222
0.00205072
0.000855671
0.000754304
0.000741681
0.000796436
0.000654968
0.000966114
0.000482438
0.000509455
0.000549139
0.000323093
0.00103733
0.00126747
0.000323644
0.00163064
0.00380967
0.000325245
0.000644434
0.000348948
0.000499627
0.000397882
0.00181201
0.00304066
0.000849848
0.000859356
0.000229629
0.00145507
0.000928561
0.000730696
0.000481358
0.00301704
0.000978277
0.000995334
0.000443146
0.000100362
0.00585874
0.000984525
0.00388429
0.000748406
0.000640623
0.00198433
0.00153713
0.000820162
0.000409277
0.00306949
0.00093403
0.000487695
0.00109855
0.0011282
0.000871554
0.00172431
0.00073317
0.0010135
0.00121709
0.000605469
0.000991601
0.000979353
0.00045648
0.000390256
0.000789727
0.00135613
0.00185913
0.00121725
0.00136953
0.00155903
0.00102346
0.00112571
0.00257686
0.000710475
0.00111734
0.00154633
0.0126739
0.000898905
0.0025767
0.00100542
0.00108015
0.000772788
0.00134165
0.000887541
0.0124409
0.000828471
0.00104938
0.00103232
0.000694581
0.00102815
0.000861272
0.000793079
0.000673337
0.00050844
0.000833103
0.00149096
0.000952985
0.000709908
0.0009251
0.00106205
0.00112407
0.000783733
0.00128344
0.000459062
0.000286803
0.0006683
0.00046935
0.00191399
0.000817615
0.00228929
0.000864466
0.000979262
0.00110924
0.00104262
0.000670718
0.000459518
0.000544011
0.000613615
0.000709217
0.000623488
0.00171217
0.000758615
0.0014147
0.000880605
0.000833791
0.000629168
0.00113484
0.000804792
0.0280221
0.00113919
0.000868624
0.00320279
0.0013283
0.00126459
0.00355154
0.000477934
0.00121888
0.000563246
0.00137311
0.000680096
0.00110822
0.0168314
0.000655116
0.000492196
0.000993655
0.000687408
0.00166098
0.000791911
0.000778321
0.000940768
0.00147126
0.000626087
0.000459049
0.000860634
0.00142936
0.000646474
0.000622608
0.00123772
0.00138809
0.000878704
0.000513876
0.000948487
0.000718033
0.000979842
0.000255328
0.000891492
0.000496773
0.00259101
0.00106054
0.000903969
0.000730775
0.000667674
0.000881672
0.00111611
0.00111534
0.00105659
0.00129217
0.000369623
0.00065904
0.00102269
0.000898563
0.000950664
0.00201903
0.000414972
0.00169925
0.000948146
0.000416028
0.00156615
0.000372896
0.000894385
0.001004
0.000962762
0.00105549
0.00160768
0.00146636
0.00131181
0.00033099
0.000199553
0.00169012
0.000940147
0.00117037
0.00200002
0.000793446
0.00246578
0.000551496
0.00105207
0.000290113
0.000363124
0.000887288
0.00314858
0.000334925
0.00173219
0.00122764
0.000996297
0.000842923
0.00105113
0.000669022
0.00136431
0.000968911
0.00196381
0.00269327
0.00131697
0.000876853
0.00135391
0.000742473
0.0012891
0.0062048
0.00121202
0.00119449
0.00183468
0.000864718
0.00189297
0.000600238
0.000921424
0.000852728
0.000858039
0.00123793
0.00052377
0.00145463
0.000615217
0.00057643
0.000411619
0.000963892
0.00125238
0.00157254
0.000406518
0.00098372
0.00136618
0.000891004
0.00293998
0.000755264
0.00122238
0.000468562
0.00049434
0.000713282
0.00036079
0.000666762
0.00183973
0.000575948
0.00117655
0.00334332
0.000536247
0.000910758
0.00122255
0.00301396
0.0013323
0.00177338
0.00165359
0.00147711
0.000908563
0.00180993
0.000524136
0.000565581
0.0123168
0.000756845
0.000683492
0.00098692
0.00143393
0.00106551
0.000700716
0.00101203
0.000675458
0.00107358
0.000636041
0.000623691
0.00106961
0.000837283
0.00126642
0.000755335
0.000548326
0.00122538
0.000364112
0.00105103
0.00138367
0.000554685
0.0010972
0.000746432
0.0013376
0.00140376
0.00109494
0.000509915
0.000815716
0.000797585
0.00115653
0.00796625
0.0022282
0.00128471
0.00190822
0.00209483
0.000993511
0.000475478
0.000990683
0.000789684
0.000692363
0.000547837
0.00120283
0.000851722
0.00205886
0.000804772
0.0109103
0.000582885
0.000719467
0.00125202
0.00163296
0.00291344
0.0012297
0.000866089
0.000547552
0.000774539
0.000966191
0.000996643
0.000128578
0.00144166
0.000828708
0.000537827
0.000956823
0.000707421
0.00179091
0.000594093
0.00147406
0.00092576
0.00243538
0.000540438
0.000935555
0.000854974
0.000774013
0.00154138
0.000535948
0.000715559
0.00330866
0.000606719
0.00538884
0.000813959
0.000533675
0.0183657
0.000843184
0.00120559
0.000812325
0.00210556
0.000692598
0.00198363
0.000665348
0.000716547
0.000450915
0.000458791
0.000841113
0.00582058
0.00150422
0.00102104
0.00219913
0.0014636
0.00136231
0.000956475
0.000619726
0.00180524
0.000880559
0.000742984
0.00018008
0.000816343
0.000514663
0.002311
0.000718341
0.00129383
0.000852344
0.000892486
0.00111456
0.00175545
0.00179441
0.00105251
0.00180083
0.00116625
0.000668002
0.000969091
0.000502389
0.00254401
0.000583219
0.00121916
0.000352991
0.000708802
0.00414423
0.000747086
0.000455427
0.000448171
0.000521611
0.000581534
0.000567245
0.000349667
0.00105887
0.000654606
0.000503773
0.00155003
0.00120988
0.000973232
0.000659107
0.000776261
0.000776789
0.00276558
0.00052462
0.001044
0.000781908
0.000551503
0.000246612
0.000447524
0.000839359
0.00145362
0.00100059
0.000339308
0.000445738
0.00115214
0.000678982
0.00129247
0.00120699
0.000151454
0.000550627
0.00164232
0.000769478
0.000604514
0.00456014
0.000386598
0.000768481
0.000646878
0.000530191
0.000714557
0.00243606
0.000160736
0.0010297
0.00150841
0.000321577
0.000620038
0.00084468
0.000483212
0.000576444
0.000935965
0.00302466
0.00102918
0.000725235
0.000687137
0.000977044
0.000460192
0.00101372
0.00097347
0.00138469
0.0010718
0.00465316
0.00106632
0.00225861
0.000319609
0.00213837
0.000623393
0.000919112
0.0023891
0.00605086
0.00114318
0.00129673
0.000850674
0.000792612
0.000732759
0.000387758
0.000361931
0.000833945
0.000935084
0.00112357
0.000421706
0.0017824
0.00173165
0.00116942
0.000400207
0.00115295
0.00128942
0.00181008
0.000760817
0.00107234
0.000223059
0.00131337
0.000867037
0.000456686
0.00103028
0.00313324
0.000521565
0.000938956
0.00149972
0.00101168
0.00106049
0.000854722
0.000629682
0.00385913
0.000618521
0.000622777
0.00136918
0.000613909
0.00116237
0.00122457
0.00113183
0.00108001
0.000549562
0.000793766
0.000331866
0.00140877
0.00200111
0.00035551
0.00509935
0.00430031
0.00134335
0.0014326
0.000869562
0.000739237
0.00124666
0.00196038
0.00124598
0.00136332
0.000289008
0.00114996
0.000925539
0.000368542
0.000870519
0.010279
0.00038377
0.00307766
0.000357931
0.000549723
0.000587463
0.000575165
0.00238202
0.0007659
0.00160871
0.000582174
0.0037336
0.000189594
0.000942453
0.00135084
0.00635247
0.00141601
0.000839527
0.000703787
0.000524181
0.000805962
0.00213451
0.000734769
0.00584558
0.000749238
0.000738853
0.00144583
0.000575803
0.000927733
0.00143048
0.00162081
0.00156219
0.000903976
0.00223325
0.000968988
0.00136527
0.000677451
0.000852862
0.00528543
0.00155011
0.00068583
0.000940421
0.00157336
0.00173398
0.000546371
0.00117221
0.00153019
0.000678178
0.000572085
0.000914516
0.000612234
0.000721097
0.000797351
0.000583535
0.000698839
0.00043904
0.000279167
0.00107235
0.0015266
0.000686635
0.00109963
0.000801413
0.000849868
0.000894741
0.000526662
0.00113883
0.000991021
0.00038597
0.000727672
0.000478137
0.000726412
0.000423847
0.00138235
0.000878983
0.00533788
0.00023523
0.00131366
0.000548804
0.00531846
0.00082973
0.000717363
0.000995099
0.00717139
0.00141803
0.00164894
0.000553085
0.000967076
0.00122661
0.000508306
0.000475409
0.000595156
0.00236703
0.00123699
0.00129074
0.000652476
0.000718969
0.0011568
0.00175328
0.000753441
0.00865198
0.00100353
0.000417621
0.00121505
0.000610181
0.0042343
0.00240375
0.00127831
0.00295685
0.00428915
0.00129421
0.000593394
0.00414302
0.000702151
0.000788617
0.000869583
0.000590304
0.000547856
0.000573815
0.000656519
0.000844305
0.00150313
0.000675329
0.00133576
0.000957351
0.00104048
0.000544643
0.000966408
0.00930643
0.000321785
0.000878568
0.000609044
0.000967711
0.000556864
0.000709427
0.000484713
0.00117856
0.000873775
0.000675283
0.00118264
0.00117102
0.000642481
0.000547691
0.000751428
0.0016406
0.00105474
0.00097443
0.00120141
0.00751309
0.000590862
0.00105216
0.000862451
0.000839991
0.00107454
0.00129803
0.00107173
0.000711437
0.00125387
0.000476016
0.00100651
0.000710741
0.000684791
0.000519722
0.00151096
0.00108888
0.00328327
0.000544819
0.00112285
0.00981191
0.000863668
0.000423469
0.00108671
0.000749953
0.00238023
0.00238146
0.00131584
0.000826928
0.000679561
0.000754263
0.00112279
0.00345872
0.00128041
0.00112804
0.00101312
0.000675447
0.00561116
0.000892525
0.00159607
0.000427049
0.000634401
0.00102565
0.00144935
0.00118582
0.00121194
0.00067734
0.00813053
0.000887421
0.00088997
0.000516417
0.000429122
0.00093797
0.000530125
0.000961893
0.00074992
0.00142373
0.00547103
0.000989371
0.000687206
0.000525826
0.000577749
0.00104882
0.00115942
0.000995685
0.000842167
0.000272604
0.000741269
0.00222718
0.000310971
0.00513036
0.00414249
0.000692316
0.00157781
0.00305675
0.000757112
0.000834054
0.000982376
0.000558563
0.00201981
0.00135184
0.00162659
0.0060942
0.000944456
0.00124921
0.000903416
0.0024668
0.000776427
0.00040843
0.000706794
0.000684654
0.00127459
0.00119571
0.000465322
0.00148036
0.00734298
0.000850358
0.00144398
0.00120299
0.000944926
0.000658868
0.000654508
0.00167808
0.00162881
0.000354824
0.0378397
0.000986176
0.000350421
0.000671418
0.00134526
0.00503636
0.00111605
0.00100661
0.00095588
0.00205643
0.000245903
0.000900887
0.000997015
0.000621501
0.00158558
0.000725732
0.000377045
0.000909626
0.000742756
0.000537235
0.0014133
0.000580912
0.00105454
0.00103871
0.00040712
0.00110896
0.000260862
0.000448853
0.000814284
0.00129226
0.00379402
0.00052918
0.00101557
0.00105032
0.000717454
0.00116307
0.000290745
0.000953827
0.000552454
0.000562239
0.000989524
0.00119284
0.00155639
0.00112316
0.00116241
0.00101337
0.000816027
0.000919476
0.00190998
0.000702029
0.000749461
0.00163365
0.00172025
0.00419566
0.000636553
0.00117302
0.00148119
0.000270271
0.00079312
0.00141566
0.00120502
0.000862278
0.00114615
0.000732988
0.000930044
0.00116177
0.000467655
0.000453307
0.000638491
0.00114735
0.000590192
0.000824938
0.00154702
0.000860529
0.00159435
0.0011561
0.000717556
0.000439327
0.000388665
0.000566692
0.00102342
0.00242962
0.000415216
0.000882843
0.00105057
0.000545473
0.00557208
0.000779442
0.000853641
0.00104833
0.000609459
0.000969018
0.00421257
0.00087742
0.000903808
0.000577439
0.00082795
0.000591445
0.000840885
0.00104987
0.00348239
0.000825253
0.000573937
0.00130198
0.000699261
0.000452946
0.000703458
0.00083061
0.00107027
0.00367192
0.00119612
0.000443696
0.00106258
0.00199857
0.000670971
0.00125889
0.0019684
0.000816904
0.00107804
0.00126979
0.00140554
0.00108356
0.000513515
0.000272659
0.000980838
0.000597544
0.00114713
0.000976396
0.000353398
0.00120777
0.0225394
0.000595788
0.000814516
0.000544935
0.00169764
0.000776372
0.00077923
0.000966372
0.000760567
0.00303606
0.000354187
0.000875492
0.000652865
0.00101805
0.000527967
0.000786893
0.000987515
0.000731704
0.000957955
0.000676234
0.000526276
0.00341228
0.000664041
0.000452949
0.000174518
0.000508691
0.00195808
0.000962631
0.0198094
0.000289187
0.000258472
0.000977333
0.000392806
0.00106118
0.00848434
0.000985359
0.000364181
0.00105095
0.00107944
0.000483051
0.0019649
0.00215412
0.00144111
0.00132332
0.00403215
0.000895893
0.00125179
0.000948076
0.001219
0.000594607
0.000579788
0.000959033
0.000870181
0.00113123
0.00703409
0.000567386
0.000153707
0.00087931
0.000677886
0.000107438
0.000371875
0.00120597
0.00294089
0.000806417
0.00550995
0.000663219
0.00161033
0.00160022
0.00215516
0.00137539
0.00114484
0.000479532
0.000624183
0.00223379
0.00255928
0.00109296
0.000409897
0.0030146
0.00100451
0.000760905
0.00101508
0.000645939
0.00132167
0.000975252
0.000821685
0.0018482
0.00114927
0.000970503
0.00381521
0.000424328
0.00110029
0.000712618
0.000907439
0.0187882
0.00102168
0.0123462
0.00105877
0.00211566
0.000467848
0.000870469
0.00119121
0.00196014
0.000895776
0.000311273
0.0011181
0.000864861
0.000914974
0.000560483
0.00173744
0.000477789
0.000512758
0.0013165
0.00115336
0.0011233
0.00115175
0.000388423
0.00113259
0.00114282
0.000683376
0.00280148
0.00349696
0.00616057
0.00207839
0.000466075
0.00125289
0.0010875
0.000675198
0.000689331
0.00264148
0.000220987
0.000506739
0.000920911
0.00155164
0.000460774
0.00115413
0.00119212
0.00108231
0.00148872
0.000436865
0.000708804
0.00127996
0.000417927
0.000711641
0.000655201
0.000398012
0.000580125
0.00702746
0.000313376
0.000633731
0.000583044
0.00125566
0.000602131
0.000646944
0.000562792
0.000555612
0.000663004
0.000856078
0.00132218
0.00226895
0.00218197
0.000599675
0.000901917
0.00118236
0.000938352
0.00043497
0.00137817
0.00058786
0.00386507
0.000873318
0.000653401
0.000839097
0.00136692
0.00111535
0.000405951
0.000413703
0.00126099
0.000810043
0.000927769
0.000954161
0.00161554
0.000914157
0.00951367
0.00123512
0.000617745
0.000989301
0.00155968
0.00033162
0.00148516
0.00110142
0.000648139
0.000562541
0.00069918
0.00614921
0.000672637
0.000709162
0.000501558
0.00174601
0.00105097
0.00103221
0.00138041
0.000773839
0.000552514
0.00176596
0.000775625
0.00104334
0.00100403
0.00452927
0.000720838
0.000812853
0.000704555
0.00150567
0.000861431
0.00165834
0.0008881
0.00105842
0.00155985
0.000364106
0.0010444
0.000841121
0.000684781
0.00102686
0.000815653
0.000934091
0.000533888
0.00102255
0.000665111
0.00142925
0.000921716
0.000392756
0.000779724
0.000527013
0.00114278
0.00100644
0.00105012
0.000959685
0.00228079
0.000688328
0.000521135
0.0012841
0.00275654
0.000718327
0.001146
0.000260147
0.000725415
0.00128842
0.00088227
0.000837599
0.0012211
0.00121147
0.00129216
0.000674536
0.00113474
0.00095737
0.00210033
0.000883933
0.00233302
0.000528675
0.000840714
0.00103168
0.000615135
0.00195261
0.00133264
0.000826095
0.00234758
0.000867633
0.000416178
0.00149145
0.0006879
0.000737106
0.000192887
0.000567121
0.00103274
0.000524802
0.00180037
0.000246074
0.000718545
0.00134236
0.000670555
0.0055008
0.00193493
0.000741088
0.00133965
0.000754725
0.000172932
0.00354546
0.00157857
0.00192895
0.0068636
0.00120244
0.00159172
0.000681311
0.000550117
0.000450936
0.000829798
0.00106429
0.000773785
0.00143169
0.00405057
0.00141114
0.000407259
0.00016223
0.000872353
0.00116897
0.000467775
0.000898928
0.00142589
0.0013904
0.00103417
0.000633783
0.000183326
0.0126805
0.00562501
0.00155106
0.000368682
0.00097349
0.000341086
0.00101773
0.000204974
0.00137219
0.000833044
0.000794116
0.000825961
0.00176893
0.00275876
0.000406152
0.00114591
0.00236014
0.00475576
0.000613888
0.000865675
0.000475026
0.000580631
0.00177472
0.000869275
0.00131885
0.000642947
0.000719726
0.0125635
0.00145323
0.0012219
0.00130309
0.00072103
0.000665953
0.000580803
0.00283799
0.00134743
0.000763232
0.000158437
0.00130502
0.000627509
0.000492597
0.000920532
0.00279987
0.000785094
0.0008356
0.000917926
0.000921978
0.00110015
0.00100903
0.000994455
0.000701977
0.00130632
0.00118939
0.00233315
0.00185778
0.00169317
0.00162154
0.00198628
0.000276446
0.000973164
0.00101074
0.00126275
0.000635314
0.00211263
0.00091398
0.00102997
0.000462678
0.00205313
0.0119021
0.000930393
0.00120572
0.00123193
0.00102155
0.00272401
0.00219753
0.000494761
0.000992869
0.000949157
0.000772944
0.00114205
0.00188714
0.00129031
0.000579441
0.00636567
0.000499707
0.000271784
0.000415487
0.00052278
0.000855247
0.000732545
0.000494795
0.000944466
0.000611125
0.00265169
0.000596313
0.000563229
0.000401169
0.00146616
0.00112465
0.000715251
0.000830622
0.0012776
0.000555934
0.000415699
0.00196739
0.00329797
0.000978289
0.000723562
0.000642978
0.0013531
0.000433901
0.000479604
0.00121017
0.000954368
0.000928854
0.000873196
0.000354998
0.000643597
0.000672659
0.000555185
0.00125246
0.000933663
0.00148216
0.000589267
0.000529749
0.000990828
0.000625902
0.00266045
0.00108145
0.00233715
0.000481063
0.000771062
0.000328824
0.00327772
0.000532926
0.000768432
0.00189651
0.000573077
0.000706092
0.00466503
0.000849666
0.00100098
0.000782496
0.000252388
0.000504292
0.00108537
0.000956705
0.00160499
0.00120771
0.00151573
0.00067982
0.000957999
0.000973234
0.000634818
0.00324902
0.000883787
0.00114032
0.00470616
0.00106724
0.00110464
0.00457669
0.00465265
0.0012237
0.000695857
0.000497469
0.00125458
0.00177453
0.00139605
0.000742711
0.000636296
0.000879939
0.00068511
0.00182476
0.000796481
0.00136241
0.000313783
0.00104203
0.000440999
0.00128075
0.0008517
0.000585166
0.00132974
0.00238026
0.000976386
0.000843723
0.00605691
0.000743596
0.0004958
0.000577299
0.000647346
0.000893057
0.00115157
0.000717435
0.000328763
0.00126028
0.00150307
0.00178705
0.000918726
0.000399689
0.00119141
0.00125575
0.00805293
0.000194652
0.000993074
0.00137074
0.000945922
0.000940099
0.000677676
0.000822137
0.000901818
0.000860691
0.000613692
0.00130766
0.000575421
0.000803509
0.00105897
0.00104581
0.0010712
0.000906181
0.000921815
0.0014204
0.000900449
0.000790827
0.00136239
0.00167103
0.00219273
0.000324078
0.000788985
0.00111094
0.000889552
0.000697657
0.00210504
0.00141408
0.000860559
0.000615966
0.000972863
0.000539363
0.000267248
0.00184607
0.00092568
0.000591009
0.0010563
0.00126477
0.000522549
0.00106416
0.000469836
0.000818181
0.000257083
0.00107663
0.000981937
0.0011664
0.000846179
0.00447064
0.000904187
0.000763184
0.00191517
0.000389489
0.00501703
0.00102067
0.000209008
0.000361909
0.000775379
0.000417533
0.000640691
0.00174524
0.000784831
0.00087357
0.000494485
0.00136839
0.00114807
0.000970057
0.000259552
0.00151919
0.00160477
0.000626697
0.000782295
0.000574791
0.00238084
0.00165193
0.000479544
0.00075006
0.00113047
0.00308046
0.000758504
0.00121997
0.000767747
0.000701634
0.000419759
0.00122495
0.000774453
0.000838213
0.00110071
0.000335141
0.000590124
0.000741591
0.000952703
0.000618457
0.000807943
0.00112965
0.000834788
0.000402403
0.00190885
0.0029354
0.0010877
0.00091439
0.000978418
0.00314354
0.00110838
0.00137764
0.000417321
0.00112464
0.00215526
0.00190077
0.000847014
0.00157621
0.000724169
0.000629338
0.000390942
0.000464887
0.000375029
0.000766614
0.000619103
0.000918168
0.00204321
0.000753143
0.00119674
0.000725768
0.00517933
0.00159222
0.00113481
0.00104616
0.000964016
0.0011734
0.00135155
0.00640832
0.00214147
0.00106976
0.00599739
0.000470708
0.000507185
0.000790737
0.00111723
0.000501237
0.000758602
0.00083145
0.00101987
0.000466096
0.0036416
0.00136174
0.000569453
0.000762548
0.000486574
0.00128836
0.000559542
0.000796276
0.000343429
0.000439875
0.000419591
0.00104792
0.000672203
0.000740378
0.00127056
0.00141554
0.000598161
0.00136969
0.000563993
0.00170445
0.000430323
0.000265754
0.00041193
0.000800259
0.00098336
0.00518286
0.00181928
0.00153185
0.00176647
0.000459454
0.000620503
0.00794012
0.0140852
0.000566855
0.000758207
0.000687833
0.000974503
0.00139155
0.000821845
0.000884933
0.00225222
0.000667654
0.00151936
0.000700759
0.000990871
0.00102049
0.000390472
0.000890504
0.00163359
0.00072051
0.000955478
0.000714344
0.000620922
0.000462928
0.000743125
0.000567317
0.000191483
6.29811e-05
0.00341879
0.00139628
0.000715025
0.000942414
0.000765046
0.000891168
0.00114976
0.000972829
0.000630932
0.00366703
0.000950094
0.00363651
0.000735048
0.0015838
0.000651629
0.000149866
0.00250451
0.000355151
0.00107648
0.00157035
0.000175273
0.0010253
0.00141955
0.00105188
0.00176903
0.000943154
0.00074115
0.000470434
0.00163995
0.000599849
0.000329603
0.0106824
0.00075556
0.00124863
0.00198715
0.000702317
0.000613344
0.00114751
0.000838586
0.000675324
0.000889417
0.0012258
0.000773477
0.00042147
0.00164649
0.000592567
0.000750819
0.000774478
0.000871639
0.0027119
0.000661681
0.0224442
0.0013567
0.000660793
0.000668162
0.00175711
0.00155372
0.00128258
0.00051715
0.00125486
0.000733048
0.00104587
0.000722185
0.000843816
0.000891193
0.00348798
0.000986229
0.00131258
0.0021487
0.00622739
0.000631117
0.00108973
0.000691481
0.00131588
0.00123695
0.000935668
0.000627757
0.000874201
0.000593418
0.000573516
0.000659422
0.000699707
0.00157002
0.00083576
0.00139326
0.00049965
0.00120756
0.00115895
0.0016573
0.0020926
0.000669297
0.000813199
0.000871311
0.000674631
0.000451735
0.000915324
0.000682055
0.000639516
0.000770281
0.00123639
0.000592146
0.000726419
0.00199075
0.000770227
0.000781226
0.000378517
0.000889086
0.0005147
0.000835122
0.000796996
0.00176153
0.000947036
0.000684365
0.000462186
0.00078466
0.000473264
0.000877573
0.000303504
0.00183713
0.0119335
0.000817438
0.000699336
0.00113162
0.00255276
0.000567917
0.000973269
0.00346499
0.000790085
0.00141263
0.0007333
0.000743333
0.000844823
0.0016623
0.00191556
0.000578767
0.000675075
0.000576648
0.000312204
0.0009258
0.000562309
0.00150056
0.000894443
0.00039087
0.000869632
0.000451941
0.00115546
0.000819784
0.000679382
0.0012435
0.00136726
0.000721688
0.000600581
0.000817463
0.00154014
0.00262159
0.000925568
0.000479127
0.00265151
0.00089067
0.000780776
0.00134961
0.00105884
0.00117755
0.000549775
0.000587383
0.000913643
0.00174291
0.00527069
0.001118
0.00101137
0.000269236
0.000641006
0.00149805
0.0006721
0.00146139
0.000832585
0.00155901
0.000801303
0.000757707
0.00106531
0.000433135
0.000596468
0.000869727
0.000736014
0.000667661
0.00134327
0.00105723
0.00135951
0.00167366
0.00197414
0.000526764
0.000478355
0.000816611
0.00292463
0.000709211
0.00246117
0.00156661
0.0111569
0.00122138
0.000711706
0.000715346
0.00113122
0.000191478
0.00116455
0.000314295
0.00100442
0.000707162
0.000851167
0.00108889
0.000651773
0.000417698
0.000536209
0.000948511
0.0020426
0.00110148
0.000531646
0.00122684
0.00143212
0.00124756
0.000335445
0.00101367
0.000605544
0.000573902
0.000491202
0.0010314
0.00130229
0.00198848
0.000482805
0.00104911
0.000938166
0.00180448
0.00102198
0.000716063
0.000548013
0.000436092
0.000986615
0.00102269
0.000678248
0.00128523
0.000578892
0.000804313
0.000489923
0.00306307
0.00123968
0.00106901
0.00360295
0.000923451
0.00974486
0.000666055
0.000700239
0.000746192
0.000801715
0.00103419
0.000769255
0.000778934
0.00142503
0.000547221
0.00064026
0.00083945
0.00113803
0.0167938
0.00054477
0.000298678
0.00145091
0.00123156
0.000494511
0.000690044
0.000501025
0.00123104
0.00118892
0.00111411
0.00264249
0.00245591
0.000610226
0.000253261
0.000822574
0.000974773
0.00102123
0.000662774
0.0024384
0.00116546
0.000475426
0.000475621
0.000860895
0.000530907
0.00112209
0.00283682
0.000604355
0.00111765
0.00108197
0.00393489
0.000720568
0.000817081
0.00116681
0.00123117
0.000642007
0.000845025
0.000132105
0.00118428
0.00129829
0.00072182
0.00140326
0.00102619
0.00213303
0.00084542
0.000527111
0.000622711
0.000472149
0.000490844
0.00108926
0.000412176
0.000768746
0.000862819
0.000596493
0.000332414
0.000937736
0.000709028
0.00144609
0.00164959
0.00119812
0.000321692
0.000920653
0.000558085
0.0027991
0.00164382
0.00167742
0.00104932
0.001891
0.000643698
0.000418673
0.00106308
0.00040048
0.00038847
0.000913211
0.000919577
0.00128549
0.00160579
0.000760619
0.0011203
0.00141459
0.00121986
0.000621791
0.00066856
0.00152905
0.000918944
0.00106877
0.000436026
0.00110905
0.000841199
0.000652585
0.000966343
0.000901154
0.000713625
0.000605112
0.00134302
0.00345384
0.000304953
0.000910249
0.000741999
0.000381863
0.00179962
0.00190553
0.000903003
0.000997797
0.00134458
0.000251318
0.00460129
0.000426616
0.00336058
0.00383607
0.000680123
0.00221973
0.00431522
0.00100324
0.000264322
0.000723176
0.000557673
0.00118965
0.000467302
0.000571294
0.0014981
0.000625577
0.000768633
0.000674023
0.00334772
0.000696437
0.000710158
0.00106155
0.00127144
0.00093195
0.000973492
0.000933862
0.000778489
0.000541487
0.000903071
0.00168113
0.00170162
0.000847359
0.00050504
0.00241925
0.00115462
0.00136958
0.000366102
0.000820025
0.000282991
0.000555411
0.0011889
0.000749494
0.00113253
0.000486987
0.00267455
0.00389954
0.00415355
0.000973097
0.000923544
0.00155157
0.000632217
0.000962811
0.00131556
0.00583975
0.0151656
0.00128405
0.000378486
0.00119026
0.00128985
0.00477722
0.0012523
0.000548488
0.000606747
0.000530069
0.000819259
0.000820081
0.000411773
0.0030692
0.000963294
0.000402902
0.00148118
0.0011558
0.000978149
0.00101663
0.000862549
0.000467995
0.000798642
0.00136128
0.000878889
0.000866647
0.0013247
0.000684946
0.00200758
0.000399378
0.00199907
0.000941305
0.00098767
0.000724879
0.00153387
0.000561147
0.000683641
0.00163406
0.000918423
0.000206211
0.00116389
0.000808996
0.000627215
0.000532203
0.000793578
0.00268858
0.000546708
0.000490161
0.0010349
0.000461429
0.000315344
0.000680281
0.0014206
0.000766946
0.000818388
0.00132621
0.00142369
0.000925207
0.00615786
0.000660586
0.000511675
0.00317751
0.00333101
0.0025286
0.000736762
0.000690321
0.000855148
0.000498634
0.00603628
0.000783638
0.00352931
0.000869578
0.000934577
0.000434972
0.000939105
0.000908567
0.000629721
0.00269638
0.00118757
0.000656914
0.00371715
0.00168049
0.00134207
0.00105437
0.000790083
0.000432956
0.000331438
0.00164698
0.000559835
0.000482291
0.000816769
0.000607437
0.00107348
0.000453116
0.000837512
0.000725099
0.00358337
0.000493497
0.000353307
0.00085847
0.00113587
0.00100768
0.000734544
0.00188714
0.00155174
0.00067841
0.000719628
0.00115052
0.000459799
0.00369176
0.000745434
0.00105689
0.0010589
0.000778669
0.000617666
0.000752734
0.00298097
0.00197768
0.000730489
0.000880141
0.00124347
0.00103997
0.000924307
0.0013289
0.00103914
0.00346702
0.00670474
0.00220272
0.000386484
0.000763597
0.000686967
0.000979629
0.00109586
0.000435156
0.000716046
0.000785531
0.000999032
0.00108235
0.000556136
0.000668343
0.00152606
0.000857092
0.000732011
0.00057449
0.000523156
0.000535474
0.000729373
0.00111429
0.00114677
0.000292645
0.000896529
0.000691141
0.00118916
0.000895096
0.181195
0.000619555
0.00133894
0.00143805
0.000784272
0.00141236
0.000977467
0.00100326
0.00104356
0.000633884
0.000815381
0.00186141
0.000934076
0.000740654
0.000908137
0.00918748
0.00235098
0.000821283
0.00227529
0.00116366
0.00238304
0.00192113
0.00114547
0.00101569
0.000829798
0.000961832
0.000912703
0.000770936
0.000585821
0.00161002
7.58841e-05
0.0011413
0.00076086
0.000886766
0.000569606
0.000704703
0.00188274
0.000572249
5.40743e-05
0.00114925
0.0289032
0.000632781
0.00106751
0.000854676
0.00410185
0.000374215
0.00069378
0.00087705
0.000833071
0.000224185
0.000687195
0.000984207
0.000840056
0.00129529
0.00133379
0.000611608
0.00167422
0.000231858
0.000458939
0.00113667
0.000494276
0.001701
0.000974396
0.00553142
0.00121252
0.0014674
0.000437622
0.000425758
0.000438829
0.000421777
0.00192389
0.00178229
0.00959142
0.000908056
0.0008869
0.000471672
0.00158921
0.000463817
0.00146202
0.000441947
0.00074712
0.00675646
0.00118497
0.0143296
0.00264786
0.000698537
0.000590752
0.000179421
0.00133839
0.000610721
0.00129754
0.00160037
0.00112161
0.000678376
0.000472016
0.000636786
0.000983573
0.00106222
0.000245907
0.000896251
0.00145346
0.00140706
0.000165145
0.000782956
0.00117726
0.00116751
0.00157045
0.000625653
0.00109409
0.000713973
0.000796842
0.000388164
0.000247213
0.00075293
0.00213123
0.000798985
0.00187713
0.000204705
0.000836505
0.000875372
0.000893961
0.00116648
0.000552785
0.00138494
0.00121021
0.00071605
0.00470129
0.00125012
0.000603854
0.00384598
0.00113119
0.000910674
0.00122811
0.00111594
0.000413932
0.000562419
0.000995386
0.000748357
0.00118227
0.00181256
0.000474034
0.000875094
0.000652962
0.0012896
0.000423322
0.0027835
0.000754297
0.000565819
0.000673723
0.00112083
0.00100144
0.000614472
0.000623295
0.00128316
0.00126948
0.0039314
0.00047618
0.00224324
0.000645082
0.00055809
0.000479424
0.000522867
0.00235217
0.000799779
0.00081901
0.00141119
0.000642698
0.00215755
