2.20728e-05
0.000155678
4.90571e-06
0.000100601
1.09832e-05
0.000124159
8.08027e-05
3.58473e-05
0.000311145
5.23237e-05
0.000138792
0.000260347
0.00016122
0.000108976
0.000410699
7.72546e-05
9.64888e-05
0.000183194
0.000104933
0.000153808
7.3224e-05
0.000481166
0.000318576
9.49806e-05
0.000194858
0.000143371
3.14919e-05
8.50395e-05
0.000172262
0.000279038
0.000416103
0.000248945
0.000299673
0.000391469
0.000196067
0.000249738
0.000210246
0.000136531
0.000314635
0.000250434
0.000125009
8.7195e-05
0.000239252
0.000136362
0.000293414
0.000178967
0.000329594
0.000112306
0.00334758
6.17898e-05
6.77991e-05
0
0.000133141
4.77433e-05
0.000156181
3.5046e-05
6.04186e-05
0.000220838
0.000117957
3.32739e-05
0.000220993
0.000168582
0.000149298
0.000419858
0.000129225
0.000241466
0.00019956
0.000146233
0.000213693
0.00108799
9.55056e-05
0.00022368
0.000293981
9.2932e-05
0.000134177
0.0112592
0.000145222
0.000138732
0.000296017
0.000228743
0.000212427
0.000409758
0.000185468
0.000198016
0.000150928
0.00020529
3.86392e-05
0.000667851
5.32294e-05
0.00129086
0.00012265
0.000641104
0.000102157
5.41247e-05
0.000130768
0.000111047
0.000116455
0.000818318
0.000125541
0.000118989
0.000205885
0.000421217
0.000105373
0.000186954
7.76436e-05
0.000106809
0.000417183
1.1921e-05
4.01534e-05
0.000355613
2.50912e-05
0.000263468
0.000115119
7.42493e-05
0.000364866
0.000148059
0.000214441
0.00013146
0.000952276
0.00038762
0.000116898
0.000105225
6.42115e-05
0.000249157
8.93915e-05
0.000272988
0.000710812
0.000203882
9.81791e-05
0.000162882
3.92358e-05
9.63381e-05
0.000173831
0.000276919
0.000109312
0.000849018
0.000151255
0.000251329
0.000171828
0.000434528
0.000179187
0.000210423
0.000359657
0.000189172
0.000165793
0.000780151
9.45953e-05
0.000196949
0.000407056
6.07001e-05
0.000198699
0.000173773
0.000159718
0.00019776
8.47668e-05
0.000173285
0.00448189
0.000151861
0.000178198
0.000167025
0.000257334
0.000274061
0.000183363
7.22864e-05
0.000115431
0.000256427
0.000162694
2.2276e-05
0.000268959
8.7181e-05
0.000253478
4.75469e-05
0.000235345
9.6556e-05
9.02859e-05
0.000123364
0.000184769
9.66804e-05
0.000134262
0.000257473
0.0002125
0.000216175
0.000155008
0.000212714
0.000180616
0.000181566
0.000113728
8.33432e-05
0
9.02408e-05
0.000183854
8.74163e-05
0.000141875
0.000166005
0.000212873
0.000187016
0.00018163
0.000213339
3.17038e-05
0.000365538
0.000176413
0.00100338
0.0002044
0.000153815
0.000307311
0.000233591
0.00010165
0.000275802
0.0001219
0.000184315
2.04393e-05
7.30518e-05
0.000102961
0.000133277
0.000162001
0.000178614
6.70368e-05
8.51433e-05
7.64998e-05
0.000198688
0.000143633
7.87707e-05
0.00119303
6.98273e-05
7.18079e-05
0.000378364
0.000123527
0.000344097
0.000152746
0.000113076
0.000151638
0.00010334
6.19708e-05
0.000283401
0.000266777
8.41525e-05
0.000183019
0.000249178
0.000102228
5.49059e-05
0.000146567
0.000155496
0.000267878
0.000205042
0.000538681
8.73244e-05
0.000404081
0.000154506
8.98406e-05
0.000150173
0.000117586
0.000335002
0.000151487
0.000277982
0.00014468
0.000260293
0.000348191
3.88992e-05
0.000134898
9.06002e-05
0.000433732
0.000116721
9.60656e-05
0.000417407
9.58454e-05
0.000241331
0.000377283
9.02279e-05
1.52433e-05
0.000104813
0.000207421
0.000144033
0.000138903
0.000210611
0.000181142
0.000212072
0.000198664
0.000129525
0.000477871
0.0149021
0.000158244
0.000129897
0.000223
0.0001541
0.00022525
0.000269658
0.000196944
0.000264852
0.000113552
0.000148282
0.00111734
9.42516e-05
0.00023391
0.000171985
0
0.000206293
0.00015274
7.04574e-05
0.000415907
7.71104e-05
0.00163619
0.000163315
0.000143465
0.000161403
0.000146842
0.000347972
0.000201606
0.00022082
9.67586e-05
3.38869e-05
8.09013e-05
8.42446e-05
8.6181e-05
0.000297531
0.00048429
0.000284851
0.000131265
0.000109586
0.000148934
7.39569e-05
0.000358505
0.000100422
0.000106514
0.000149359
0
0
0.000138141
0.000143561
0.000651655
7.88604e-05
0.000286557
0.000149579
0.000376284
0.000157346
0.000145597
0.00143813
0.000138285
0.000254795
7.92202e-05
0.000112842
0.000147411
0.000980445
0.000212992
0.000134105
4.80554e-05
0.000173974
0.000359212
0.000244217
8.86645e-05
0.000126717
0.000185829
0.000162528
0.000399475
0.000217746
1.75353e-05
0.000163855
0.000399064
6.8096e-05
0.000412961
0.000113845
0.000242165
0.000151978
0.000138506
0.000150041
0.000652642
9.85651e-05
8.19288e-05
9.5717e-05
0.000227293
0.00011425
0.000117077
0.000195093
8.31504e-05
0.000276015
0.000245592
0.000103289
0.000220835
7.56872e-05
0.000202113
0.000193508
0.000485643
0.000189961
0.000182089
9.78896e-05
0.000212062
0.000108908
9.34299e-05
0.000443897
0.000170135
0.000221508
0.000185207
0.000148776
0.000152432
0.000146189
0.000229413
0.000506792
3.84423e-05
0.000102459
0.000352861
0.00019464
0.000214074
0.000138416
0.000909388
0.000188197
0.000442273
2.39444e-05
0.000219422
0.00043376
0.000128609
0.000259813
0.000168155
0.000103521
0.000109622
0.000117815
3.32477e-05
0.000290257
3.92481e-05
0.000257607
0.00016422
0.000523518
0.000239584
0.000780318
3.69165e-05
7.7476e-05
6.95872e-05
