0.000175895
1.30187e-05
5.87699e-05
7.41242e-05
0.000117408
0.000101969
1.09832e-05
6.67327e-05
0.000150594
0.000114759
0.000237209
0.000215879
0.000243422
4.36752e-05
0.000128334
0.000149479
0.000126247
9.96377e-05
0.000153799
9.24571e-05
9.25885e-05
0.000258433
0.000217205
3.52275e-05
9.7626e-05
7.3744e-05
0.000111353
0.000206289
0.000136937
0.000150694
0.000755558
0.000169148
0.000202476
0.000257862
7.03844e-05
1.09381e-05
0.000235595
0.000196335
4.83172e-05
0.00112211
2.18531e-05
6.1091e-05
3.30717e-05
0.00010343
3.99406e-05
6.21155e-05
3.74588e-05
0.00203669
0.000824315
0.000934498
5.91483e-05
0.000144548
7.76007e-05
4.21264e-05
1.88757e-05
0.000155355
8.02291e-05
0.000184485
2.14954e-05
6.63095e-05
0.000305528
3.54336e-05
3.04276e-05
9.82504e-05
0.000125913
0.000167658
0.000274068
4.15781e-05
2.25254e-05
0.000406891
5.1754e-05
7.45275e-05
4.14552e-05
0.000413501
5.72996e-05
0.000234948
0.000214062
1.27365e-05
0.000490672
0.00016294
9.59902e-05
0.0001465
0.000231262
0.000169574
0.000381881
0.000382995
7.1964e-05
0.000147549
0.000183248
5.50034e-05
0.000445252
0.00030616
8.60145e-05
0
0.000389532
2.85216e-05
0.00014902
0.000112009
3.01696e-05
0.000283995
0.000173417
0.000327175
7.85073e-06
0.000249773
7.72861e-05
0.000118246
0.000150442
0.000160634
9.18099e-05
0.000116523
0.000193727
7.25208e-05
8.20325e-05
4.18601e-05
0.000198832
0.000235524
0.000106433
9.38129e-05
0.000320595
4.95661e-05
0.000100473
0.000128756
0.000157893
0.000523997
6.94255e-05
0.000120203
4.52792e-05
6.72938e-05
0.000595954
0.000102167
6.95533e-05
0.000217655
0.000402211
0.000228681
9.14661e-05
8.27078e-05
0.000172423
0.000324374
0.000236762
9.37497e-05
0.000736636
8.84925e-05
0.000250793
0.000744461
0.000146724
8.63486e-05
9.17844e-05
0.000247179
0.000124061
0.000115906
0.000250589
0.000169734
0.000450234
0.0001359
0.000115631
0.000197861
0.000147553
3.73988e-05
2.34331e-05
0.000115016
6.70288e-05
8.59631e-05
2.61597e-05
6.21728e-05
0.00021993
0.000138808
0.000181184
0.000145957
0.000253388
0.000333357
0.000113565
0.000142589
0.000124369
0.000258329
0.000536426
0.000847208
0.000239452
0.000118366
6.78527e-05
0.000254127
0.000491014
7.50952e-05
0.000110838
0.000254804
0.000172961
0.00018013
0.000168296
0.000249008
0.00027762
0.000363312
0.000117062
2.63526e-05
0.000298474
0.000538055
0.000170404
0.000214905
3.71629e-05
0.000102005
0.000319965
0.000252255
4.25742e-05
2.68463e-05
6.3087e-05
3.13237e-05
0.000149985
2.51499e-05
0.000896151
0.000431303
2.88283e-05
0.00010083
0.000216011
0.000116234
0.000102682
0.000108796
0.000112774
0.000124582
0.000372766
0.000120737
4.61276e-05
9.78122e-05
0.000265128
0.000144951
0.000254787
7.67297e-05
0
0.000120776
0.000164918
0.00013682
0.000243741
0.000432915
0.000228255
9.74877e-05
0.000159906
0.000104446
0.000155331
0.000251625
5.00743e-05
0.000144144
6.82406e-05
0.000505828
0.000158855
0.000160157
1.00605e-05
4.35025e-05
0.000105766
5.63147e-05
5.17598e-05
0.000147229
0.000196176
0.000228357
9.04335e-05
0.000304185
0.00013932
0.000137205
0.000176278
9.50873e-05
0.00016287
0.000283906
0.000427686
8.75832e-05
3.76023e-05
0.000128592
1.32401e-05
0.000106257
0.00017351
0.000401784
0.00011963
3.66927e-05
0.000266146
0.000129108
0.00057778
6.17426e-05
0.00033225
0.00027374
0.000215869
0.000108246
0.000166245
0.000156184
0
0.00012916
0.000373202
0.00133682
0.000116699
0.000207043
0.000276509
0.0033969
0.000121214
0.000222621
0.000219844
0.000533977
0.000294189
0.000132113
0.000196362
6.9343e-05
5.7442e-05
0.000181903
0.000364609
0.000108098
0.000813938
0.000134983
4.05552e-05
6.06414e-05
0.00108954
0.000169844
0.000113318
1.54828e-05
0.000416139
0.000101766
0.000105518
0.000345058
6.27023e-05
8.19907e-05
0.000301202
0.000250166
0.000198943
5.28559e-05
0.000101339
0.00342236
4.69223e-05
0.000264193
0.000345077
0.000272265
8.83876e-05
0.000114204
0.000133728
0.00014381
0.000131482
0.000183375
0.000747734
4.30029e-05
4.08718e-05
0.000120677
0.000104059
0.000104106
0.000124527
0.000294645
0.000254146
0.000240822
3.30966e-05
1.5e-05
0.000109486
0.00010711
7.03425e-05
0.000122095
0.000160201
0.000163284
0.000224646
9.14374e-05
8.08591e-05
0.000398614
0.000106704
0.000497425
8.28211e-05
0.000738301
6.36465e-05
0.000440526
4.48055e-05
5.39461e-05
0.000284426
0.000207976
0.0002167
3.78637e-05
0.000147508
0.000618553
0.000147564
0.000229765
5.49784e-05
0.000793207
9.00866e-05
0.00276268
0.000262282
0.00024913
2.84073e-05
0.000208239
0.00327684
6.93124e-05
0.000164993
0.000405254
0.00018894
0.000319277
6.71335e-05
0.00026735
3.57514e-05
0.000162771
0.000288824
4.59022e-05
0.000135097
0.000156998
0.000235346
3.05628e-05
0.00731609
0.00021511
0.000103467
6.46494e-05
0.00012179
5.14273e-05
0
0.000267667
0.000195063
0.000320606
2.36566e-05
0.000129524
0.000115817
0.000139284
0.000155895
0.000153911
0.000128637
0.000178046
0.000118434
0.000188954
0.000192108
0.000212276
3.7583e-05
5.22195e-05
1.99319e-05
0.000740477
0.000101099
9.51638e-05
0.000127661
6.02295e-05
0.000205147
0.000259815
7.69186e-05
0.000178765
6.19859e-05
4.94664e-05
0.000173425
0.000333429
0.000160579
5.32332e-05
2.31172e-05
8.00797e-05
8.43165e-05
3.146e-05
8.47591e-05
0.000567282
0.000247882
0.00028971
0.000119687
3.98841e-05
6.96232e-05
8.5855e-06
0.000190543
0.000118164
0.000307253
0.000614057
5.00738e-05
8.45041e-05
7.61432e-05
1.11358e-05
0.000123834
3.21852e-05
0.000175298
0.000181492
5.10886e-05
0.000142552
0.000519057
0.000148897
0.000125765
1.40103e-06
0.000584751
0.000190685
0.000105703
0.000212891
9.51833e-05
2.4275e-05
0.000597987
0.00104905
0.000820732
0.000115044
0.000264279
0.000401193
0.00010517
0.000235261
0.000224132
0.000133646
6.20319e-05
0.000221706
0.000212334
7.36222e-05
0.000157655
0.000252558
0.000310125
4.69888e-05
0.00012579
4.54566e-05
0.000549724
0.00528283
1.72931e-05
0.00171019
0.000174997
0.000617784
0.000170573
0.00057455
0.000201185
0.000105083
4.60844e-05
0.000401608
0.000112112
0.00018042
6.56394e-05
0
5.45081e-05
3.05531e-05
0.000142902
0.000263822
0.000622542
0.000300108
3.35509e-05
1.22996e-05
0.000119956
0.000249437
0.000198011
0.000329195
0.000836312
0.000273753
0.000119299
9.75803e-05
0.00034572
0.000185348
0.000102814
0.00099758
3.1451e-05
0.000259756
9.88513e-05
0.000350465
9.07706e-05
8.70572e-05
2.96666e-05
1.96159e-05
7.90707e-05
0.000179316
3.87004e-05
0.00014452
4.11081e-05
0.000151309
0
0.000240641
9.52966e-05
0.000162956
0.000125614
9.37279e-05
8.48278e-05
0.000194084
7.78627e-05
0.000163038
0.000216396
0.000121565
0.00144055
0.000255686
0.00024932
1.11347e-05
0.000133021
0.000183811
0.000210037
0.000180151
0.000236866
0
6.44291e-05
8.96747e-05
0.000680756
0.000474624
0.000169945
0.000160566
2.46347e-05
5.58869e-05
4.74156e-05
0.000298102
4.41481e-05
9.60431e-05
1.27793e-05
0.000249231
7.97555e-05
0.000183438
4.01896e-05
8.02247e-05
0.000105207
9.7052e-05
0.000169355
0.000322476
0.000292972
0.000123898
0.00010953
0.00012919
6.63937e-05
0.000201598
4.74241e-05
4.96307e-05
0.00024454
0.000389431
0.000159215
0.000132373
1.1085e-05
2.18304e-05
0.000326826
9.76994e-05
0.000307011
0.000173586
0.000108225
0.000270137
0.000241909
0.000121556
0.0001597
0.000174724
0.000148542
0.000199659
0.000372018
3.83531e-05
0.000212106
9.21603e-05
0.000226654
0.000554931
0.000187305
0.000181764
0.00025848
0.000153514
0.000253618
0.00016147
6.37039e-05
4.45725e-05
0.000476154
3.1752e-05
0.00013818
2.66641e-05
0.00050809
7.83901e-05
1.71363e-05
0.00011498
4.60597e-06
0.000327095
0.000273501
5.20689e-05
2.50352e-06
7.64817e-05
0.000123991
0.000117148
7.72151e-05
7.02936e-05
0.000189787
0.000875606
3.04209e-05
0.00049116
9.98074e-05
5.29645e-05
0.000174353
8.65564e-05
0
0.000229591
0.00013907
0.000137499
0.000366177
0.000269498
0.000119084
0.000104445
0.000172944
0.000107863
9.68171e-05
0.000153716
6.67987e-05
0.00025159
1.69786e-05
0.000246709
0.000255268
6.85466e-05
0.000292167
8.19295e-05
0.000122163
8.43196e-05
0.000197815
0.000117922
0.000499444
0.0004293
1.39308e-05
0.000183454
0.000158726
0.00026353
4.4134e-05
8.56901e-05
0.000427593
3.72938e-05
6.53287e-05
0.000118167
3.43184e-05
0.000213719
9.34761e-05
0.000450764
8.01191e-05
0.000396364
7.21751e-05
9.48149e-05
0.000254688
5.05138e-05
9.33779e-05
4.85704e-05
6.58091e-05
3.73785e-05
0.000214723
0.000303369
6.61036e-05
6.8233e-05
0.00011735
0.000103093
9.81845e-05
8.71276e-05
9.08276e-05
0.000219052
6.45013e-05
0.000265285
8.41621e-05
0.000128049
0.000640073
0.0001405
0.000107225
3.58562e-05
0.000623793
7.29732e-05
0.000205718
2.32357e-05
0.000145687
0.000470567
0.000127683
1.92226e-05
9.03102e-05
1.35782e-05
5.82904e-05
0.000209978
0.000144516
2.13931e-05
0.000201576
0.000142628
0
0.000156917
0.000233382
2.06283e-05
3.34721e-05
0.000325636
0.000149998
1.28686e-05
2.22799e-05
0.000415975
0.0003044
0.000174133
0.000211324
0.000242786
0.000156518
7.72273e-05
4.7754e-05
0.00019843
6.50935e-05
0.00020799
6.71196e-05
0.000918056
8.79801e-05
4.81584e-05
0.000612166
0.000408611
5.15841e-05
0.000251131
0.000271491
0.000128537
0.000200381
8.80505e-05
0.000188231
6.95265e-05
1.72546e-05
2.18027e-05
4.19217e-05
1.78322e-05
8.71391e-05
0.000340947
0.000153784
0
0.000217942
0.000158886
0.000183539
0.000308379
9.14452e-05
0.00101316
0.000185724
0.000143927
0.000156694
0.000122564
0.000208949
6.20835e-05
0.000166311
4.90214e-05
7.34297e-05
3.52033e-05
9.44476e-05
1.19663e-05
0.000192585
0.000235402
0.00031773
5.66357e-05
0.000114965
0.00190854
0.000453557
0
3.73978e-05
0.000161336
3.00825e-06
0.00011607
5.21531e-06
0.000217992
0.000199081
0.000268241
0.00011125
2.95646e-05
0.00021003
0.000169809
4.64554e-05
2.0787e-05
0
5.68482e-05
0.000113084
0
0.000261336
4.51309e-05
0.000239423
7.69841e-05
0.000193503
0.000132707
0.000125759
0.000192913
0.00020675
0.00015632
6.26455e-05
0.000166035
0.000362724
0.000138339
0.000161325
0.000191094
6.13748e-05
9.18035e-05
8.23843e-05
9.44701e-05
8.96163e-05
3.10143e-05
0.000213701
0.000139313
0.000203954
0.000507427
0.000116777
0.000300484
0.00028667
0.000116868
0.000229224
9.61205e-05
0.000153552
4.68941e-05
0.000432757
0.000374527
0.000494164
0.000432459
0.000198392
0.000283468
0.000120389
0.000143487
8.64973e-05
0.000174831
0.000198837
0.000169764
0.000108791
0.000182412
0.00728898
0
0.000119992
0.000299072
2.79143e-05
8.51099e-05
5.99787e-05
4.38711e-05
2.70329e-05
4.8216e-05
0.000128996
0.000168015
0.000240743
6.45563e-05
0.000188029
0.000252321
0
0.000181185
0.000169509
0.000174508
0.00010366
0.000300679
3.34411e-05
8.09693e-05
0.000108415
0.000135915
0.000195754
0.000156266
0.000101044
7.62805e-05
0.000192384
8.80277e-05
0.000161355
3.22562e-05
6.03932e-05
8.48758e-05
5.81772e-05
0.000149187
0.000211576
0.000173917
9.12582e-05
0.000227844
5.60577e-05
0.000227687
0.000131872
0.000132011
0.00012523
8.37989e-05
0.000207025
0.000629778
7.1205e-05
4.91316e-05
6.82325e-05
0.000635315
7.12765e-05
4.17682e-05
0.000229408
9.46012e-05
9.50425e-05
0.000295001
4.23009e-05
1.58738e-05
0.00103734
0.00018771
0.00022848
0.000209048
0.000123489
0.000391083
0.00725731
6.58287e-05
6.82724e-05
3.96299e-05
0.000181402
6.32133e-05
0.000262879
0.000124027
0.0001991
7.33243e-05
4.82686e-05
0.00335675
0.00015863
0.000124456
0.000204971
0.000119258
7.70965e-05
0.000295498
0.000107035
0.000190915
9.48882e-05
0
0.000386135
0.000314758
5.96703e-05
0.000137249
4.4575e-05
0.000137489
5.77812e-05
9.81442e-05
0.000135537
8.59421e-05
0.000104485
0.000154395
4.26253e-05
6.02906e-05
0.000241266
3.10486e-05
2.60111e-05
0.000232228
9.53371e-05
2.80182e-05
0.000488803
1.0132e-05
6.52079e-05
3.46417e-05
0.000132861
7.65837e-05
0.000130332
0.000251913
7.64867e-05
0.000129662
6.31339e-05
0.000211147
0.000210037
0.000314059
0.000165997
0.000166814
2.76666e-05
3.22353e-05
0.000325007
0.00018107
0.000314428
0.000194969
1.15529e-05
0.000211637
0.000164397
7.89681e-05
0.000187761
0.000503695
9.07856e-05
7.61956e-05
0.000128467
3.87711e-05
0.000295291
5.40862e-05
0.00020739
0.000162029
0.000512171
0.000107816
0.000151242
0.000138806
9.20467e-05
0.00121918
0.000176828
0.000108454
6.3645e-05
0.000107136
0.000147667
7.86e-05
0.000719138
2.51186e-05
0.000301403
0
7.67477e-05
0.000167805
0.000163329
7.19888e-05
0.000121048
0.000152125
2.95396e-05
0.000101158
0.00424087
0.000962753
0.000244191
1.25764e-05
8.27147e-05
8.11329e-05
0.000319267
9.21562e-05
0.000219643
0.000125021
0.000568998
0.000260565
8.72591e-05
6.70454e-05
7.41558e-05
5.29601e-05
0.000189085
2.55685e-05
0.000131084
9.89709e-05
0.000152144
0.000225504
0.000153255
0.00030028
0.00023463
6.47756e-05
7.25749e-05
0.000116391
0.000229768
0.000117776
0.000204298
0.000266168
0.000123797
6.79564e-05
0.000145941
0.000239773
0.000356522
0.000116953
0.00778063
0.000327455
0.00017024
9.16093e-05
0.000185929
6.88593e-05
4.51745e-05
0.000129035
6.88295e-05
8.8084e-05
4.75421e-05
0.000116984
0.00018065
0.000238157
0.000172196
2.2067e-05
0.000368066
5.45114e-05
0.000176762
0.000117287
0.000328605
0.000215985
7.23069e-05
8.89965e-05
0.000109047
0.000247461
8.09915e-05
4.13771e-05
0.00041713
0.000123312
5.25652e-05
0.000146263
7.3873e-05
8.70298e-05
2.63144e-05
2.00005e-05
0.000388622
0
0.000114487
0.00218541
0.000205807
4.91108e-05
0.000131599
0.000304978
7.42117e-05
0.00046823
0
0.000274806
0.000177483
0.000443527
0.000167348
1.59701e-05
0.0017685
0.000586486
0.000652014
0.000191004
0.00135082
3.90411e-06
8.57878e-05
0.000213735
0.000188778
0.000155122
0.0001922
0.000130358
6.74682e-05
0.000442631
6.99345e-05
0.000109756
6.6027e-05
0.000125407
2.02384e-05
8.56255e-05
1.93814e-05
0.00011484
8.75027e-05
0.000206254
0.000136365
0.000699387
9.24219e-05
0.000170991
4.24983e-05
3.73013e-05
0.00111188
0.000123324
0.000102799
0.000738749
0.000156179
8.30653e-06
0
0.00025462
0.000158688
0.000135468
4.44035e-05
0.000191857
9.58505e-05
0.000178257
0.000418955
0.000473985
6.75465e-05
3.70545e-05
0.000292872
0.000449716
0.000102569
0.000743665
5.10694e-05
0.000608345
0.000277671
3.47129e-05
0.000166088
0.000266468
0.00062586
0.00024581
0.000104084
6.47054e-05
0.000134448
0.000195945
0.000216986
0.000125669
0.000113171
0.000133976
0.000183825
4.34183e-05
4.15834e-05
0.000103183
0.00038693
6.86132e-05
0.00012909
0.000302362
0.000237965
2.54313e-05
5.01278e-05
0.000166667
0.000108481
8.22735e-05
9.02797e-05
9.50242e-05
9.68485e-05
0.000291298
0.000128758
4.1103e-05
1.76331e-05
0.000234508
0.000159479
0
8.37914e-05
0.000100249
2.42721e-05
0.000173119
0.000713321
7.95341e-05
0.000110921
0.0111058
0.000224614
0.000103151
0.000117608
0.00026146
0.00142755
0.000340443
0.00506848
0.000207706
0.000126412
0.000113332
9.45111e-05
4.2469e-05
0.000128203
0.000107212
5.68484e-05
1.30077e-05
2.65387e-05
0.000102315
0.000172936
8.02562e-05
3.6631e-05
8.58539e-05
0.000212935
7.2275e-05
0.000217115
0.000146118
5.93314e-05
0.000441636
0.000144831
5.52592e-06
0.000288523
9.28473e-05
0.000731589
0.000139706
0.000276555
7.17036e-05
0.000213959
7.67528e-05
3.99192e-05
0.000254327
0.000137935
0.000367843
0.000178978
4.47046e-06
0.000113527
0.000137293
0.00016193
0.000171816
8.57171e-05
0.000128792
9.37615e-05
0.000529111
6.99959e-05
0.000150028
9.62675e-05
5.71073e-05
0.000130389
0.000133869
0.00018029
6.91902e-05
7.92486e-05
4.49616e-05
9.67364e-05
0.000185536
0.000147393
0.0011726
5.93712e-05
9.68745e-05
0
2.52273e-05
0.000214049
0.000268777
0.00781312
0.00377011
7.19385e-05
0.000198345
9.94701e-05
0.000471179
0.000165827
6.53148e-05
0.000108985
8.51674e-05
3.85815e-05
0.000306474
0.000138123
0.000114885
0.000156018
0.000232263
6.31483e-05
0.00013571
0.00100735
0.000114868
0.000190845
0.000277257
0.000377817
0.000276409
0.000114543
8.42687e-05
0.000170171
6.67981e-05
0.000114043
0.000224555
5.62541e-05
0.000197749
0.000157512
0.00035803
9.77223e-05
0.000249256
3.37504e-05
8.64782e-05
0.000519322
0.00020657
2.71395e-05
2.5777e-05
3.8987e-05
0.000188476
3.21258e-05
0.000266887
0.000249722
0.000139991
0.000182877
5.07304e-05
0.000189833
7.25828e-05
0.000161802
7.83017e-05
9.92517e-05
0.00140564
0.000815027
8.26754e-05
0.000116325
0.000545099
0.000232468
6.91162e-05
0.00025953
0.00011513
0.000195821
6.21211e-05
9.71351e-05
7.48599e-05
0.000165957
0.000132309
0.000206974
7.11745e-05
0.000301737
1.12779e-05
0.000141732
0.00019192
6.93181e-05
0.000170491
0.000235767
6.67201e-05
0.000201333
9.95427e-05
0.000131107
0.000143166
0.000171447
9.4802e-05
0.000274783
8.75365e-05
0.000227451
0.000242754
0.000124156
7.16191e-05
0.000142372
0.000162875
0.00014301
0.00016377
0.000230674
0.000386056
0.000156977
0.000130614
2.07892e-05
4.45701e-05
6.9141e-05
0.000368697
0.000412136
0.00013421
0.000201162
0.000133283
4.82311e-05
0.000283385
4.32097e-05
3.50875e-05
0.000433384
1.65195e-05
0.000440546
0.000156001
0.000164765
0.000367217
0.000262352
0.000434427
0.000694226
0.000171632
4.16706e-05
0.000230378
1.96188e-05
0.000106786
0.000433275
2.60662e-05
0.000129019
0.000163739
8.84326e-05
9.6103e-05
0.00330666
0.000108061
8.22036e-05
0.000145759
7.2023e-05
0.000451808
0.000436009
0.000268723
0
4.35834e-05
0.000146208
0.000235178
9.71936e-05
0.000101076
7.79583e-05
0.000147879
0.000141911
6.04629e-05
0.000317781
4.14766e-05
0.000469751
0.000181532
0.000164165
0.000224315
0.000155777
5.73695e-05
0.000116374
0.000108692
9.66499e-05
0.000164243
7.33531e-05
0.000129399
0.000566712
0.000100651
0.000158451
0.0001536
0.000100359
5.18403e-05
0.000268254
0.000253304
0.000247966
0.000756157
0.000283578
0.000186136
6.98672e-05
0.000364305
0.000221994
4.82392e-05
0.000324225
6.28592e-05
0.000151496
0.000179504
0.00199308
7.82877e-05
7.29318e-05
0.00148264
7.47664e-05
0.000132201
0.000144874
8.66681e-05
0.000395632
0.000479617
0.000398549
5.16058e-05
0.000139004
7.44533e-05
0.000132153
0.000668828
0.000157754
4.90709e-05
0.000239184
0.000214553
0.000167113
0.000161469
0.000101069
0.000100833
8.21678e-05
0.000170343
0.000165651
5.87784e-05
0.000167372
3.36533e-05
0.000313472
5.1424e-05
0.000108188
5.6971e-05
0.000180269
0.000242828
0.00035818
0.000340694
7.80631e-05
7.10948e-05
2.31478e-05
0.000392658
0.000626485
1.91514e-05
0.000106033
0.000283417
8.95337e-05
0.000227954
0.000378393
0.000459569
0.00025739
0
0.00020755
0.000138906
0.000318011
0.000360653
8.13823e-05
6.96569e-05
0
0.000230712
0.000169161
0.000131205
1.18571e-05
0.000232705
0.000155578
0.000236142
0
6.81838e-05
0.000386902
0.000128326
0.000145879
0.000225496
0.000126646
0.000144919
0.000167703
7.37361e-05
0.000296158
0.00015602
0.000141132
0.000418195
7.0922e-05
0.00053042
0
0.000408293
3.40878e-05
0.000190321
0.000156425
0.000219383
0
0.00040106
0.000257195
0.000306552
0.000234899
0.000114381
6.24688e-05
0.00036341
0
0.000102132
0.000217784
8.91876e-05
2.05577e-05
8.51959e-05
0.000181465
0.00022145
0.000150807
0.000456227
0.000162839
0.000102825
7.86681e-05
4.15705e-05
0.000451151
0.000220194
0.000112588
0.000418129
0.000109112
0.000626944
0.000133765
9.77574e-05
0.000114998
0.000105014
0.000120654
0.000184258
0.000204289
6.92806e-05
0.000101576
7.3553e-05
0.000198825
0.000101959
0.000331029
0.000152761
0.00010745
6.61118e-05
0.000202507
8.40193e-05
0.000777475
8.77172e-05
0.000141731
0.00018967
2.90911e-05
0.000207651
8.7799e-05
9.37347e-05
4.38074e-05
0.000265182
0.000173793
0.000172257
0.00109908
0.000103886
9.13613e-05
7.93025e-05
0.00016603
4.21222e-05
0.000162485
0.000125084
0.000128591
9.99817e-05
0.000271039
9.53207e-05
0.000206979
0.000112275
0.000354018
8.14602e-05
0.000223912
8.77621e-05
0.000204261
0.000517678
9.57796e-05
0.000120519
5.02324e-05
4.88159e-05
0.000114732
0.000107537
0.000201882
0.000126729
0.00023082
0.000253955
8.39497e-05
0.000230897
0.000148391
0.000189819
0.000113789
0.000107167
0.000134598
5.69431e-05
0.00017823
0.000240016
0.000111165
0.000169699
5.04654e-05
5.98275e-05
0.000146822
0.000207311
7.94508e-05
5.73804e-05
6.78138e-05
0.000248799
7.01376e-05
0.000196069
7.3218e-05
0.000174212
0.000206101
0.00346554
9.0309e-05
0.00130809
0.000190116
0.000295369
6.95315e-05
8.45947e-05
3.64599e-05
8.17275e-05
7.35559e-05
7.46529e-05
8.99471e-05
0.000432276
0.000162986
0.000128542
6.23974e-05
0.000447983
0.000140746
0.000138318
4.55173e-05
0.00104152
0.000105977
0.000169834
0.000237825
0.00012224
0.000160426
7.74719e-05
0.000375986
0.000252597
1.12456e-05
0.000186107
3.78708e-05
0.000177727
0.00373469
0.000165563
0.000168611
0.000165433
0.000112911
6.96082e-05
0.000128662
9.44592e-05
0.000108319
0.000142376
0.000112519
0.000336142
0.000107467
0.000278545
0.000321216
0.000227849
8.2554e-05
9.36911e-05
8.47938e-05
0.000348676
0.00036784
1.64469e-05
0.000110764
9.71766e-05
0.000180297
6.46702e-05
0.000152907
0.000130325
0.000187625
0.000357781
6.58378e-05
6.19878e-05
8.50989e-05
0.000278706
6.99541e-05
0.000154116
5.46873e-05
0.00100812
8.44373e-05
0.000114355
0.000390389
1.90991e-05
8.70738e-05
0.000183788
1.15744e-05
0.000179761
0.000192975
0.000199457
0.00146813
0.000824945
6.39981e-05
0.000276066
3.39429e-05
6.54066e-05
4.87911e-05
0.000194127
0.000355762
0.000113002
2.47549e-05
0.000268638
0.000248886
0.000230867
6.79478e-05
0.000133786
8.32438e-05
0.000152548
0.000347102
0.000413491
0.000101156
0.000128843
0.000143997
6.97038e-05
0.000268628
4.1675e-05
0.000115027
0.000163572
0.000259807
0.00030058
3.59453e-05
0.000194605
0.000238797
0.000411771
0.000120142
0.00101221
0.000449104
3.1788e-05
0.000121535
8.14499e-05
0.000110077
4.60067e-05
0.00024531
0.000133181
9.15268e-05
0.00126889
6.60357e-05
0.000192085
3.22738e-05
9.60227e-05
0.000623837
0.000191483
0.000117512
9.11787e-05
0.000262067
9.40689e-05
0
5.5982e-05
9.28309e-05
7.69346e-05
0.000982998
7.4974e-05
0.000325759
5.83676e-05
2.93773e-05
0.00016815
0.000574966
0.000252507
0.000196295
0.000364203
0.000140229
0.000428806
7.14856e-05
4.39617e-05
0.000240755
3.95356e-05
0.000204491
1.73155e-05
9.5689e-05
0.000438317
0.000147982
0.00018357
0.000152785
0.000126128
0.000112712
0.00010783
7.99338e-05
0.000205961
0.000161938
2.88346e-05
9.16984e-05
0.000159128
3.42549e-05
0.000110324
0
0.000538286
0.000103593
0.000264865
0.000238045
5.24454e-05
8.69649e-05
6.0064e-05
0.000126393
0.000136165
0.000145509
0.000266494
0.000405969
0.000247024
0.00012308
0.000388642
8.44788e-05
9.37008e-05
0.000181111
0.000237916
7.67951e-05
0.000161117
5.9814e-05
0.00016402
5.24034e-05
5.3147e-05
0.000119833
0.000168163
1.27594e-05
0.000716211
0.000364353
0.000132944
0.000287675
0.000300965
9.89245e-05
6.60704e-05
6.3017e-05
0.000245552
0.000203506
0.000266949
1.32756e-05
7.48603e-05
0.000116654
8.35523e-05
3.58439e-05
0.000212647
5.21293e-05
0.000272596
0.000102552
0.000438404
0.000158902
3.98219e-05
7.13942e-05
0.000265254
0
0.0001756
0.000424054
9.53963e-05
0.000248852
9.99407e-05
0.000105137
0.000273698
0.000162114
0.000230286
7.17464e-05
0.000319479
0.000124923
6.88087e-05
0.000155287
6.21e-05
7.25357e-05
0.000117488
3.42375e-06
8.78966e-05
0.000162614
0.000754576
0.000415811
1.83944e-05
0.000200329
0.000874755
5.77438e-05
4.4305e-05
3.80038e-05
0.000386797
0.000592985
9.81748e-05
0.000763147
7.23007e-05
8.27025e-05
3.39832e-05
0.000241134
0.000272675
0
0.000436792
7.56824e-05
0.000259875
0.000126336
0.000145775
0.000147512
7.0912e-05
0.000235617
8.76552e-05
0.000683604
0.000213092
6.82449e-05
3.97461e-05
6.61503e-05
0.000296651
0.000104235
9.22757e-05
0.000634335
0.000117403
0.000290752
0.000239833
0.000307913
0.000115376
0.000114788
0.000159161
0.000197541
0.000100171
0.000229826
0.000324431
0.000115515
0.000171844
6.19873e-05
0.000115977
0.000361667
0.000161238
0.000254446
9.42909e-05
6.65358e-05
0.000720971
5.53048e-05
5.76261e-05
0.000257371
0.000106258
0.0002026
0.000926288
1.83916e-05
0.000312817
0.000212856
0.000175059
0.000149049
0.000226831
7.15687e-05
0.000152337
0.000262061
3.0817e-05
2.3762e-05
0.000146852
8.4031e-05
0.000192282
0.000121036
0.000170967
0.000236767
0.000102005
0.000168867
0.00016462
0.000436474
8.23395e-05
0.000178706
4.35494e-05
0.00273777
2.81598e-05
0.000295121
0.000138954
0.000140647
0.000112702
0.000133778
8.17675e-05
0.00014667
2.91284e-05
9.55457e-05
0.000410103
0.000114631
3.25799e-05
9.38738e-05
7.38375e-05
1.31772e-05
0.000346234
4.32227e-05
0.00017285
0.00028759
8.4219e-05
9.06646e-05
8.01906e-05
0.000756826
0.000118262
0.000105282
5.55214e-05
0.000127195
0.00168709
1.97348e-05
0.000101537
5.27916e-05
0.000126328
0.000107149
8.35141e-05
6.67395e-05
0.000726576
3.23445e-05
3.46401e-05
7.02317e-05
0.000229623
0.000564657
0.000175165
0.000178024
0.000136479
0.000121802
0.000233192
0.000391511
2.59453e-05
0.000245031
0.000466747
1.52092e-05
6.45563e-05
0.000618756
7.93847e-05
6.98915e-05
0.000154654
0.00011765
0.000171397
0.000209033
0.000800501
0.00107271
0.000314453
2.11473e-05
0.00011171
0.000182654
0.000202682
0.000221831
6.09047e-05
0.000165547
0.00013792
0.000319868
4.64578e-05
8.90204e-05
0.000108825
0.000233691
8.18208e-05
0.000100625
0.000123151
1.1279e-05
6.8005e-05
0.000131734
0.000131994
0.0002607
0.000180512
3.0696e-05
0.000178451
4.67746e-05
0.000160042
0.000100567
0.000241637
0.000134266
1.22354e-05
0.000192012
0.000204856
2.75286e-05
0.000185354
0.000155977
0.000133681
0.000188579
9.59287e-05
2.39582e-05
3.32982e-05
8.75535e-05
0.000230563
0.000151989
0.000304806
0.000235679
0.000190857
0.000142278
8.8108e-05
0.000106822
0.000100666
5.87995e-05
0.000127164
8.31457e-05
5.5915e-05
0.000192145
0.000234489
0.000556308
0.000126203
0.000238168
0.000114426
0.000250254
0
4.50144e-05
0.00019429
7.14058e-05
9.70721e-05
7.06118e-05
0.000110865
8.0626e-05
0.000215053
0.000227975
0.00030864
0.000551974
9.86442e-05
0.000257758
0.000192897
9.76448e-05
0.000208747
0.000141701
0.0007512
0.000204136
0.000775231
0.000108962
4.10575e-05
0.00021588
0.000114466
0.000248881
5.46523e-05
0.000150486
0.000188177
0.000156029
0.000125226
0.000343508
5.4987e-05
0.000159055
0.000106955
0.000153455
8.54476e-05
0.000131992
0.000637544
8.93952e-05
0.0003264
0.000112688
0.000136488
0.000456768
0.0002182
0.0001572
4.72766e-05
0.000265004
7.74388e-05
5.32784e-05
0.000301223
5.60302e-05
0.00105236
4.47558e-05
0.00012969
0.000155783
0.000252981
6.05208e-05
6.37784e-05
0.000212462
0.000135843
7.58545e-05
9.80112e-05
0.000152418
0.000241195
0.000118292
0.000332851
0.000244576
6.62109e-05
0.000185124
9.77584e-05
6.50233e-05
6.77581e-05
0.000607422
3.8046e-05
3.75699e-05
0.000452775
0.000467837
6.4105e-05
0.000218177
0.000131188
2.12369e-05
0
0.000343753
8.10803e-05
8.44989e-05
6.85953e-05
9.68721e-05
5.74853e-05
0.0002158
5.25787e-05
0.000432269
0.000249223
0.00018134
0.000115488
0.000167171
0.000154873
0.000350486
0.000238049
0.000131113
0.00021552
7.43039e-05
0.000126882
0.000243698
4.75892e-05
0.000144081
0.000122692
3.48607e-05
0.000145987
0.000421822
0.000143791
2.06011e-05
0.000152787
0.000607685
0.000624151
6.61203e-05
0.000171312
0.0001025
0.000137266
7.61416e-05
4.46909e-05
0.000632165
4.81221e-05
0.000357735
8.62034e-05
0.000109646
0.000221628
0.000111204
0.00029307
0.00175537
7.92974e-05
0.000133842
7.67559e-05
0.000529479
0.00012191
0.000116561
0.000148604
0.000200935
0.000667799
0.000382862
0.000118347
4.97703e-05
0
0.000204022
2.69186e-05
0.000166782
0.000158453
0.00123602
0.00020506
0.0001075
0.000128762
7.46301e-05
0.000124774
0.000212312
0.000178341
0.000114393
0.000160192
0.00024638
0.000125886
0.000121461
0.000158158
0.000135352
0.000155408
2.61328e-05
0.000169614
0.000528643
0.000334025
1.89836e-05
0.00028591
0.000135484
3.00118e-05
0.000216144
0.000212663
0.000104995
0.000189855
0.000841231
0.000124126
0.000275028
0.000303446
0.000246258
5.02639e-05
0.000118715
0.0174177
0.000204292
1.87613e-05
2.50342e-05
9.97258e-05
0.000176654
0.00015654
0.00128785
1.31586e-05
6.13739e-05
0.000114022
0.0017898
0.000175835
4.5765e-05
1.42628e-05
0.000169382
0.000151226
9.26411e-05
0.00044792
0.000328962
0.000147571
8.51274e-05
0.00018206
6.8046e-05
0.000123273
0.000231395
9.57505e-05
5.54141e-05
0.000107565
7.94738e-05
0.000280165
0.00017166
0.000105078
0.000211218
0.000138412
3.70221e-05
6.84668e-05
0.000253093
0.000173151
3.6139e-05
0.000206043
0.000757682
6.88241e-05
4.52557e-05
0.000199997
0.000130268
0.000621033
7.06206e-05
8.52592e-05
4.48114e-05
6.47863e-05
0.000345287
0.000886485
1.07786e-05
0.000131651
0.000371763
0.000157307
5.89203e-05
0.000236527
0.000140023
9.67871e-05
0.000121528
9.196e-05
0.0019566
1.928e-05
8.66987e-05
0.000413427
0.000463754
0.000121736
0.000188183
5.69371e-05
0.000137582
0
3.93545e-05
0.000123352
7.20973e-05
0.0002601
8.96034e-05
9.79937e-05
0.000138417
0.000108227
0.000148726
0.000222546
0.000219001
0.000227561
0
6.49519e-05
0.000129783
0.000109524
0.000270314
0.000137708
0.000306732
0.000155516
0.000148236
0.000361655
8.03589e-05
0.000438432
0.00370762
0.000177567
3.56149e-05
0.000142193
0.000208684
0.000140438
0.000363321
0.000300739
8.42766e-05
0.000340069
0.00134083
0.000178979
0.000236432
0.00055182
0.000170871
5.885e-05
0.000245941
0.00020742
5.3305e-05
1.04027e-05
6.76901e-05
1.23309e-05
0.000193493
9.86691e-05
0.000239524
9.35824e-05
1.5708e-05
2.22184e-05
0.00012161
0.000553433
0.000122657
0.000186708
0.000262579
7.78917e-05
1.5312e-05
9.579e-05
0.000195481
7.31324e-05
0.000132512
0.000138952
9.76108e-05
0.000233212
0.000481775
0.000234684
4.92582e-05
0.000214328
0.00152688
2.75371e-05
0.000240661
0.000126282
4.49158e-05
0.000186135
0.000159845
0.000157781
1.00484e-05
0.000345732
0.000113344
0.00021823
0.000237468
5.34972e-05
0.000182175
3.70897e-05
8.36707e-05
0.000131084
0.000191995
0.000200532
0.0011893
0.00035
0.000150207
0.000135252
0.000319853
5.16304e-05
0.000141009
8.07621e-05
0.000126131
9.20466e-05
0.000911735
7.73116e-05
0.000100249
0.000101586
0.000108283
0.000106147
0.000102308
0.000135791
0.000189894
0.000130053
0.00010598
0.00047215
0.000155543
2.73555e-05
0.000173246
0.000264333
0.000168905
0.000171943
0.000576989
6.77301e-05
2.8287e-05
0.000158859
4.62868e-05
0.000188429
0.00154442
9.96794e-05
0.00021625
2.504e-05
0.000175574
0.000193186
5.70589e-05
7.05361e-05
0.000153957
0.000139588
0.0001703
0.000213388
0.000154439
0.000227826
8.6408e-05
0.000155478
1.09413e-05
8.67152e-05
1.14388e-05
9.87475e-05
0.000143016
0.000430227
8.14162e-05
9.4758e-05
7.99491e-05
0.000129702
0.000104511
0.000121698
0.000128207
0.00111195
0.000138966
8.38653e-05
0.000117382
0.000105294
0.000104426
0.000211897
0.00010466
0.000215348
7.48068e-05
0.000275907
1.10861e-05
0.000214077
0.000469714
0.000142136
4.77699e-05
0.000106722
0.000176692
0.000125309
0.000108516
6.35907e-05
3.48258e-05
0.000155691
0.000117811
0.000366823
4.12782e-05
0
0.000166973
0.000221457
0.000198596
0.000205816
9.6934e-05
0.000163315
2.84579e-05
1.00605e-05
0.000230665
0.000114289
0.00031407
0.000717107
6.21796e-05
0.000113548
0.000185891
7.08929e-05
0.000149194
0.000190521
0.000167436
8.89634e-05
0.000128332
0.00021358
0.000131066
8.55404e-05
0.000281289
0.000303399
0.000101373
6.01295e-05
1.51559e-05
2.97039e-05
5.72558e-05
5.18253e-05
0.000169767
8.35975e-05
0.000164692
8.72419e-05
0.000745174
6.6588e-05
0.000240104
0.000184264
0.000263128
0.000226093
8.28605e-05
8.11476e-05
5.89985e-05
6.05595e-05
0.000594461
0.000343711
4.4053e-05
0.000233143
0.000157535
0.000144915
0.000154537
0.000147525
3.42007e-05
0.000181523
0.000131101
0.000173338
0.000174461
0.000107458
3.39849e-05
0.00027325
0.000157714
0.000103074
0.000108088
4.4996e-05
6.56261e-05
1.3228e-05
8.5247e-05
0.000144087
6.41846e-05
0.000413692
9.40827e-05
3.84933e-05
0.000269159
0.000656544
0.00191296
9.19972e-05
0.000271565
0.000612635
0.000230383
8.94905e-05
2.49066e-05
9.13962e-05
6.75767e-05
0.000177837
7.85565e-05
0.000103979
1.50146e-05
0.000272486
6.63633e-05
5.21681e-05
0.000480294
0.00244823
0.000279693
3.56091e-05
0.000142891
0.000190599
0.000177075
0.000165566
3.5085e-05
0.000291351
0.000295628
0.000204941
0.000262973
0.000189896
4.55993e-05
6.83052e-05
0.000513694
0.00015413
0.000120928
0.00010073
1.31655e-05
0.000109024
0.00021002
0.000469226
0.000121379
0.000141863
0.000125463
0.00015947
0.000161355
0.000103904
3.21156e-05
0.00028609
7.7125e-05
3.62535e-05
5.78879e-05
0.000214937
0.000161613
0.000179387
4.22194e-05
3.45363e-05
5.31224e-05
4.03481e-05
0.000158147
0.000129701
0.000115307
5.42705e-05
0
9.29587e-05
0.000101827
0.000350018
3.57308e-05
3.36409e-05
3.93641e-05
9.99297e-05
0.000115674
0.000185293
4.60889e-05
5.62455e-05
9.33791e-05
0.000100328
6.20354e-05
0.000188947
3.83304e-05
3.65724e-05
0.000433592
0.00016002
2.56959e-05
0.000108718
0.000123037
0.000154187
0.000147446
0.0001396
4.98186e-05
9.74352e-05
0.000678393
0.0002014
0.000112147
0.000382073
0.000120575
0.000121403
0.000369139
0.000179273
0.000122507
0.000146146
0
0.000306873
0.000317082
0.000138915
9.81905e-05
0.000108356
0.000197053
0.000229898
0.000158309
0.000138561
0.000316687
0
7.56119e-05
0.00018565
0.000109593
0.000113889
0.000190026
0.000154104
0.000138672
0.000133395
1.79511e-05
0.000991685
0.000609257
0.000148397
8.18475e-05
6.33233e-05
0.000119393
5.71368e-05
0.000131437
0.000165818
0.000412245
0.000130918
4.67679e-05
0.000241558
0.000223623
0
0.000339968
0.000276549
0.000110571
6.27551e-05
0.000325071
0.000182064
0.000128467
9.33746e-05
9.4038e-05
0.000104137
0.000212115
7.47431e-05
0.000452827
0.000101392
8.15975e-05
0.000107109
0.000524006
0.000102617
0.000333973
0.000435602
0.000177201
0.000383882
0.000251329
0.00053249
7.63398e-05
0.000174403
0.000111739
0.000177352
0.000243112
0.000479243
0.000173028
0.000180125
8.56087e-05
0.000133928
0.000105492
9.92561e-05
0.000391672
0.000352817
0.000205123
0.000118844
0.000205297
7.07934e-05
0.000103666
0.000187102
0.000154847
0.000140262
3.66107e-05
0.000130192
9.48876e-05
0.00028698
0.000189191
0.000114114
0.000168517
0.000121811
0.000270568
0.000214885
9.82849e-05
0.000188105
0.000151184
0.000212362
4.24711e-05
0.000161765
0.000169623
7.63232e-05
9.16444e-05
8.78633e-05
6.91795e-05
9.86867e-05
0.000136985
0.000215501
0.000140698
0.000245471
0.000320385
6.81517e-05
0.000363535
0.000165148
0.000187261
8.81959e-05
0.000169757
9.053e-05
0.000525457
9.17549e-05
2.22698e-05
0
0.000219165
0.000283402
0.000216549
0.000113659
4.8732e-05
0.000130449
0.00017415
0.000141541
0.000199147
0.000149393
0.000280711
5.46016e-05
0.000352123
0.000169059
4.00519e-05
0.000181264
0.000102234
7.57232e-05
0.000261073
0.00014608
0.000232711
0.000126023
5.03537e-05
3.01835e-05
7.91454e-05
0.000570086
0.000385524
6.83231e-05
0.000137766
0.000117863
0.000101817
0.000268575
3.52806e-05
0.00015103
5.55465e-05
0.00031839
0.000166645
0.000246861
6.7595e-05
9.8184e-05
2.2247e-05
0.000186319
1.2935e-07
0.000123573
0.000106691
0.000376282
0.00027582
2.1639e-05
4.65939e-05
0.000662724
0.000157549
0.000251633
9.00862e-05
8.68467e-05
8.60879e-05
0.000201762
0.000129918
0.000216915
0.000180125
7.01629e-05
0.000126905
5.34615e-05
0.00234268
6.5935e-05
0.000958778
0.000257817
4.82041e-06
0.000136632
0.000161734
3.36653e-05
0
2.72125e-05
0.00012659
0.000225335
0.000202941
0.000342845
0.000321945
0.000319117
7.83481e-05
2.84189e-05
9.00485e-05
0.000135144
7.21117e-05
6.46021e-05
7.7961e-05
7.63748e-05
9.19743e-05
0.000193881
5.9146e-05
1.02194e-05
4.45879e-05
0.000143609
0.000148829
0.000165923
0.000166693
9.1473e-05
0.000282667
7.90107e-05
8.40446e-05
6.9935e-05
0.0016494
0.000273456
7.89061e-05
8.00063e-05
0.000163104
2.56788e-05
0.00100645
0.000787241
0.00010136
0.000123003
0.000138182
5.26948e-05
0.00020069
0.000116317
0.000108112
4.08635e-05
0.00014787
0.000176388
0.000574475
0.000900038
0.000102161
0.000353441
0.000241379
2.52724e-05
4.82245e-05
0.000131457
8.7878e-05
4.62642e-05
4.3838e-05
0.000156174
0.000129364
0.000310523
2.08494e-05
0.000142693
0.000109783
0.000133722
5.44622e-05
0.000141806
0.000122954
2.66394e-05
1.4947e-05
0.00093357
0.000205921
9.92763e-05
0.000282874
0.000142394
0.000202221
0.000331396
0.000138956
0.000184192
1.73477e-05
0.000723358
0.000665517
0.0024339
0.000185192
8.4718e-05
3.02551e-05
0.000268078
0.000121427
0.000116561
0.000174578
5.08128e-05
0.000248359
1.64325e-05
0.000692947
4.91282e-05
0.000298593
0.000118235
9.69582e-05
0.000349345
0.000134811
6.46822e-05
0.000215571
0.000338521
0.000231468
0.000126624
0.000168125
6.98473e-05
6.86414e-05
0
0.000160204
0.000263846
8.07636e-05
0.000188114
0.000269487
0.000110484
3.05837e-05
0.000175329
0.00209086
7.34082e-05
8.42497e-05
0.000299721
3.61179e-05
0.000204069
0.000115391
0.00171199
0.000113214
0.000237195
6.41175e-05
5.98979e-05
2.64239e-05
0.000200812
0.000256943
0.000229437
0.000170767
0.000158943
0.000249219
7.57448e-05
0.000227464
0.000474169
0.000599085
0.000598699
0.000759483
9.11878e-05
0.000177449
6.44008e-05
0.000126779
0.000182179
3.59829e-05
9.41027e-05
1.16051e-05
9.79072e-05
0.0001519
0.000662045
0.000159676
6.02073e-05
2.52355e-05
0.000320621
0.00022469
0.000211005
0.000315717
2.4324e-05
7.18867e-05
0.000127265
0.000140164
0.000151614
0.00029241
0.000747291
0.000132856
0.000329964
6.81881e-05
4.23408e-05
0.000263753
3.38834e-05
0.000261943
6.60978e-05
9.10323e-05
0.000187216
0.000130914
0.000107331
3.34305e-06
0.000130869
0.000118066
0.000142916
0.000192774
5.59978e-05
0.000300507
0.000165434
9.06794e-05
0.000198011
0.00053586
0.000259968
0.000222236
0.000279337
0.00119259
2.13665e-05
4.86667e-05
0.000456009
5.41667e-05
0.000122571
7.16652e-05
0.00016588
0.000150136
6.27553e-05
0.000223581
0.000227536
0.000161612
1.9985e-05
0.000508515
0.000411619
0.00011463
0.000278886
0.000140223
0.000735494
0.0001958
5.46754e-05
0.00019134
3.80838e-05
2.24028e-05
0.000280388
4.63607e-05
0.000297987
0.000803144
0.000206708
3.30233e-05
0.000420006
0.000126406
0.00022935
7.54151e-05
0.000193329
2.38088e-05
0.000154517
0.000140193
0.00010853
0.000269984
3.58672e-05
1.41141e-05
0.00020827
0.000207815
5.30672e-05
9.85603e-05
5.49957e-05
0.000231775
0.000128022
4.21204e-05
6.43276e-05
6.02837e-05
0.000152678
7.90962e-05
0.000194978
0.000130713
0.000281908
0.000235541
0.000340759
9.42758e-05
0
5.04903e-05
0.000836023
7.48004e-05
0.000127108
8.58679e-05
3.90478e-05
0.000207944
0
0.000284809
0.00133938
0.000154192
0.00013037
0.000440112
0.000159583
0.000118783
0.000148389
5.90318e-05
0.000111821
0.00022983
0.000115101
0.000368419
0.000115023
0.00033736
0.00024728
0.00019378
4.58032e-05
8.8418e-05
0.00837577
0.000145177
1.42698e-05
0.000105383
8.62721e-05
0.000276844
0.000215917
0.000283751
0.000142155
0
3.51392e-05
2.48795e-05
0.000104417
0.000197471
0.000114939
0.000228934
7.0972e-05
3.12543e-05
0.00033687
6.35286e-05
0.00014317
0.000155388
8.30064e-05
0.000209241
5.8705e-05
5.50634e-05
0.000146585
0.00015623
0.000120346
0.000154804
0.000746482
7.41728e-05
0.000505355
2.76553e-05
0.000228395
0.000296721
3.35813e-05
0.000195289
0.000312617
9.69572e-05
0.000484092
0.000162792
6.09416e-05
0.000232542
7.18881e-05
0.000173686
4.07396e-05
0.000246757
0.00029151
3.99216e-05
0.000612486
2.78787e-05
0.0002155
5.03271e-05
5.05243e-05
0.00398229
0.00169078
0.000100853
8.16866e-05
1.52567e-05
0.000245835
8.72727e-05
0.000329537
0.000126733
0.000113054
0.000210905
9.83527e-05
0.00126698
0.000278827
0.000252111
0.00343096
0.000212045
0.000155267
2.19543e-05
0.000347103
0.000214139
0.000124401
0.000103192
1.78651e-05
0.000293001
0.000491176
9.79286e-05
0.000174959
3.85571e-05
0.000200753
6.52959e-05
0.000136128
0.000134615
7.14191e-05
4.55306e-05
9.22271e-05
0.000166643
9.30524e-05
8.51262e-05
0.000122367
9.90304e-05
5.13799e-05
0.000615395
9.54599e-05
1.74234e-05
0.00014339
0.000117965
0.000122564
0.000325897
0.000504633
0.00365199
7.36824e-05
2.49623e-05
4.52593e-05
5.20577e-05
9.23423e-05
6.2687e-05
9.75646e-05
6.96664e-05
0.000125204
3.55703e-05
0.000123146
8.71406e-05
0.000318148
8.49981e-05
0.000142194
0.000172454
0.000296308
0.000146921
6.87113e-05
2.5119e-05
6.50374e-05
0.000216691
6.66365e-05
0.000106325
0.000345737
2.67153e-05
0.000161606
7.74098e-06
0.000279099
0.000180498
0.000121069
5.45593e-05
9.51882e-05
3.56764e-06
5.63009e-05
0.00046967
0.00018288
0.000993365
0.000269004
6.09678e-05
0.000201562
0.000178949
0.000133926
0.000126212
0.000113818
8.68961e-05
0.000302011
4.89751e-05
6.60457e-05
0.000786315
0.000104339
5.58625e-05
0.000109141
0.000203454
0.000133719
0
0.000202199
0.00010128
4.1963e-05
0.000635493
0.000216547
0.000286552
0.000559869
0.000152699
0.000379992
4.00465e-05
0.000196796
0.000149555
5.31075e-05
0.00015018
9.63491e-05
3.47493e-05
0.000295523
0.000199767
0.000152805
6.24806e-05
3.57267e-05
0.00029008
0.00045242
0.000258491
0.000292354
0.000154246
0.000981873
5.25056e-05
0.00111147
6.21585e-05
0.000246837
0.00020835
6.51442e-05
0.000371322
0.000176704
0.000211658
5.15675e-05
7.52739e-05
0.000145056
0.00102043
2.49901e-05
0.000345984
0.000447585
0.000131858
0.000479143
0.000302434
0.00018826
1.568e-05
0.000232354
0.000302218
0.000119228
0.000387397
0.000108788
0.000513738
0.000110516
3.56686e-05
4.07987e-05
0.000322264
0.000354184
8.75251e-05
9.93393e-05
9.82051e-05
0.000164687
0.000145325
3.98095e-05
0.000345289
4.29374e-05
1.50929e-05
5.18829e-05
0.000106238
0.000112414
5.29637e-05
0.000387733
0.000153068
0.000129024
0.000305511
0.000203182
0.000150106
8.85363e-05
3.13545e-05
9.61158e-05
4.99822e-05
6.72475e-05
6.52559e-05
0.000202389
3.04601e-05
0.000141068
0.000232417
5.66778e-05
8.65631e-05
0.000128282
0.000104924
4.26573e-05
5.78748e-05
8.87746e-05
0.000159243
0.000160853
0.000106413
4.09039e-05
4.4102e-05
0.000262622
0.000183103
0.000158165
0.00023157
8.28919e-05
0.0001827
0.000105214
0.000243365
7.60884e-05
0.00016877
2.45013e-05
0.000180747
0.000359384
0.00022959
4.08343e-05
1.77905e-05
0.000446455
0.000144248
9.28434e-05
0.000130518
1.81806e-05
0.000218062
7.1804e-05
0.000313643
0.000985869
4.66363e-05
8.09998e-05
8.60915e-05
0.000118033
0.000108593
0.000273976
7.87087e-05
8.27262e-05
3.55775e-05
0.000140687
4.01001e-05
3.33177e-05
0.000280989
0.000130776
0.000209062
0.000114674
0.00019923
0.000141946
0.000197938
8.86774e-05
0.000242517
8.22741e-05
0.000205988
0.000247883
9.02867e-05
0.000225112
8.6359e-05
0.00010808
0.000230558
0.000168103
0.00132296
0.000129619
0.000207651
0.000139017
0.000116332
0.000232209
0.00031577
0.000176885
9.77773e-05
0.000195229
0
0.000267315
0.00020484
0.000195573
0.000160332
9.82231e-05
0.000223478
2.12194e-05
7.00717e-05
0.000186922
0.000171492
0.00027833
0.000210718
0.000120315
0.000252939
0.000143271
0.000118583
0.00010679
4.35301e-05
9.74716e-05
0.00346197
0.000454689
1.8548e-05
0.000323831
0.000218702
4.81078e-05
0.000186332
6.85485e-05
0.000607727
0.000162143
0.000595185
0.000144015
0.000144887
7.20421e-05
0.000198258
0.000122954
0.000271315
9.91499e-05
0.00049167
0.000114553
0.000272418
0.00067214
0.000176724
6.68846e-05
0.000793254
0.000187164
4.53812e-05
0.000200534
0
0.000190861
0.000211272
6.16914e-05
0.000369494
7.45063e-05
0.000138149
0.000173777
2.92352e-05
0.000175908
0.000317249
8.97643e-05
0.00016364
0.00020603
0.000135496
0.000125303
0.000130541
0.000112854
8.26834e-05
0.000325088
0.00026272
1.23315e-05
3.97086e-06
0.000110031
6.11616e-05
0.000154857
0.000142074
0.00016603
0.000307859
0.000150388
5.22796e-05
0.00016571
8.05917e-05
0.000252131
0.000162263
5.87194e-05
0.000171874
0.000327146
0.000194574
0.000166584
1.5029e-05
0.000264781
0.000131176
0.000233949
7.59253e-05
0.000133301
0.0205665
0.000171214
0.000118677
0.000139126
0.000162939
8.23771e-05
1.87093e-05
0.000875665
0
8.93476e-05
0.00431565
5.90264e-05
0.000252994
0.000101501
0.000161428
0.000152467
0.000163473
5.74579e-05
0.000391535
4.088e-06
0.000139398
0.000146388
0.000125491
0.000154484
0.000185433
0
0.000174904
0.000195118
0.000604513
0.000140237
0.000480974
0.00017476
1.29333e-05
0.000392919
3.09303e-05
6.96315e-05
0.000101758
0.000117907
0.000342522
0.000185706
0.000221302
0.000670419
0.000102288
3.1348e-05
0.000101912
6.85053e-05
0.000124203
3.80828e-05
0.000100881
0.000110173
0.000446696
4.41106e-05
0.0010951
0.000184069
0.000114845
0.000212217
4.80604e-05
0.000583218
0.000175709
0.000174125
0.000278686
0.000220482
0.000117084
0.000132565
0.00010643
3.65062e-05
0.000162872
0.000134859
0.00013108
0.000138319
0.000345385
7.64968e-05
0.000330768
0.000383346
0.00038412
0.000275032
0.000230599
0.000207735
8.21447e-05
0.000281427
1.3517e-05
0.000791202
0.00979792
1.35405e-05
0.000109856
9.76339e-05
0.000124886
0.000163127
0.000397134
5.85733e-05
0.000642427
6.78539e-05
0.00014316
0.000476566
0.000176896
0.000265483
0.000167259
3.29548e-05
0.0059234
0.00014085
0.000424469
0.000110981
0.000278142
0
1.81453e-05
0.000120689
0.000118316
0.000156741
5.13299e-05
0.000216604
0.000127452
0.000101816
0.00144566
0.000191466
0.000102364
3.49425e-05
4.52259e-05
0.000157066
0
0.000497748
0.00385454
0.00104144
3.57763e-05
0.000290474
0.000645707
0
4.71513e-06
0.00015569
5.60255e-05
0.000226317
5.41581e-05
2.55367e-05
0.000103616
0.000106395
3.47713e-05
2.5523e-05
0.0183521
0.000275898
6.97983e-05
5.52455e-05
0.000158391
0.000328366
6.99025e-05
6.07021e-05
0.000245925
0.000124092
0.000584412
0.000321963
0.000233819
0.000134047
0.000248985
0.000353232
0.000171434
0.000223912
0.000256973
0.000223752
0.000179504
9.812e-05
0.000126321
5.90495e-05
2.95912e-05
8.43235e-05
0.000299616
6.15469e-05
5.03935e-05
0.000481318
0.00012641
8.79928e-05
0.000120535
0.00023814
0.000210736
0.000217375
0.000127617
0.000120933
0.000137018
6.5445e-05
8.12771e-05
4.93324e-05
9.26575e-05
7.04677e-05
3.54751e-05
0.000112309
0.000161333
8.2923e-05
0.000114466
0.000240749
0.000129364
0.000576897
0.000173364
9.70295e-05
0
0.000225179
0.000126023
5.04183e-05
8.11129e-05
4.38898e-05
5.1932e-05
9.95915e-05
0.000397493
0.000107667
0.000694844
0.000150877
0.000115867
0.000139999
4.7468e-05
0.000137585
7.04928e-05
0.000371357
5.06296e-05
0
0.000164221
0.000210752
0.00033909
0.000151126
7.44186e-05
0.000100413
0.00016997
0.00022869
6.47781e-05
0.000140547
5.92965e-05
0.000153619
0.000124648
6.02205e-05
0.000139404
0.00033022
0.000100989
4.96635e-05
1.17124e-05
0.000416802
0.000254467
0.000102901
1.47414e-05
9.93901e-05
0.000104241
0.00133037
0.000165428
5.8237e-05
0.000180978
7.69969e-05
0.000181003
0.000189485
3.9431e-05
0.000396767
0.000240483
0.000161251
0.000167678
0.000133124
2.17357e-05
0.000116105
0.000173102
0.00201883
0.000134296
3.29282e-05
4.69816e-05
0.000186463
0.000226277
0.000105657
0.000219724
0.000115824
8.28138e-05
0.000193726
0.000277875
0.000140683
0.000201488
0.000138476
0.000192938
0.000186706
4.05727e-05
0.000145272
0.000180202
1.29315e-05
1.36629e-05
0.000165115
0.000142682
0.000192922
0.000143767
0.00022834
0.000291058
6.43536e-05
9.8774e-05
0.000305828
0
0.00030212
0.000183653
0.000190882
0.000119682
0.000174742
0.000185075
0.00011816
0.0033668
0.000149283
0.000168373
0.000105851
5.10059e-05
0.000159432
0.000162821
0.000216866
0.000232889
9.38817e-05
8.59923e-05
0.000237141
0.000115422
0.000457756
0.000242443
0.000243462
0.00018317
0.000156111
0.000438884
0.000172985
0.000227749
2.85177e-05
0.000150228
0.000429476
4.92747e-05
8.92232e-05
0.000115457
0.000107725
7.11011e-05
3.61028e-05
0
0.000424647
0.000104472
9.21188e-05
0.000162162
8.2657e-05
0.000260315
0.000263125
5.11228e-05
0.000171082
0.000659609
2.39486e-05
5.03298e-05
0.00024035
7.98119e-06
7.08043e-05
0.00012914
0.000127564
0.000152887
0.000140835
0.000167497
0.000358159
0.000238932
0.000226952
0.000173812
0.000346887
9.03688e-05
0.000161486
0.000194375
5.92781e-05
5.25844e-05
0.00278317
0.000244561
0.000122589
0.00011037
4.93083e-05
0.00021117
0.000301791
0.000259248
0.000115348
5.5316e-05
0.000164753
7.91045e-05
7.06316e-05
0.000151074
0.000173839
0.00012896
0.0242661
0.00028256
0.000189163
0.000185595
6.39652e-05
0.000542596
0.00026623
0.00010582
0.000149328
0.000181719
0.000794965
0.000141945
7.52327e-05
1.35706e-05
0.00018833
0.000298074
0.000166213
0.000170462
0.000108375
0.000139317
0.000138718
0.000118412
6.9626e-05
0.000132259
9.30225e-05
6.99316e-05
6.47974e-05
0.000259798
7.36587e-05
0.000204377
9.95271e-05
0.000752649
0.000137337
7.84256e-05
9.50128e-05
0.00016025
0.000245399
0.000406636
7.62836e-05
0.0014347
2.65895e-05
3.42158e-05
0.000426258
0.000276419
6.37181e-07
0.000130146
4.95046e-05
0.000133625
0.000372778
0.00010095
0.0001718
7.79951e-05
0.000181528
0
0.00018959
0.000199877
6.06363e-05
0.000159412
7.67746e-05
0.000107603
0.000379359
6.11672e-05
0.000107233
0.000334361
3.40128e-05
0.000265262
0.000252603
0.000162367
0.000285782
0.000193172
0.000146408
0.000112492
0.000106359
5.60018e-05
0.00010816
0.000136943
0.000100426
0.00051848
0.000134749
0.000326211
6.13887e-05
3.75048e-05
0.000112132
0.000129445
0.000191269
0.000203688
0.000158409
0
2.69853e-05
0.000686452
5.15385e-05
5.30595e-05
7.89798e-05
0.000190085
0.000568114
0.000128088
7.68293e-05
0.000229873
0.00013568
7.53136e-05
6.23844e-05
0.000206609
0.000180209
0.000119095
2.36263e-05
0.000126347
0.000201832
3.23073e-05
0.000326419
0.00136401
0.000147425
0.000390879
0.000101292
0.000162078
5.85638e-05
0.000710017
0.000100763
0.000128887
3.94798e-05
0.000129451
7.43504e-05
0.000195046
9.96038e-05
0.00801482
0.00023226
0.00015095
0.000159249
0.000542379
7.32208e-05
6.38033e-05
0.000214936
0.000282272
0.0001895
3.57614e-05
0.00026883
0.000127484
0.000493409
3.8246e-05
6.93432e-05
0.000527713
5.35461e-05
0.000159326
0.000201414
6.63657e-05
0.000132104
0.00193388
9.7743e-05
0.000206365
0.000127295
0.000167345
0.000194444
0.000125212
0.000272025
0.000202445
0.000123692
7.10678e-05
0.000143327
5.87835e-05
0.0001421
0.000193228
1.69073e-05
0.000140345
0.000136227
0.000108961
0.000189407
8.13477e-05
3.96619e-05
1.161e-05
1.0209e-05
6.71338e-05
9.94297e-05
0.000154327
0.000469053
0.000221538
0.000106588
0.000169473
2.35918e-05
0.000135298
8.13674e-05
0.000257891
9.72121e-05
0.000318974
0.000165963
2.49327e-05
0.000139417
0.000226227
0.000258973
0.000497406
0.00011801
0.000526311
0.000374873
2.95867e-05
0.000494453
0
0.000150457
0.000186215
0.00011553
3.22845e-05
0.000239148
0.000221484
0.000128784
7.72783e-05
8.12502e-05
4.08226e-05
0.000211935
0.000249567
0.0114593
0.0032054
0.000181013
0.000909554
0.00017232
0.000285646
0.000106359
0.000139923
0.00018075
6.14025e-05
6.02796e-05
0.000155895
0.000122479
3.65041e-05
0.000397218
0.000315712
0.000165571
1.08029e-05
0.000293443
0.000115281
0
0.000336141
0.000361232
7.58031e-05
6.12174e-05
6.88174e-05
0.00016483
7.6237e-05
0.000118155
0.000154982
0.00013021
0.000103761
1.40833e-05
6.10166e-05
6.28124e-05
0.000152001
0.000118842
0.000241025
0.000205751
0.000211819
0.00029361
0.000106043
0.000197269
0.000569062
0.000139655
7.83662e-05
0.000305201
0.000143811
3.34157e-05
0.000467252
0.00016674
0.000220206
0.000101989
0.000146039
0.000156497
0.00027141
0.000241448
0.000153236
3.62498e-05
9.82075e-05
7.82876e-05
4.22821e-06
0.000254873
1.47679e-05
0.000321076
0.00017591
0.000200862
0.000167615
0.000231212
0.000385672
8.17926e-05
4.07006e-05
0.000120984
7.84918e-05
5.01222e-05
3.58171e-05
2.76214e-05
0.000111544
0.000199514
3.51645e-05
8.25062e-05
4.51408e-05
4.13449e-05
0.000101137
0.000192022
0.000135237
7.46525e-05
0.000156785
0.000195039
8.92926e-05
3.59077e-05
0.000124958
1.72671e-05
5.29303e-05
6.05084e-05
0.000214699
9.54222e-05
0.000185333
6.4892e-05
9.54251e-05
0.000131672
0.000138206
0.00017654
0.000264821
0.000105135
0.000161452
0
5.95583e-05
0.00057818
0.000260254
0.000108607
0.000181291
5.92006e-05
0.000319523
0.000307992
0.000272293
0.000347207
0.00018384
0.000704148
0.000181336
0.000118773
0.000174456
6.86729e-05
0.00042552
1.61812e-05
8.26113e-05
0.000131
0.000190434
0.000260715
1.42679e-05
0.000100798
0.000266718
0.000159953
0.000139266
7.86174e-05
0.000469141
0.000202073
0.000109425
0.00012668
0.000136874
0.000155037
4.74546e-05
0.000126406
0.000122272
0.000102011
2.65622e-05
0.000486825
0.00063923
2.03646e-05
0.000252109
0.000202544
4.71777e-05
0.000179958
0.00021622
0.000435262
0.000170107
0.00189398
0.000294154
0
0.000102649
8.76e-05
0.000432042
0.000105546
0.00020655
6.36676e-05
0.000382503
0.000428268
6.83952e-05
0.000135109
4.03464e-05
0.000304615
6.13387e-05
0.000234196
5.28234e-06
0.00030882
0.000224282
0
0.000273105
7.83234e-05
0.000159307
2.98906e-05
0.0115639
0.000192977
0.00012579
0.000106623
3.00811e-05
0.000226552
0.000169872
3.33338e-05
0.00027996
2.70991e-05
7.38742e-05
6.00714e-05
8.65658e-05
0.000122758
8.727e-05
6.80798e-05
8.42856e-05
8.36225e-05
0.00010757
5.10808e-05
9.99695e-05
0.000169828
0.000157506
3.38388e-05
0.000119772
1.59791e-05
0.000106599
0.00014956
0.00032729
0.000153197
7.16646e-05
0.000336384
0.00030628
3.32914e-05
0.000185833
0.00220281
0.000137274
9.93959e-05
0.000239884
6.87838e-05
0.000184619
0.000556702
0.000145512
0.000281462
0.00214218
4.14832e-05
0.00012968
0.000126942
0.000130207
0.00123978
0.000222702
6.53506e-05
0.000349027
0.000321302
0.000224097
8.05246e-05
0.000226934
0.000256416
0.000755306
0
8.14104e-05
0.000170996
5.85703e-05
0.000235367
6.07108e-05
0.000182767
0.0183138
7.3846e-05
0.000209643
4.67644e-05
0.000153185
0.000103058
0.000190067
5.44387e-05
0.00014173
0.000166161
3.65178e-05
0.00067632
0.000164846
0.000101923
0.000389099
0.000224314
1.09647e-05
0.000295997
0.000120314
0.000425023
0.000136998
3.46902e-06
2.95567e-05
0.000374801
5.96395e-05
6.38073e-05
0.000221005
0.000128521
0.000112561
0.000204236
0.000209256
0.000221038
0
0.000190234
0.000512542
0.000126671
0.000109008
4.34121e-05
3.23471e-05
0.000116326
0.000132384
0.000231822
4.79181e-05
0.000137872
0.000101775
8.10324e-05
7.52821e-05
4.40153e-05
0.000343084
5.16213e-05
0.000644155
0.000112878
6.62847e-05
0.000131837
0.000360515
0.000105968
0.000236754
0.000185248
0.000377538
0.00017959
0.000163566
0.000475863
0.000142582
7.40365e-05
7.81804e-05
2.02206e-05
0.000189599
6.05868e-05
0.000145988
9.66751e-05
4.40863e-05
0.000130651
0.000227244
0.00027229
0.00025143
0.000285956
0.000157634
0.000306111
0.000200597
1.85033e-05
9.6647e-05
7.19031e-05
0.000141445
8.22898e-05
0.000170707
0.000145565
0.00027787
0
0.000199805
0.000266788
0.000147283
0.000906133
3.41921e-05
0.000381026
0.000247939
0.000152296
0.000236644
0.000409684
0.000223995
0.00010871
0.00106795
0.00022571
9.48166e-05
0.000234789
0.00019809
4.01417e-05
8.9123e-05
8.19439e-05
4.80935e-05
1.14849e-05
0.000117889
0.000263276
0.000141159
0.000203926
9.13963e-05
0.00029205
8.11455e-05
0.00018822
0.00011977
0.000426022
0.000706493
0.00010287
0.000540134
0.000150018
7.47205e-05
6.68226e-05
0.0100355
6.91249e-05
3.06584e-05
3.52223e-05
0.000360068
8.73417e-05
1.02868e-05
0.00012822
0.000171344
2.60978e-05
0.000155012
0.000125002
8.09646e-05
0.00013443
0.000107599
0.000218427
0.000175801
0.000177737
0.000593965
1.00677e-05
5.14808e-05
0.000114923
4.36143e-05
1.67933e-05
0.000299871
0.000451601
0.000126405
0.000485564
0.000155879
0.000214622
0.000182567
0.000683888
0.000103061
0.000108303
5.87481e-05
0.000237292
0.000119931
0.000205057
0.000150953
8.90147e-05
7.95469e-05
0.000221997
0.00016965
0.000169823
4.30792e-05
0.000231255
0.000431105
0.000228443
0.000180802
0.000118766
0.00012712
0.000267697
0.000373102
3.8961e-05
6.48113e-05
0.000800397
0.000186982
0.000196347
0.000297319
0.000130289
9.50461e-05
0.000111541
0.000195477
8.11794e-05
0.000359058
6.4097e-05
0.00012092
0.000199921
0
3.74301e-06
0.000535774
0.000274795
0.000149499
0.000323908
1.1513e-05
0.000105791
0.000565554
7.41979e-05
3.49308e-05
6.2351e-05
0.000110227
0
0.000216745
0.000168614
0.000224188
0.000265786
0.000586235
9.49946e-05
0.000138351
0.000114582
8.06417e-05
0.000287817
2.02548e-05
9.60507e-05
6.57306e-05
0.000148179
2.39442e-05
0.000103931
8.77931e-05
0.000148127
0.000112657
0.000242161
0.00040492
4.35468e-05
6.32238e-05
0.00255648
0.000243531
8.6815e-05
0.000189612
9.95623e-05
1.24388e-05
0.000186081
0.000133336
8.86824e-05
5.39196e-05
6.07415e-05
5.1295e-05
0.000229937
0.000599258
0.000188085
0.000240352
7.20011e-05
0.000144762
0.00029852
0.00241136
0.000336284
9.46427e-05
0.000192845
0.000140103
0.000109698
0.000154153
0.000117732
0.00027326
0.000232938
3.43568e-05
0.000134491
0.000652633
3.45163e-05
0.000172588
5.74166e-05
0.000194476
0.000127622
9.65095e-05
0.000113249
3.07007e-05
3.80518e-05
8.3048e-05
2.30845e-05
3.57666e-05
0.00026288
0.000151136
8.21577e-05
1.93602e-05
0.000404577
0.000160204
0.000122886
9.80761e-05
9.50949e-05
0.000129527
0.000141175
0.000164044
0.000148389
0.000315432
0.000393075
0.000122183
3.2476e-05
0.000184326
0.000160134
0.000360719
0.000137862
9.80893e-05
0.000284775
0.000352375
8.83602e-05
0.000167558
0.000125131
9.72652e-05
6.01546e-05
9.49789e-05
0.0001265
0.000197523
0.000266062
2.55291e-05
8.30898e-05
0.000121115
3.9058e-05
3.89331e-05
0.000241316
0.000125243
0.000125335
8.66947e-05
0.000129303
0.000190324
0.000279618
4.6481e-05
0.000123292
4.78221e-05
0.000110683
9.97102e-05
0.000238011
7.3588e-05
0.000172872
0.00019435
8.31802e-05
0.000232513
0.000198704
0.000185858
0.00029339
0.000153519
0.000180268
0.000130127
0.000320375
0.000161717
0.000112565
0.000177608
0.000145121
0.000172693
0.000250232
0.000255164
0.000129938
9.83859e-05
0.000161545
1.82142e-05
0.000131453
0.00014624
3.33012e-05
0.000258331
0.000338096
0.000153533
0.000132327
0.000301652
0.000124732
0.000148219
0.00013536
0.000207257
9.66747e-05
0.000106466
0.000391219
9.30815e-05
2.67747e-05
0.000124142
0.000405825
3.16215e-05
8.81897e-05
0.000215177
0.000101298
7.25036e-05
0.000910641
6.47167e-05
6.45638e-05
0.000135577
0.000119823
0.000225901
0.000188993
0.000219983
0.0002877
0.000142758
0.00011221
0.0037519
0.000110992
0.000217544
0.000123442
2.22382e-05
0.00172952
0.000496518
0.103598
7.15013e-05
0.000105161
0.000111069
0.00025329
0.000197441
0.000171843
0.000174818
9.49737e-05
0.000215285
0.000169354
0.00176547
0.000154662
9.60416e-05
0.000281025
0.000178617
0.000127545
1.67111e-06
0.000179074
0.000180274
0.0001678
0.000121098
0.000220118
0.000209655
0.000151851
0.000177158
4.88295e-05
0.000131985
0.000234568
3.988e-05
0.000130668
0.000139296
0.000186095
7.33609e-05
0.00126515
0.000131335
0.000120533
0.000275774
6.8042e-06
0.00055426
0.000115956
0.000114471
3.86489e-05
0.000145937
0.000149648
7.06372e-05
7.90261e-05
0.00434007
0.000112234
4.15609e-05
0.000121368
0.000672928
0.000108749
0.000144697
3.83219e-05
0.000179859
4.66052e-05
8.98181e-05
0.000139932
7.3654e-05
2.26832e-05
8.93837e-05
2.31904e-05
0.000352998
0.000128674
0.000144658
7.2448e-05
0.000177961
0.00362175
4.14806e-05
3.06725e-05
0.000276293
0
0.000150503
0.000331806
8.15715e-05
0.000196372
0.000186785
6.42911e-05
0.000162765
0.000133809
9.00146e-05
0.00017396
3.18968e-05
0.000104876
0.000215789
3.14198e-05
7.00319e-05
0.000142242
0.000151669
0.000115098
0.000212838
0.000141102
0.000117712
0.00027644
0.000493152
0.000101128
0.000132452
5.8977e-05
0.000405426
0.000268772
1.0985e-05
3.02891e-05
0.0001026
0.000540518
0.00106098
8.52115e-05
0.000130224
0.000146073
0.000145887
0
0.000315555
0.000132663
0.000193059
0.000972831
0.000270271
4.81103e-05
5.24489e-05
0.000985905
0.000485725
0.000176618
9.2872e-05
6.54037e-05
0.000260673
7.719e-05
8.01544e-05
0.000332822
8.25429e-05
0.000142096
0.000887088
7.21389e-05
9.63961e-05
0.000424711
0.00026748
0
0.000199208
0.000114533
0.0002298
7.8513e-05
0.000121275
0.00010403
9.52038e-05
0.000124421
0.000235815
0.000590198
0.00016112
0.000224928
0.000126262
0.000237348
0.000138667
0.000143509
4.54327e-05
7.16809e-05
0.000104229
0.000347503
0.000159203
0.0001098
0.000102417
9.22482e-05
0.00111437
0.000140548
0.000101681
0.000185506
0.000113697
0.000202339
8.21688e-05
8.52602e-05
5.01711e-06
0.000154269
0.000197421
2.44814e-05
0.000333346
0.000115102
0.000117304
7.0305e-05
0.000175841
0.000135692
0.000276921
0.000501717
6.68327e-05
0.000152382
0.000145831
0.00296209
3.96393e-05
7.08831e-05
8.06339e-05
0.00015739
6.61506e-05
0.000263604
0.000132658
4.4363e-05
0.000106694
8.10625e-05
0.000812181
0.000140953
0.000117423
0.000440696
0.000163218
0.00012877
7.75537e-05
5.16186e-05
0.000294958
0.000540723
8.35462e-05
7.21777e-05
0.000222125
0.000152976
0.00034342
0.000229067
0.000773122
0.000122961
4.71817e-05
0.000286405
0.000129556
1.16024e-05
0.000142413
0.000618952
0.000247848
8.68948e-05
0.00031544
9.94794e-05
1.74394e-05
0.000170455
0.000377515
7.51841e-05
0.000796739
0.000507206
0.000423632
0.00031598
0.00015701
0.000241345
7.56994e-05
0.000178468
0.000131229
0.000159489
9.64899e-05
9.85409e-05
0.000170571
0.000120301
0.00013757
7.49935e-05
0.000137229
0.000607896
0.000187608
0.00025103
0.000101409
5.65036e-05
0.000114654
6.22453e-05
0.000107908
0.000101676
0.000288789
7.99416e-05
0.000643818
4.88422e-05
0.00010447
7.75469e-05
8.1688e-05
0.000211857
7.05311e-05
0.000185495
0.000136671
0.000223431
8.07504e-05
0.000109764
0.000138954
0.000116813
0.000213161
0.00444467
2.31734e-05
0.000129219
0.000330701
8.58172e-05
0.000193147
1.40345e-05
3.65194e-05
1.3105e-05
5.16058e-05
0.000179227
0.000193402
0.000183478
6.34849e-05
0.000224424
9.58582e-05
5.85591e-05
0.000388823
3.67716e-05
0.00020542
0.000243312
0.000120143
0.000117933
0.00010251
8.73808e-05
9.60448e-05
0.000271258
7.09247e-05
0.00012205
0.000445137
5.41883e-05
0.00014099
3.48884e-05
2.34127e-05
9.68387e-05
0.000640083
0.000128729
0.000114592
0.000186336
0.00020219
1.74682e-05
0.00021154
0.000103885
8.2544e-05
0.000288435
0.000125043
0.000106277
0.000200104
5.79438e-05
8.54946e-05
0.000281923
0.000221145
0.000129948
0.00114803
6.91591e-05
0.000545412
0.000109704
0.000110154
0.000178742
7.63581e-05
0.000687219
6.17453e-05
4.30339e-05
0.000229495
0.000265457
5.11453e-05
5.32852e-05
0.000133429
0.000681966
0.000195381
0.000224622
0.00010801
0.000991209
7.14061e-05
3.41679e-05
6.09258e-05
6.16219e-05
0.000187023
0.000173659
1.48273e-05
8.52771e-05
9.7783e-05
0.0027949
0.000204279
0.000117719
0.000194462
6.89671e-05
7.21667e-05
9.61292e-05
0.000123805
0.000201366
1.62258e-05
0.000232391
4.96302e-05
7.69127e-05
0.00026796
0.000118259
8.30469e-05
0.000789521
0.000165723
0.000201697
0.000182697
0.000159563
5.06186e-05
0.00040166
0.000105652
0.000157851
0.000576133
0.000136191
0.000186799
7.47944e-05
0.000152854
0.00012918
0.000114657
0.000274633
2.60158e-05
6.84413e-05
0.000101313
0.000383845
7.55397e-05
0.000437603
7.88101e-05
9.3196e-05
0
5.15301e-05
0.000144862
0.000118856
8.78479e-05
0.00103738
3.95297e-05
0.000102413
0.000129447
0.000139114
0.000182386
0.000251029
0.000432227
0.000152099
4.88032e-05
0.000211735
0.000100482
4.97286e-05
1.49253e-05
0.000289488
1.58606e-05
0.000246893
0.000168339
0.000189584
0.000319163
0
0.000181751
9.76651e-05
0.000165986
0.000213836
7.88941e-05
0.000162741
0.000110986
0.000242761
0.000101799
3.14809e-05
0.000237746
7.21384e-05
0.00025531
3.36715e-05
0.000121735
0.00011414
2.62271e-05
0.000112198
0.00013576
3.27803e-05
0.000192296
0.000122391
0.00013198
9.46003e-05
0.000271901
0.000106174
0.000176887
7.49035e-05
0.000151783
0.000144665
0.000186883
9.22872e-05
6.05339e-05
0.000225057
0.000211483
3.58225e-05
0.000176392
0.000119317
0.000123167
0.000905096
0.000744712
8.33651e-05
9.13498e-06
0.000148149
0.000285108
3.59681e-06
0.000251147
0.000103912
0.00034916
5.59387e-05
7.14201e-05
0.000245575
0.000119238
0.000184516
5.91745e-05
0.000119151
5.41974e-05
0.000186991
0.000120227
1.11831e-05
0.000100084
5.19948e-05
4.56216e-05
9.03754e-05
8.12749e-05
8.85657e-05
0.000150492
0.000263428
4.31956e-05
0.000210159
7.87249e-05
0.000154698
0.000113055
0.000143565
9.07487e-05
0.00124558
8.92606e-05
0.000235705
0.0118777
0.000197227
4.68853e-05
8.18898e-05
0.000209472
4.1059e-05
6.52644e-05
0.0149357
0.000217849
0.000157118
0.000129432
0.000169772
0.000151392
0.000104974
0
0.000274737
5.92981e-05
0.000465922
0.000134925
0.000163752
0.000135093
7.71209e-05
0.000173154
0.000137886
0.000238584
0.000111616
0.000247389
9.39376e-05
0.000170335
7.30302e-05
9.72956e-05
0.000284182
0.00013984
0.000333225
0.000191471
0.000154253
0.000190161
8.76324e-05
0.000980474
5.3339e-05
0.000126694
0.000378478
0.000360202
0.000206615
7.6947e-05
0.000243728
0.000222403
0.000249222
0.000469883
0.000218095
9.51589e-05
0.000227611
0.000540889
0.000108727
0.000128028
0.000235047
0.000183656
0.000134974
0.000124209
0.000436768
5.85748e-05
0.00013829
8.31458e-05
0.000232519
2.8551e-05
2.72081e-05
0.000382164
0.00027407
0.000450418
0.000223742
0.000166637
0.000419343
0.000133008
0.00012202
8.72369e-05
0.000111085
0.000114132
0.000788964
2.55654e-05
4.62709e-05
0.000235107
2.72966e-05
7.30441e-05
0.000173496
0.000259142
0.000161273
5.75973e-05
4.42679e-05
5.75605e-05
7.16616e-05
0.000193408
4.87193e-05
0.000104411
4.19094e-05
0.00089564
0.000173035
7.7908e-05
0.000101462
7.50765e-05
0.000103886
0.000152812
3.95016e-05
0.000146956
3.36279e-05
8.36285e-05
0.000193095
8.71692e-05
0
0.000127039
7.61462e-05
0.00015376
5.06065e-05
0.000159445
0.000520089
0.000206888
0.000145846
0.000487128
9.74652e-05
0.000181725
8.23508e-05
0.000225143
0.000332183
0.000628158
0.000139708
6.28348e-05
2.42213e-05
0.000550555
0.000124826
6.82713e-05
0.000118638
0.000163203
0.000134463
0.000403589
8.71965e-05
5.20876e-05
0.000112298
0.000153339
0.000183287
0.000152463
0.000240032
0.000225649
0.000208728
0.000200893
0.000115641
0.000143661
0.000116786
0.000194028
0.000141466
0.000733105
7.30658e-05
0
0.000129834
0.000545236
0.000169948
0.00111733
3.86705e-05
0.000276723
3.49092e-05
7.16629e-05
0.000272419
0.000182557
0.000160597
0.000154067
0.000192936
0.000136042
2.39372e-05
0.00018179
5.01447e-05
0.000136482
5.31515e-05
0.000119792
0.000110932
0.000121726
0.000163615
4.70836e-05
9.92521e-05
7.46273e-05
9.76462e-05
5.33214e-05
9.98278e-05
4.32905e-05
0.000212165
6.73113e-05
0.000197391
1.10009e-05
0
0.000120164
8.67512e-05
0.00015674
0.000242367
0.000294756
0.000270815
0.000109847
0.000120933
6.72753e-05
0.000201199
0.000165424
0.00027282
0.00015459
2.67637e-05
0.000190538
0.000291283
0.000108594
0.00024334
0.000228629
7.95784e-05
8.58811e-05
0.000387806
0.000131343
0.00100008
0.000283603
7.55701e-05
0.000852233
0.000159104
3.14495e-05
0.00019341
0.000480281
0.0001535
0.000124944
2.57715e-05
0.000145001
0.000152934
0.000166573
0.00015642
0.000193432
6.45027e-05
8.07466e-05
7.27794e-05
0.000110065
5.50873e-05
0.000286658
2.4959e-05
0.00025209
0.000511315
0.000408038
0.000186252
0.000132662
0.000270811
0.00024192
3.60336e-05
6.76575e-05
0.000136285
0.000152676
0.000135626
0.000332778
0.000163163
0.000142063
7.60619e-05
8.76906e-05
0.000363644
0.000206066
0.000349487
0.000383433
0.000122496
8.61647e-05
9.73969e-05
9.06516e-05
8.30244e-05
7.42749e-05
0.000415794
0.000109319
9.43707e-05
0.000405942
5.73502e-05
0.000232058
0.000262273
0.000803532
0.000197377
0.000373542
0.000103368
0.000157392
9.93936e-05
0.00012156
0.000166632
0.000349892
0.000128644
8.32894e-05
0.000189128
0.000641883
0.000305907
8.37378e-05
4.50321e-05
0.000135621
0.000111662
6.69558e-05
0.000150794
0.00011081
0.000157509
1.28192e-05
7.10205e-05
0.000695736
0.00260099
9.9103e-05
0.000179439
0.000457245
0.000155532
0.00026672
0.000564044
0.000103436
0.000187564
0.000216708
0.000212149
5.67041e-05
7.37682e-05
0.00021922
0.00012709
4.80891e-05
0.000127249
0.0002333
0.000159784
7.01857e-05
0.00012308
0.000193316
0.000119162
9.10585e-05
0.000102333
0.000128421
0.00020516
0.00030982
6.35261e-05
0.000146827
0.000275028
8.29036e-05
0.000209333
0.000174136
0.000137937
5.87715e-05
4.82355e-05
0.00418192
0.000170351
0.00027728
0.000145877
8.86325e-05
0.000191874
0.000112613
6.53594e-05
0.00171956
0.000193375
6.34561e-05
0
1.26629e-05
0.000125189
8.42921e-05
0.000297841
5.09094e-05
0.00012923
0.00045179
0.000257163
0.000297464
0.000128949
0.000142267
0.000200252
0.000118821
0.00056063
0.000111091
0.000151195
0.000343062
0.000112036
7.19204e-05
0.000114829
0.000107872
5.88177e-05
4.75213e-05
0.000250829
0.000102476
0.000288332
0.000433147
0
0.000153631
0.00036571
0.000126124
9.41076e-05
0.000132051
0.000172918
0.000101527
0.000118366
8.80699e-05
0.000297355
0.000136961
8.54356e-05
0.000153793
0.000290819
0.000139766
0.000145091
0.000227925
0.000197461
7.32898e-05
0.000450012
0.000239956
0.000301596
0.00112212
0.000227557
0.000135261
0.000105146
0.00010651
0.00072208
7.78773e-05
2.18676e-05
0.000211176
0.000196614
0
0.000174084
0.000207108
0.000167634
8.13316e-06
4.7894e-05
0.000206999
0.00019383
0.000138536
0.000211031
4.34802e-05
0.000229422
8.99223e-05
0.000126048
0.00022516
0.000201872
0.000292769
0.000177178
0.000294836
0.00135703
0.000346658
0.000698241
0.000357953
2.26245e-05
0.00012407
0.000766419
8.74238e-05
3.3549e-05
3.67623e-05
9.5625e-05
0.000221666
0.000122215
0.000304677
0.000192303
0.000171372
0.000121698
5.60554e-05
6.22162e-05
7.8451e-05
0.000336377
3.14795e-05
0.00017121
0.000228231
0.000808424
7.22449e-05
0.000169884
0.000196188
0.000410297
0.00028617
0.00194765
0.000161571
0.000126101
