0.00187293
0.00267401
0.00156574
0.00258064
0.00319237
0.00159343
0.00167959
0.00113212
0.00428042
0.00129046
0.000901901
0.00137647
0.00243891
0.0018382
0.00261831
0.00131421
0.00250155
0.00166046
0.00879331
0.00202
0.0027038
0.00182938
0.00328646
0.00161499
0.00485226
0.00216036
0.00488039
0.00295687
0.00195504
0.0164253
0.00219076
0.00137314
0.00200596
0.00248873
0.00213507
0.00194774
0.00211973
0.00254212
0.00295673
0.00535351
0.00265251
0.00273434
0.00228293
0.0035054
0.00171726
0.00156731
0.0022244
0.00322755
0.00184198
0.00246566
0.00429936
0.000793571
0.00273621
0.00128074
0.00781289
0.00154369
0.00652272
0.00224481
0.00180334
0.00229702
0.00927928
0.00319814
0.00269321
0.00160904
0.00234008
0.00356573
0.00913408
0.00153841
0.00273678
0.00221992
0.0329612
0.0021181
0.00295945
0.00521635
0.0144306
0.00233792
0.00253493
0.0017802
0.0131826
0.00398262
0.00093585
0.0130909
0.00213352
0.002013
0.00173687
0.00176398
0.00293055
0.00514989
0.00254866
0.00201479
0.00265041
0.00137109
0.00177948
0.00179222
0.0015283
0.00428015
0.00332523
0.00242061
0.0017006
0.00197511
0.00199952
0.00459669
0.00300464
0.00268996
0.00245838
0.00198661
0.0016703
0.00186297
0.00160997
0.00156093
0.00172339
0.00189286
0.00404202
0.00149736
0.00155453
0.00207146
0.00137746
0.00300893
0.00176405
0.00198612
0.00271734
0.0015578
0.00206881
0.00845242
0.00219874
0.00310572
0.00129122
0.00248964
0.0017459
0.00288063
0.00105054
0.00258997
0.00302744
0.00289827
0.00111035
0.00224243
0.0305868
0.00151003
0.00115597
0.00255852
0.00170705
0.00340841
0.00150956
0.00148588
0.00208138
0.00152146
0.00286428
0.00174217
0.00166619
0.0024716
0.0011538
0.00705905
0.00148891
0.0033309
0.00365338
0.00212327
0.00107651
0.00188485
0.00154768
0.00212587
0.00210584
0.00282481
0.00137733
0.00166544
0.00393593
0.00151852
0.00149456
0.0020174
0.00143653
0.00175798
0.0051478
0.00132848
0.00212592
0.00392744
0.00200235
0.00272515
0.00210541
0.00265107
0.00174406
0.00256107
0.00223167
0.00230191
0.00853015
0.00179096
0.0022185
0.00488833
0.00187986
0.0018691
0.0024768
0.00253333
0.00287428
0.00250796
0.00270434
0.0036395
0.00117986
0.00154268
0.012748
0.00203306
0.00138117
0.00242034
0.00131918
0.00170507
0.00386079
0.00565842
0.000742647
0.00236848
0.00742686
0.00124853
0.00365509
0.0028922
0.00119138
0.00259232
0.00245333
0.00201517
0.00345067
0.00138235
0.00155135
0.00362182
0.00225582
0.00271815
0.00472456
0.00182757
0.00254841
0.00104013
0.00176675
0.00168532
0.00661873
0.00403825
0.00216464
0.0022909
0.00206436
0.00224768
0.0018261
0.00196983
0.00114959
0.00311739
0.00650148
0.00188157
0.00452884
0.0031396
0.00187191
0.00200907
0.00220754
0.000953603
0.00563597
0.00116896
0.00210138
0.00299295
0.00228149
0.00278257
0.00186774
0.00164717
0.00882572
0.00223997
0.00169829
0.00203675
0.0013666
0.0021901
0.00172514
0.00182854
0.00491198
0.0127388
0.00213143
0.00679935
0.00165587
0.00324908
0.000913109
0.00313533
0.00204074
0.00213032
0.010923
0.00541275
0.00106704
0.00132891
0.00141247
0.00138192
0.00338752
0.00178248
0.00132983
0.00141214
0.00212299
0.00197327
0.000985884
0.00533661
0.00205916
0.0014427
0.00188104
0.00195884
0.0281122
0.00120788
0.00179594
0.00649512
0.00175273
0.00194912
0.00213755
0.0122508
0.000946754
0.0020697
0.00166991
0.00141528
0.00860072
0.00180713
0.0013647
0.00254214
0.00174286
0.00258441
0.00177897
0.00230039
0.00205911
0.00250777
0.00104082
0.00119256
0.00256763
0.00297037
0.00306584
0.00259923
0.00168012
0.00216432
0.00228554
0.00397861
0.0156002
0.00350148
0.00215653
0.00146589
0.00296126
0.00327971
0.00223387
0.00362095
0.00251183
0.00251688
0.00130546
0.00271824
0.00526897
0.00266909
0.00477151
0.00232314
0.00222714
0.00551373
0.00234356
0.00355756
0.00169348
0.0023132
0.00209703
0.00480125
0.00343886
0.00208984
0.00294226
0.0026839
0.00367322
0.0018151
0.00232375
0.00101523
0.00314878
0.00134294
0.00124251
0.00194674
0.00309659
0.00897011
0.00179804
0.0031394
0.00270115
0.00127941
0.00217781
0.00114657
0.00176694
0.00152409
0.00693204
0.00145843
0.00432407
0.00443807
0.00272133
0.00131404
0.00220537
0.00200049
0.00351051
0.0010068
0.00330525
0.0030381
0.00183731
0.00220238
0.0017648
0.00660379
0.00141235
0.00176944
0.00284991
0.00213695
0.00159843
0.000885449
0.00386965
0.00193028
0.00230064
0.00186443
0.0014292
0.00173112
0.0133132
0.00383218
0.00340071
0.00214169
0.00102565
0.00291392
0.00197588
0.00553438
0.00147663
0.00387264
0.00115056
0.0024538
0.00196338
0.00115753
0.00244275
0.00296403
0.00328905
0.0010289
0.00485581
0.01886
0.00160567
0.00177804
0.000906379
0.00550325
0.00305219
0.00219151
0.00180012
0.00192462
0.00142187
0.00108487
0.00144755
0.00421874
0.00158387
0.00305416
0.00218975
0.00225246
0.00546965
0.00573995
0.00356021
0.00131829
0.00281618
0.00151254
0.0015684
0.00214499
0.00269934
0.000703661
0.00160864
0.00188331
0.00181822
0.00175287
0.00340641
0.00232401
0.00298956
0.00178704
0.0015143
0.0112097
0.00253252
0.00127464
0.00255292
0.00127201
0.00173323
0.00181135
0.00953933
0.00399228
0.0945376
0.00116747
0.00237751
0.00591694
0.00182519
0.00267165
0.00357626
0.00264189
0.000565183
0.00196999
0.0013342
0.00164596
0.00146261
0.00242329
0.00198758
0.00161441
0.00264198
0.00425911
0.000838278
0.00107739
0.0017154
0.00286216
0.00162891
0.0171932
0.00369819
0.00162393
0.0015737
0.000719919
0.000701355
0.00419957
0.00171665
0.00221751
0.00204583
0.00236273
0.00251609
0.00190672
0.00142249
0.00317765
0.00334957
0.00245593
0.0186044
0.0405245
0.00200176
0.0013818
0.00333453
0.00160192
0.00225623
0.00233227
0.00485202
0.00114767
0.00137871
0.0024098
0.0018683
0.00205409
0.0055492
0.00360818
0.00195978
0.00340957
0.00246908
0.00116244
0.0124392
0.00311909
0.00274803
0.001166
0.00155748
0.00317958
0.00235623
0.00873452
0.00145023
0.00206025
0.00368157
0.00322404
0.00274362
0.00389864
0.0034667
0.00175704
0.0018883
0.00165455
0.00678204
0.00153437
0.0144246
0.00166063
0.00233465
0.00123899
0.00236064
0.000882283
0.00132417
0.00143725
0.00270559
0.000479362
0.00177431
0.00595285
0.0016949
0.0023733
0.00227888
0.00302524
0.00190146
0.00264721
0.00201538
0.00309355
0.000986314
0.00235629
0.00241335
0.00521391
0.0020178
0.00180241
0.00248984
0.00148703
0.00133124
0.00191854
0.00340526
0.00150543
0.00139371
0.00144191
0.00963382
0.00151001
0.00110667
0.00341156
0.00401475
0.00314083
0.00191077
0.00206567
0.00270252
0.000855942
0.0011594
0.00152374
0.00247979
0.00126433
0.00209794
0.000823182
0.00261248
0.00372486
0.00188272
0.00142349
0.0023465
0.00149716
0.00252516
0.00139398
0.00304018
0.00426705
0.00349451
0.00132979
0.00249541
0.00211808
0.00378216
0.0020474
0.00173777
0.00101888
0.00525883
0.00171939
0.00215292
0.00144381
0.00328104
0.00534932
0.0034238
0.00389365
0.00305295
0.00760458
0.00243202
0.00628024
0.00159265
0.00234868
0.00150392
0.00300073
0.00257686
0.00203837
0.00195847
0.0034595
0.001645
0.00152101
0.00181028
0.00506894
0.00316403
0.00263112
0.0096057
0.0343134
0.00174001
0.0019694
0.00113794
0.0018244
0.00231411
0.0026624
0.00229769
0.00223077
0.00259543
0.00206435
0.00561302
0.00136362
0.00657799
0.00164835
0.0016303
0.00200944
0.00132648
0.000748993
0.00309434
0.0109797
0.00157727
0.00186019
0.00192073
0.00119318
0.0010633
0.001273
0.00193685
0.00140728
0.00214316
0.00204317
0.00153727
0.0038006
0.00559732
0.000871921
0.00565516
0.0042059
0.00151751
0.00209813
0.00620902
0.0020272
0.00136881
0.00132966
0.00961726
0.00219121
0.00543384
0.00142001
0.0221711
0.00239788
0.00114975
0.00191729
0.0014176
0.00174653
0.00152578
0.00282683
0.00400484
0.00245744
0.00210512
0.00198331
0.00244501
0.00115426
0.00191023
0.00182295
0.00112565
0.00118718
0.0019311
0.00133606
0.00123874
0.0018826
0.00188935
0.00265395
0.00117481
0.00199773
0.00547731
0.00182752
0.00262763
0.00190594
0.00266652
0.0032871
0.001821
0.00214924
0.00196158
0.00275998
0.0218428
0.00150908
0.00244117
0.00315255
0.00152092
0.00199075
0.00279232
0.00178841
0.000877846
0.00100903
0.0019711
0.00120431
0.00367131
0.00240784
0.00274667
0.00177834
0.0292248
0.00319432
0.00394172
0.00247785
0.00250501
0.00300151
0.00418558
0.00105583
0.00227993
0.002587
0.00224884
0.00277183
0.00226457
0.00345563
0.00286161
0.00167107
0.00211091
0.00110114
0.00208338
0.0019635
0.00152712
0.00179062
0.00663544
0.00137407
0.00224643
0.00474142
0.00172881
0.00394886
0.00290452
0.00326686
0.00245486
0.0119579
0.00116448
0.00198915
0.0105714
0.00119204
0.00494974
0.00120789
0.000897199
0.002672
0.00373203
0.00364238
0.00354492
0.00235829
0.00380988
0.00235274
0.00531204
0.00171403
0.00289814
0.0012894
0.00225932
0.00445526
0.00184872
0.00745184
0.00171746
0.00278971
0.00187331
0.00277706
0.00242097
0.00167571
0.0162227
0.00219563
0.00187283
0.00181041
0.00210772
0.00144457
0.00290087
0.00111314
0.00489527
0.00274951
0.0018205
0.00301753
0.00144782
0.00227292
0.0018305
0.00411917
0.00355712
0.00143889
0.00982282
0.00364794
0.00278235
0.00308345
0.00404061
0.00814939
0.00201666
