0.000774497
0.00232284
0.000349246
0.00131949
0.000692031
0.000708962
0.000633112
0.000680889
0.000658164
0.000577192
0.0010337
0.00082184
0.00124044
0.000964021
0.00123479
0.000231368
0.00138366
0.00663165
0.000716689
0.000398756
0.000428933
0.000572219
0.000650621
0.000665169
0.000857975
0.0010216
0.000623484
0.0010079
0.000574189
0.000562878
0.000704839
0.00110568
0.000407207
0.000985985
0.000704536
0.000599578
0.000597892
0.000876943
0.000890524
0.00161154
0.0039921
0.000661137
0.000395883
0.000803587
0.00236831
0.000886596
0.000815155
0.000766356
0.000561543
0.00462657
0.00125754
0.00116114
0.000754191
0.00329212
0.000859878
0.00080918
0.00066926
0.00157274
0.00120468
0.000527122
0.00105413
5.27796e-05
0.00140809
0.00044988
0.00103456
0.00074363
0.00106527
0.00889796
0.000759273
0.000727331
0.000489594
0.000720783
0.000402412
0.000907119
0.00141764
0.0011964
0.00122011
0.000916145
0.000592741
0.000393076
0.00109842
0.000853968
0.000634067
0.00136016
0.000707578
0.000896776
0.000514641
0.0008428
0.000395244
0.000767664
0.00097593
0.00084699
0.000259179
0.000451313
0.000993136
0.00128332
0.000896591
0.00055141
0.000724569
0.000778791
0.000447324
0.0173984
0.000435639
0.000882947
0.00112478
0.000840372
0.00165187
0.000522056
0.000265538
0.000610562
0.000661866
0.000605731
0.000714278
0.00203225
0.000767004
0.001231
0.0010904
0.000685419
0.00104138
0.000628497
0.000745074
0.000378355
0.000613528
0.000560282
0.000453288
0.00106968
0.000379697
0.000700483
0.000659099
0.00139531
0.000704483
0.000883227
0.000859451
0.000432432
0.00102277
0.000385085
0.00185856
0.000508562
0.000267854
0.00109892
0.000666494
0.000506727
0.000711836
0.000952091
0.00068411
0.000409938
0.000712825
0.00177131
0.000863832
0.000669714
0.000758091
0.0004633
0.000672883
0.00174737
0.0029623
0.000828344
0.00107137
0.000669538
0.000865105
0.00061445
0.00139357
0.001198
0.00132921
0.000286681
0.000645293
0.00139049
0.000574664
0.000498692
0.000270973
0.000448973
0.000608214
0.00118433
0.00063882
0.00104894
0.000870729
0.00145215
0.000385666
0.000298958
0.000357597
0.000849203
0.000921074
0.000454847
0.000212126
0.000541116
0.000605718
0.000124911
0.000957982
0.000239588
0.000844022
0.000992098
0.00120651
0.00031243
0.00803738
0.000629978
0.00075403
0.000829258
0.00119129
0.000568089
0.00114337
0.000979925
0.000711657
0.000944736
0.000617912
0.000828137
0.00120918
0.00581819
0.00107759
0.00133008
0.00027535
0.00131428
0.000856267
0.00106841
0.00546953
0.000798207
0.00100701
0.000657639
0.000641303
0.000291849
0.00125589
0.00117445
0.000389912
0.000416216
0.000591894
0.000750333
0.000834321
0.000557143
0.000931036
0.00100323
0.000704901
0.00131632
0.000766464
0.000591152
0.00116488
0.000677222
0.000339122
0.00045316
0.00130207
0.000781621
0.00128659
0.00125406
0.000246497
0.00079127
0.0015819
0.000650862
0.000646159
0.0013009
0.000576866
0.000527672
0.000393177
0.000525511
0.0354771
0.00045521
0.000911329
0.00105412
0.0380588
0.00820665
0.00111839
0.00135475
0.00100252
0.00289945
0.00040397
0.000768858
0.000725122
0.000421303
0.00156456
0.00104921
0.000589095
0.00101954
0.000587501
0.000782494
0.0019532
0.00152125
0.000880056
0.00099598
0.00317949
0.00149308
0.000498068
0.00122326
0.00465587
0.000630652
0.000595369
0.0012769
0.000997061
0.00215831
0.000788693
0.000752966
0.000778786
0.00185668
0.000489122
0.000779093
0.00125022
0.00080724
0.00318616
0.00243558
0.00124953
0.000963353
0.00105398
0.000572403
0.000269948
0.00109717
0.000321326
0.00105667
0.000644261
0.000936472
0.00106388
0.000598145
0.000541823
0.00416932
0.000631354
0.000620118
0.000963506
0.00132575
0.000398169
0.000658934
0.000663702
0.000661136
0.000889943
0.000570703
0.000762137
0.000424387
0.00222744
0.000559909
0.000325739
0.00101224
0.00066808
0.00115307
0.000195318
0.000476644
0.00179062
0.000551175
0.00147652
0.000800264
0.000862678
0.00108944
0.00031286
0.000259072
0.00408426
0.000799725
0.00142514
0.00114385
0.00170191
0.000711002
0.000453551
0.000701792
0.000466665
0.00108349
0.000764937
0.0009239
0.00136181
0.000409711
0.00105975
0.00149411
0.000815898
0.000552704
0.000950412
0.00113537
0.00115884
0.00644291
0.00094754
0.000632281
0.000858071
0.00112255
0.000807665
0.000719789
0.000737254
0.00138734
0.0018681
0.00094812
0.00583613
0.000743112
0.00453167
0.00123927
0.00150771
0.00118721
0.00204372
0.00144912
0.000941413
0.000420032
0.000447269
0.000940937
0.000369462
0.000808074
0.00296917
0.00964671
0.000982811
0.000615297
0.000430061
0.000607819
0.000488528
0.00114532
0.000638546
0.000270128
0.00086154
0.000443688
0.00201591
0.00108575
0.000735733
0.00180891
0.000976828
0.00109785
0.000761618
0.00144234
0.00100657
0.0010611
0.000652265
0.00136333
0.00114331
0.000799028
0.000463306
0.000513557
0.00170973
0.000508915
0.000757132
0.000429383
0.00110812
0.00197787
0.00170186
0.000721286
0.000815057
0.00159598
0.000261748
0.00687177
0.000244375
0.000601182
0.000736202
0.00357485
0.000803405
0.000826612
0.000457605
0.000670789
0.00127074
0.000992266
0.000394253
0.000612043
0.000670809
0.00123041
0.000815066
0.000932487
0.000875047
0.00506475
0.00107577
0.000470201
0.000346729
0.00025433
0.00120107
0.000382793
0.000573671
0.000673614
0.000517635
0.000925346
0.00879256
0.00868173
0.00119608
0.000858195
0.00928651
0.00167567
0.000870377
0.00116308
0.00137452
0.00266296
0.000425937
0.00157697
0.000436337
0.00421479
0.000642393
0.00452436
0.00104146
0.00130716
0.000657677
0.000407406
0.00200886
0.00193353
0.0012669
0.00151041
0.000338742
0.00236348
0.000727602
0.000700103
0.00102123
0.000573257
0.000951245
0.00125026
0.00196997
0.000918235
0.000865464
0.000643789
0.000524737
0.000896004
0.000973294
0.00034959
0.000714001
0.000774964
0.00215598
0.00147299
0.000706521
0.000517568
0.00066158
0.000678541
0.0006941
0.000632074
0.000915636
0.000448147
0.00066445
0.000494777
0.000965208
0.000527806
0.000585005
0.000701143
0.00111192
0.000943256
0.000361797
0.000692237
0.000807419
0.000644142
0.000920206
0.000842423
0.00114216
0.000567601
0.000781577
0.00105161
0.00118372
0.00161294
0.00048881
0.00135843
0.000350298
0.000128782
0.000340757
0.000878812
0.00045232
0.000496306
0.00135885
0.0015923
0.000614098
0.000699611
0.000328446
0.000635138
0.00149763
0.000566291
0.00133286
0.00105735
0.00331778
0.00172769
0.000625975
0.00864099
0.00182917
0.00111453
0.000676181
0.000668732
0.00369981
0.000529225
0.000615837
0.00058806
0.000784965
0.00102673
0.000681293
0.000764969
0.000898551
0.00134895
0.000867938
0.000683386
0.000885713
0.000715761
0.000234362
0.0202674
0.000836794
0.000754283
0.000693717
0.00223961
0.00157462
0.000545755
0.00580495
0.000751519
0.000926005
0.00458355
0.000578527
0.000804515
0.00586151
0.00119265
0.00238066
0.000621414
0.000543668
0.00102467
0.000883608
0.000548843
0.000376194
0.000201432
0.000292407
0.00126526
0.00124086
0.00105769
0.00075963
0.000602886
0.00271869
0.000648751
0.00244304
0.00112461
0.000836605
0.00100669
0.00030062
0.00126439
0.00466006
0.00100876
0.000351355
0.000659631
0.000847688
0.00108574
0.00131618
0.000699727
0.000667595
0.000474245
0.000683441
0.000534168
0.0021711
0.00101367
0.00184533
0.00051472
0.00145396
0.000593902
0.000881104
0.000930754
0.00107988
0.000758275
0.000973042
0.000580915
0.00382163
0.000554553
0.00110132
0.000885618
0.00103165
0.000990332
0.0017582
0.000652152
0.00098036
0.000632342
0.000754242
0.000396394
0.001262
0.000832588
0.000980853
0.00135375
0.00066495
0.000905721
0.000490487
0.000574864
0.00456189
0.000818388
0.000781598
0.000785029
0.00040066
0.014671
0.000392671
0.00210074
0.000480031
0.000638471
0.00106246
0.000179637
0.000852422
0.00040662
0.00249421
0.000574272
0.000980894
0.00171622
0.00108179
0.00121145
0.000836492
0.00136559
0.00074754
0.000380541
0.0025477
0.000719237
0.000490621
0.000681288
0.000488434
0.00114263
0.000555254
0.000726128
0.000654218
0.000451069
0.000950303
0.000562585
0.0012515
0.000507291
0.00092207
0.00112074
0.00125947
0.000995568
0.00155632
0.00113496
0.000885482
0.000385567
0.00035103
0.000727773
0.000542146
0.000957346
0.00138475
0.000825913
0.000731511
0.000809907
0.000511565
0.000713757
0.000716095
0.00164817
0.00105605
0.000288841
0.00057874
0.00107207
0.00106368
0.000323007
0.000431495
0.000881389
0.000372031
0.00177561
0.000504932
0.00119461
0.000549995
0.00119845
0.000905649
0.000668374
0.000660701
0.00116373
0.00072669
0.000390466
0.00237064
0.000445229
0.000817413
0.000288639
0.000845354
0.00100603
0.00420239
0.00116661
0.000800806
0.000524558
0.00110081
0.000747805
0.000759552
0.00069082
0.00385563
0.000319025
0.000484066
0.000848447
0.000377015
0.00111611
0.000541565
0.00166231
0.00084873
0.000203383
0.000803254
0.000157826
0.00127057
0.00153381
0.000371315
0.000429713
0.000373041
0.00157818
0.000738021
0.0146505
0.0012434
0.000722671
0.000507029
0.000621587
0.000277954
0.00122388
0.00329509
0.00107361
0.00104534
0.000638795
0.000619775
0.0018101
0.00173966
0.00100923
0.000473714
0.00143595
0.000262263
0.000461004
0.00139728
0.000504525
0.000344205
0.00024318
0.00111791
0.00126875
0.00115586
0.00141523
0.00150072
0.000950145
0.000320272
0.000538864
0.000777733
0.000701235
0.00129159
0.00155378
0.000588429
0.000293719
0.000508134
0.000365338
0.00121751
0.0009104
0.00100379
0.000952338
0.00170511
0.00059944
0.00804493
0.000732406
0.000535832
0.000839763
0.000707416
0.00153352
0.000338829
0.000533332
0.00100345
0.000354077
0.000460138
0.000936271
0.0024476
0.00205361
0.00110528
0.000639608
0.000323261
0.00115283
0.00120173
0.000236423
0.000838454
0.000430342
0.00037235
0.000407163
0.000401394
0.000747159
0.000527206
0.000943158
0.00176487
0.000888971
0.0018593
0.00110295
0.00250322
0.000689024
0.000733413
0.000878177
0.000634285
0.00107961
0.00112126
0.00196072
0.00168654
0.000730628
0.00153141
0.00121118
0.0302385
0.000652888
0.00108782
0.0006744
0.00061462
0.000323295
0.000497613
0.00100523
0.000761216
0.00113148
0.000723522
0.000529765
0.000718062
0.00101144
0.00108779
0.00264518
0.000638743
0.0022103
0.000608459
0.000764469
0.000728501
0.000581283
0.00119588
0.000527564
0.000690346
0.00139143
0.000928665
0.000881503
0.000472532
0.000454178
0.00123533
0.000807782
0.000682518
0.000956115
0.0156696
0.000474237
0.000642037
0.000714134
0.0144842
0.000939221
0.00108039
0.000630439
0.00157296
0.00207793
0.000617022
0.000714485
0.000704154
0.000951853
0.000905483
0.00124222
0.00226698
0.0219422
0.000419378
0.000477242
0.000678374
0.000527013
0.00275394
0.00503448
0.00145379
0.00289533
0.000399547
0.00170727
0.00157068
0.000404002
0.00072945
0.000734179
0.000192083
0.00136996
0.000430394
0.000728383
0.000811599
0.000746623
0.000819754
0.00088412
0.00146658
0.00139228
0.00190865
0.0004722
0.00105371
0.000609014
0.000478735
0.000557928
0.000779634
0.000644328
0.000518303
0.000504753
0.0018582
0.0214881
0.000469737
0.0011598
0.00137127
0.000857746
0.000621325
0.0015531
0.000348718
0.000567891
0.00093415
0.00189087
0.00075339
0.00216503
0.000864267
0.000992867
0.000679914
0.00050601
0.000710231
0.00149649
0.000797241
0.000511925
0.000726651
0.0101777
0.00152865
0.000315417
0.000526871
0.00201213
0.000705422
0.00139613
0.000872089
0.000732874
0.00067219
0.00156525
0.000620405
0.000870243
0.00069209
0.000238326
0.000628007
0.000881165
0.000296226
0.000977666
0.000617688
0.00161937
0.000476101
0.000632463
0.00159846
0.000519977
0.0012735
0.0010002
0.00055633
0.00134894
0.000515009
0.00177964
0.000662526
0.000768095
0.00131998
0.000391088
0.00112329
0.00222809
0.00275379
0.000508887
0.000262163
0.00156077
0.000665645
0.00159536
0.00153813
0.00132113
0.00145658
0.00110361
0.000722802
0.0028211
0.000963658
5.81024e-05
0.00041311
0.000853592
0.000733934
0.000765224
0.000717691
0.00164769
0.0011802
0.000501143
0.000912353
0.00102854
0.000699779
0.000541687
0.00105506
0.000492097
0.000328562
0.000655612
0.000578915
0.000503119
0.000912746
0.00176314
0.000520992
0.000806234
0.000809785
0.00106494
0.00349321
0.000664449
0.00124134
0.001339
0.000891976
0.000925513
0.000820984
0.000618536
0.000468754
0.00195368
0.00028055
0.00100279
0.000436799
0.00161485
0.00187244
0.000541364
0.000818262
0.000599544
0.000711282
0.000690024
0.00115012
0.000922195
0.000631273
0.003769
0.00100402
0.000979014
0.000877174
0.000240392
0.00116149
0.000900586
0.000316658
0.000910261
0.00172562
0.000906243
0.000779571
0.000730751
0.00188187
0.000886661
0.0010511
0.000996896
0.00122619
0.000641592
0.0160232
0.0010659
0.000377443
0.000676401
0.00121762
0.000972592
0.000595703
0.00151576
0.000614799
0.000987741
0.00137512
0.000685458
0.000546997
0.000559948
0.00109277
0.00162697
0.000816747
0.000608502
0.00142601
0.000295317
0.000571936
0.0012522
0.000243346
0.00195117
0.000667986
0.00114572
0.000595681
0.00153575
0.00116505
0.000373565
0.00109986
0.00120227
0.000590373
0.000500357
0.000814378
0.000508476
0.000914464
0.000739874
0.000697574
0.00129193
0.000714269
0.000686244
0.000832786
0.00246342
0.00100429
0.00148505
0.00051984
0.00014693
0.000778132
0.000730687
0.000372614
0.0027463
0.00120879
0.000971361
0.000622762
0.0011253
0.00197176
0.000214576
0.000403208
0.000492093
0.00177517
0.000720949
0.000874958
0.00127087
0.00140754
0.000375534
0.000609689
0.000551347
0.00111886
0.00111952
0.000853503
0.000902479
0.00077898
0.000806048
0.000828353
0.00073277
0.00117321
0.00192882
0.00104291
0.000173342
0.000550486
0.00221564
0.00247649
0.000819738
0.000761069
0.000427245
0.000758205
0.000270523
0.000617149
0.00135583
0.000595539
0.000798048
0.000498142
0.00150963
0.000820449
0.00201886
0.00101952
0.00111234
0.000682791
0.000395443
0.00107054
0.000528761
0.00071679
0.000852488
0.00130475
0.00085142
0.00106296
0.000862016
0.000996674
0.000526815
0.00159918
0.000942868
0.00147144
0.000860609
0.00058701
0.00121554
0.00166597
0.000948203
0.000764227
0.00241879
0.000609359
0.000368813
0.000503183
0.000849766
0.000962608
0.000237501
0.00209418
0.000619969
0.00126868
0.000548894
0.000567198
0.000786467
0.000366263
0.000994515
0.000908857
0.00123472
0.000445364
0.00104675
0.000686623
0.000333623
0.005879
0.000467873
0.000785142
0.000477311
0.000990504
0.000919449
0.000253171
0.00115723
0.001186
0.000878323
0.00117071
0.00182742
0.000319182
0.000759779
0.000410531
0.00135048
0.00122086
0.00061776
0.000634126
0.000684555
0.000462766
0.000741302
0.00129127
0.000475546
0.000461451
0.000505964
0.000818905
0.000529728
0.00112629
0.000801024
0.00111116
0.000591799
0.000578085
0.00170278
0.000536611
0.000890481
0.000514812
0.00127329
0.000869739
0.000717895
0.00064876
0.000632025
0.000866375
0.00164084
0.000643225
0.0015538
0.000818411
0.00053123
0.000995286
0.000922477
0.000982922
0.000888339
0.000757627
0.00148665
0.000199199
0.000483975
0.000624924
0.000307401
0.000452953
0.000977281
0.000720148
0.00253432
0.000708604
0.000489993
0.00114521
0.0012327
0.00876733
0.00076166
0.00155698
0.00101863
0.000353188
0.000516294
0.000909415
0.00175886
0.000419185
0.000858666
0.000286223
0.003175
0.000822294
0.000932933
0.00057827
0.000523573
0.000502412
0.000309716
0.000215352
0.000539178
0.000850488
0.000336232
0.00330273
0.000678935
0.0222539
0.000383301
0.000332361
0.000658668
0.000784615
0.000376139
0.000795471
0.0023085
0.00104541
0.000508248
0.00104367
0.00131866
0.0020937
0.000183181
0.00141312
0.00105724
0.000568395
0.000904142
0.00115982
0.00184721
0.000813099
0.000721617
0.000725852
0.00202901
0.000417979
0.000886237
0.000850886
0.000529839
0.000655312
0.000331117
0.00122476
0.0020003
0.000550949
0.000627858
0.00161407
0.000600073
0.000876803
0.0011945
0.00105327
0.000145348
0.000390335
0.000398621
0.0026503
0.000654593
0.000660869
0.000996907
0.000676693
0.000832905
0.000505842
0.000753327
0.000578442
0.000848229
0.0051052
0.00131591
0.000632258
0.000724039
0.000821365
0.000494725
0.000425173
0.000950104
0.00105975
0.000850299
0.00107896
0.000364541
0.000718266
0.00184854
0.00232032
0.000945362
0.000616818
0.00102739
0.00110165
0.000465148
0.00064109
0.00111633
0.00173912
0.00168437
0.0008245
0.00120053
0.00104277
0.000167224
0.000513229
0.000264632
0.00222
0.000200338
0.000784644
0.000637122
0.00061668
0.00178106
0.00270884
0.00235436
0.000630306
0.000951403
0.000779919
0.000749205
0.000204511
0.000262993
0.00123899
0.00338767
0.000602317
0.000726108
0.00106347
0.000835652
0.000361033
0.000546829
0.000938151
0.000825432
0.000687249
0.00152611
0.000941257
0.00128593
0.000637565
0.000710693
0.000651891
0.000798711
0.000886885
0.000639492
0.000629869
0.00137345
0.000401005
0.000543992
0.00131192
0.000602586
0.00185755
0.0011156
0.00183475
0.000657748
0.000893851
0.000754275
0.00203826
0.000492017
0.000557289
0.00021115
0.000744629
0.000495453
0.000406208
0.000482635
0.000644892
0.000881758
0.00124338
0.00198796
0.000908149
0.0011915
0.000782178
0.000684076
0.0018531
0.00100742
0.00096189
0.00181076
0.000926244
0.000813206
0.000969504
0.00130324
0.00074579
0.000650944
0.000991857
0.00013854
0.000589089
0.00109076
0.000533217
0.000334728
0.000482066
0.00054879
0.000429837
0.00147013
0.000668073
0.00180363
0.00058177
0.00141533
0.000914281
0.00148047
0.00109971
0.000646227
0.00218583
0.000800352
0.00086679
0.000394053
0.00180777
0.00115177
0.000851355
0.00196122
0.000606196
0.000757431
0.000284126
0.000289395
0.00230962
0.00125225
0.000444956
0.000940397
0.000675838
0.000792399
0.00350526
0.000239515
0.000738037
0.000780057
0.00043471
0.000858644
0.000468189
0.00103852
0.000257756
0.000707371
0.00148361
0.000909059
0.000550304
0.000549127
0.0012057
0.000660946
0.000810133
0.000589369
0.000596646
0.00116453
0.000532807
0.000731208
0.000494215
0.000752259
0.000430248
0.00115823
0.00065405
0.000658879
0.000489353
0.000984382
0.000975285
0.000343585
0.000852054
0.00154395
0.00114223
0.00049186
0.00103071
0.00151437
0.000793966
0.00141264
0.000561367
0.000656336
0.000756145
0.000763989
0.00055145
0.000433177
0.00111854
0.000642971
0.000872935
0.000452125
0.000872808
0.00253624
0.000845809
0.00143989
0.00352222
0.000578376
0.00140622
0.000696933
0.00121652
0.000746342
0.00124906
0.00108351
0.000165155
0.0012493
0.00196112
0.000534233
0.00391643
0.000432602
0.00199356
0.00080665
0.000798034
0.00126223
0.000266706
0.000704311
0.000809909
0.000542647
0.00314824
0.00049905
0.000685973
0.000603538
0.000899182
0.00114039
0.00103356
0.000432957
0.000189272
0.00122111
0.000808764
0.00165525
0.000476102
0.00204114
0.000657398
0.000577432
0.000686766
0.0011207
0.000428999
0.000911337
0.000479786
0.000583984
0.000485468
0.000782369
0.000358568
0.000803406
0.0024844
0.000626749
0.000971833
0.000902532
0.000793523
0.000833522
0.000487332
0.000663177
0.000575663
0.00112965
0.000587077
0.00220279
0.000573504
0.00102471
0.00069465
0.000558124
0.000755598
0.000654266
0.000387418
0.00150123
0.000487364
0.000722204
0.000382477
0.000712196
0.00087314
0.0220903
0.00298903
0.000913067
0.000846075
0.0012142
0.000933387
0.000797241
0.000440845
0.000918131
0.0019065
0.000521463
0.000673665
0.000728991
0.00093189
0.00135495
0.000735198
0.00106798
0.000221286
0.000858002
0.00435092
0.000258303
0.000950876
0.000716258
0.000765449
0.000379247
0.000756177
0.000644321
0.00043216
0.00033306
0.00131761
0.000624786
0.000494312
0.00110961
0.000868889
0.00234077
0.000651037
0.000751077
0.000372066
0.00328754
0.000433261
0.00187088
0.000620767
0.000611992
0.00122628
0.000611813
0.000542525
0.000830122
0.000748549
0.00036615
0.000786121
0.000883451
0.0016254
0.000439563
0.00063365
0.000371355
0.000669258
0.000731048
0.00127782
0.00139845
0.00108916
0.000687439
0.000738848
0.000696531
0.000466545
0.000986409
0.00143316
0.000708843
0.00116424
0.000698087
0.00158078
0.000621215
0.000913041
0.00134962
0.00076786
0.00202948
0.000595623
0.00196723
0.00170084
0.00102325
0.000554407
0.000551411
0.000874366
0.00702569
0.00131156
0.0119076
