0.00164468
0.00105879
0.000420408
0.000947704
0.00119735
0.00136521
0.000212706
0.000848436
0.00150584
0.00482757
0.000476868
0.000393508
0.00116522
0.00257991
0.000984569
0.00106557
0.00100712
0.000764276
0.00240695
0.000788169
0.00219999
0.000768982
0.000899122
0.000530455
0.00028481
0.00115146
0.000517613
0.000873811
0.000450103
0.00349239
0.000903113
0.00104911
0.000307916
0.0019275
0.00116853
0.00103912
0.000495633
0.000150556
0.00228856
0.00208175
0.00121365
0.00106561
0.000682805
0.00222625
0.00132897
0.00317068
0.00092225
0.000526765
0.00093637
0.000372847
0.000545856
0.0010433
0.00176352
0.000932036
0.000555667
0.000570837
0.00590395
0.0016599
0.00223629
0.000736763
0.000891697
0.0041281
0.000519623
0.00156346
0.00507581
0.000632284
0.000921645
0.000865981
0.000698431
0.00150715
0.00121872
0.00140007
0.00128191
0.000493062
0.000632676
0.000682145
0.00131903
0.000438868
0.00101745
0.000770296
0.0136796
0.000663345
0.00182945
0.000813052
0.00113217
0.00186604
0.000457284
0.001065
0.000853295
0.000132057
0.000439127
0.000934491
0.00114443
0.000988103
0.00113986
0.00100837
0.000554451
0.00072526
0.00134992
0.000986087
0.000438512
0.00125762
0.000704439
0.000369348
0.000679475
0.000859459
0.000986472
0.00059579
0.00244093
0.000639885
0.000949221
0.00120967
0.000890183
0.000966375
0.00124143
0.000229766
0.000411849
0.0006659
0.000961719
0.000251669
0.000320675
0.0010384
0.00100081
0.000999456
0.00012578
0.00103629
0.000722758
0.000398593
0.00105422
0.00135948
0.0012858
0.0010831
0.00103595
0.00136047
0.00305318
0.000887219
0.00104867
0.00101034
0.00439918
0.00122977
0.00141545
0.00179909
0.000593379
0.000557465
0.000410148
0.000646031
0.000662496
0.000597304
0.000627462
0.00158213
0.000967993
0.00125135
0.00105869
0.00139158
0.000658688
0.000557322
0.00152974
0.00088745
0.00190286
0.000924039
0.00209368
0.000766769
0.000781268
0.0011905
0.000673729
0.000727217
0.000365902
0.0011915
0.000455155
0.00077668
0.0006519
0.000353539
0.000937432
0.0150133
0.00142618
0.00284102
0.000603901
0.00140338
0.00062989
0.000441914
0.000930825
0.00076581
0.00151118
0.000883473
0.000776745
0.000733937
0.000665607
0.00599671
0.00143268
0.000453345
0.000384185
0.000944174
0.000631322
0.000769453
0.000932663
0.00136321
0.000504621
0.000387073
0.00196252
0.000715911
0.000907175
0.000988355
0.0195242
0.0010071
0.00117477
0.00284918
0.00108441
0.000631677
0.000878741
0.000950809
0.00188851
0.00173571
0.000805514
0.00233093
0.000768762
0.000384257
0.000416979
0.00172264
0.00312757
0.00136975
0.000408836
0.000727319
0.00105932
0.000707706
0.000734797
0.00175679
0.00116547
0.00082293
0.000638811
0.00156842
0.00133732
0.00141454
0.00145177
0.00118397
0.000499819
0.000863032
0.000651389
0.000798919
0.0019268
0.0275406
0.0010809
0.000698197
0.000622727
0.000308637
0.000461842
0.000657928
0.00326382
0.000588041
0.000688366
0.00124511
0.000588705
0.0011236
0.000953122
0.00203483
0.00148321
0.00120213
0.00123062
0.0008232
0.000219654
0.000387119
0.00116221
0.000630862
0.000904903
0.00172159
0.00213452
0.000892764
0.0012123
0.000555372
0.00119518
0.000498392
0.00161794
0.000518595
0.00143934
0.00080096
0.00102761
0.000402804
0.0015109
0.000915252
0.000502827
0.000882608
0.00132025
0.000619428
0.000221622
0.000603754
0.000697524
0.000633784
0.000643547
0.00213654
0.0012588
0.00161569
0.00183544
0.00171414
0.000783699
0.000404884
0.000996616
0.000363466
0.000525047
0.00283201
0.000651564
0.00152948
0.000921184
0.000932778
0.000985236
0.000963753
0.00122367
0.000973379
0.00119699
0.000630814
0.000725241
0.0013609
0.000419506
0.00065577
0.000695079
0.00089044
0.000669448
0.000262671
0.00124039
0.00122161
0.00111765
0.0013437
0.00111397
0.00107774
0.000852937
0.000354274
0.000953744
0.000897132
0.00545418
0.000707787
0.000730082
0.000794982
0.000452546
0.00046153
0.000653073
0.00172512
0.000506453
0.000903582
0.00128707
0.000618457
0.000986614
0.000713994
0.00102594
0.00122519
0.000886898
0.00110951
0.00156251
0.00979033
0.00435948
0.0014677
0.00063522
0.00070042
0.000891476
0.00139435
0.00563273
0.00113265
0.00248296
0.000594514
0.000432075
0.000561043
0.000608863
0.00106631
0.00103857
0.00124316
0.000282402
0.000730869
0.000738664
0.000390585
0.00475671
0.00105456
0.000287157
0.000663508
0.000687734
0.00104203
0.000779368
0.00222199
0.000457941
0.000727709
0.000688891
0.000382662
0.00168967
0.000363134
0.000658221
0.00121143
0.00247241
0.000764787
0.000908512
0.000784373
0.0005902
0.00220686
0.00080561
0.00040218
0.00028839
0.000567398
0.000695033
0.000489588
0.000572598
0.000849168
0.00083453
0.00159031
0.00126798
0.000698568
0.00126562
0.000455541
0.00105353
0.000914661
0.000737273
0.000651096
0.000482639
0.000650818
0.00105181
0.00167721
0.000738933
0.000611722
0.000727419
0.00151305
0.0015565
0.000628179
0.00465928
0.000577225
0.000559675
0.000750292
0.00038107
0.000845404
0.000601467
0.000139836
0.000987128
0.00629178
0.000865881
0.00218536
0.00316625
0.00212705
0.00085549
0.000809055
0.000598254
0.00217307
0.00101053
0.000121663
0.000668414
0.000489036
0.00120613
0.000635356
0.0015368
0.00348831
0.0107245
0.000702319
0.00150864
0.000375668
0.00136039
0.000474183
0.000741337
0.000376265
0.000522583
0.000890342
0.000437145
0.00126892
0.00130435
0.000712519
0.00208833
0.000841696
0.00101227
0.000716859
0.00058376
0.00162844
0.000900732
0.000634115
0.00328642
0.001286
0.000667551
0.00032175
0.000532394
0.00184158
0.000274619
0.00126897
0.000734211
0.000623113
0.00136574
0.000809383
0.0004561
0.00190569
0.000673056
0.00117988
0.000539386
0.00109608
0.00116623
0.000570223
0.000735377
0.0017353
0.000744308
0.000745053
0.00534636
0.000367145
0.00102769
0.000930195
0.000532832
0.0013818
0.000413959
0.000488113
0.000791195
0.000365052
0.000453285
0.00141458
0.000763467
0.000464314
0.000815798
0.00102932
0.000541617
0.00147593
0.00142974
0.000732098
0.00062409
0.000723852
0.000746633
0.00100946
0.00143761
0.000431995
0.000432047
0.000673206
0.000387822
0.000696453
0.00070304
0.00228044
0.00104347
0.000470276
0.000400169
0.00179791
0.00148195
0.00226979
0.000620965
0.000487378
0.000629275
0.0008359
0.000824981
0.00112519
0.000739671
0.000887821
0.000438499
0.000226467
0.000663251
0.000678962
0.00138744
0.000739724
0.000608039
0.000595926
0.000696577
0.000643288
0.000695884
0.000533989
0.000595763
0.000968357
0.000748996
0.000296927
0.00137652
0.00106252
0.000837244
0.000866782
0.0022694
0.000712749
0.000922293
0.000772132
0.000250703
0.00138254
0.00107258
0.0007471
0.000829516
0.000683037
0.000894587
0.000762687
0.000533587
0.000858692
0.00103523
0.000468829
0.000491298
0.0017726
0.00197955
0.000305091
0.00208274
0.000638684
0.000818551
0.001168
0.000423425
0.00064507
0.00117317
0.00211667
0.000547831
0.00111382
0.000683196
0.00312427
0.00161304
0.00259692
0.000812304
0.000974757
0.00230176
0.00530054
0.000645987
0.00231356
0.000403859
0.000526902
0.00155316
0.000479622
0.000486997
0.000694186
0.0014221
0.0142797
0.0043169
0.00201565
0.000658295
0.000169657
0.000749429
0.00163443
0.000770493
0.000880937
0.000609358
0.000879373
0.000818455
0.000534871
0.000615621
0.000747998
0.000438244
0.000801859
0.000641813
0.00180358
0.00178724
0.000318058
0.00134989
0.00470491
0.00101007
0.000577366
0.000208055
0.000586479
0.000883148
0.000761958
0.00224444
0.00101093
0.00106434
0.00089737
0.000294171
0.000749059
0.00222853
0.000986544
0.000814305
0.00174237
0.000544274
0.0009669
0.00193786
0.000650482
0.000580422
0.000788037
0.00030767
0.000828772
0.000928892
0.000861499
0.000273792
0.000777637
0.000930397
0.000925078
0.000781643
0.0015007
0.00117611
0.00050386
0.000991786
0.00314327
0.000933854
0.000318582
0.00121611
0.0040559
0.00131373
0.00131865
0.00025364
0.000808277
0.000768852
0.000916751
0.000905982
0.00100125
0.00156089
0.000961809
0.00124197
0.00280313
0.000721821
0.000692504
0.000434232
0.000710222
0.000993924
0.000560609
0.000321635
0.000726696
0.0011357
0.0013983
0.000874329
0.00164548
0.00101606
0.000675649
0.00176476
0.00239328
0.00112954
0.000704346
0.00260415
0.000548597
0.00114478
0.000956703
0.00162659
0.000355521
0.000895805
0.00116769
0.000803076
0.00115241
0.000576361
0.000383924
0.000697626
0.000951023
0.000799442
0.000787047
0.000824589
0.001016
0.00060243
0.00102808
0.001753
0.00111107
0.00121926
0.00221205
0.000557822
0.000728061
0.000809859
0.000788322
0.000828763
0.000739881
0.00103354
0.000566525
0.000217616
0.00113483
0.000553547
0.000819214
0.000399712
0.000919027
0.000472619
0.000803806
0.00112618
0.000872534
0.000432919
0.000337548
0.00145714
0.000244061
0.00133449
0.00110498
0.00107981
0.000388974
0.000595696
0.000494625
0.000926292
0.000458717
0.00131323
0.00174386
0.0012155
0.000171811
0.000624472
0.000912842
0.000698793
0.001281
0.000877629
0.00109122
0.00149969
0.000738526
0.00182999
0.000751881
0.00036772
0.00101332
0.00229385
0.00139653
0.00125117
0.00187948
0.000630639
0.000614484
0.000498869
0.00224133
0.000319724
0.000637111
0.00136547
0.000248488
0.000979498
0.00143149
0.000491064
0.00110993
0.000569102
0.000418306
0.00383924
0.00101402
0.000591129
0.000934498
0.000560486
0.0011527
0.00184472
0.00107757
0.000844351
0.00113528
0.000264725
0.000865567
0.000612604
0.00276404
0.000777786
0.00110572
0.00073958
0.0005652
0.0010988
0.000466606
0.000686564
0.00084287
0.000767993
0.00216069
0.000836292
0.000318223
0.000549219
0.000435941
0.00426695
0.000684332
0.000569325
0.000861479
0.000924323
0.00101532
0.00096973
0.00134466
0.0008448
0.00079644
0.00092415
0.00242117
0.000814922
0.000865165
0.000401162
0.00136662
0.000404693
0.000308133
0.000829323
0.000403657
0.000668758
0.000982576
0.000962159
0.00204592
0.00196762
0.000801861
0.000750772
0.000427406
0.00162924
0.00144469
0.000663054
0.000595041
0.000504541
0.000390819
0.000629797
0.000715895
0.001446
0.00069171
0.00101841
0.00133076
0.00114381
0.00069422
0.0013829
0.000845437
0.00075169
0.000519853
0.000351715
0.000587621
0.000817443
0.000686871
0.000445569
0.000795166
0.000939264
0.000623374
0.000787292
0.00080201
0.000628225
0.000906635
0.00100129
0.000384452
0.00116395
0.000736084
0.00138225
0.000927932
0.00109192
0.00376132
0.000740813
0.000308926
0.00064812
0.00205634
0.000708087
0.000677305
0.000888092
0.000973665
0.000361437
0.00339867
0.000649847
0.000581872
0.000878023
0.000959199
0.000839897
0.00178898
0.000713889
0.000682631
0.000691806
0.000297866
0.000881587
0.00084767
0.000644309
0.000833004
0.000746577
0.00103777
0.00146171
0.000812062
0.000895753
0.000861041
0.00065626
0.000644635
0.000514724
0.0021026
0.000837731
0.00060636
0.00111565
0.000738135
0.000845095
0.000845064
0.000798377
0.000921788
0.000789482
0.00131724
0.00158278
0.00844807
0.000843386
0.000712554
0.000801237
0.001558
0.000848302
0.000993149
0.000839349
0.000543097
0.000597607
0.00206606
0.00149111
0.000812492
0.00290313
0.00168424
0.00208445
0.000512585
0.000266117
0.000810507
0.000708235
0.000668105
0.000581929
0.000838334
0.000800946
0.00846039
0.000660778
0.000707398
0.000880968
0.000659404
0.000956249
0.00108182
0.00139621
0.000634203
0.000955025
0.000748679
0.000748889
0.000322068
0.000889942
0.00133506
0.00146665
0.000487613
0.000835028
0.0003221
0.00484908
0.000466259
0.000334812
0.00106402
0.000316897
0.00160319
0.000813975
0.000940995
0.000942671
0.00310512
0.000248561
0.001233
0.000490098
0.000463248
0.000299758
0.000869819
0.00169957
0.0015053
0.000972308
0.000488758
0.00134231
0.000968822
0.000898804
0.00194071
0.00095596
0.000807436
0.000422314
0.00102147
0.000851908
0.000790528
0.000690332
0.000384102
0.00118403
0.000851759
0.000457305
0.00072403
0.000833759
0.000696402
0.000789653
0.000387181
0.000623792
0.00146598
0.0023712
0.000431279
0.00195034
0.0025382
0.000629234
0.00088212
0.00339794
0.00597634
0.00113509
0.000615155
0.000912392
0.00254788
0.000862956
0.000611373
0.0056328
0.00127606
0.00103397
0.000560636
0.00132951
0.000840062
0.00062709
0.00049001
0.000257718
0.00111492
0.000910132
0.000707194
0.0112733
0.000821524
0.000896291
0.00123227
0.00489239
0.00183404
0.000892344
0.00146354
0.000823069
0.00525447
0.000962691
0.000449176
0.00114103
0.00174227
0.000722405
0.00108159
0.000558405
0.000447907
0.00104896
0.00133823
0.000420545
0.00100628
0.0015467
0.00100302
0.000971242
0.000924763
0.00123405
0.00080223
0.000954798
0.00160156
0.00395115
0.000682702
0.000584623
0.0017465
0.000924155
0.00109766
0.000313723
0.00123581
0.000729021
0.00651142
0.000707689
0.000695166
0.000731155
0.000604638
0.00241688
0.00058385
0.000277968
0.000629466
0.000457474
0.000864666
0.00095926
0.000585584
0.000894978
0.000730181
0.00155003
0.0019135
0.000619273
0.000519266
0.00106409
0.000453061
0.00045357
0.00238849
0.000691418
0.000688167
0.00113972
0.000703818
0.000916567
0.000651855
0.000728145
0.000921583
0.000437316
0.00141314
0.000606049
0.001344
0.000504751
0.00416128
0.00159215
0.00118866
0.00201254
0.00125691
0.00098995
0.0033044
0.000390719
0.00590288
0.00111365
0.000433023
0.000437302
0.00146372
0.00296569
0.00148899
0.00104917
0.00130715
0.000768877
0.000664674
0.00097429
0.00132386
0.000973457
0.0005736
0.00151274
0.00234899
0.00183482
0.00179569
0.00138628
0.000754898
0.000568851
0.000647005
0.000609116
0.00148649
0.00145687
0.000901758
0.000670507
0.000599147
0.000862233
0.00136599
0.000637473
0.000698365
0.000744157
0.00123136
0.000637623
0.000647742
0.00371907
0.00106206
0.000865962
0.000646921
0.000920821
0.000424109
0.0034751
0.00144603
0.000748854
0.000704999
0.000612251
0.000373399
0.00116079
0.00053329
0.000962014
0.00129058
0.000237364
0.000431288
0.000713482
0.000658673
0.00030022
0.000824024
0.00211028
0.000269818
0.000862543
0.00273708
0.000500606
0.000803149
0.000756387
0.000796254
0.000616811
0.00104503
0.000747299
0.000820025
0.00147105
0.000752403
0.000508639
0.000364015
0.00100052
0.00345658
0.000368408
0.000763209
0.00147573
0.000575831
0.000824654
0.000838612
0.000904061
0.00073517
0.000381493
0.00103976
0.000565306
0.000625359
0.000750928
0.000788403
0.00095733
0.00159662
0.000534326
0.00121065
0.000584953
0.000712786
0.00228298
0.000729758
0.00156547
0.000806936
0.00143989
0.000376567
0.00121489
0.000597435
0.00762933
0.000115487
0.000556117
0.00123115
0.0102407
0.00188957
0.00141674
0.00105291
0.000996292
0.000468423
0.000760342
0.000539916
0.00105446
0.00113864
0.00153627
0.000638336
0.000534475
0.00152352
0.00657407
0.000631239
0.000688528
0.0010011
0.00336784
0.00117395
0.000676385
0.00333946
0.000783712
0.00135123
0.000639529
0.000573106
0.000582535
0.000649125
0.00085129
0.00061513
0.00753743
0.000880306
0.0005199
0.000675054
0.000508913
0.00106507
0.000766555
0.00311365
0.000494187
0.000809443
0.00107644
0.000467901
0.000797536
0.000447153
0.000336914
0.000633494
0.0016286
0.000369032
0.00121593
0.000559755
0.00137978
0.000532869
0.000979348
0.000595654
0.00087792
0.00107561
0.000561703
0.000846325
0.000384239
0.00326455
0.000837738
0.000671277
0.001017
0.000745895
0.000636786
0.00049288
0.00122384
0.00078319
0.000758446
0.000470341
0.000337942
0.000991732
0.00122544
0.000871041
0.000594184
0.00153358
0.00109686
0.000339264
0.00082986
0.00529309
0.00211593
0.000813909
0.0112303
0.000391736
0.000469722
0.00109153
0.000645343
0.00100851
0.000824214
0.000419915
0.000363201
0.000825437
0.00187921
0.000655196
0.00230392
0.00151665
0.000734933
0.00155079
0.000613219
0.00115987
0.000607429
0.000363441
0.000662076
0.00149323
0.000883078
0.000527269
0.0011823
0.000748651
0.000992311
0.000946549
0.000273432
0.00158031
0.000568322
0.00124404
0.000941929
0.0004582
0.001084
0.00168599
0.00190633
0.000366438
0.00143156
0.00134023
0.000477814
0.00114326
0.002333
0.00276932
0.000857228
0.000708368
0.0011267
0.000482045
0.000496168
0.00035603
0.00169911
0.000895211
0.00121411
0.00176011
0.00107852
0.000386114
0.00249562
0.00505294
0.000847102
0.000629659
0.000845487
0.00210264
0.000783625
0.000831746
0.000436609
0.00037888
0.000553237
0.000861653
0.00056454
0.000658733
0.000426049
0.00104018
0.00078641
0.00212474
0.000575993
0.00138989
0.002056
0.000280856
0.00125605
0.00104734
0.0007038
0.000810801
0.000657335
0.000904442
0.00217494
0.000630081
0.000516808
0.000596631
0.000841419
0.000742489
0.000991483
0.00127243
0.000541603
0.00320956
0.000707661
0.000325213
0.00093665
0.000987434
0.00103705
0.00338632
0.00100699
0.000356094
0.000302641
0.000676665
0.000950314
0.000409616
0.000698429
0.000934481
0.000967131
0.000896225
0.000639508
0.00114662
0.0007759
0.00103077
0.00109125
0.000528146
0.00118309
0.000187651
0.000678896
0.000901161
0.00148382
0.000798796
0.000615424
0.00125486
0.000862058
0.000709053
0.000530402
0.00559789
0.000537836
0.000827641
0.00327232
0.000942424
0.00078217
0.00157771
0.00278888
0.00110496
0.000533327
0.00116324
0.00101245
0.000545182
0.000653655
7.55918e-05
0.00230068
0.00074953
0.00221218
0.000524007
0.000874031
0.000534925
0.000680904
0.000407588
0.00175706
0.00104599
0.00153312
0.000558379
0.0094537
0.000438228
0.000889455
0.000861872
0.000420935
0.00116745
0.00100058
0.000765157
0.00114538
0.022264
0.00107473
0.000688696
0.000571324
0.00137244
0.000630544
0.000859438
0.00033286
0.0011127
0.00139147
0.000340525
0.000488409
0.000950376
0.000637975
0.00117939
0.000735431
0.00157266
0.000784313
0.000691536
0.00095483
0.00104726
0.000601735
0.000766069
0.00580607
0.00152177
0.001038
0.00137859
0.000480912
0.00127964
0.000722341
0.00149738
0.000425264
0.000411846
0.000584044
0.000604237
0.000627742
0.0011342
0.00116409
0.00300369
0.00547533
0.000877578
0.000652405
0.000865994
0.00172843
0.00110527
0.00100864
0.000593401
0.00198239
0.0029469
0.00130348
0.00113223
0.000850025
0.000875437
0.0005484
0.000587999
0.000795143
0.00404833
0.00090847
0.00199039
0.000459358
0.00160286
0.00140396
0.000799807
0.000710019
0.00123569
0.000761089
0.00136948
0.000756699
0.000870176
0.00222468
0.00107145
0.00117102
0.00110943
0.00123959
0.000336661
0.00149379
0.000908206
0.00213823
0.00045183
0.000851433
0.000764471
0.00185983
0.000940238
0.000299504
0.000826112
0.00094915
0.00372123
0.000510472
0.00140343
0.000579486
0.0012064
0.00115937
0.000591634
0.00170797
0.00193432
0.000805907
0.00105144
0.000973701
0.00340898
0.00035449
0.000806349
0.000524513
0.00118825
0.00106431
0.00115655
0.00140478
0.000730447
0.000337528
0.000808844
0.00157668
0.000795865
0.000710703
0.000663462
0.000925119
0.000816628
0.000285883
0.000366191
0.000923903
0.00143842
0.00111774
0.000891433
0.00121321
0.000681878
0.000812515
0.000413804
0.000380148
0.00058952
0.000895858
0.00169006
0.00169296
0.000845153
0.00356879
0.000453486
0.00144421
0.00113467
0.000847126
0.000564411
0.000774892
0.000845818
0.00668733
0.000585934
0.00118584
0.000611797
0.000779536
0.00122402
0.00075216
0.000918214
0.00242795
0.000321746
0.00028735
0.00436398
0.000542912
0.00127562
0.000662373
0.000168456
0.000813895
0.000542287
0.00125624
0.000795334
0.00051167
0.000849828
0.00060509
0.000593511
0.000552068
0.00104856
0.000475905
0.000424514
0.00105911
0.00531288
0.000467095
0.000354688
0.000681509
0.000512814
0.000741484
0.00153685
0.000658809
0.000448467
0.000945074
0.00090008
0.00102091
0.000703367
0.000625627
0.000884172
0.000483444
0.00226409
0.000431193
0.000648685
0.000790407
0.000313214
0.000876131
0.000866003
0.00108412
0.000664655
0.000636237
0.00134938
0.000458178
0.00104613
0.000491433
0.000432084
0.00150748
0.000999945
0.00198101
0.000248365
0.000450005
0.000845779
0.000602251
0.000761826
0.000428384
0.00058268
0.00150344
0.000910846
0.00111162
0.000767099
0.000578909
0.000638641
0.00155447
0.00112248
0.000551668
0.000848996
0.000913973
0.0010164
0.000430461
0.00119292
0.00130155
0.000762261
0.00230268
0.000740326
0.000961005
0.000242517
0.000815738
0.00107165
0.000877185
0.000405801
0.00239059
0.000869298
0.00177188
0.00142518
0.00386336
0.00208973
0.00109208
0.00199565
0.000868215
0.000734861
0.000475572
0.000586662
0.00177617
0.000958744
0.00376394
0.00107843
0.000599922
0.0009121
0.000552266
0.00321737
0.00124452
0.000745969
0.000794213
0.00250886
0.00277654
0.00107063
0.00048139
0.000513345
0.000418249
0.0012637
0.00047979
0.000886998
0.000356054
0.000498025
0.00062916
0.000419839
0.000520468
0.000591303
0.00343919
0.00162314
0.00374912
0.00115204
0.000924712
0.000387533
0.00109034
0.00164834
0.00103877
0.000745682
0.000957628
0.000850778
0.00129307
0.000572119
0.00106117
0.000874734
0.00115152
0.000544217
0.000535631
0.00206457
0.00119859
0.000732817
0.00133543
0.000451216
0.000428841
0.000385596
0.000890092
0.00123189
0.00136124
0.000247275
0.000518176
0.000685593
0.000569908
0.000639654
0.000830516
0.000240097
0.000663901
0.00100649
0.00095966
0.0015662
0.000518996
0.000777966
0.00049664
0.000606356
0.000712407
0.000849524
0.00184797
0.000924607
0.000440122
0.00742688
0.000594366
0.000657408
0.00183866
0.000877296
0.00158326
0.000919871
0.00104192
0.000855504
0.00214559
0.000968939
0.000362556
0.000832737
0.000928038
0.000815918
0.000691178
0.000484217
0.0012976
0.000730929
0.000588058
0.000587789
0.000694819
0.00203758
0.00191051
0.0013372
0.00121712
0.000319169
0.00175814
0.00153127
0.00114127
0.00192819
0.00042203
0.00093436
0.000443109
0.00186272
0.000673784
0.000797674
0.000671599
0.00125837
0.000664808
0.000528295
0.00260299
0.00195921
0.00133437
0.00119502
0.00113786
0.000425628
0.00108758
0.000506216
0.000435025
0.000951503
0.000600436
0.000191823
0.0022794
0.00104351
0.00109782
0.00114667
0.000341562
0.0011832
0.000191506
0.00115398
0.000902269
0.00144045
0.000532505
0.000374677
0.000823792
0.000523792
0.000832734
0.00087435
0.00448864
0.00120279
0.00121474
0.0191187
0.000594152
0.000520262
0.000657461
0.000521382
0.00233059
0.000834501
0.00125443
0.000927665
0.000534259
0.000792923
0.000470615
0.00129926
0.000849535
0.00104999
0.00123011
0.000798505
0.00120893
0.000605653
0.000927752
0.000968643
0.000969449
0.00129742
0.0115006
0.00240058
0.000575053
0.000433439
0.000685316
0.000696402
0.000348545
0.000413721
0.00109546
0.000436052
0.000432203
0.000519355
0.000672074
0.00145698
0.00402859
0.000659916
0.000803025
0.0011001
0.000890926
0.000894299
0.00120703
0.00140996
0.000453733
0.000621419
0.0011454
0.0012493
0.000917196
0.00110684
0.000939555
0.00105567
0.00829532
0.000781652
0.000611463
0.000418916
0.000693503
0.000786692
0.00091409
0.000600212
0.00207704
0.00209839
0.000711641
0.000392743
0.000381753
0.00437472
0.00129905
0.00141818
0.00107712
0.000402111
0.00127067
0.000555274
0.000660759
0.000449143
0.000724442
0.00173469
0.00163322
0.000417122
0.00383124
0.000917997
0.0013157
0.000661784
0.00247025
0.000299048
0.00083829
0.000814383
0.000964098
0.00130802
0.000657668
0.000503662
0.000460281
0.000935493
0.000434825
0.000939443
0.00229493
0.0011289
0.00078472
0.000551931
0.00090913
0.000752418
0.00163398
0.00118427
0.00107204
0.00133042
0.00106649
0.000363661
0.000581421
0.00088156
0.000374506
0.000256086
0.000899929
0.000957674
0.000502799
0.000286268
0.000835696
0.0012209
0.000807567
0.000716991
0.000771534
0.000716713
0.000917876
0.000383726
0.000555072
0.000515859
0.00545911
0.00127154
0.00161822
0.00106082
0.000667784
0.00114841
0.000534241
0.00160443
0.00132523
0.000568219
0.00120749
0.000981826
0.000447296
0.000785358
0.000782549
0.000300209
0.00110336
0.00108106
0.00160966
0.00078584
0.00375189
0.00132368
0.00113178
0.000866624
0.00238349
0.00108607
0.000410205
0.00495029
0.000553537
0.000244305
0.000523169
0.000604195
0.00153573
0.00059454
0.00175053
0.000771967
0.00145924
0.00110543
0.000668973
0.000621583
0.000636904
0.000523664
0.000434515
0.0019495
0.000780513
0.000558775
0.000689018
0.000565489
0.000193132
0.000809328
0.000566911
0.00067691
0.000579667
0.000672164
0.000787753
0.00117789
0.000219593
0.00124398
0.000786919
0.000896293
0.000831402
0.000893325
0.00153674
0.000411175
0.00129099
0.000737215
0.00110816
0.000247898
0.000811574
0.000724641
0.00181048
0.00131467
0.000428195
0.000578906
0.000870807
0.000508556
0.000400079
0.00132417
0.000564555
0.000848053
0.00141174
0.000582132
0.000665538
0.00144376
