0.00142346
0.000736683
0.0020886
0.00125549
0.0012578
0.00169659
0.00220106
0.00129726
0.00597789
0.00179025
0.00119685
0.00122557
0.000742931
0.00127966
0.00181567
0.00114691
0.00154296
0.00208218
0.000736264
0.00142598
0.000976717
0.000693349
0.000457478
0.000767856
0.0035685
0.00130022
0.00163189
0.000494259
0.00113811
0.0019051
0.00123537
0.00163117
0.000245464
0.000272977
0.00141267
0.00137956
0.00162023
0.000649945
0.000952525
0.000888313
0.00112766
0.000824142
0.00101131
0.00205886
0.00170506
0.00266985
0.00101065
0.00159668
0.00143145
0.0020504
0.000864415
0.00263058
0.00156328
0.00133463
0.001932
0.000297357
0.00157473
0.000874377
0.00106089
0.00153787
0.00151883
0.00129549
0.0013987
0.00151273
0.0005826
0.00129329
0.00253931
0.00118324
0.00140412
0.00106562
0.000558349
0.000933714
0.000955313
0.00103857
0.00144733
0.001304
0.000608936
0.000736442
0.000267291
0.00090416
0.00110153
0.000881903
0.00148889
0.00146363
0.000536434
0.00076438
0.00112863
0.00130104
0.00151167
0.00167846
0.00177366
0.000825729
0.000609658
0.00155295
0.00183638
0.00173951
0.00100967
0.000963888
0.000570736
0.000766791
0.00118919
0.00151546
0.0016178
0.00105944
0.00116283
0.00249857
0.00174181
0.00103664
0.000775236
0.00118388
0.0022099
0.00317252
0.000814169
0.000700878
0.000760336
0.00105188
0.000990251
0.00270881
0.00215614
0.00100557
0.00113298
0.00055445
0.00108406
0.00161248
0.00450883
0.00103709
0.00149957
0.00169469
0.000865726
0.00103953
0.000936448
0.00542492
0.00208824
0.00209348
0.000904288
0.00221075
0.000918482
0.00106816
0.0010687
0.0015743
0.00162763
0.00136652
0.00071302
0.00131075
0.000918616
0.0017363
0.00105643
0.000388332
0.000928771
0.00101247
0.00130268
0.00157334
0.00030823
0.00129599
0.000791957
0.00151316
0.00128642
0.00100615
0.00140795
0.000384714
0.00115948
0.00107626
0.00137111
0.000930827
0.00104945
0.00186525
0.00123121
0.00231134
0.0028942
0.00166327
0.00111977
0.00109713
0.0014264
0.00232286
0.00131543
0.00222745
0.00549259
0.0343108
0.000864665
0.00166108
0.000950426
0.000356397
0.00145185
0.00101612
0.00196093
0.00188226
0.0158954
0.00123202
0.00103534
0.000958592
0.000882155
0.000822269
0.00400777
0.00294092
0.00155288
0.0011048
0.000866562
0.00211329
0.000284184
0.00105244
0.000710263
0.00121028
0.000918162
0.00126723
0.000571713
0.00070112
0.000504799
0.00103797
0.00160456
0.000715573
0.000863175
0.0018309
0.00100583
0.00117288
0.000309251
0.000826418
0.00155633
0.00199375
0.000698704
0.00112405
0.00212222
0.00141031
0.00192318
0.00124139
0.00116805
0.00193727
0.000828065
0.00225368
0.000826507
0.00360002
0.0012236
0.00100281
0.001001
0.000743319
0.000905032
0.00243692
0.00115527
0.00141182
0.00191967
0.000996363
0.00116812
0.00839574
0.000952776
0.00194265
0.000397224
0.00196448
0.00178501
0.000963604
0.000646047
0.000959361
0.000775746
0.00209781
0.00105083
0.00110622
0.000710569
0.000855254
0.00133179
0.000540123
0.000764258
0.000915513
0.00101675
0.00160576
0.00159362
0.00174636
0.00132855
0.00182341
0.0112717
0.000789924
0.00128297
0.000521543
0.00143961
0.00149692
0.00158034
0.00107282
0.00409283
0.000733614
0.000613315
0.000861709
0.00184357
0.000140374
0.000537852
0.0013991
0.000665516
0.00217544
0.00174602
0.0011496
0.00224456
0.000824208
0.00154438
0.00414072
0.00284304
0.000875267
0.000949612
0.00142443
0.00161945
0.00110318
0.00166225
