0.00128282
0.00895749
0.00029139
0.000426164
0.000826461
0.000735045
0.000961626
0.000329003
0.000776928
0.000822021
0.00301087
0.000508272
0.000754648
0.000186074
0.000894761
0.000390204
0.000452314
0.000636328
0.00861686
0.000819013
0.000514758
0.000349535
0.000739739
0.000202008
0.000581498
0.00140959
0.000735028
0.000399703
0.000406982
0.000313572
0.00105509
0.000350435
0.000591146
0.00136741
0.000778731
0.00119041
0.00102433
0.0005279
0.000502524
0.000822513
0.00039331
0.0182689
0.0014037
0.00117138
0.000648791
9.64193e-05
0.000932748
0.000511748
0.000963513
0.00165135
0.000505659
0.00135171
0.00107596
0.00494792
0.00162049
8.81848e-05
0.000327326
0.000790972
0.000899301
0.014495
0.000896835
0.000969269
0.000344599
0.000675415
0.000774632
0.000600345
0.000685625
0.000393187
0.000609303
0.00060147
0.00046096
0.000671083
0.00464016
0.00105198
0.00124313
0.000901122
0.00172531
0.000815323
0.00212333
0.00102729
0.000612254
0.000716834
0.000392719
0.000819083
0.00115341
0.000487586
0.000460929
0.000792474
0.00043792
0.000667577
0.00161973
0.00112813
0.000423739
0.000720028
0.000667192
0.000638544
0.00103491
0.00118335
0.000717175
0.000738501
0.000816058
0.0012102
0.00068527
0.000328171
0.0076557
0.000891535
0.000221775
0.000587047
0.000472569
0.000618984
0.000321532
0.000809342
0.000672341
0.00213378
0.00198463
0.000422329
0.00074475
0.000560933
0.000779458
0.000688087
0.000396614
0.00083217
0.000925035
0.000787411
0.00036224
0.00109287
0.000678304
0.000487405
0.00175254
0.000680523
0.00114861
0.000763157
0.00050524
0.00239719
0.000727829
0.00051081
0.000837997
0.00392297
0.000364791
0.000636174
0.00154912
0.000646814
0.000243413
0.000469574
0.000437511
0.00134679
0.00128423
0.000421759
0.000499446
0.000655196
0.000583795
0.000960448
0.000479391
0.000490807
0.000452265
0.000691509
0.000424857
0.000308157
0.000638325
0.000755602
0.00032384
0.000815607
0.000983961
0.00127108
0.00390177
0.000780787
0.000751081
0.000454809
0.00115007
0.000695316
0.000818907
0.00121614
0.000494262
0.00100175
0.0011401
0.0013522
0.00045595
0.00125542
0.000780737
0.000224112
0.000484799
0.0010779
0.000307818
0.00255848
0.000763482
0.000579785
0.000572876
0.000683718
0.000835831
0.00236623
0.00026889
0.00106633
0.000322287
0.00679837
0.000762359
0.00110573
0.00124586
0.00531758
0.000430113
0.000698131
0.000203871
0.00202906
0.00136613
0.00159366
0.000413927
0.00116752
0.000822702
0.000670876
0.000883396
0.000924389
0.00106981
0.000282072
0.000413522
0.00161991
0.000731233
0.000672027
0.000654357
0.000512091
0.000781559
0.00102176
0.000589585
0.0010096
0.000684015
0.000473534
0.000484656
0.000517346
0.000350946
0.000820009
0.00156761
0.000325803
0.000406635
0.00100817
0.000185025
0.000576558
0.000843887
0.000468847
0.000537533
0.00068052
0.00044884
0.00111542
0.000837891
0.000952427
0.000740297
0.0031868
0.000388399
0.000202523
0.00159587
0.000631028
0.000769582
0.000906504
0.000548257
0.000497331
0.000274049
0.000700863
0.000729655
0.00419329
0.000311358
0.000428649
0.000319928
0.00139231
0.000934088
0.000503748
0.000439578
0.000753755
0.00578479
0.000594916
0.00225214
0.029178
0.00030715
0.000492203
0.00360676
0.000667892
0.00057641
0.000551324
0.000433242
0.00088364
0.000728386
0.00118063
0.000255396
0.000586497
0.000238688
0.000700941
0.000476808
0.000760275
0.000547408
0.00111771
0.000373621
0.000340125
0.0023472
0.000616683
0.000351549
0.000411075
0.000817751
0.000702174
0.000896551
0.000398487
0.000285047
0.00128181
0.000604161
0.000464868
0.000537271
0.00188861
0.00381127
0.000401374
0.000844268
0.000656019
0.000727981
0.00111718
0.000522492
0.000625342
0.000422908
0.00229203
0.000643939
0.000325818
0.00080107
0.00121105
0.000676476
0.00164717
0.00117307
0.000657431
0.000787773
0.000819772
0.00100741
0.000573044
0.000601193
0.00114453
0.000835917
0.000844976
0.000225835
0.000430949
0.000678087
0.000756039
0.00045855
0.00133133
0.000705802
0.000429609
0.000358431
0.000137143
0.000652513
0.00052198
0.0020131
0.000719859
0.000329085
0.00062472
0.000802578
0.0012973
0.000198942
0.000962362
0.000937761
0.00064011
0.000916663
0.000727816
0.00109862
0.000513375
0.00608802
0.000636737
0.000216641
0.000746786
0.00137054
0.000408583
0.00069871
0.000621536
0.00282684
0.00132631
0.00113637
0.000356354
0.000600236
0.000464736
0.000908252
0.000422419
0.000534959
0.000567852
0.000508386
0.0010323
0.00109283
0.000422562
0.000739085
0.00280946
0.000633392
0.00122944
0.000526378
0.000510041
0.00140048
0.0006162
0.000153575
0.000605608
0.000595894
0.00103197
0.00174154
0.000814002
0.000715985
0.000228143
0.000472139
0.00138524
0.000801509
0.000736361
0.000512631
0.000702605
0.000672288
0.00132504
0.000894674
0.0007087
0.000835487
0.000348294
0.000330418
0.000577128
0.000386526
0.000936275
0.000300908
0.00093978
0.000757789
0.000248662
0.000563252
0.000840713
0.000706013
0.000996356
0.00032372
0.000954681
0.000902993
0.000483717
0.000907712
0.000443414
0.000723805
0.00171712
0.00101134
0.000424365
0.000629365
0.000381413
0.00050172
0.0137138
0.00118376
5.51759e-05
0.000725507
0.00051295
0.000517768
0.000208714
0.00036813
0.000542706
0.00101275
0.00124935
0.000619293
0.000604457
0.000650281
0.00269103
0.00574902
0.00591864
0.000548066
0.000831888
0.000238508
0.000731126
0.00160428
0.00125844
0.00115658
0.000688109
0.000254113
0.000438556
0.000742258
0.000783354
0.00123266
0.00054488
0.000308345
0.000556616
0.00103089
0.000890979
0.00109113
0.0021247
0.00102436
0.00350422
0.000311387
0.000334459
0.000527614
0.00127188
0.000730077
0.000456915
0.000709292
0.000584074
0.00097464
0.0010782
0.00256508
0.000129081
0.000811033
0.000899011
0.00132192
0.000907696
0.000392738
0.00147442
0.000703032
0.000560914
0.000565757
0.000476239
7.94097e-05
0.000806956
0.000646696
0.000652543
0.000222519
0.000450601
0.000773228
0.000903391
0.00038394
0.000429671
0.00244317
0.00119231
0.000269688
0.000672688
0.00125397
0.000601422
0.000623985
0.000513653
0.00036486
0.000820029
0.000587284
0.00138689
0.00111615
0.000779281
0.000431174
0.00051206
0.000254333
0.00081243
0.000791466
0.000898666
0.000383623
0.000397842
0.00143304
0.000660756
0.000738505
0.000895192
0.00122246
0.000183528
0.00152076
0.000145733
0.000971997
0.00709206
0.000362628
0.000823927
8.06661e-05
0.000633164
0.000895923
0.000411511
0.000415684
0.00054632
0.000922926
0.00111646
0.00131606
0.000616034
0.00051586
0.0132355
0.00039936
0.000492755
0.00043244
0.000949843
0.000715395
0.00106311
0.00031906
0.000724855
0.000438847
0.000689449
0.00652013
0.0013272
0.000672876
0.000630141
0.00182096
0.000939534
0.000436663
0.00260502
0.00171531
0.000452972
0.000227013
0.00333859
0.000458275
0.0006625
0.000710304
0.000550768
0.000433152
0.000739686
0.00131197
0.00101634
0.000544784
0.000479466
0.000459704
0.000798622
0.00063684
0.000832535
0.000354487
0.000749765
0.000988689
0.00066921
0.000594322
0.000431272
0.000640859
0.000532364
0.00131261
0.00065011
0.000993888
0.000743196
0.000456692
0.000977803
0.000451203
0.000209338
0.000612481
0.000639305
0.000405819
0.000632234
0.000642971
0.00482145
0.001024
0.0012056
0.000564801
0.000516449
0.000679872
0.00095194
0.000649955
0.000511491
0.000445739
0.00164073
0.000513517
0.000816078
0.000995964
0.000373512
0.00104078
0.0025688
0.000787988
0.000499253
0.000441259
0.00102753
0.000441444
0.000488705
0.000688911
0.000785313
0.000508059
0.00124753
0.00073458
0.00054942
0.000852767
0.000626533
0.000512557
0.00055636
0.000301512
0.000469343
0.000719882
0.000608502
0.000234347
0.000842191
0.000627963
0.000698788
0.0010509
0.00132713
0.000345068
0.000684406
0.000655129
0.000750848
0.000352374
0.000830915
0.0142333
0.00324483
0.00133976
0.000451745
0.000566257
0.00251331
0.00130418
0.000439776
0.00162014
0.00316699
0.00348174
0.000414285
0.000805214
0.000427909
0.000968348
0.00118893
0.00243951
0.000335387
0.000484037
0.000406387
0.000706626
0.00129216
0.000404465
0.0135587
0.00111055
0.000428236
0.000739984
0.000862988
0.000300254
0.000247287
0.000777826
0.000511288
0.00134051
0.000439825
0.000233985
0.000795264
0.000638765
0.00120302
0.000525751
0.000931339
0.00053339
0.00061754
0.000754647
0.000673861
0.000345407
0.000538966
0.000835391
0.00130865
0.0021052
0.00047037
0.000546837
0.000703951
0.00139322
0.000599699
0.000452652
0.00146364
0.000595053
0.000921991
0.000282006
0.000997624
0.000688671
0.000443325
0.000781944
0.00073947
0.00109255
0.000863768
0.000453139
0.0001776
0.00146331
0.00101375
0.000789615
0.00017005
0.000529422
0.000761466
0.00125295
0.000552289
0.000826596
0.000667561
0.00050123
0.00065053
0.000818147
0.00129957
0.000667409
0.000630428
0.000929252
0.000511974
0.00102709
0.000576134
0.00315461
0.000771139
0.000483749
0.000416086
0.00118889
0.000775914
0.000654577
0.000876183
0.000676032
0.000623144
0.00116678
0.00070711
0.00253917
0.000442659
0.00148278
0.000809104
0.000464802
0.000877467
0.000838246
0.000787357
0.000562426
0.000446678
0.000819699
0.000667266
0.00082538
0.000651559
0.00049813
0.000199772
0.000303055
0.000734459
0.000908176
0.000862775
0.00163528
0.00150166
0.000768901
0.00257816
0.00321899
0.000255507
0.00131457
0.00127058
0.000554825
0.00332129
0.000564617
0.000661145
0.000933934
0.000506599
0.00052827
0.00103056
0.000621982
0.00271153
0.000974799
0.00102869
0.000626337
0.000764878
0.000261304
0.00177552
0.000567787
0.000343602
0.000301129
0.000615764
0.000733956
0.00510711
0.00108624
0.000125792
0.00189088
0.00238865
0.000394397
0.000990866
0.000667783
0.000705669
0.000349195
0.000815826
0.00121937
0.000716422
0.000438616
0.00114084
0.000514897
0.000300702
0.000334549
0.000514777
0.00128692
0.00086432
0.00192851
0.000643166
0.00165984
0.000739451
0.000532224
0.000651587
0.000490448
0.000626505
0.000798268
0.00052614
0.000476834
0.000926372
0.000401499
0.000738893
0.00154281
0.00179259
0.000815103
0.000474334
0.00104274
0.000432828
0.000309844
0.000958889
0.000436857
0.000497055
0.000849323
0.0229778
0.000849275
0.000178425
0.00555874
0.000506335
0.00138749
0.000500856
0.000735
0.000497672
0.00229581
0.00063096
0.00104071
0.000576857
0.00126637
0.000832359
0.00075014
0.00328051
0.00124964
0.000272936
0.000609413
0.000713183
0.00167724
0.000543665
0.00122662
0.00100739
0.00118292
0.000457633
0.000838391
0.000517326
0.000862152
0.00172517
0.00147685
0.000637747
0.00186766
0.000709614
0.000881018
0.000623851
0.00050361
0.00157506
0.00117171
0.0010524
0.000533262
0.000775069
0.000969586
0.000334865
0.000651815
0.00119471
0.000867718
0.000835206
0.00171811
0.000234566
0.00111736
0.000807194
0.000791176
0.000381732
0.00878775
0.000779388
0.000626565
0.000606249
0.000661449
0.00120282
0.00539631
0.00211239
0.000488506
0.00063076
0.000854755
0.000505888
0.000280375
0.00129889
0.000776787
0.000672046
0.00208444
0.000645464
0.000683081
0.000429753
0.000596693
0.00130711
0.00022548
0.00167846
0.000959125
0.000342064
0.00062477
0.000762213
0.0003341
0.000938997
0.00648324
0.000896289
0.000983522
0.000667425
0.000371328
0.000991466
0.000278971
0.00194405
0.00132849
0.000647637
0.000580745
0.000852948
0.00125632
0.000901825
0.000340018
0.00032173
0.00154333
0.000472743
0.000895246
0.00044235
0.000306238
0.000776442
0.000682816
0.000563736
0.000479942
0.000416195
0.000680709
0.00134944
0.000825631
0.000380287
0.000759539
0.000375792
0.000789487
0.00109248
0.000132554
0.000301823
0.00197681
0.00116353
0.00172838
0.000853836
0.000845661
0.000361714
0.00180105
0.00174827
0.000928336
0.000448906
0.000536069
0.000442424
0.000307222
0.000569712
0.00106577
0.000804772
0.00075457
0.00188255
0.000499618
0.000207346
0.00397155
0.000791663
0.000179457
0.000389036
0.000211005
0.00036627
0.0011251
0.000685613
0.000763481
0.000377132
0.000370971
0.00160262
0.00101824
0.000535725
0.00117017
0.00187384
0.00625832
0.000275287
0.000499377
0.000992522
0.000855058
0.000761761
0.000535329
0.00104975
0.000448766
0.000589269
0.000363114
0.000490573
0.00087595
0.00079203
0.000290702
0.000359101
0.000616074
0.000754023
0.000851269
0.000781636
0.000446978
0.00426896
0.00102698
0.000432301
0.000486612
0.000575397
0.00059021
0.0003494
0.000533436
0.000887353
0.000474093
0.00239332
0.000525668
0.00159951
0.000351615
0.000340419
0.000338735
0.000471562
0.00082959
0.00145185
0.00292552
0.000519217
0.000552167
0.0014178
0.00065968
0.00180377
0.000334839
0.00106255
0.00073088
0.000585889
0.000650765
0.000432573
0.000883803
0.000593137
0.000273176
0.00100814
0.000109661
0.000416873
0.000805639
0.00123757
0.000524998
0.00062419
0.00055532
0.000435184
0.000567564
0.00140494
0.0003121
0.000588714
0.00143576
0.000697895
0.000771627
0.000937141
0.000659544
0.000542386
0.0015872
0.00106365
0.00627833
0.00076583
0.000885842
0.000751142
0.000937444
0.00220954
0.000190529
0.00132031
0.000484447
0.000608095
0.000435074
0.000231602
0.000511754
0.000708513
0.000498195
0.0030492
0.000866438
0.000333305
0.000794609
0.000848647
0.000688212
0.00152968
0.00129005
0.000385984
0.00146572
0.000931542
0.000992984
0.00081792
0.000975136
0.00063555
0.000808348
0.000758639
0.000252476
0.00060574
0.000890122
0.00669204
0.000610431
0.000728405
0.000646474
0.000263661
0.000504206
0.000491143
0.000273024
0.000593654
0.000848667
0.000824355
0.000978994
0.000995486
0.000418967
0.000519827
0.000554231
0.00130981
0.000524107
0.000412803
0.0100519
0.000986844
0.000530208
0.000579701
0.000411846
0.000663291
0.000657115
0.000633771
0.000529605
0.000659012
0.000851379
0.000502394
0.00105145
0.000353861
0.00109549
0.00128062
0.00948052
0.000369736
0.00085939
0.000708298
0.000464901
0.000458654
0.000559623
0.000380915
0.0010919
0.000278373
0.000762821
0.000280143
0.000394233
0.000567187
0.000800873
0.000692043
0.000458482
0.000296865
0.00183249
0.000358718
0.000591656
0.000588694
0.000952374
0.00079603
0.00130511
0.000795608
0.000768542
0.000647954
0.000751031
0.000308261
0.000579327
0.000491591
0.000532965
0.000749526
0.000196614
0.000740792
0.00156819
0.00108453
0.000397526
0.000622363
0.00209592
0.000422003
0.00122978
0.000841245
0.00214337
0.000850258
0.000591481
0.000580407
0.000225187
0.000609206
0.000551953
0.000319695
0.0021848
0.000726862
0.000727565
0.000401673
0.000472187
0.000603928
0.00320851
0.000847436
0.000272259
0.000480389
0.000347499
0.00096001
0.000356914
0.000846917
0.000657939
0.000541186
0.000622265
0.00068307
0.00141758
0.0010555
0.00121982
0.000619954
0.0014272
0.00172805
0.000772361
0.000258713
0.00106735
0.000431393
0.000748325
0.000767717
0.00052226
0.000628838
0.00113029
0.00116077
0.000428099
0.000908952
0.000747654
0.000652777
0.000638359
0.000587788
0.00035016
0.000780511
0.000892797
0.000250344
0.000968726
0.000492761
0.00121491
0.000620185
0.000684535
0.000978739
0.00127724
0.00318219
0.00106517
0.000484731
0.0011858
0.000459789
0.00033041
0.00205897
0.000709787
0.000476823
0.000639643
0.00105847
0.000534587
0.000362901
0.00146438
0.000813659
0.000612884
0.00176112
0.000369471
0.000550473
0.000518055
0.000591206
0.000326104
0.0045944
0.000459153
0.000616864
0.000287875
0.000521292
0.000557742
0.000482759
0.00223084
0.000717257
0.00286438
0.000603869
0.000855915
0.000622205
0.00169131
0.000425274
0.00163718
0.000494824
0.000921629
0.000489416
0.000661705
0.00057253
0.000352546
0.000372497
0.00102044
0.000772242
0.000237827
0.00243122
0.000808918
0.000911456
0.000927091
0.0018916
0.000400303
0.000766365
0.000623369
0.000331655
0.000676421
0.000522311
0.000682756
0.000637209
0.000627698
0.000431746
0.00024105
0.000438125
0.000734474
0.00174983
0.001051
0.000971642
0.000441407
0.00121561
0.00106325
0.00042738
0.000409089
0.000627285
0.00053702
0.000318474
0.0001834
0.00102555
0.000401617
0.000429354
0.000520146
0.0019415
0.000334709
0.000566993
0.000669381
0.00293772
0.000650697
0.000717734
0.000902938
0.000530102
0.000888842
0.0014264
0.000414519
0.000435101
0.000603489
0.00152901
0.000602158
0.000671916
0.00106776
0.000805788
0.0016114
0.000660112
0.000401586
0.000166803
0.000632736
0.000955483
0.000323308
0.0007149
0.00111504
0.000366871
0.00052301
0.00353262
0.000670736
0.0019661
0.000482623
0.000512737
0.000477989
0.000414419
0.00124412
0.000898502
0.000191992
0.00103843
0.000742343
0.000531858
0.000463539
0.000345693
0.000562474
0.000434821
0.000541233
0.000275756
0.0010813
0.00068663
0.00142629
0.00164465
0.000632474
0.000718122
0.000560433
0.00025722
0.000452463
0.000677673
0.0016595
0.000497759
0.000569713
0.00104674
0.000662341
0.000632808
0.000126724
0.00126193
0.000545102
0.00116268
0.000825485
0.000373616
0.000638585
0.00089404
0.000553383
0.000561177
0.00102941
0.000558361
0.000519197
0.000825809
0.000611039
0.000355407
0.00264781
0.000720976
0.000342647
0.00101257
0.00049977
0.000303088
0.000845121
0.000634193
0.0011983
0.00084958
0.000467308
0.000802009
0.000542649
0.000725216
0.00103409
0.00049593
0.000451318
0.000245457
0.000308021
0.000811258
0.000774822
0.000746687
0.000517376
0.000534427
0.00200465
0.000781564
0.000211275
0.000871107
0.000418731
0.000675286
0.000213423
0.000328906
0.000980321
0.00115586
0.00118002
0.000668213
0.000454716
0.000997605
0.000110609
0.000457178
0.00208347
0.000528889
0.000293436
0.00048284
0.000311927
0.00206978
0.000974068
0.00096303
0.000371979
0.000637195
0.000681206
0.00291846
0.000447585
0.00177073
0.000913502
0.000983872
0.000295325
0.00055359
0.00635355
0.000635652
0.00271921
0.000583244
0.000642367
0.000550458
0.000346292
0.00311551
0.00103752
0.000910673
0.000565139
0.00197501
0.000755948
0.000780888
0.000595575
0.000197128
0.000734148
0.000281238
0.000788139
0.000750272
0.000510159
0.00136487
0.000613976
0.000206639
0.000629447
0.000538404
0.000776179
0.000895874
0.000804188
0.000258683
0.000575865
0.000295272
0.000509202
0.000948199
0.00153895
0.00045395
0.000444527
0.00109241
0.000676823
0.000617961
0.000767335
0.000398255
0.00183771
0.000418941
0.00158816
0.000105608
0.000581804
0.00103652
0.000479788
0.000589611
0.000568052
0.000593633
0.0030694
0.000564691
0.000756917
0.000703504
0.000793074
0.000575815
0.000298606
0.000272493
0.00126222
0.000732535
0.000411886
0.000393124
0.00056436
0.0001136
0.000633559
0.000348218
0.000273584
0.000999637
0.000150219
0.000806715
0.000369464
0.00151641
0.000873561
0.000840869
0.000859703
0.0011787
0.000667531
0.00106995
0.000523913
0.000388527
0.00042615
0.00114323
0.000764088
0.00164742
0.00137844
0.000603289
0.000499357
0.00107239
0.000724638
0.000946797
0.000436443
0.000372088
0.00138359
0.000210621
0.000241903
0.000365871
0.00159837
0.000466105
0.000991592
0.00471251
0.000486172
0.000198153
0.00068322
0.000316572
0.000732304
0.000198007
0.000914344
0.00103252
0.000647768
0.000836171
0.000885026
0.000579558
0.000471743
0.00248803
0.000407706
0.00078819
0.00197775
0.000623182
0.00101173
0.000595814
0.000867902
0.00123273
0.000464888
0.00117695
0.000376023
0.000562426
0.00145944
0.000914817
0.000304579
0.00545183
0.000319797
0.00198954
0.00109773
0.000514905
0.00042896
0.00020574
0.00105339
0.000553546
0.00065552
0.000826437
0.000558029
0.000362185
0.00207011
0.000967416
0.00114943
0.00053017
0.000555086
0.000188866
0.000854702
0.000846435
0.000721818
0.00231359
0.0031262
0.000818452
0.000366532
0.000879954
0.000909092
0.00020918
0.000720578
0.00116087
0.000876474
0.000678085
0.000365968
0.00154384
0.000476781
0.00042495
0.00130754
0.000712816
0.000683393
0.000449564
0.000589476
0.000594743
0.000326827
0.000799386
0.000660651
0.000472575
0.0026566
0.00105933
0.000485958
0.00068803
0.000881736
0.000539401
0.000632906
0.00116908
0.00145397
0.000553803
0.000707406
0.00160532
0.00356629
0.00374759
0.000540583
0.000976264
0.000774626
0.00130807
0.000326541
0.00129143
0.000445309
0.00123448
0.000210529
0.0023629
0.000775431
0.00287411
0.00112809
0.000921492
0.000709683
0.000842183
0.00154087
0.000590387
0.000632579
0.000957522
0.00044712
0.000447147
0.000621961
0.000756059
0.000329253
0.00276567
0.000344165
0.00118411
0.000958757
0.000511254
0.000396889
0.000557715
0.000786087
0.00493439
0.000384948
0.00054472
0.000356818
0.00113498
0.000467292
0.000115495
0.00101672
0.000505722
0.00079742
0.00081058
0.000513797
0.000886279
0.00166019
0.00101879
0.000773873
0.00100233
0.000564588
0.000258033
0.000229164
0.000721521
0.000902988
0.00205138
0.000867179
0.000480739
0.00145603
0.00115212
0.000661331
0.000751053
0.00141026
0.000576353
0.000754776
0.00100826
0.000203163
0.00152753
0.000607809
0.00192419
0.00109162
0.000913852
0.00121603
0.00202743
0.000559137
0.000661831
0.000661466
0.000738183
0.000479565
0.00117592
0.000139901
0.00103942
0.000230738
0.00083477
0.000802462
0.00052297
0.000360864
0.000382775
0.000810059
0.000602691
0.000401211
0.000764745
0.000669235
0.000386596
0.000607269
0.000135041
0.000408583
0.000806949
0.000839875
0.000543519
0.00105585
0.000627602
0.000993529
0.000772426
0.000455865
0.000676538
0.000408119
0.000655721
0.00112734
0.00052943
0.000766756
0.000895226
0.000387802
0.00124333
0.00121963
0.000605599
0.000418281
0.000335938
0.0012301
0.000601623
0.00103774
0.000686293
0.00280067
0.000360628
0.0018459
0.000546081
0.000767743
0.000674107
0.000231872
0.000259192
0.000433712
0.00167378
0.000787634
0.00149033
0.000522898
0.000666808
0.00651009
0.000256595
0.00062507
0.000278031
0.000932689
0.00182505
0.0010387
0.000612433
0.000646243
0.000296224
0.000649647
0.000684155
0.000755217
0.000455962
0.00033605
0.00210595
0.00013362
0.000676756
0.000736107
0.0009886
0.00117753
0.00107381
0.000194332
0.000512303
0.000538857
0.000417333
0.000335211
0.000406953
0.000458736
0.00081838
0.00305927
0.000815123
0.000352292
0.00698695
0.000513631
0.000421761
0.000631227
0.000501845
0.00187318
0.00106195
0.000523516
0.00090863
0.000429661
0.010403
0.000990123
0.000741849
0.000557466
0.00468137
0.000228796
0.000438588
0.000747559
0.000663802
0.000457515
0.000553209
0.000509146
0.000830947
0.000640571
0.00139148
0.000380976
0.000414742
0.000282964
0.000545264
0.000895406
0.000336502
0.00109651
0.000607188
0.00027704
0.000557387
0.000623291
0.00105975
0.000559454
0.000299189
0.00111533
0.000835571
0.000247083
0.000693833
0.000633134
0.000639793
0.000527145
0.000564498
8.09232e-05
0.00034833
0.000897537
0.000626681
0.00050856
0.000572501
0.000530306
0.00144221
0.000215298
0.000761895
0.000849327
0.00126793
0.00117392
0.000156297
0.000637471
0.014752
0.000245167
0.000994026
0.00055928
0.000296361
0.000528185
0.000843853
0.000612847
0.000971358
0.0009606
0.000958153
0.00121351
0.000274954
0.000406771
0.000326425
0.000499433
0.000522373
0.00132602
0.000860272
0.00113757
0.000758049
0.000673151
0.000511544
0.00239036
0.000864305
0.000618921
0.000266687
0.000713459
0.000579446
0.000939035
0.00127032
0.000923074
0.000417485
0.000724908
0.000403016
0.00254227
0.00108238
0.00117063
0.000507323
0.000425133
0.000596944
0.00169411
0.000501895
0.00059895
0.00433265
0.000608322
0.00059921
0.000435106
0.000462143
0.000304627
0.00221403
0.00121607
0.000710138
0.000117081
0.000748042
0.00494863
0.00140776
0.00156589
0.00193836
0.00145963
0.000723779
0.00481357
0.0011231
0.00103822
0.000639003
0.000624828
0.000395591
0.00019598
0.00075156
0.00165958
0.000846234
0.000968779
0.00103895
0.0012263
0.000671806
0.000271479
0.000572554
0.000383027
7.56475e-05
0.000764558
0.000708242
0.00138152
0.00168114
0.000374532
0.000896804
0.000917162
0.00125102
0.00058245
7.74749e-05
0.000862225
0.000649518
0.00181377
0.0010626
0.000213864
0.00057454
0.00196442
0.000501759
0.00322821
0.000601073
0.00696996
0.000276155
0.000768407
0.00217552
0.0097184
0.000936285
0.000300181
0.000757971
0.00114769
0.000621265
0.000489828
0.000215822
0.000936453
0.000467593
0.000773524
0.000679455
0.00073685
0.00400089
0.000597162
0.00270368
0.00100218
0.000351844
0.000702847
0.00843796
0.000413099
0.000453
0.000694236
0.000524102
0.000369845
0.000575374
0.000658235
0.000493002
0.000690237
0.00105629
0.000242167
0.000712299
0.000406027
0.000902296
0.000923812
0.000235566
0.000415408
0.000396575
0.00188833
0.000381108
0.00180993
0.000970635
0.00203055
0.000664416
0.000749129
0.000765381
0.000320068
0.000520374
0.000750206
0.000497535
0.000864318
0.000981355
0.000565893
0.000534983
0.000927563
0.000221307
0.000498333
0.000589725
0.000560063
0.000745777
0.0025282
0.000205539
0.0114923
0.00033659
0.000569802
0.000107907
7.74899e-05
0.00104798
0.0013046
0.000948785
0.000452683
0.000631512
0.000911974
0.000362445
0.000843163
0.000536846
0.000869377
0.000589415
0.000505462
0.00100738
0.00256199
0.000659355
0.000655411
0.00140085
0.000563902
0.000783376
0.000421413
0.000460229
0.000615738
0.000530225
0.000644791
6.99305e-05
0.00568012
0.000901434
0.000918461
0.00099335
0.000113529
0.00207999
0.000586042
0.000160892
0.00204453
0.000759686
0.000627833
0.000518975
0.000404748
0.00018434
0.00188328
0.000632522
0.0186205
0.000772752
0.000453885
0.000467944
0.00112492
0.000974487
0.000285896
0.00081949
0.00078608
0.000245268
0.000385367
0.00276279
0.000936792
0.00107359
0.000795439
0.000737239
0.00109365
0.000987304
0.000429555
0.000333001
0.000432337
0.000544483
0.000611298
0.00227115
0.00115261
0.000722923
0.00409631
0.000746454
0.000487274
0.00172367
0.000829706
0.000793152
0.000876756
0.000286793
0.00114317
0.00212217
0.000493969
0.000719235
0.000713205
0.00131398
0.000651754
0.00077222
0.00249935
0.00068585
0.00111314
0.000599146
0.000123305
0.00469973
0.00040726
0.000610435
0.000485656
0.000747065
0.00518024
0.00115176
0.0042316
0.000869784
0.000320459
0.000879191
0.000740029
0.00131806
0.000488237
0.000613716
0.00270771
0.000546897
0.00348334
0.000631854
0.00019625
0.000735388
0.00144688
0.00122452
0.000673281
0.000456595
0.000540226
0.000828515
0.000858881
0.000506123
0.000525678
0.000408913
0.000516911
0.000783847
0.000549194
0.000511318
0.00240834
0.000645938
0.000568201
0.000272348
0.000775016
0.00140468
0.000756915
0.00037847
0.00215619
0.0128164
0.000670705
0.000789414
0.000681509
0.000983931
0.000244326
0.000813577
0.000714079
0.00107479
0.000561456
0.000360712
0.000176534
0.000774944
0.00108496
0.000996714
0.000897317
0.000108202
0.000579467
0.000499409
0.000540751
0.000619433
0.000286664
0.000917339
0.000756732
0.00465247
0.000249937
0.000368921
0.000352899
0.000805872
0.000568694
0.000971057
0.000773729
0.000261008
0.00074257
0.000640967
0.000218084
0.00044667
0.000485038
0.000822678
0.000527712
0.000681133
0.000216108
0.000849191
0.000340906
0.000483121
0.000692404
0.0013639
0.000674437
0.000875974
0.00030154
0.00064328
0.000179173
0.000556597
0.000406546
0.00352483
0.00050116
0.000658183
0.000495433
0.000706853
0.000568514
0.000443672
0.000380413
0.000714183
0.00120912
0.00167072
0.000568615
0.000614934
0.000492122
0.000609513
0.000535282
0.000658104
0.000858379
0.000501755
0.00111376
0.00221037
0.00106115
0.00114304
0.000428666
0.000310134
0.000595612
0.000445188
0.00046435
0.000737096
0.000552331
0.000711873
0.000554916
0.00167091
0.000422841
0.0011171
0.00037579
0.000259432
0.000795992
0.00100943
0.000722316
0.000841507
0.000642926
0.00169997
0.000447876
0.000640574
0.000836293
0.000756624
0.000711532
0.000293447
0.00112881
0.00303817
0.000854635
0.000378405
0.00118079
0.00091552
0.000494061
0.00258912
0.000502662
0.0425662
0.000404287
0.000257418
0.000614285
0.000357072
0.00131103
0.000583985
0.000459148
0.000149774
0.000336809
0.0003783
0.000648142
0.00137037
0.000717285
0.00059233
0.000443356
0.000606888
0.000533853
0.000768232
0.000603459
0.000596404
0.000941914
0.00028915
0.000605399
0.00294743
0.00119407
0.00119707
0.000595042
0.000736735
0.000430433
0.000455502
0.00117708
0.000669202
0.000318528
0.00536842
0.000318911
0.00105907
0.000269034
0.00111355
0.00041183
0.000457647
0.000802957
0.000957564
0.000987786
0.000792829
0.000896568
0.000970598
0.00124067
0.000884602
0.00304044
0.0012419
0.000640161
0.000697772
0.00074616
0.000293067
0.000710802
0.00072025
0.000316714
0.000263594
0.00293694
0.000688638
0.000838287
0.00118497
0.000143547
0.000733112
0.000762291
0.0004819
0.000743947
0.00134475
0.000422883
0.000431042
0.00146122
0.00115579
0.000563899
0.00142099
0.000352327
0.000499543
0.000459664
0.00199944
0.000830548
0.00310012
0.000804843
0.000662864
0.00124035
0.000725323
0.000810403
0.000518214
0.000423311
0.000480931
0.00101615
0.000496098
0.00099826
0.000702771
0.000695366
0.000928355
0.00292924
0.00156123
0.000605114
0.000386805
0.00305935
0.000696893
0.000532742
0.000233981
0.000412466
0.000807391
0.000742092
0.000348875
0.000261528
0.000588801
0.000736448
0.00018984
0.000796157
0.000650117
0.000430167
0.000378277
0.00204851
0.00141598
0.00368436
0.000235631
0.000431519
0.000626433
0.000801581
0.000375121
0.000896599
0.000517813
0.000994311
0.000617921
0.00107965
0.000444264
0.000592809
0.000637189
0.000274937
0.00071999
0.00326709
0.000468126
0.00097614
0.000529858
0.000358694
0.000434865
0.00085594
0.000670584
0.000301072
0.000460358
0.338406
0.000504709
0.000812114
0.000613836
0.000376929
0.0004541
0.000333943
0.00293058
0.000334861
0.000639917
0.00164217
0.00045473
0.000451401
0.00052708
0.000449134
0.000127297
0.00160721
0.00103349
0.00951859
0.000835257
0.000343851
0.00433905
0.00188197
0.00095659
0.00343144
0.000882967
0.00104408
0.000834462
0.000654872
0.000371283
0.000799892
0.00279128
0.000770171
0.000394208
0.000890765
0.000617526
0.000605684
0.000253915
0.000404593
0.00164578
0.000615647
0.000370864
0.000840048
0.000367433
0.00169253
0.000909252
0.000245641
0.000414418
0.00064772
0.000820934
0.000393669
0.000770196
0.000717704
0.000426493
0.01159
0.000430491
0.000503625
0.00472648
0.000769287
0.00188449
0.000306029
0.000926626
0.00120931
0.000658789
0.0007897
0.000748534
0.00166189
0.000597945
0.000638972
0.00496909
0.000600791
0.000320825
0.000511318
0.00105975
0.00058154
0.000676542
0.000345569
0.000863785
0.000571677
0.00086529
0.000939761
0.000961172
0.00116934
0.000589037
0.000528452
0.00376578
0.000591794
0.000399294
0.00151068
0.000472871
0.000444523
0.00056047
0.000529354
0.00091855
0.000536374
0.00117408
0.00276921
0.00242118
0.000774315
0.000949453
0.000191747
0.000972149
0.000397122
0.000695067
0.00077679
0.000747709
0.000543963
0.00157178
0.000899598
0.000929221
0.000491277
0.00047858
0.000813366
0.000950749
0.000652173
0.000336143
0.000546078
0.000207357
0.00143679
0.000717522
0.000464635
0.000104103
0.00111551
0.000580272
0.000848663
0.00038468
0.00057304
0.000819793
0.00114519
0.000305128
0.000627031
0.00042349
0.00191923
0.00566801
0.00591416
0.000992904
0.000686612
0.00126438
0.000668545
0.000711845
0.000619245
0.000620783
0.000839883
0.000831144
0.000699695
0.000506134
0.000700352
0.000728523
0.0155199
0.0176004
0.00168282
0.000575135
0.000452998
0.00510575
0.00190327
0.00073469
0.0011786
0.000376051
0.000456442
0.000588064
0.000682155
0.00126402
0.000349368
0.000267908
0.000590767
0.00254368
0.000654499
0.000532682
0.00359598
0.000471912
0.000511849
0.000624311
0.000263503
0.00808535
0.00179179
0.00173242
0.000820195
0.000417135
0.000952061
0.000723705
0.000700122
0.00082272
0.000864605
0.000527704
0.000479107
0.00060605
0.000798832
0.000536743
0.000992123
0.000408289
0.00111393
0.00136758
0.000855999
0.00160708
0.000958206
0.000445327
0.000459338
0.000980502
0.000949371
0.000305599
0.000310333
0.000565574
0.000207131
0.000452491
0.000515062
0.00063543
0.000854898
0.000839836
0.000392286
0.000711514
0.00162889
0.00059538
0.00143321
0.000358943
0.0016258
0.000726182
0.000650925
0.000438118
0.000368161
0.000818143
0.00167878
0.000846681
0.000350371
0.000432771
0.000707711
0.000186997
0.0011467
0.00126287
0.000424671
0.000568654
0.00162961
0.00109946
0.000514698
0.000522901
0.000691089
0.00102298
0.00106507
0.0009128
0.000426307
0.000433443
0.000576523
0.000663447
0.000458405
0.000465505
0.000710123
0.0022895
0.000258399
0.00523661
0.000986109
0.000790719
0.000519448
0.000144853
0.000550413
0.000622952
0.00056363
0.000158689
0.000485497
0.000454431
0.000481779
0.000946702
0.000655539
0.000171003
0.0010651
0.00193041
0.000698126
0.000973423
0.00097744
0.000429525
0.00162413
0.000893852
0.00128345
0.000800056
0.000882414
0.000160948
0.000660169
0.00185785
0.000896602
5.82042e-05
0.000657396
0.000449192
0.00191213
0.000670264
0.00155025
0.000659585
0.000723116
0.000539254
0.0052736
0.000248921
0.000371837
0.000654675
0.000943131
0.00128668
0.000779338
0.000223329
0.000825505
0.000470924
0.000849701
0.000844297
0.00129838
0.00030132
0.000464927
0.000644177
0.000731158
0.00492845
0.00106028
0.000169213
0.000468491
0.00045974
0.000301772
0.000547347
0.000349764
0.000744594
0.000232076
0.000570552
0.00274394
0.000669695
0.000653972
0.000607482
0.000537017
0.000638834
0.00073462
0.00025244
0.000459506
0.0108573
0.000897646
0.000418904
0.000349815
0.000300888
0.000726086
0.000764129
0.000608343
0.000716087
0.000490917
0.00125283
0.00068089
0.000618368
0.000483102
0.00106753
0.00067678
0.000557354
0.000760549
0.000610819
0.000724283
0.000416419
0.000479459
0.000290488
0.000666597
0.00047342
0.0012388
0.00219876
0.000529424
0.000404908
0.000351979
0.000525119
0.000172986
0.000905489
0.000899234
0.000821008
0.000488765
0.000716585
0.000797324
0.000914961
0.00118569
0.000453784
0.00111219
0.00549775
0.0266113
0.00104412
0.000910675
0.00398187
0.000479897
0.000781116
0.000787188
0.000856891
0.000430772
0.000276278
0.000588091
0.00033588
0.00134438
0.000783303
0.00159804
0.00035392
0.00141798
0.000659124
0.000362148
0.000954605
0.00104318
0.00381611
0.001043
0.000535491
0.00036866
0.000691718
0.000175749
0.00350066
0.000882619
0.000273242
0.00082911
0.000495403
0.000213873
0.000273082
0.000372989
0.000864256
0.00411626
0.00127289
0.000551217
0.00108783
0.00186592
0.00119526
0.000619606
0.000498025
0.000857073
0.000794892
0.001019
0.000433759
0.000971451
0.000795883
0.000793128
0.00037504
0.000336107
0.000803592
0.000651972
0.000465083
0.00126902
0.000185348
0.000734813
0.00429136
0.000640872
0.000626145
0.000598221
0.000497478
0.000457081
0.000603685
0.000348131
0.00059927
0.000495477
0.00292849
0.000564119
0.00119669
0.00199316
0.00110852
0.000614399
0.000517397
0.00187069
0.000180026
0.00133241
0.000774109
0.000296446
4.60825e-05
0.000242716
0.000651342
0.00142474
0.000399897
0.000259404
0.000525628
0.000402066
0.000479001
0.000613101
0.000898225
0.00102612
0.000175031
0.000617242
0.000239158
8.81545e-05
0.000589608
0.00222418
0.000336534
0.00100689
0.000676246
0.00135835
0.000888397
0.00072178
0.000524364
0.000541949
0.000950767
0.000232462
0.000640307
0.000888436
0.000616652
0.00221165
0.00128576
0.00793213
0.000433603
0.000759387
0.000450315
0.00104499
0.000715956
0.000728949
0.00112255
0.00116042
0.000356392
0.000557619
0.00109231
0.000232736
0.00060296
0.00103216
0.000530921
0.000736497
0.000328942
0.000527281
0.000298849
0.000765965
0.0011538
0.000336952
0.000215241
0.000752077
0.000980609
0.000762336
0.00169569
0.000426635
0.00076007
0.000278364
0.000604102
0.000906455
0.000932872
0.000960939
0.000560296
0.00124193
0.00141612
0.000456867
0.00042543
0.000709781
0.00190726
0.000418604
0.000271347
0.000826584
0.000439677
0.000339335
0.000266742
0.000973235
0.00107699
0.000517754
0.000380903
0.001042
0.000621376
0.00121148
0.000440462
0.000693622
0.000683983
0.000516654
0.000841804
0.000375086
0.000538157
0.000496996
0.000507018
0.000747595
0.000911069
0.000817041
0.00057277
0.00101319
0.000729362
0.00105305
0.000299509
0.000366815
0.000279662
0.000447825
0.000379501
0.00116461
0.00164152
0.000871049
0.00104666
0.000785217
0.000584879
0.00127428
0.00132494
0.00070552
0.000451162
0.000587772
0.00532812
0.000339782
0.000794191
0.000207771
0.000914667
0.000631089
0.000774417
0.000691363
0.000490573
0.000743887
0.000768145
0.000845625
0.000587602
0.000939114
0.000854393
0.000610462
0.00211093
0.000608795
0.000874428
0.000360384
0.000807486
0.000726658
0.000448577
0.00130523
0.000746033
0.000433736
0.000243274
0.000449076
0.00193558
0.00346803
0.000548469
0.000755954
0.00152064
0.000488081
0.000672703
0.000599595
0.000501127
0.00066001
0.000701745
0.000330349
0.000430536
0.000880124
0.000222527
0.000837721
0.00135851
0.000314163
0.000434344
0.00136872
0.000863963
0.000550294
0.000364655
0.000458098
0.00149796
0.000666519
0.000353333
0.000451353
0.00164529
0.00110536
0.000417675
0.00137408
0.000161319
0.00375857
0.000468678
0.000566372
0.000767972
0.000572048
0.000551443
0.000343012
0.00166684
0.00171945
0.00136412
0.000943653
0.000623836
0.0010456
0.0110162
0.0007536
0.000585692
0.0100397
0.000754893
0.000398096
0.000793709
0.000427401
0.00102783
0.00888391
0.000606552
0.000921043
0.0010075
0.00151857
0.000103972
0.000399653
0.000679099
0.000378549
0.000820595
0.000559991
0.000730902
0.000944459
0.000589468
0.000410402
0.000779763
0.000729601
0.000698155
0.00119983
0.000872367
0.000883708
0.000607349
0.000668533
0.000845507
0.00109886
0.000857936
0.00058355
0.000313116
0.000430078
0.000453929
0.00148256
0.000421947
0.000524943
0.000516467
0.00103639
0.00119541
0.000522265
0.000625334
0.000311047
0.00067787
0.000325588
0.000454708
0.000519337
0.000705444
0.00050244
0.000828816
0.000668615
0.000587181
0.000438774
0.000541145
0.000636871
0.00182195
0.00135114
0.000427486
0.00100145
0.00178471
0.000764383
0.000741619
0.00195574
0.00147604
0.000438328
0.000637564
0.00151045
0.000341098
0.000223345
0.000532172
0.000781522
0.0135833
0.000982802
0.00619027
0.00152503
0.000889346
0.0023138
0.000973224
0.000641948
0.00108467
0.000999645
0.000415742
0.000645346
0.000515652
0.000641137
0.000859107
0.000983831
0.00180191
0.00102761
0.000620136
0.000741262
0.00148088
0.000954234
0.000665946
0.000777612
0.000242747
0.000948001
0.00027696
0.0451055
0.000409989
0.000831894
0.000464333
0.00040325
0.0022657
0.000457287
0.000672795
0.0011134
0.000640487
0.000405541
0.00130777
0.000601309
0.000228557
0.000601691
0.000774972
0.000432641
0.000129955
0.000228559
0.000456879
0.000818525
0.000537474
0.000602743
0.0003786
0.00104285
0.00140297
0.00107925
0.000204481
0.000398673
0.000446836
0.000419303
0.0010255
0.00142018
0.000222137
0.000842162
0.000284376
0.00091048
0.000736794
0.000426218
0.00570864
0.00353006
0.000401304
0.000711966
0.000597834
0.000691867
0.000978401
0.000280262
0.000397383
0.000417978
0.000600492
0.00112909
0.000414785
0.000574436
0.00141731
0.000927669
0.000985111
0.000407417
0.000489773
0.00483323
0.000737988
0.000575249
0.00139499
0.000535825
0.000782798
0.000541296
0.000620867
0.000919737
0.000216609
0.000409987
0.000309193
0.000310749
0.000757393
0.000735763
0.00134812
0.00314
0.00175992
0.00181221
0.00143328
0.000370879
0.000876128
0.00100881
0.00041016
0.000661629
0.000868339
0.000984784
0.00284345
0.0016028
0.00542683
0.000380279
0.00372154
0.00110997
0.00274561
0.000630226
0.00108884
0.000328794
0.00127667
0.000683936
0.0010199
0.00101023
0.0005676
0.000991183
0.000576292
0.000776109
0.000605571
0.00271432
0.000585264
0.000488212
0.00135714
0.000834674
0.00117521
0.000532229
0.00111155
0.000421208
0.00383679
0.00222287
0.000296661
0.000301723
0.000546656
0.000894769
0.000219312
0.000536608
0.00113694
0.000251552
0.000227311
0.000866962
0.000475475
0.000313919
0.00119777
0.000408807
0.000858206
0.000964271
0.00106985
0.000188208
0.00158508
0.00159475
0.000691324
0.00149234
0.000553054
0.00134996
0.00029219
0.000795337
0.000776235
0.000851199
0.00070878
0.000399696
0.000575959
0.000303525
0.000401569
0.00064755
0.00128952
0.000557354
0.00579424
0.000558374
0.000880368
0.00872973
0.000523211
0.00054382
0.000576906
0.00035274
0.000600884
0.000578588
0.000298825
0.000589643
0.000516085
0.0015741
0.000916666
0.000728407
0.000687144
0.00030685
0.000626372
0.00116346
0.000741987
0.000621618
0.000771104
0.000513945
0.000284406
0.000261441
0.000425644
0.00051364
0.000530765
0.000785552
0.000447637
0.00099483
0.000394972
0.000283125
0.000341541
0.000477625
0.00175753
0.000840334
0.00222925
0.000524147
0.000217874
0.000995446
0.000363818
0.000675717
0.000219302
0.000853893
0.000854178
0.000509189
0.000852606
0.000815719
0.00131169
0.000508209
0.000584645
0.00101882
0.000765926
0.000995222
0.000600117
0.00070556
0.000445534
0.000378838
0.000322898
0.000359343
0.000487309
0.000975851
0.000774609
0.00480898
0.00179703
0.00141882
0.00178269
0.000687937
0.000271371
0.000849599
0.00115718
0.000341065
0.0010782
0.00053605
0.0013028
0.000785121
0.000880107
0.000463023
0.000593617
0.000948005
0.000690706
0.000889567
0.000589039
0.000433886
0.000417516
0.00132611
0.00126152
0.0016344
0.00026597
0.00111851
0.000234467
0.000962659
0.00112763
0.000860973
0.000506484
0.00118138
0.00037403
0.0011255
0.000519222
9.16064e-05
0.00054164
0.00154457
0.000844931
0.000748569
0.000764462
0.000223376
0.00138003
0.000268231
0.00044173
0.000377004
0.000948479
0.000764247
0.00108674
0.000494702
0.0067219
0.000306053
0.00144925
0.000657214
0.000730872
0.000737503
0.00110982
0.000327387
0.00102788
0.000301404
0.00140805
0.000765503
0.000522684
0.000673069
0.000701841
0.000760464
0.000328648
0.00115503
0.00118122
0.00169913
0.000306958
0.000857411
0.000342179
0.000264857
0.000178664
0.00459092
0.000496144
0.000615125
0.00165194
0.000558375
0.000559667
0.00091677
0.000692009
0.000841372
0.000720065
0.000444204
0.00216029
0.0012356
0.000150609
0.000368618
0.000344566
0.000948012
0.000480958
0.00173119
0.000457267
0.00083533
0.000265567
0.000593567
0.000729276
0.00229605
0.000471428
0.000951948
0.000513566
0.000874419
0.000296816
0.000591147
0.000671952
0.000548672
0.000389502
0.00016785
0.000480946
0.000435278
0.000705017
0.00166516
0.000815047
0.00127179
0.000267057
0.000481823
0.00107623
0.000789758
0.000613638
0.00046928
0.00082143
8.85005e-05
0.000242898
0.00111907
0.000784178
0.000844506
0.000853797
0.00113578
0.000631593
0.000891089
0.000439451
0.000388091
0.000321396
0.000313467
0.00124647
0.000489039
0.00141348
0.00743117
0.00360556
0.00133975
0.000864051
0.000271495
0.000805964
0.000344994
0.000428913
0.00283445
0.000458764
0.000981216
0.000363777
0.000970314
0.00114993
0.000737682
0.00113871
0.000600376
0.000562962
0.000661986
0.000847817
0.000521202
0.000718009
0.000444882
0.000342558
0.000877124
0.000715408
0.000553737
0.000951059
0.000566041
0.000471072
0.0015907
0.000751191
0.000620546
0.00107089
0.00065774
0.00104261
0.000473836
0.000751033
0.00113588
0.000681638
0.000530107
0.00157535
0.000698434
0.0014326
0.00107222
0.000581048
0.000900535
0.000549437
0.000469858
0.000577743
0.000384727
0.000431198
0.00056158
0.000414158
0.000214317
0.00396432
0.00126009
0.000465259
0.000322405
0.000723854
0.000604894
0.000432071
0.000176757
0.00134614
0.00075273
0.000512513
0.000883601
0.00140825
0.000531463
0.00068721
0.000873207
0.000525978
0.000751034
0.000580331
0.000762691
0.000986927
0.000827213
0.000761135
0.00119142
0.000196335
0.000221005
0.000684912
0.000938014
0.000598273
0.00073665
0.00068544
0.000609131
0.000760961
0.000826924
0.00047132
0.00177745
0.000527976
0.000756718
0.000929854
0.000894349
0.0010178
0.000610249
0.00100279
0.000669427
0.000751029
0.000700832
0.000283673
0.000626878
0.000957453
0.000175859
0.000400277
0.00126335
0.00110694
0.00138644
0.000658911
0.000581866
0
0.000857542
