0.000349561
0.000105496
0.00108076
0.000190475
0.000306894
0.000997694
0.000349521
0.00022334
0.000106932
0.000192822
0.000257315
0.000143406
0.000127123
0.000287102
0.000431115
0.000277168
0.000555914
0.000190061
0.000344254
9.53929e-05
0.000205697
8.02349e-05
0.0123808
0.000256448
0.000119371
0.00050834
0.00054788
0.00445394
0.000191052
0.000301688
0.000195965
0.000132237
0.000448209
0.00041994
0.000290993
1.39548e-05
8.65506e-05
0.000130131
0.000302993
0.000486366
6.24345e-05
0.000400634
5.57491e-05
0.000353002
0.000311221
0.000229105
0.000114479
8.05313e-05
0.000124672
0.000115871
9.50081e-05
0.000306683
0.000337331
0.000418286
0.000209922
0.000294361
0.000612257
0.00026412
0.000720335
0.000375378
0.000302555
0.000117157
0.00059481
0.00038617
4.19091e-05
0.000242755
0.00028208
0.000134368
0.00016734
0.000250162
0.000147553
6.86537e-05
0.000253757
0.000114866
0.000288241
0.000138737
4.73686e-05
0.000397298
0.000169594
0.000308716
0.000202043
0.000249286
0.000207106
0.000231155
0.000109859
0.000881841
7.13417e-05
0.000177469
0.000368357
0.000368474
0.000259539
0.000404357
0.000236291
0.000257493
0.000205594
0.00101128
0.00015622
0.000221889
0.000446698
0.00286855
0.000434128
0.00028695
0.000681234
0.000274024
0.000202533
0.000460613
0.000747176
0.000602099
0.000362757
0.000247519
0.000340388
0.000321863
0.000743284
0.000375569
0.000188771
0.000489104
0.000186759
0.000127203
0.000464291
0.000160274
0.00024044
0.000123639
0.000207951
0.00018663
0.000244083
0.000250298
0.000255592
8.17118e-05
9.76031e-05
0.000125147
0.000119145
0.00031391
0.000215203
0.000496281
0.000380851
7.93741e-05
0.000119018
0.000563807
0.000343713
0.000389865
0.000149459
0.000466703
5.04049e-05
0.000165115
0.00059529
0.0027012
6.61749e-05
0.000390635
0.0001085
2.94624e-05
0.000960444
0.000177049
0.000262769
0.000308467
9.20775e-05
0.000176665
9.6453e-05
0.000167069
6.79564e-05
0.000179803
0.000283749
0.000440422
0.00015643
0.000226861
0.000314177
0.000249891
0.000199207
0.000176066
0.000254508
0.000197912
0.000178442
0.00052308
0.000272442
0.000138378
0.000147968
0.000159342
0.000203415
0.00063388
0.000775048
0.000538741
0.000237443
6.00408e-05
0.000173055
0.000274286
0.000142133
6.51619e-05
0.000460433
0.000112692
0.000692616
0.000291546
0.00122594
0.000261272
7.83288e-05
0.000174533
0.000283298
0.000101292
0.000259241
0.00022143
0.000153195
0.000383912
4.38051e-05
0.000125861
0.000388133
0.00018795
0.000123935
0.000236423
0.00023861
3.27199e-05
0.000596647
2.4703e-05
0.000220814
0.000391113
9.95681e-05
0.00171757
0.000991531
0.000185046
0.000412456
0.000151509
0.000272374
0.000589709
7.51613e-05
6.32539e-05
0.000329688
0.000124967
0.000361328
0.00016741
0.000132248
0.000197205
0.000399942
0.000330102
0.000373626
0.000113819
0.00055171
0.000258138
0.000192689
0.000567691
0.00016662
0.000624454
0.00103315
0.000138627
0.000592491
0.000178174
0.000280794
0.000117862
0.000585078
0.000178777
0.000199034
0.0673149
0.000239225
0.000320858
0.000174754
0.000251141
3.49044e-05
0.000114213
0.000133461
0.000591184
0.000489319
0.000407653
0.00017785
0.00028703
0.000212986
0.000446051
0.000369703
0.000360855
0.000230874
0.000219488
0.000147777
0.000381337
8.61264e-05
0.000346093
6.00483e-05
0.000258769
9.61929e-05
0.000277946
0.000134613
0.000168235
0.0105921
0.000112032
0.00022313
0.000247303
0.000120856
0.000822667
0.000550104
0.000378288
3.92789e-05
0.00010348
0.00067624
0.00125976
0.000227352
1.07094e-05
0.000394986
0.000135109
0.000284495
0.0132631
0.000204467
0.000673483
0.00025028
0.000374663
0.000245603
0.0104668
0.000128142
0.000225533
0.000235726
0.000184693
0.0104251
2.27325e-05
0.000694294
0.000338923
0.00017283
0.000251564
0.000115614
0.000340407
0.000164984
0.00014762
0.000302857
0.000426749
0.000510672
0.000432247
0.000435662
4.89534e-05
0.000601582
0.000144228
0.000102162
0.00013566
0.000215827
0.000375572
0.000190589
0.000160449
0.000171076
0.000515937
0.000149677
0.000163424
0.000208691
0.000349861
0.000315581
0.000149146
0.000145158
0.000425191
0.00135888
0.000531628
0.000723838
0.000277967
0.000226934
0.000220791
7.95334e-05
0.000236759
0.000127748
0.000326744
1.1672e-05
0.00019056
0.00044152
0.000133861
0.000200748
0.000252381
0.000266622
0.000316136
0.000239168
0.000189009
0.00165684
9.4763e-05
0.000234374
0.00024288
0.000193993
0.000256455
0.000261896
0.000573871
8.344e-05
0.00020736
9.22374e-05
0.000557659
0.000105707
0.000306772
0.000127776
7.75485e-05
0.000485736
0.000104529
0.00017181
0.000665942
4.86672e-05
7.73441e-05
0.000321006
0.000204078
0.000119007
0.0002052
0.000289941
0.00021444
0.000289453
0.000282656
0.000531635
0.000171893
0.00021509
0.000376318
2.10806e-05
0.000122817
0.000362766
0.000126196
0.000169315
0.00348185
0.000977871
0.000237409
0.000804731
0.00132127
0.000390216
0.000204858
0.000169884
0.000403568
0.000205134
0.000959944
0.00011436
0.000231893
0.000182067
0.000282565
0.00024894
0.000120392
0.000521392
0.00040748
0.000304653
7.61631e-05
0.000326072
0.00025004
0.000204243
5.71311e-05
0.000306384
0.000292391
0.000314682
0.000117339
0.000219058
0.000129239
0.000248748
0.000546683
0.000260205
0.000590089
3.74833e-05
0.000158832
0.000115179
0.00020397
0.000260608
0.000132856
0.000196451
0.000109722
0.000362405
0.000164437
0.000180732
0.000191376
0.000653613
0.000720892
4.83279e-05
0.000541982
0.000180847
6.32523e-05
4.62296e-05
0.000315515
0.000199808
5.46294e-05
0.000363949
0.000217662
0.000195094
0.000367999
0.000347477
0.000456034
0.00015741
0.000103072
3.90883e-05
0.000560293
0.000334915
5.61024e-05
0.000619141
0.000327037
0.000149175
0.000461949
0.000210489
0.00424068
0.000331587
0.000332739
3.97327e-05
0.000124607
0.000231726
0.000115564
0.000151232
0.00022432
9.83807e-05
0.000388612
0.000249883
0.000362729
0.000206404
0.000178097
0.000110485
0.000211965
0.000265911
0.000272312
0.00074926
0.000282436
0.000254346
0.000100697
0.000225609
6.09026e-05
7.81669e-05
0.000169376
0.000287945
0.000789669
0.0003857
0.00029463
0.000190817
9.01185e-05
0.0002146
0.000715266
0.000297108
0.000100359
3.29838e-05
0.000240514
0.000218564
0.00016679
0.00013524
0.000285968
0.000668323
0.000224822
0.0032208
0.000323859
9.48213e-05
0.000108827
0.000276889
0.000553284
0.000533986
0.000112058
0.00017757
8.1728e-05
0.000214585
0.000243713
0.000196463
0.000550993
0.000193293
0.00111537
0.000172074
0.000721824
0.000232056
0.000256999
0.000156773
0.000180112
9.70648e-05
0.000326502
0.000294664
0.000129069
0.000294502
0.00749957
0.000238381
0.00126956
5.5682e-05
0.000106306
0.000164269
0.000507552
0.000209989
0.000373462
0.000156549
0.000460793
0.00010507
0.000544449
0.00101925
0.000172299
0.000559523
1.12058e-05
0.000274565
0.000169641
0.000109629
0.000250248
0.00015764
0.000657128
0.000276145
0.000127202
0.00029289
1.12001e-05
0.000152402
0.000200235
0.000353793
0.00030938
0.000181883
0.000163075
0.000721134
0.000184282
0.00040819
7.21578e-05
0.000124398
0.000304973
0.00022533
0.000181547
0.000177299
0.000229516
0.00013077
0.000575745
0.000190324
0.000282118
0.000183068
0.000471888
0.000104343
0.000369489
0.000253031
0.000588914
0.000184154
0.000124569
0.000283296
0.000209406
0.000266989
0.000122548
0.000267624
0.000726926
0.000248725
0.000308744
8.58886e-05
0.0001789
0.000245495
0.000709116
0.000291637
0.000398762
0.000119021
0.000220569
0.000284873
0.00090317
0.000265717
0.000125041
0.000262067
0.000209883
0.000214175
0.000352349
0.000192712
0.000154738
8.66406e-05
0.000490981
0.000303245
0.000212282
0.000127101
0.000229393
0.000205621
9.61303e-05
0.000238082
0.000197336
1.02028e-05
0.000187459
0.00166209
0.000214891
0.000211475
0.0004582
0.000275932
0.000431154
9.98169e-05
9.83244e-05
0.000221612
0.000367426
0.000132932
5.95971e-05
0.000109458
8.29279e-05
0.000270922
0.00780137
0.000128188
0.00278223
0.000193523
0.000246939
0.000310853
0.000300572
0.000275105
0.000486853
0.000328047
7.56129e-05
0.000393617
0.000302626
0.0005084
0.000280654
0.000133517
0.000310429
0.00128218
0.000294446
5.42475e-05
0.000199699
0.000227881
0.00011077
0.000141787
0.000282929
8.82396e-05
7.70085e-05
9.53663e-05
0.000399847
1.16164e-05
0.000161125
0.000496004
0.000180617
0.000108965
0.000646661
9.77976e-05
0.000305275
0.000274184
0.000421154
4.88022e-05
0.00034076
0.000780237
9.04128e-05
0.000317393
0.000334365
0.00035155
0.000221576
0.000335252
0.000215785
0.000531009
0.000318978
9.68392e-05
0.000110944
0.000236525
5.48433e-05
0.000178333
0.00015327
0.000228892
0.000204933
0.000339466
0.000169311
9.57492e-05
0.00011697
0.000247627
0.000438934
0.00022209
4.5936e-05
0.000774041
0.000163168
0.000291244
6.95357e-05
0.000139144
0.000327693
0.000191814
0.000245615
0.000281942
0.000307914
0.000463993
0.00013301
0.000689667
0.000858023
6.72103e-05
0.0104492
0.000278541
0.000267165
0.000202734
0.000189252
0.000728866
0.000285447
0.000637559
0.000314743
4.01896e-05
0.000170252
6.45187e-05
0.000126696
0.00035823
0.000351154
0.000186279
0.000227905
0.000109082
0.000247304
0.000167651
0.000278329
1.04248e-05
0.000112466
0.000303885
0.000151873
0.000164709
2.44982e-05
0.000399382
6.7381e-05
0.000517453
0.000235191
0.000248428
0.000433257
0.000207284
0.000415585
0.000111273
5.34574e-05
1.47335e-05
0.000192241
0.000189483
0.000191993
0.000358099
8.19687e-05
0.000132581
6.06059e-05
0.000212934
7.3328e-05
3.62114e-05
0.000539942
0.000562222
0.000270379
0.000537268
0.000229258
8.71663e-05
0.00020983
0.000224106
0.00024582
0.000246417
0.000669727
0.000267839
0.000456462
0.000154857
3.83018e-05
9.96876e-05
0.000121249
0.000170031
0.000220086
9.87856e-05
9.92167e-05
0.000118607
0.00032454
0.000599964
0.000101774
7.0157e-05
3.66458e-05
0.000440863
0.000727331
0.0002385
0.000336079
0.000143463
0.000115385
0.000156049
0.000206015
0.000104023
0.000496163
9.03263e-05
0.000357212
0.000125462
0.000245503
0.000383264
0.000257161
0.000113622
0.000604077
0.00037207
0.000169958
0.000176824
0.000145737
0.000598772
0.000374103
0.000267254
9.78689e-05
0.000590588
0.000346034
0.000203813
1.03109e-05
0.000215496
0.000159688
0.000231968
0.000131754
6.38323e-05
8.98587e-05
0.00022047
0.000276393
0.000286115
0.000228399
6.40325e-05
0.000146763
0.0004747
0.000312821
4.63518e-05
0.000185086
0.0003043
0.000290075
0.000125097
0.000175997
9.04196e-05
0.000187837
0.000275702
0.000223231
0.00293251
0.00035931
0.000128251
0.000526131
0.000264119
0.000184341
0.000281019
0.000179792
0.000335638
0.000109326
0.000324719
0.000284367
0.000261332
0.000302962
0.000638126
0.000440028
9.36533e-05
0.00172364
0.000561776
0.000146024
0.000120842
0.000271898
0.00040795
0.000185608
0.000334678
0.00184164
0.000338054
0.000264129
0.000235725
0.000146403
0.000843703
0.000214545
0.000187273
0.000477852
0.000152989
0.00186009
1.07507e-05
0.00022317
0.00017232
0.000205836
5.18208e-05
0.000115501
0.000131351
0.000569162
0.000199302
5.13884e-05
0.000328191
0.000354078
0.00017743
0.000329815
7.40147e-05
0.000318539
0.000422305
0.000514494
0.000951674
0.000224588
0.000115396
0.00201509
0.000207755
0.000231695
0.000231227
0.000326934
0.000207243
0.000292075
0.000274731
0.000113924
0.000189516
3.74691e-05
0.000343452
5.59572e-05
0.00080957
0.00016235
0.000496047
0.000140742
0.000269428
0.000152106
0.000371285
0.000452881
0.000303738
8.58725e-05
0.000512214
0.000159507
0.000252201
0.000429799
0.000387867
0.000118492
0.000141738
0.000569168
0.000209347
0.000274406
9.91202e-05
0.000122292
0.000145984
0.000216684
0.000136484
0.000262824
0.000131575
0.000402896
7.69054e-05
0.00052088
0.0043966
0.000131308
0.000421569
7.25951e-05
0.000189553
0.000152801
0.000129539
0.000540614
0.000486154
0.000225055
0.000553429
1.86407e-05
0.000151985
0.000185428
0.000219878
0.00020727
0.000168854
0.000835333
0.000284026
0.000420192
0.000201191
0.000331453
0.000421311
0.000169493
8.65916e-05
0.000212254
0.00034291
0.000429428
0.000110618
0.000312862
0.000350072
0.000205595
0.000279958
0.000243638
0.000119722
0.000210958
0.000409708
0.000177106
0.000422697
0.000522008
7.19663e-05
5.41669e-05
1.36688e-05
0.000352761
5.14704e-05
0.000181233
0.000186278
0.000166099
0.000326872
0.000210691
0.000127811
0.000207701
0.000250524
0.000313234
0.000134325
0.000226237
0.000294254
0.000131448
0.000368131
0.000848402
0.000298424
9.97354e-05
9.71224e-05
0.000485326
0.000125694
0.000236451
0.000166728
0.000347699
0.000230521
6.2563e-05
0.000614059
0.00115128
0.000157112
9.1707e-05
0.0001867
0.000169102
0.000145812
0.000233215
0.000166346
0.000195481
0.000148045
0.000383299
0.000139353
0.00023384
0.000312765
0.000121636
7.97315e-06
0.000389538
0.000196212
8.99904e-05
0.000105323
6.01547e-05
0.000126723
0.000291407
0.000968725
0.000224059
8.79498e-05
0.000347819
9.40623e-05
0.000562348
0.000152228
0.000105928
0.000114563
0.000505258
0.000232139
9.33418e-05
0.000115248
0.000238091
0.000159838
0.000198969
0.000142925
0.000237216
0.000259755
0.000236403
0.000333191
0.000240118
0.00020328
0.00108056
0.000355695
0.000102944
0.000122351
0.000634641
0.000905213
0.000445459
0.000229704
0.000538064
7.36859e-05
0.000534058
0.000142491
0.000192698
0.000603412
0.000318878
0.000100485
0.000111639
0.000216326
0.000153198
9.46104e-05
5.52454e-05
0.000266643
0.000826912
0.00010118
0.000157886
0.00040354
0.000121704
0.000260551
0.000213169
9.29516e-05
0.0002444
0.000268439
0.000144425
0.000127083
8.43494e-05
0.000233416
0.000368204
5.3198e-05
0.00584941
0.000437896
9.97291e-05
0.000396238
0.000369068
0.000127334
0.000186208
0.000481903
0.000193218
0.000153034
0.000355444
0.000459895
0.000524311
0.000517372
0.000322608
0.000160478
0.00115789
0.000525136
8.62518e-05
3.84484e-05
0.000156081
0.000244939
0.0004065
8.88812e-05
0.000428089
7.70117e-05
0.000112556
0.000277285
0.00037717
0.00022495
0.00010134
0.00111536
0.000481678
0.000107024
0.000548082
0.000116026
0.000378809
0.000324192
0.000199722
0.000248127
0.000128916
0.000209231
0.000221422
7.84844e-05
0.000237311
0.000252363
0.000153379
0.000127485
0.000194871
7.04516e-05
0.000421116
0.000397241
0.000107662
7.54204e-05
0.000318079
0.00112641
0.000220329
0.00121444
0.000297367
0.000193531
0.000122333
0.000491512
0.000316204
0.000352677
8.34824e-05
0.000374246
0.000342144
0.00048944
0.000633242
0.000662427
0.000446729
0.00596045
0.000345456
0.000112735
0.000918803
0.000185744
0.000319992
0.000375815
0.000394812
0.000551453
0.000243214
0.0005519
0.000399382
0.000311316
3.37401e-05
0.000277923
0.000319785
0.000165628
0.000268243
0.000277556
0.000262773
0.000325831
0.000191229
0.000331835
9.92426e-05
0.000350707
0.00065576
0.000431571
0.000311617
0.000365161
0.000313993
0.000210669
8.37626e-05
0.000135723
0.000150422
0.000835617
0.000404037
0.000262577
5.18308e-05
0.000365427
9.60919e-05
0.000189498
0.000246292
0.000620044
0.000104089
0.000336118
0.00013087
0.000377577
8.43193e-05
0.00019728
0.00162226
0.000275813
0.000313161
0.00129297
2.54117e-05
0.000211226
0.000169313
8.19067e-05
0.000203264
0.000152171
5.86252e-05
8.89838e-05
0.00026023
8.11422e-05
0.00057666
0.000137835
4.43732e-05
0.000249052
0.00014449
0.000318581
0.000122871
0.000146312
8.84336e-05
0.000135992
0.000158272
0.000216153
0.000120414
0.000180291
0.000188505
0.000444688
0.00106058
3.43764e-05
0.000253028
9.30993e-05
0.000471282
0.000254733
0.000137418
0.000978166
0.000299149
5.88924e-05
0.000263349
0.000367275
0.000297065
0.000264785
0.000210701
0.000104634
0.000306975
0.000366271
0.000853332
0.000393503
0.000155954
0.000326746
7.07756e-05
7.62505e-05
0.000205209
0.00029043
0.000221106
0.000295768
0.000142431
0.000395183
0.00106909
0.000177884
0.000243089
0.000254907
9.13586e-05
0.028834
8.07531e-05
0.0010161
0.000250511
0.000631009
0.000172629
0.000113237
0.000223819
0.000298597
0.000300595
0.000198524
0.000485471
0.000302779
0.000273076
0.00028387
0.000266918
0.000106049
0.000170237
0.000302056
0.000232543
9.58752e-05
0.000682724
0.00074951
0.000140443
0.000118527
8.17947e-05
0.000130625
0.000264254
0.000325697
6.69129e-05
0.00085686
0.000100814
0.000125718
0.00285598
0.000154224
0.000242703
6.39267e-05
0.00020419
0.000344692
0.000162328
0.000198827
0.000635272
0.000308424
7.62853e-05
0.000275065
0.000300251
0.000132535
0.000199202
0.000112693
0.000255918
0.0003336
0.000353487
0.000245215
0.000728689
6.52911e-05
0.000285032
0.000345129
0.000143975
0.000109097
0.000123871
0.00049623
8.68862e-05
0.00015447
5.21437e-05
0.000359828
0.000345292
0.000388302
0.000388316
4.48334e-05
0.000456747
0.00231259
0.000461385
0.000230725
0.000225452
0.000231914
4.4608e-05
0.000491212
0.00022573
6.84886e-05
0.000149061
0.000192237
0.000931239
0.000248267
0.000111254
0.000244032
0.000709675
0.000374868
0.000304009
0.00012623
0.00137562
0.000140772
0.000244401
0.00015747
0.00103854
0.000151131
0.000209009
3.98944e-05
0.000612553
0.000442222
0.000273618
0.000943778
5.43779e-05
0.000190889
0.00131506
0.000204616
9.96826e-05
0.000283997
0.000120666
0.000404856
0.000773294
0.000100139
0.000214214
0.000466583
0.00146677
0.000340141
0.000211591
0.000622745
9.70541e-05
4.76142e-05
0.000329591
0.000244598
0.000193647
0.000147766
0.00246998
0.00530709
0.000155344
0.00133824
0.000244528
0.000216439
0.0010908
0.000293455
0.000440405
5.53911e-05
0.000221513
0.000112067
0.000312761
7.86053e-05
5.77615e-05
4.56178e-05
0.00031732
0.000193868
7.70052e-05
0.00102219
0.000317118
0.000420548
0.000336625
0.000668042
0.00015706
0.000222334
0.000169766
0.000319822
0.000960092
0.00012937
0.000728633
0.000105988
0.00057211
0.000587433
0.000376044
1.39825e-05
0.00500784
0.000273781
0.00021006
0.00043264
0.000399265
0.000347803
0.000129587
0.00010457
0.00018298
9.9956e-05
0.000182855
0.000136333
0.000186014
0.000576942
0.000259832
0.000255564
0.000254818
0.000231278
0.00011957
0.000277337
0.000366663
0.000276145
0.000497325
0.00209487
0.000134242
0.00176345
3.74749e-05
4.96935e-05
9.0179e-05
0
0.000250241
0.000579667
0.00018488
0.000101047
0.00031933
0.000353987
0.000445135
0.000185128
0.000252644
0.000175824
0.000170174
0.000127574
0.000934209
0.000166404
0.000424885
0.000246436
9.90261e-05
0.000207211
0.000329992
7.56415e-05
0.000184499
0.000183333
0.000180155
0.000360966
0.00018896
0.000391448
0.000126181
0.000272005
0.000116443
0.000296734
0.000335913
0.000186401
0.000147981
0.000649619
7.29047e-05
0.000160313
0.000149757
0.000225423
0.000125236
9.67084e-05
0.000230083
0.000713941
0.000911026
0.00016759
0.000409944
9.39772e-05
0.000354373
0.000153952
0.000151332
0.000327204
0.000269079
0.000122997
0.000270857
0.000217955
0.000225641
0.000271823
0.000164809
0.000234954
0.000391239
0.000373571
0.000220392
0.000553969
0.00037622
0.000153129
0.000156005
0.000182037
0.000300237
0.00275775
0.00195185
0.000267672
0.000231849
0.000576814
0.000158994
0.000165065
0.000184736
0.000897706
0.000174468
0.000176572
0.000403109
0.000251768
0.000154351
0.00015653
0.000159022
0.000111535
0.000113342
0.000576766
0.000150218
0.000345838
0.000377659
0.000111017
4.64302e-05
0.000646922
0.000396327
0.000261522
0.000117352
0.000313635
0.0019368
6.23985e-05
0.000181909
2.76845e-05
0.00014611
0.000221877
0.000487492
0.000195414
0.000422866
2.83811e-05
0.00024164
0.000256592
0.000400367
0.000109697
0.000467807
0.000107174
0.000216501
0.000221953
6.06985e-05
0.000110894
0.000594331
0.000298113
0.000139704
0.000149597
0.000250563
0.00018486
0.000158654
0.000177632
0.000263556
0.000129783
0.000221419
0.000406218
0.000626757
0.000318505
0.000423097
9.78618e-05
0.000169274
0.00131885
0.00055028
0.000335951
0.000309256
0.000668315
0.000163308
0.000962362
0.000495019
0.000274906
0.000167232
0.000249064
0.000181717
0.000158523
0.000434234
6.78291e-05
0.000426242
0.000256589
0.000277416
0.000690992
0.000325895
7.94749e-05
0.000394937
0.000261832
0.000118432
0.000224959
9.63824e-05
0.000335664
0.000263366
0.000132145
0.000440643
0.00019688
0.00014857
0.000296558
0.00022583
0.000264484
0.00018718
0.00072453
0.000526668
0.000296331
7.9536e-05
3.61297e-05
7.60259e-05
9.52846e-05
0.000191107
0.000183629
0.000129109
0.000209528
0.000447975
0.000406921
0.000109616
0.000243475
8.87231e-05
0.000345559
0.000191538
0.000230473
9.77782e-05
0.00561069
0.000139933
0.000192166
0.000162167
0.000302971
0.00012629
0.000388834
0.000455779
0.00032442
0.000197086
0.000113829
0.000175761
0.000370732
0.000357701
0.000454508
0.000284212
7.90562e-05
0.000150325
0.000148877
0.000234392
0.00022389
0.000165488
0.000303394
0.000313044
0.000117565
0.000389971
0.000315107
0.00411574
0.000413536
0.000113476
0.000405064
0.000225294
0.000805519
0.00075337
0.000228121
0.000184079
0.000234294
0.00231476
0.00104345
0.000290665
0.000213667
0.000212186
0.000348457
4.65791e-05
0.000398288
0.000688387
0.0045414
0.000171941
0.000206113
9.06087e-05
0.000329949
0.000459233
0.000303988
0.000139653
0.000136908
0.000187369
0.000152297
0.000258703
0.000277001
0.000217356
9.80403e-05
0.000156824
0.000248808
0.000171591
0.000148324
0.000189367
0.000451426
0.00047193
0.000122677
0.000307025
0.000245384
0.000186715
0.00931234
0.000716409
0.000273098
0.00018299
0.000190165
0.000250363
0.000798051
7.84378e-05
0.000144708
0.0020316
0.000649566
0.000121477
0.000718635
0.0023076
7.73888e-05
0.000242726
0.000852272
0.00470353
0.00012552
0.00043244
0.000141838
0.000165235
0.000241221
0.000474324
0.000138864
0.000235364
0.000161174
8.34032e-05
0.000175432
5.62554e-05
0.000527139
0.000266145
9.99695e-05
0.000155025
0.00020791
0.000248827
0.000244726
0.000197806
0.000361397
0.000139608
0.000120794
9.04369e-05
0.000144586
0.000295101
0.000321391
0.00060371
6.77727e-05
0.000381732
6.92473e-05
0.000355991
0.000272209
6.17226e-05
0.000238306
7.726e-05
9.58594e-05
0.000973541
0.000472269
0.000195935
0.000402481
0.000201135
0.000268393
9.16696e-05
0.000461912
0.000298357
0.000623607
0.000158177
0.000283202
0.000452348
0.000171723
0.000139936
0.000196246
0.000213686
0.000120034
0.000185248
0.000195257
2.50678e-05
0.000117948
2.7328e-05
0.000217987
0.000264719
0.000196598
0.000191389
6.31801e-05
0.000735736
0.000401556
0.000368873
0.000311482
0.000247926
0.000385159
0.000200752
0.000200093
0.000149356
0.00011627
0.00020628
0
0.000110837
0.000240617
0.000223393
0.000161555
0.000323049
0.000338491
0.000248959
0.000227564
0.000208664
0.000205389
0.000455655
0.00023171
0.000334249
6.45119e-05
0.00015986
0.000605607
0.000190381
7.92088e-05
0.000102885
0.000317107
4.59089e-05
0.000248574
0.000933996
6.66761e-05
0.000224359
0.000669415
0.000191227
0.000203525
0.000105516
0.000312324
0.000363555
0.000112562
0
0.000205693
0.000304131
0.000235032
7.9137e-05
5.43168e-05
0.000126529
0.000209702
0.000168849
0.000142486
0.000176115
0.000685831
0.00071538
0.000188531
0.000256191
0.000178445
0.000111499
0.000255849
0.000195994
0.000109797
0.000164099
3.15908e-05
0.0005434
0.000180949
0.000107736
8.94412e-05
0.000233028
0.000188248
0.000247569
0.000201415
0.000558928
0.000152672
0.000175835
0.000225265
0.000569482
0.000262851
0.000254585
0.000312771
9.1683e-05
0.000202291
0.000309883
0.000242281
0.000289335
0.000194431
0.000145147
0.00023071
0.000956988
0.000163745
0.000127243
0.000202157
0.000197597
0.000179523
0.000232979
0.000447754
0.000284174
0.000143377
4.26001e-05
0.000174671
0.000134271
0.000190009
5.78765e-05
0.000312848
0.000236962
0.000450101
0.000191411
0.000267424
0.000243249
0.000329675
0.000158049
0.000431339
0.000110218
0.000130921
0.000245111
0.000693526
0.000174754
0.00048201
0.000197231
0.000739344
0.000167855
8.52243e-05
8.8716e-05
0.000234205
7.60005e-05
0.000175306
0.000105064
0.000400967
9.63441e-05
0.000653666
0.000232449
0.000119797
0.000220512
0.000971901
0.0130125
0.000100065
0.000750052
0.000437794
0.000385613
0.000516081
0.000278103
0.00462455
0.000106415
0.000240322
0.000288428
0.00025904
0.000352551
0.000486594
0.000129825
6.16489e-05
0.000907872
0.000252799
0.000355226
0.000376962
0.000105014
7.72843e-05
0.000383166
0.000110007
0.000216216
0.000237023
0.000262436
0.000108923
0.000384597
0.000606493
0.000477253
0.000107605
7.24688e-05
5.04374e-05
0.000152635
0.000520063
0.000161578
3.19304e-05
3.62497e-05
0.000233616
0.000126158
0.000154048
0.000234178
0.000646922
0.00040626
0.000555723
0.000364992
6.60003e-05
0.000249303
0.000822542
0.000493037
0.000334466
0.000534723
0.0003418
0.000181614
0.000482659
0.000263516
9.85506e-05
0.000239116
0.000253158
0.000172923
0.000247535
0.000262551
0.000406246
0.000794529
0.000315587
0.000133142
0.000316345
0.000314894
3.41733e-05
0.000507066
0.000165997
0.000198402
6.34323e-05
0.000253921
0.00010384
0.000130476
0.000627165
0.000346041
0.000149665
0.00022476
0.000323642
0.000342203
0.000408058
0.000157818
0.000880166
0.000404779
0.000134272
0.000260417
2.31213e-05
0.00113993
0.000202502
8.61763e-05
9.0858e-05
0.000332296
0.000152956
0.000117718
0.000401398
0.000218203
0.000546689
0.00043731
0.000154159
0.000204861
0.000161038
0.000472611
0.000249469
0.000507242
0.000192326
7.9643e-05
0.000126397
0.00263489
0.000335394
0.000273891
0.000455543
0.000264273
0.00268449
0.000187987
0.000225706
0.000210668
0.000478883
0.00213716
0.000284369
0.000159933
0.000179421
0.000542349
0.000428411
0.000147477
9.60153e-05
0.000150144
0.000242275
0.000409353
0.00100092
0.000383445
0.000439373
5.51743e-05
0.000198057
0.000304883
0.000535528
1.82507e-05
3.94862e-05
0.000297765
0.000330958
0.000671262
0.000165682
0.000192381
0.00128162
0.000684608
0.000491591
0.00010471
9.45162e-05
0.000251729
0.000685281
0.000303272
0.000239526
0.000405367
0.000219611
0.000255
5.4287e-05
0.000179292
0.000148371
0.00020426
0.000225321
0.000469374
1.11452e-05
0.000222058
0.000310323
0.000270352
0.000394182
0.000146434
0.000515965
0.000192092
3.47169e-05
0.000718062
0.000169254
0.000223026
0.000172555
0.000230901
0.000140192
0.000182345
0.000191291
5.13059e-05
0.000343663
0.000154027
0.000153836
0.000458656
0.000450442
7.55074e-05
0.000997484
0.000373847
0.000153406
0.000137955
0.000225007
0.000188261
0.000248868
0.000398323
8.11733e-05
0.000187098
0.000165299
0.000296668
0.000553563
0.000220655
0.000121374
0.00011777
0.000417673
0.000337469
9.81023e-05
0.000182415
0.000409942
0.000320364
0.000600653
0.000113344
0.000423767
0.000408148
0.000313016
0.000113136
0.00037306
4.18454e-05
0.000240858
0.000130586
0.000168259
8.54935e-05
0.00038612
0.000145362
0.000466055
0.000287683
0.000280444
0.000129028
7.32981e-05
9.53621e-05
0.00053572
0.000477449
0.000111786
0.000184148
0.000416392
2.25716e-05
0.000241725
0.00056948
0.000118617
0.000261823
0.000363868
0.000242221
0.000566954
0.000115081
0.000410386
0.000172983
0.00320346
0.000793381
0.000316368
0.000216561
0.000876938
0.000606824
0.000126198
8.05524e-05
0.000144055
0.000461562
0.000310767
0.000186956
9.74228e-05
0.000128063
0.00021927
0.000193609
0.000590123
5.70384e-05
0.000515831
0.000138949
0.000202678
0.0002722
0.000322585
0.000100745
4.86948e-05
0.00116828
0.000270659
0.000206907
0.000191478
9.11001e-05
0.000468665
0.000157901
0.00018114
0.000313709
0.000205945
7.06764e-05
0.000700216
0.000325131
0.00013705
0.00060457
1.21498e-05
0.000144392
0.000218091
4.08243e-05
0.000130137
0.000347198
0.000197212
0.0195855
0.0001485
0.000302878
0.000153082
0.000587285
0.000272085
0.000209906
0.000253295
0.00022779
0.000113777
0.000360745
0.000242627
4.77321e-05
0.000224488
0.0003376
0.00255337
0.000163727
0.000235068
0.000283178
0.000174211
0.000153033
0.000191093
7.71016e-05
8.37491e-05
0.00455271
0.0001386
0.0011767
0.000534521
0.000190742
0.000197707
0.00115889
0.000510136
0.000254632
9.22028e-05
0.000171567
3.62652e-05
0.000414139
0.000407267
0.000132902
0.000191293
0.000102084
0.000393414
0.000165125
0.000179979
