0.000307545
0.000246791
0.000243737
0.000322879
0.000166658
0.000220884
0.000319979
0.00059859
0.0002834
0.000367799
0.00045743
0.000427409
0.000773185
0.000395082
0.000425808
0.000782087
0.000184868
0.000164709
0.000356996
0.000448851
0.00035942
0.000131248
0.000370406
0.000372113
0.000681248
0.000437903
0.000293419
0.00047711
0.000405056
8.55312e-05
0.00030911
0.000451086
0.000272048
0.000282502
8.51435e-05
0.000175819
0.00129751
0.000242853
0.000206366
0.000165711
0.000598197
0.000576711
0.00193452
0.000171416
0.00055323
0.000295293
0.00042826
0.000216027
0.000110414
0.000218002
0.000143111
0.000751597
0.000187329
0.00046796
0.000242576
0.000517679
0.000254272
0.000678726
0.000617875
0.0051128
0.000298986
0.000213283
0.000470512
0.000155977
0.000513188
0.000172117
0.000410304
0.000499945
0.000253167
0.00029812
0.000146545
0.00084498
0.000212259
0.000331309
0.000407472
0.00022302
0.000221487
0.000300897
0.000609459
0.000565842
0.000620022
0.000249682
0.000421394
0.000571424
0.000425462
8.95501e-05
0.000367049
0.000596163
0.000485597
0.000409938
5.37838e-05
0.000135996
0.000977655
0.000219947
0.00044854
0.000437676
7.90176e-05
0.000283626
0.000464669
0.00158279
0.000418607
0.000304648
0.00036513
0.000252871
0.000248624
0.00048059
0.000425865
0.00187072
0.000121048
0.000455402
0.000329296
0.000324737
0.000376217
0.00024276
0.00529222
0.00022168
0.000155051
0.000283793
0.000126944
0.00173291
0.000178307
0.000300469
0.000466921
8.38789e-05
0.000134942
0.000306463
0.000170724
0.000176226
0.000254671
0.000220348
0.000264304
0.000229134
0.00184119
0.000194056
0.000113104
0.000158635
0.000103756
0.00354215
0.000365454
0.00551253
0.000461984
0.000325534
0.000245414
0.000234976
0.000322523
0.000539232
0.000412614
0.00127008
0.000368603
0.00220354
0.000179357
0.000300501
0.000322679
0.000392943
0.00037805
0.000244865
0.00047459
0.000286415
3.69034e-05
0.00145682
0.000225546
0.000490415
0.00194106
0.000454936
0.000315479
9.65072e-05
5.678e-05
0.0013219
0.000734478
0.000809386
0.00156882
0.000789762
0.000606198
0.00111398
0.000311032
0.000211763
0.000291209
0.000361054
0.000320025
0.000270488
0.00098424
0.000118119
0.000417757
0.000817257
0.000244211
0.000456709
0.000372967
0.000599256
5.51334e-05
0.000371712
0.000141277
0.00029665
0.000166254
0.00169211
0.00155728
0.000778155
0.000451306
3.46654e-05
0.000235693
0.000368279
0.000224697
8.72939e-05
0.000347905
0.00070916
0.000272244
0.000131741
0.000314982
0.000278479
0.000137041
0.000946691
0.000407794
0.000404149
0.000158065
0.000224241
0.000121766
0.000575225
0.000265829
0.000819881
0.00017712
0.000554521
0.000664648
0.000347102
0.000291462
0.000236388
0.000430319
0.000557045
0.000302875
0.000658043
0.00079583
0.000639831
0.000121991
0.0001759
0.0058819
0.000914449
0.000306818
0.00122099
0.000316217
5.11985e-05
0.00026175
0.000196932
0.00023417
0.000276962
0.00072422
0.000272779
0.000212193
0.000200357
7.54025e-05
0.000282018
0.000399661
0.000488912
0.000969024
0.000447143
0.000735009
0.000342677
7.50732e-05
2.27442e-05
0.000593889
0.000755974
0.000465417
0.000338014
0.000774869
0.00030012
0.000480997
0.00247133
0.000495884
0.00087207
0.00109098
0.000409459
0.000391175
0.000208328
0.00068697
0.000171717
0.00023733
0.000254455
0.000164302
0.000328944
0.000572779
0.000202042
0.000248817
0.000322287
0.000662271
0.000599478
0.000442321
0.000168852
0.000130278
0.000444108
0.00031326
0.00101985
0.000398602
0.000395559
0.00495469
0.000133548
0.000347332
0.000569255
0.000562746
0.000363111
0.000243521
0.000472284
0.000393488
0.00082066
0.000411532
0.0027962
0.000476743
0.000566362
0.000194119
0.0003043
0.0045538
0.000121418
0.00028621
0.000420532
0.000389935
0.000584359
0.0148625
0.000273512
0.000260967
0.000368282
0.000166969
0.000218165
0.000257915
0.000205601
0.000558724
0.000337919
0.000152884
0.000357157
0.000425894
0.000580916
5.47958e-05
0.000166867
0.000229223
0.00146155
0.000517643
0.00066264
0.000364096
0.000309391
0.000461688
0.000437666
0.000443482
0.00060954
6.21728e-05
0.000174966
0.000534343
0.00112659
0.000227015
0.000561964
0.000327486
0.000462996
0.000191721
0.000210203
0.000472004
0.000444825
0.000169676
0.000304651
0.000744564
0.000691559
0.000312681
0.000141643
0.000861273
0.000161392
0.000751917
0.00067085
0.000409111
6.08089e-05
0.000494974
0.000703241
0.000118768
0.000238626
0.00336438
0.000138696
0.000274561
0.000560408
8.28066e-05
0.000298588
0.00027965
0.000494605
0.000213474
2.84973e-05
0.00451848
0.00840642
0.00116502
0.000219396
0.000602879
0.000448897
0.000384032
0.000681045
0.000280188
0.000248974
0.000431499
0.000490301
0.00166511
0.000284922
0.000745551
0.000199761
0.000600249
0.000328297
0.000586612
0.000133275
0.000301557
0.000316663
0.000200059
0.000658544
0.000412033
0.000413557
0.000181145
0.00419435
0.000388086
0.000946445
0.000369096
0.00136717
1.24471e-05
0.000357782
0.000369027
0.000558471
0.000530897
0.000267544
0.000580629
0.000207146
0.000224805
0.000430736
0.000475005
0.00252996
0.000355106
0.000373428
0.000173665
0.000280938
0.00153314
0.000436741
9.40421e-05
2.37334e-05
0.000359546
0.000561494
0.000380376
0.000608991
0.000107735
0.000222089
0.000146147
0.000536207
0.000146837
0.000622421
0.000400206
0.00073333
5.76678e-05
0.000600268
0.000490281
0.000492074
0.00023008
0.000347141
0.000168398
0.000250636
0.000500429
0.00069808
0.000229752
0.000246232
0.000129221
0.000871372
0.000145207
0.00047127
0.000244448
0.000322811
0.000267961
0.000239965
0.000731536
0.00200663
0.000255272
0.000571112
0.000153167
0.000461966
0.000410648
0.000426915
0.000438524
0.000809556
0.000312778
0.000277232
0.000218213
0.00022294
0.000659558
0.000554418
4.44163e-05
0.000684172
0.000697519
0.000386867
0.000187157
0.00829294
0.000677595
0.000374147
0.000124602
0.000180369
0.000263382
0.000156168
0.000648943
0.000322213
0.000302181
0.000169023
0.000339447
0.00014784
0.000153675
0.00044672
0.000213497
0.00010149
0.000353804
0.000615861
0.00050702
0.00220783
0.000471281
0.000116331
0.000296651
0.000247462
0.000392973
0.0003893
0.000487553
0.000311342
0.00112779
0.000166364
0.00030989
0.000378839
0.000499325
0.000120932
0.000498195
0.0037847
0.00041635
0.000110306
0.000375084
0.000465883
0.000614464
0.000507356
7.57835e-05
0.000337583
0.000237864
0.000130089
0.000445199
0.000161509
0.000525955
0.000791511
0.00110988
0.000337494
0.000681074
0.000342327
0.000219343
0.000430828
0.000287973
0.000138715
8.96904e-05
0.000475149
0.00052247
0.000217556
0.000581724
0.000337261
0.000321591
0.000367067
0.000142534
0.000426992
0.000573296
0.000263344
0.000249271
0.00014911
0.000408421
4.15637e-05
0.000435484
0.000445132
0.000356057
0.000146603
0.000494393
0.000231436
6.83368e-05
0.000279146
0.000142888
0.000627893
0.000404127
0.000877842
0.000269278
0.00106392
0.000384142
0.000412061
0.000129106
0.000304316
0.0003032
0.000308336
0.000531102
0.000393294
0.00191464
0.000388772
0.000286191
0.000366112
0.000207378
0.000132704
0.000437853
0.000586156
0.000278841
0.000127014
0.000226968
0.000230288
0.000225731
0.00018677
0.000210523
0.000397629
0.000576209
0.000294923
0.00132673
0.000191443
0.000188272
0.000144937
0.000635781
0.000332894
0.00103515
0.000149843
0.000425616
0.000569104
0.000779419
0.000344717
4.71597e-05
0.000437598
0.000265579
0.0027706
0.000199699
0.000526521
0.000207984
0.000436238
0.000334265
0.000637825
0.000277732
0.000218694
0.000308872
0.000194927
0.000199569
0.000341515
0.000455745
0.000349066
0.000169235
0.000143908
0.00031704
0.000229925
0.000397957
0.00022434
0.000280994
0.000497778
0.0011663
0.000812359
0.00271042
0.000232144
0.000492986
0.000339143
0.000414946
0.000226608
0.000368075
0.000180035
0.00238971
0.000913254
0.000422833
0.000756112
0.00088545
0.000271201
0.000130718
0.000349603
0.00116045
0.000154417
0.000350803
0.000162148
1.70204e-05
0.000222038
0.000196172
0.000309085
0.000450661
0.000353687
0.000618804
0.00031385
0.00135613
0.000244739
0.000254398
0.000368568
0.000228526
0.000274656
0.000278487
8.30426e-05
0.000331261
0.000465198
0.000187139
0.000319973
0.000368991
0.000223891
0.000281565
0.000168816
0.000259722
0.000239365
0.000224676
0.00018897
0.000241013
0.000193368
0.00034495
0.00103721
0.000349559
0.000480675
0.000350556
0.000645781
3.09912e-05
0.000257382
0.00046688
0.00141801
4.64742e-05
0.00899459
0.000122695
0.000156459
0.00105683
0.000755836
0.0023871
0.000199645
0.000946101
0.000374763
0.000302418
0.000659874
0.000262765
0.000429006
0.000121521
0.000597766
0.000387893
0.000326293
0.000548767
0.000304831
9.27133e-05
0.000391847
0.000142045
0.000437518
0.000480321
0.000288857
0.000263414
0.000413029
0.000376589
0.000265731
0.000481783
0.000555774
9.17076e-05
0.000252523
0.0120391
0.000674834
0.000302817
4.32021e-05
0.000319687
0.000403247
0.000256854
0.000636039
0.000836542
0.00337
0.000673374
0.000366388
0.000282245
0.000446979
0.000122361
0.00137481
0.000266874
0.00211157
0.000531804
0.000287753
0.000340008
0.000102097
0.000142952
0.000382174
0.000273224
0.000139324
0.000387164
8.93159e-05
0.000294388
0.000467581
0.000457341
0.00319791
0.00154905
0.00042734
0.000252083
0.000113829
0.000318719
0.000256241
0.000414788
0.00137485
0.000361731
0.000285668
0.000408748
0.000260554
9.23029e-05
0.00044967
0.000240736
7.99689e-05
0.000526277
0.000250357
0.00139504
0.000732247
0.000368154
0.000318452
0.000312985
0.000528616
0.000305645
8.72574e-05
0.000847474
0.00046634
0.00144881
0.000375381
6.62305e-05
0.000345304
0.000206183
0.000259478
0.000229338
0.000210336
0.000425994
3.33572e-05
0.00112843
0.000448478
0.000576739
0.000448155
0.00199774
0.000450266
0.000308334
0.000258103
0.00337188
0.000476292
0.00046792
0.000303547
0.00056169
0.000335866
0.000342094
0.000362486
0.000303256
0.000400291
0.000435593
0.000281139
0.000976984
0.00030723
0.000394376
0.000886927
0.000253684
0.000120663
0.00037736
0.000956299
0.000208508
0.000437792
0.000586533
0.000283372
1.78762e-05
0.000253104
0.000320138
0.000547761
0.000431589
0.000383531
0.00065626
0.00034792
0.000134415
0.000370447
0.000264679
0.000997831
0.000325665
0.000260524
0.00050697
0.000199137
0.000469805
0.000221972
0.000195494
0.0001713
0.000321145
0.00222257
0.000170015
0.000226832
0.000370649
0.00027701
0.00135972
0.000342544
0.000421802
0.000243725
0.000263945
0.00241519
6.66646e-05
0.000190061
0.000337053
0.00023945
0.000738047
0.000311513
0.000367085
0.000251408
0.000537069
0.000492562
0.00090098
0.000450491
0.000362345
0.000280826
0.000908281
0.000225165
0.000400337
0.000320118
0.000216808
0.000344997
0.00150275
0.00173779
0.00346038
0.000832962
0.000152525
0.000414775
0.000195818
0.000115785
0.000471595
0.000226326
0.000474229
0.000231945
9.02757e-05
0.000377311
0.000440422
0.000205051
0.000246448
0.000424995
0.000289086
0.000610785
0.00112308
0.000613885
0.00218565
0.000289509
0.00161324
0.000284981
0.000318122
0.000209377
0.000509871
0.000528052
0.00050239
0.000131525
0.000213949
0.000127234
0.000809643
0.000337117
0.000327691
0.000430924
0.000439133
0.000675503
0.000167273
0.000409649
0.000453358
0.000225128
0.000226297
0.000467404
0.000489765
0.000575117
0.000378169
0.000355164
0.000493757
0.000373589
0.000232454
0.00027728
0.000157651
0.000989858
0.000313668
0.000199633
0.000440347
0.000600839
0.000267556
0.000738093
0.000183804
0.000465003
8.74199e-05
0.000137698
0.000398245
0.000398806
0.00206366
0.000281181
0.000551462
0.00103588
0.000432486
8.64904e-05
0.000357426
0.000235572
0.000335278
0.000136042
0.000520824
0.000443449
0.000482867
0.000633726
0.000545491
0.000340144
0.000123813
0.000100994
0.000313268
0.000270804
0.000298205
0.00012855
0.000226171
0.000232402
0.000462238
0.000299199
0.000292556
0.000376919
0.000581105
0.000379341
0.000345362
0.00119725
0.000283277
0.000809411
0.000733325
0.000246314
0.000500428
0.000668936
0.000177804
0.000478311
0.000349359
0.000236527
0.000299112
0.000414882
0.00135926
0.00119757
0.000153006
0.000257246
0.000277176
0.00136299
0.000567773
0.000194299
0.000303649
0.000702737
0.000347096
0.00877565
0.000154028
0.000101584
0.000264703
0.000159319
0.000310869
0.000851281
0.000512926
0.00025986
0.00017392
0.000208759
0.000205459
0.000385154
0.000393185
0.000448612
0.000385938
9.64381e-05
0.000368411
0.0002714
0.000595784
0.000232991
0.000542344
0.00108752
0.000510805
0.000288249
0.000565863
0.000249281
0.000329906
5.65214e-05
0.000321435
0.000649964
0.000772504
0.000353433
0.000140706
0.000298057
0.0004103
0.000219218
0.00184043
0.000231338
0.000387421
0.000220652
0.000139975
0.0002865
0.00051084
0.000600184
0.000222262
0.000152749
0.000179044
0.000432659
0.000190915
0.000211349
0.000834595
0.000709895
0.000229192
0.000440509
0.000142202
0.000762846
0.000243597
0.000343784
0.000288318
0.000810094
0.000258895
0.00806986
0.000148471
0.000450859
0.00025745
0.000187017
0.000221269
0.000298268
0.000288674
8.49248e-05
0.000458025
0.000323646
0.000147783
0.000256149
0.000508493
0.000285074
0.000324803
0.000361846
0.000138335
0.000362662
0.000288403
0.000889633
0.0023344
0.00033522
0.000244065
0.000360261
0.000480666
0.000306546
0.000207425
0.000379178
0.000217222
0.000486266
0.00550309
0.00023244
0.000241121
0.000119765
4.66768e-05
0.000392366
0.000311653
0.000369888
0.00524844
0.000654528
0.000323801
0.000396118
0.000623907
0.000153188
0.000231706
0.000372165
0.000547605
0.000941044
0.000219606
0.000472747
0.000253064
0.000725673
0.000415834
0.000528091
0.000261308
0.00142794
0.00131292
0.000447202
0.000289038
0.000447846
0.000191914
0.000275318
0.000378786
0.000132157
0.000155324
0.000444154
0.000400739
0.000721281
0.000342903
0.000287394
0.000203665
0.000152804
0.000195669
0.000142984
0.000142167
0.000229227
0.000515953
0.000244508
0.000987824
0.000268094
0.000466338
4.84184e-05
0.000176977
0.00113158
0.000469449
0.000279999
0.000133814
0.000885348
0.000385351
0.000373479
0.00037711
0.0005794
0.000274483
0.00130493
0.00022712
0.00397489
0.00183976
0.000231863
8.45921e-05
0.000204507
0.000454385
0.00109666
0.000690661
0.000258663
0.000366383
0.000341986
0.000109665
0.000197739
0.000503926
0.000896205
0.000140417
0.000475153
0.00051691
0.000167997
0.000105106
0.000312056
0.000637208
0.000196293
0.000633967
0.000163425
0.000427188
0.000280961
0.000415023
0.000404633
0.00050845
0.000537106
0.000291869
0.000842287
0.000441621
0.000237566
0.000398072
0.000582925
0.000395931
7.65434e-05
0.000208937
0.000303026
0.00048458
4.86006e-05
0.00133906
0.000270347
0.000500248
0.00108541
0.000244933
0.000351513
0.00036477
0.000167088
0.000175502
0.000503735
0.000210757
0.000347126
0.000233803
0.000458891
0.000176326
0.000301524
0.0003609
0.000259661
0.00192659
0.00047827
0.000151564
0.000274638
0.000295183
0.00024374
0.00023197
0.000290087
0.000198753
9.97468e-05
0.000165725
0.000256843
0.000491467
0.00282636
0.00035675
0.000346233
0.000426497
0.000113916
0.000133964
0.00109195
0.000452168
0.000317943
0.00042622
0.000376203
0.00155511
0.000404602
0.000673846
0.000377628
0.000371351
0.000667117
0.00160472
0.000365225
0.000337825
7.5489e-05
0.00038991
0.000267967
0.00071564
0.000516591
0.000217938
0.000304655
0.000460145
0.000379164
0.00023831
8.21898e-05
0.000592921
0.000387238
0.000328692
0.000334964
0.000391921
0.000533314
0.000530485
0.00053632
0.000431875
0.000221866
0.000571602
0.000420072
0.000210524
0.000580362
0.000836577
0.000381227
0.000262977
0.000262083
0.000145192
0.000390595
0.000193777
0.000242637
0.000696548
0.000617356
0.000276678
0.000383548
0.000301741
0.00259569
0.000397678
0.00029299
0.000160724
9.59628e-05
0.000380274
0.000245512
7.54216e-05
0.000281743
0.000277071
0.000311852
0.000389061
0.000331407
0.000245254
0.000380766
0.000380481
0.00183004
0.000193505
0.00170217
0.000233146
0.000362752
0.0029295
0.000245405
0.000667007
0.000421996
0.000311001
0.000178139
0.000107972
0.000611879
0.00165615
0.00293237
0.000277168
0.000990708
0.000188801
0.00036466
0.000311962
0.00064951
0.000438772
0.000670909
0.000336719
0.000184332
0.00025791
0.0002384
0.00140036
0.000128563
0.000189395
0.000223949
0.000479846
0.000172582
0.000301098
8.68139e-05
0.000376228
0.000711485
0.000680592
0.000840969
0.000346154
0.000252957
0.000991577
0.000229902
0.000194717
0.000320996
0.000825833
0.00017358
0.00117007
0.000874093
0.000128075
0.000524933
0.000174414
0.000313807
0.000359331
0.0001175
0.000640353
0.000377662
0.000297939
0.0032767
0.000623201
0.000403517
0.000259551
0.000657523
0.000391112
0.000245902
0.000866722
0.000382886
0.000574758
0.000319216
0.000121443
0.000245873
0.000344192
0.000320768
0.00111531
0.000527643
0.000425695
0.000213911
0.00028287
0.000467011
0.000310541
0.000163103
0.000439638
0.000466483
0.000281038
0.000286272
0.000415386
0.000626379
0.000218432
0.000270717
0.0004551
8.16033e-05
0.000775365
0.000810781
0.000461831
0.000489346
0.000373501
0.000243518
0.00109756
0.00022251
0.000447426
0.00266126
0.000491706
8.03505e-05
0.000713464
0.000207466
0.000532391
7.52213e-05
0.000335614
0.000700894
0.000111928
0.000654017
0.000592692
0.000482476
0.00146318
0.000585903
0.00044376
0.00041414
0.00164652
0.000297171
0.00050896
0.000354788
0.000438091
0.000260911
0.000901185
0.00017358
0.000118939
5.12572e-05
0.000224691
0.000421838
0.000333043
0.000438409
0.000391893
0.000452616
0.000326073
0.000329745
0.00040521
0.000318451
0.000117226
0.000280778
7.08206e-05
0.000344256
0.00030126
0.000950898
0.000194542
0.000138191
0.000287584
0.000228836
0.000397975
0.000794844
0.000153823
0.000236024
0.000191315
0.000511337
0.000666814
0.0105678
0.00041569
0.00041581
0.000472412
0.027494
0.000368057
0.000335754
0.000197178
0.000298527
0.000388322
0.000210745
0.000206356
0.000205954
0.000136243
0.00024594
0.000411915
0.000315409
0.000457055
0.000235761
0.000308509
0.000191393
0.00095636
0.000170513
0.000200617
0.000398783
0.000209929
4.65606e-05
0.000887904
0.000799011
0.000637068
0.000250031
0.000862161
3.57901e-05
0.000414782
0.000547479
0.000400824
0.000164402
0.000274613
0.000273364
0.00023422
0.000390433
0.000681899
0.000215815
0.000337813
0.00121059
0.000319395
0.000164516
0.000370018
0.000304017
0.000473895
0.000406852
0.000804886
0.00158294
0.000698173
0.000451131
3.52964e-05
0.000366222
0.000696488
0.000269575
0.000347941
0.000481952
0.00156484
0.000224072
0.000458108
0.00020786
8.08928e-05
0.00150938
0.000228261
0.000269257
0.000522915
0.000372678
0.000175562
0.00265479
0.000316767
0.00714956
0.00152813
0.000774888
0.00295647
2.87569e-05
0.000309772
0.00370927
0.000212519
0.000491601
0.000356838
0.000264408
0.000291374
0.00037324
0.000184314
0.000196765
0.00143296
0.000391655
0.00160857
0.000168485
0.00040772
0.00190773
0.000298069
4.83572e-05
0.000191561
0.000330087
0.000251338
0.000565559
0.000457636
0.000187592
0.000175516
0.000645475
0.000329853
0.000183841
0.00029567
0.000529469
0.000977736
0.000292323
0.000269315
0.000493312
0.000202219
0.000575603
0.000225249
0.000207229
0.000660652
0.000451507
0.000534961
7.14414e-05
0.000407086
0.000782405
0.000233006
8.71474e-05
0.000259214
0.000317735
0.000407321
4.38612e-05
0.000244258
0.000224365
0.000351232
0.000542243
0.00027901
0.00045021
0.00017412
0.00130232
0.000381568
0.000186572
0.000252738
0.000229304
0.00149008
0.000383169
0.000507313
7.27488e-05
0.000785946
0.000141694
0.000134675
0.000493967
0.000347596
0.000759852
0.000218364
0.000489703
0.00137831
0.000271092
0.000493835
0.000598667
0.000189122
0.000266824
0.00194688
0.000381495
0.00029478
0.000389079
0.000296473
0.000409198
0.000247451
0.000956226
0.000277531
0.000561422
0.000462948
0.000366259
0.000168367
3.81247e-05
0.00021306
0.000270117
0.000423197
0.000244958
0.000453984
0.00137783
0.000285822
0.00036558
0.000228236
0.000625115
0.000162217
0.000471321
0.00026412
0.000250695
0.000129026
0.000282322
0.000284283
0.000168017
0.000826358
0.000396528
0.000394897
0.000683655
0.000285302
0.000537732
0.000541792
0.000383956
0.000132138
0.000343891
0.000538268
0.000201921
0.00022298
0.000351953
0.000303083
2.71473e-05
0.000310613
0.000246924
0.000741051
0.000302988
0.000380802
0.00184165
0.000416721
9.51706e-05
0.00251797
0.000673486
0.000172773
0.000181614
0.000454915
0.00072212
0.000162318
0.000399726
0.00019582
0.000957535
0.000278474
0.000423774
0.000372282
0.000315898
0.000248113
0.000420383
0.000324998
0.000325627
0.00051675
0.00029373
0.000268311
0.000170937
0.000451055
0.00026282
0.00018236
0.000794498
0.000245999
0.000157699
0.00025515
0.00131062
0.00132495
0.000222876
0.000488724
0.000860858
0.000100217
0.000683884
0.00531191
0.000187747
0.000211198
0.000565269
0.00026827
0.000711885
0.0123363
0.00376279
0.000243523
0.000296555
0.000150335
0.000113358
0.000491786
5.07788e-05
0.000150855
0.000549599
0.000604609
0.000369955
0.000405165
0.000435701
0.000448461
0.000335802
0.000364246
0.000230483
0.000640664
0.000237842
0.00037039
9.26853e-05
0.000114953
0.000308604
0.000387853
0.000180681
0.000447188
0.000265714
0.00137068
0.00059319
0.000126345
0.000298279
6.09741e-05
0.000279065
0.000365183
0.000211528
0.000799375
0.000262544
1.00537e-05
0.000180033
0.00344774
0.000156421
0.00036597
0.000667292
0.000248653
0.000377877
0.000492617
0.00043264
0.000169775
0.000284067
0.00030987
0.000151771
0.000508348
0.00021304
0.000253413
0.000288553
0.00029799
0.000298909
0.000146685
0.000621358
0.000257311
0.00206271
0.000647507
0.00044781
0.000264603
0.000177335
0.000444218
0.000744219
0.000131256
0.00031698
0.000400097
0.00544663
0.000578133
0.000351134
0.000244427
0.000547471
0.000117183
0.000715825
0.000223642
0.000439373
0.000389101
0.000286988
0.000351765
0.000164831
0.000294796
0.000173801
0.000289026
0.00115121
0.00024282
0.000277609
0.00277753
0.000428052
0.00025159
0.000125086
0.000104927
5.04468e-05
0.000225744
0.000389769
0.000281494
0.000119028
0.000391206
0.000479433
0.000626117
0.000560886
0.000388618
0.000589667
0.000422721
0.000377922
0.000164539
0.000977811
0.000112827
0.000126042
0.000200705
0.000267828
0.000374527
0.00101647
0.000104152
0.000165797
0.00031702
0.000319471
0.000293096
0.000347239
0.00014359
0.000157081
0.000146732
0.000323147
0.000486165
0.000326484
0.000427756
0.000182099
0.000182985
0.000786428
0.000603714
0.000228344
0.000311788
0.0010561
0.000183212
0.000336228
0.000292267
0.000257055
0.000455465
0.000244632
0.000206947
0.000454536
0.000117194
0.000972027
9.91192e-05
0.0149309
0.000300143
0.00025126
0.000215531
0.000855447
0.000320479
0.00152219
0.000323843
0.000368191
0.00055892
0.000416123
0.00508868
0.000585366
0.000350351
0.000302517
0.000189334
0.00476444
0.000112617
0.000709
0.000406907
0.000309982
0.000212105
0.000336509
0.000316405
0.000285268
0.000226874
0.000505137
0.00019531
0.000245952
0.000494064
0.000371681
0.000110235
0.000545904
0.000243531
0.000540146
0.000353927
0.000512537
0.000270953
0.000657818
0.000784959
0.00145086
0.000495277
0.000199095
0.00145585
0.000171628
0.000304775
0.00039868
0.000214527
0.000349026
0.000167462
0.00050022
0.000209363
0.000131974
9.64715e-05
0.000579223
0.000208589
0.000311113
0.00100336
0.000486189
0.000390169
0.00053169
0.000466911
0.000498565
0.000589268
0.000118924
0.000197647
0.000752724
0.000555964
0.000368604
0.000903602
0.000343645
0.000154721
0.00011588
0.00060153
0.000113753
0.000382841
0.000709574
7.02317e-05
0.000307413
0.000142254
0.000300912
0.000454151
0.000275153
0.000112381
0.0019279
0.000736926
0.00037443
0.00171252
0.690965
0.000259867
0.000440851
0.000398059
0.000492972
0.000245122
4.47942e-05
0.000452488
0.000192717
0.000248455
0.000132232
0.00052714
0.0010736
0.00206349
0.000373665
0.000183781
0.000192669
0.000578254
0.000436955
0.000573683
0.000268675
0.00030903
0.000134334
0.000991798
0.000257388
0.000395157
0.000179437
0.000229152
0.000282583
0.000949143
0.000219804
0.000330798
0.000984314
0.00107168
0.000227628
0.000348068
0.00063605
0.000373808
0.000278711
0.000432126
0.000131963
0.000293578
0.000299715
0.000371129
0.000368092
0.000191748
0.00134194
0.000778581
0.00438481
0.000224315
0.000422983
0.000289901
0.00016923
0.00060021
0.000521024
0.000362262
6.29634e-05
0.000139758
0.000582945
0.000501498
0.000162178
0.00018383
0.000666195
0.00027656
0.000164735
0.000696365
0.00058897
0.000518962
7.96639e-05
0.000105599
0.000557959
0.000546394
5.87946e-05
0.000390994
0.000463769
0.000293281
0.000202538
0.000275884
0.000160421
0.00018778
0.000438582
0.000294953
0.000278543
0.000262684
0.000348473
0.000429296
0.000355747
0.000305005
0.000500643
0.000436784
0.000393826
0.000235044
0.000179621
0.000538395
0.000829329
0.000129104
0.000328584
0.00135759
0.000290533
4.63628e-05
0.000293826
0.000358556
0.00170752
0.000228097
0.000405319
0.000411906
0.000165198
0.000826639
0.000314251
0.000477992
0.000748678
0.000258876
0.000432732
0.00038907
0.00389162
7.25738e-05
0.00013986
0.000501499
0.000280079
0.00027314
0.000319681
0.000260237
0.000229441
0.000376002
0.000427813
0.000170732
0.000608252
0.000528217
0.000452186
0.00379304
0.000371557
0.00298366
0.00012271
0.000128088
0.00113249
0.000230983
0.000584013
0.000198219
0.000142591
6.88368e-05
5.86209e-05
0.000376087
5.66976e-05
0.000627365
0.000386749
0.023671
0.000298724
0.000107622
8.61242e-05
0.000519795
0.00031079
0.00130151
0.000339048
0.000471937
0.000283455
0.000268505
0.000183907
0.000172336
0.000279718
0.00861872
0.000154005
0.00037891
0.000385943
0.000270736
0.000573521
0.000410194
0.000445182
0.00010227
5.2096e-05
9.50852e-05
0.00039042
0.000760773
0.000569218
0.000397761
0.00032106
0.000340152
0.000323705
0.000212782
0.000459682
0.00053989
0.00030859
0.000215005
0.000376897
0.000942095
0.000739546
0.00027143
0.000395529
0.000251226
0.000226017
0.000100511
0.00135415
0.000399934
0.000187916
0.00388688
0.00131212
0.00157252
0.000682619
0.00036507
2.8744e-05
0.000197555
0.000347068
0.000500487
0.000521668
0.00029775
0.000534611
0.000724584
0.000773039
8.92539e-05
0.000248185
0.00123111
0.000255106
0.000291629
2.14406e-05
0.000230442
0.000438186
0.000348774
3.33861e-05
0.000255307
0.000147952
0.000492257
0.000193548
0.000315506
0.000272944
3.3363e-05
0.00044499
0.000278304
0.000319968
0.000204214
0.000289307
0.000194681
0.000643557
0.000190968
0.00014167
0.000292569
9.05497e-05
0.000416655
0.00017886
0.00460534
0.000358188
0.000400951
0.000406804
0.000188434
0.000395657
0.000265072
0.000353524
0.000627578
0.000425025
0.000182457
0.000468046
0.000138634
0.000286773
0.0013081
0.000182251
0.000251876
0.000403671
0.000677125
0.000420139
9.85939e-05
0.000452224
0.000699324
0.000298269
0.000652833
0.000102115
0.00099697
0.000438394
0.000250777
0.000426936
0.000169914
0.000412973
0.000303242
0.000750121
0.00015015
0.000186887
0.000343435
0.00109215
0.000752644
0.0009174
0.000230754
0.000434297
0.000333325
5.87928e-05
0.00030837
0.000350094
0.000899065
0.000425803
0.00073219
0.000466563
0.00172178
0.000455162
0.000168172
0.000491581
0.000678367
0.000339133
0.000371048
0.000625331
0.00025944
0.0004593
0.000470329
0.000239679
0.000485107
0.000345336
0.000548558
0.000187945
0.00015481
0.000161076
0.00103803
0.000437269
0.000380105
0.000409807
0.000429034
0.0012264
0.000247682
0.00213088
7.24171e-05
0.000288458
0.00034176
0.000308181
0.000781019
0.000548795
0.000695473
0.00037809
0.00024792
0.000244293
0.000617452
0.000226822
0.000301126
0.029743
0.000598848
0.000597865
0.000920811
0.000279237
0.000397006
0.00352704
0.000581577
0.000167944
0.00385323
0.000339319
0.000484871
0.000190865
0.000203543
0.00160837
0.000226794
0.000255333
0.000138377
4.46619e-05
0.00168002
0.000286369
0.000267205
0.000547678
0.000259381
8.6364e-05
0.000546828
0.000456336
0.000393596
0.000342988
0.00217717
0.000255989
0.00155176
0.000426734
9.72855e-05
0.00012252
0.000305486
0.000347755
0.00106097
0.000287439
0.000464098
0.000360609
0.000125923
0.00112696
0.000246739
0.00035796
0.00111917
0.000345867
0.000704727
0.000323777
0.000244525
0.000295332
0.000144178
0.000507817
0.00020773
0.000451016
3.78999e-05
0.000239221
0.00106451
0.000376313
0.000368904
0.000231321
0.000961751
0.000157123
0.000175214
7.03897e-05
0.00068339
0.000955827
0.000729342
0.00129294
0.000481484
0.000438543
0.000428495
0.000767152
0.000302422
0.000697708
0.000278719
0.000418734
0.00026793
0.000337772
0.00375907
0.000319269
0.000109422
0.000326223
0.000350706
0.000312716
0.000420273
0.00104752
0.000412996
0.00124705
0.00118927
0.00050868
0.001361
0.000112062
0.000963146
0.000277043
0.000302786
0.000585049
0.000387236
0.000313707
8.22468e-05
0.000309859
0.00101918
0.000234104
0.000337019
0.000139059
0.000319846
0.000129007
0.000565517
0.000326197
0.000436966
0.000336263
0.000310619
0.000260819
0.000342606
0.00025498
0.000177697
0.00040535
0.000749986
0.000290185
0.000873603
0.000190028
0.000447704
0.000472198
0.000109779
0.000288939
0.000254577
0.000238726
0.000581966
0.000375615
0.000211669
0.000225904
0.000291681
0.000355134
0.000496838
0.000989996
8.94629e-05
0.000241655
0.000174613
0.000269109
0.000171605
0.000266222
9.84708e-05
0.000752107
0.000424039
0.000572171
0.000193503
0.000671342
0.000196166
0.000417498
0.000117222
0.000621685
0.000561562
0.000256458
0.000239733
0.0004168
0.00227685
0.000555435
7.93552e-05
0.000318352
0.000497412
0.000459742
0.000122515
0.000487982
0.000170196
0.000247153
0.000244487
0.000362008
0.000167738
0.000260449
0.00458381
0.000239044
0.000304065
0.000118804
0.000328918
0.000379667
0.000606754
0.000301683
0.000234971
0.000331536
0.000201851
0.0012009
0.000728748
0.000226707
0.000235369
0.000265092
0.000487725
0.000150243
0.000967401
0.000373427
0.000162953
0.000640333
0.000370896
0.000361769
0.000508246
0.000107576
0.000291332
0.000294023
0.000185371
0.000267401
0.000380775
0.000186717
0.000432627
0.000133729
0.000581064
0.000480428
0.000128959
0.00100472
0.000264313
9.80266e-05
0.000580424
0.000328549
0.00810527
0.000331043
0.000690711
0.000563569
0.000371909
0.000711355
0.00017998
0.000517709
0.000106596
0.000336593
0.000378984
0.000766033
0.000419025
0.000442829
0.000487636
0.000651109
0.000187835
0.00012959
0.000663626
0.000494887
0.000416192
0.000314964
0.00128586
0.00321984
0.000310981
0.000442825
0.000135988
0.000256165
3.7676e-05
0.000418583
0.000128044
6.37574e-05
0.000384181
0.000265629
0.000465729
0.0001688
0.000150836
0.000710171
0.000196111
0.000251813
0.00205625
0.000602718
0.000422817
0.000392007
0.000185252
0.000264951
0.000118187
0.000313253
0.000790435
0.000446315
0.000548711
0.00100525
0.000298535
0.000497248
0.000237873
0.000144067
0.000197237
0.000227587
0.000353079
0.000446526
0.000230288
0.000434041
0.000139213
0.000486626
0.00106243
0.000406576
0.000397371
0.000251547
0.00218257
0.000756303
0.000321241
0.00044244
0.000488024
0.000236864
0.000471596
0.00142402
0.000218389
0.000343705
4.37115e-05
0.000867664
0.000251708
0.000557678
0.000138583
0.000585906
0.00169646
0.000285344
0.000221221
0.000100824
0.00025818
0.000632645
0.000411688
0.000516861
0.000224668
0.000423459
0.000522439
0.00156573
0.000257736
0.000398273
0.00046096
0.000220611
0.00020525
0.000416026
0.000443291
9.26833e-05
0.000332317
0.00168866
6.44489e-05
0.000201285
0.000840045
0.000949862
0.000304161
0.00171222
0.000237978
0.000197215
0.00134952
0.000417508
0.000549564
0.000203101
0.000137457
0.000592928
0.000986172
0.000880127
0.000988141
0.00133745
0.000228057
0.000196917
0.000434283
0.00024111
0.000219299
0.000271799
0.00049137
0.000300036
0.000326074
0.000303073
0.000355529
0.000340592
0.000792601
0.000339704
0.00103534
0.000424657
0.000431558
0.000621952
0.00162035
0.000786712
0.000240635
0.000804464
0.00326859
0.000410697
0.000237028
0.000154392
0.000117951
0.000421432
6.85864e-05
0.000295702
7.03173e-05
0.000227527
0.00105003
0.000287731
4.4047e-05
0.000285363
0.00033057
0.00162851
0.000209597
0.000442194
0.00015619
0.000869698
0.000487031
0.000417832
0.000239685
0.00096133
0.000392519
0.000525493
4.9506e-05
0.000416845
0.000407711
0.000105289
0.000197328
0.0023867
0.000459796
0.00038533
0.000599632
0.000341976
0.000170929
0.000103224
0.000234741
0.00018312
0.00740954
0.000573745
0.000359798
4.66596e-05
0.00218141
9.38405e-05
0.00150357
0.000104235
0.000440653
0.000468626
0.0001735
0.000406076
3.68995e-05
0.00414596
0.00101307
0.0018827
0.000995032
0.00111908
0.000113441
0.000871194
0.000315076
0.000344289
0.000215976
0.000662796
0.000617662
0.000367231
0.000428172
0.000333293
0.000613454
0.000327862
0.000183176
0.000464305
0.000320163
0.00029423
9.13048e-05
0.000421295
0.00045927
0.000137567
0.000160522
0.000166338
0.000328979
0.000514997
0.000419321
0.000326408
0.000146359
0.000797428
0.000280507
0.000139142
0.000485005
0.00010648
0.000133686
0.000203829
0.000174119
0.000251981
0.000419291
0.00043007
0.00155554
0.000348517
0.000210251
0.000303639
0.000349799
0.000371144
0.00416571
0.00190841
0.000352206
0.000575831
0.000265342
0.000124109
0.000158633
0.000604215
0.00033534
0.000219796
0.00068089
0.000512491
0.000410833
0.000521588
0.00031841
0.000320323
0.000289393
0.00045907
0.000563781
0.000204249
7.32447e-05
0.00114066
0.000208434
0.000424761
0.000190754
0.000241236
0.000320116
0.000327763
0.000171306
0.000106338
0.000240168
0.000464712
0.00069047
0.000439029
0.000212855
0.000443832
0.000408882
0.000169785
0.00622308
0.00130598
8.23376e-05
0.000233487
0.000739381
0.000323333
0.000252099
0.00028314
0.000750252
0.000424376
0.000492659
0.000663157
0.000647094
0.000418798
0.00107784
0.000241403
0.00160736
0.000273473
0.000281867
0.000222064
0.000133708
0.00030942
0.000489589
0.00017706
0.00035019
0.000566472
0.000750839
0.00101948
0.000549691
0.000114209
0.00119319
0.000379242
0.000161184
0.00155339
0.000530934
0.00109249
4.14557e-05
0.000145172
0.000484474
0.0125379
0.000261348
0.00239885
0.000201378
0.000329299
0.000320236
0.000529651
0.000119585
0.000219133
0.000343419
0.000363353
0.000227622
0.000530722
0.000193915
0.000226823
0.000249525
0.000235725
4.30515e-05
0.000463853
0.000336721
0.000367076
0.000655382
0.000639045
0.000687799
0.000431649
0.000303059
0.000270465
0.000242812
0.000448051
0.000330537
0.000564068
0.00049547
0.00484557
0.00180827
0.00022267
0.00082055
0.000374439
0.000757676
0.000354157
0.000367377
0.00262846
0.000448266
0.000372004
0.000361492
0.000228176
0.00103347
0.000456223
0.000129688
3.43629e-05
0.00053585
0.000353851
0.000173973
0.000537386
0.000373581
0.000196235
0.000490677
0.000249038
0.000815003
0.000311707
0.00137219
0.000197964
0.000931561
0.000206716
0.000361215
0.000116972
0.000304735
0.000371307
0.000351752
0.00042132
0.000674802
0.000303371
0.000592085
0.000398034
0.000191604
0.000889835
0.000392254
0.000161685
0.000245948
0.000245559
0.000418789
0.00202151
0.000257043
0.000393585
0.000360404
0.00032688
0.00013838
0.00021137
0.000211776
0.00284306
0.00057864
0.000408009
0.000643257
0.000503711
0.000448132
0.00021148
0.000185433
0.000238818
0.000184627
0.00030181
0.000542512
0.000272483
0.000683669
0.000659449
0.000261629
0.000273402
0.000373708
0.00020211
0.00056626
0.000849573
0.000767378
0.000498049
0.000184573
0.000125035
0.000234684
0.0219127
0.000451573
0.000450202
0.000497372
0.000689141
0.000357742
0.000576822
0.000601293
0.000333684
0.000200889
0.000140613
0.000325386
0.000339271
0.000360637
0.000355696
0.000244212
0.000155523
0.000329222
0.000480032
0.000311043
0.000331766
0.00184358
0.000123274
0.000178454
0.000487392
0.000471796
0.000179455
4.74027e-05
0.00021139
0.000419001
0.00101403
0.000503356
0.000427942
0.0001794
0.000219899
0.000226093
0.000943774
0.00097692
0.00125205
0.000601013
0.000334317
0.000186629
0.000433137
0.000366256
0.000265296
0.000522804
0.000336693
0.000211322
0.000246421
6.1517e-05
0.00012374
0.000192462
0.000522953
0.000174432
0.000257179
0.000229716
0.000438532
0.00107834
0.000258518
0.000636187
4.38929e-05
0.00034647
0.000210456
0.000279293
0.00035041
0.000171063
0.00016991
0.000325502
0.000598392
0.000576897
0.000559566
0.000345096
4.50407e-05
0.000240915
0.000229305
0.000670878
0.000186813
0.000273849
9.03201e-05
0.000213678
0.000136183
0.000542123
0.000128315
0.000550662
0.000333821
0.000394057
0.000607756
0.0011989
0.000319198
0.000285385
0.000138108
0.000384099
0.000258802
0.00045679
0.000375269
0.000680342
0.00114155
0.000434708
0.000215702
0.000435482
0.000265932
0.00144693
0.000195795
0.000206922
0.000293417
0.000256288
0.000549374
0.000115383
0.000471018
0.000625793
0.000790996
0.000428495
0.00030605
0.00343702
0.000651228
0.00147887
0.000484414
0.000602014
0.000499028
0.000327849
0.000855399
0.000795269
0.000276017
0.000514466
0.000730819
0.000431054
0.000422292
0.00019415
0.00102292
0.00119061
0.00677903
3.92857e-05
0.0566348
0.0156016
0.000198956
0.000267184
0.0001881
0.000299647
0.000294091
0.000694468
0.000123502
0.000202202
0.00311965
0.000312745
0.000607424
0.000248681
0.000207219
0.000200799
0.000307543
0.000636729
0.000212751
0.000518728
0.000420842
0.000179087
0.000538431
0.000406033
4.56704e-05
0.000494252
0.00040415
0.000273723
0.00115592
0.000193082
0.000173782
0.000785893
0.000144126
0.000320637
0.0297287
0.000449005
0.00322842
0.000184871
0.000389961
0.000239271
0.000329967
0.00055602
0.00116382
0.000716916
0.000249671
0.000815334
0.000667541
0.00057415
0.000146624
0.000829175
0.00799506
0.000143359
0.00034489
0.000427028
0.000196067
0.000635491
0.00108768
0.000506908
0.000578331
0.000517695
0.00029309
0.000267881
0.00029906
0.000324474
0.00141235
0.00021474
0.000475477
0.00070558
0.00077474
0.000219801
0.00037636
0.000711212
0.000451047
0.000420115
0.000280361
0.000623099
0.00134929
0.0012924
0.000515337
0.000377257
0.000287675
0.000260617
6.34566e-05
0.000369378
0.000212062
0.000950309
0.000582784
0.00222422
0.000105354
0.000306722
0.000431167
0.000166875
0.000260693
0.000180806
0.000165827
0.000227198
0.000447903
0.000408914
0.000196238
0.00190182
0.000307616
0.000566132
0.000566553
0.000239245
0.000213752
0.000163298
0.000419918
0.000175579
0.000403177
0.000118542
0.000214399
0.000738368
6.99202e-05
0.000405755
0.00059335
0.000439117
0.00120368
0.0009349
0.000401377
0.000404396
0.000131733
0.000354175
0.000294675
0.000274119
0.000237218
0.000920657
0.000414287
0.000188549
0.000362119
0.000280464
0.000719792
0.000239986
0.000433138
0.00119158
0.000211003
0.000250832
0.000598417
8.16663e-05
0.000887766
0.00135799
0.000235333
0.00042221
0.000399178
0.000158196
0.000220432
0.000386076
0.00109066
0.000107519
0.000553903
0.000723136
0.000193632
0.00177783
0.0013977
0.000507769
0.000594364
0.000816016
0.000167181
0.00029382
0.000410179
0.00085639
0.000875757
0.000918654
0.000305488
0.000204531
0.000214356
0.0004943
0.000242645
0.000474906
0.000654353
0.00086154
0.000223529
0.000222322
0.000229932
0.00028623
0.000499242
0.000163396
0.000345451
0.000461751
0.000160928
0.000507317
0.000163498
0.000253777
0.000213443
0.000235963
0.000126605
0.000318541
0.000385002
0.00583829
0.000457798
0.000226092
0.000344076
0.000442111
0.000267909
0.000173379
0.00060361
0.000101685
0.000242963
0.000212092
0.00532494
0.000301734
0.000986108
0.000218853
0.000699293
0.00296519
0.000307806
0.000256105
0.00056305
0.000299937
0.000418977
0.000220377
2.96541e-05
0.000333609
0.000749805
0.000407124
0.000161368
0.000318065
0.000502471
0.000387719
0.00029708
0.000453644
0.00023991
0.000202703
0.000302278
0.000162871
0.000358499
0.000535243
0.00148924
0.000202774
0.000304761
0.00017991
0.00030263
0.000286725
0.000224286
0.00045033
0.000372995
0.000521031
0.00027605
0.000277426
0.000374394
0.000311679
0.000276663
0.000437894
0.000339738
0.000176357
0.000422145
0.0054062
9.60893e-05
0.000349098
0.00035255
0.000515485
0.000333415
0.000338989
0.000183678
0.000361659
0.000397437
0.000244971
8.64565e-05
0.000335698
0.000104593
0.0003192
0.000328613
0.000161017
0.00038896
0.000270248
0.000172001
6.76764e-05
0.000920149
0.000434594
0.00038296
0.000323065
0.000129175
0.000245913
0.000573115
0.000827313
0.000449007
2.78354e-05
0.00340072
0.000127531
0.000170704
0.000349269
8.75525e-05
9.08667e-05
0.000257988
3.18905e-05
0.000291132
0.000329417
0.000282067
0.000176085
0.000799066
0.00031206
0.000816116
0.000458362
0.000261756
0.000311879
0.000539525
0.000562936
0.000297721
0.000273639
0.000526132
0.00140343
0.000249485
0.000151648
0.000407508
0.000244167
0.0022992
0.00028428
0.000496655
0.00360169
0.00035887
0.000597383
0.000531318
0.000724131
0.000327314
0.0389788
0.000108783
0.000287463
0.000168716
0.00023954
0.000481942
0.000186471
0.000253283
0.000431934
0.000392835
0.000316561
0.000321579
0.000159572
0.000136616
0.000370837
0.000217565
0.000256254
0.000659971
0.000331549
0.00027826
0.000571986
0.000416085
0.000309916
0.000229701
0.00062385
0.00012271
0.000773799
0.000477176
0.00702703
0.000238156
0.000321206
0.00027153
0.000523663
0.000302606
0.000394728
0.000118512
0.000747936
0.000254698
0.000503416
0.000350132
0.000285527
0.000329879
0.000707968
0.000222271
0.0038573
0.000407918
0.000677847
0.000420401
0.000370051
0.0002511
0.000542712
0.000218825
0.000413529
0.000300758
0.000181659
0.000502033
9.29187e-05
0.000249034
0.000498173
0.000913639
0.000471229
0.000283742
0.000589099
3.4896e-05
0.000115033
0.000884592
0.000509095
0.000506285
0.000151252
0.000364581
0.000123162
0.00124728
0.000159676
0.000430022
0.00136368
0.000234568
0.000121821
0.000413695
0.000181627
0.000484171
0.000223456
0.000236736
0.000216525
0.000480177
0.00052952
0.000384463
0.00164053
0.000722831
0.000644357
0.000340845
0.000135791
0.000273661
0.000397669
0.000137937
0.000263721
0.000333766
8.63336e-05
0.000320397
0.000161757
0.000311754
0.00081487
0.000198282
0.000281023
0.000245377
0.000408976
0.000277867
0.000119962
0.000219753
0.00562877
0.000224862
0.000694415
0.000457518
0.000442605
0.000335197
0.00165243
0.000376815
0.000241512
0.000165838
0.000185489
0.000313986
0.000774219
0.000671584
0.000190931
0.000156643
0.000178861
0.000404999
0.000343675
0.000212696
0.000801662
0.000718476
0.000203978
0.000315294
0.000306929
7.1006e-05
0.000151617
0.000322655
0.00010857
0.000304727
0.00029437
0.000660495
0.000317254
0.000220596
0.000370129
0.000422399
0.000396181
0.000341664
0.000514093
0.00010062
0.000210397
0.000117082
0.000395835
0.000175098
0.000409261
0.00022182
0.00013716
0.000290697
0.000249687
0.000268385
0.000447161
0.000187333
0.000239724
0.000399245
0.000306121
0.000361426
0.000321645
0.000229492
0.000283976
0.000514749
0.000189476
0.000206132
0.000504601
0.000345467
0.000128021
5.22009e-05
0.00182198
0.000250715
0.000420633
4.79664e-05
0.000797144
0.000864576
6.43711e-05
0.000231165
0.000761715
0.000244524
0.000390043
0.000660585
0.000176541
0.000726145
0.000223916
0.000798029
0.000202278
0.000230521
0.000661281
0.000425402
0.000265716
0.0002175
0.000378735
0.000967038
0.000220133
0.0019988
0.000356489
0.0002777
0.000253026
0.000390607
0.000320304
0.000484931
0.00404748
2.0498e-05
0.0037189
0.000119943
2.72804e-05
0.000472437
0.000199127
0.000350031
0.000154665
0.000379835
0.000226501
0.000167803
0.000495385
0.00211536
0.000446699
0.000394284
0.000368692
0.000407962
0.000525957
0.0002035
0.000424516
0.000452853
8.45342e-05
0.000430559
0.000255564
0.000232236
0.000314824
0.000136216
0.000540397
0.000136931
0.00170361
0.00014782
0.000588447
0.00115081
0.000445506
0.000131628
0.00128526
0.000320056
0.000700719
0.000423635
0.000362997
0.000502896
0.000394907
0.00201297
0.000356184
0.00014279
0.000337454
0.000545017
0.000290719
0.000378728
0.000451909
0.000450621
0.000226309
6.01534e-05
0.000247591
0.000583346
0.000489501
0.000406945
0.000570875
0.000651059
0.000282572
0.000311751
0.000460345
0.000157565
0.000345754
0.000584589
5.38897e-05
0.00038989
0.000470053
0.00111032
8.04773e-05
0.00051152
0.000566131
0.00069004
0.000327498
0.000134905
0.000157166
0.000508687
0.00150439
0.0010808
0.000503543
0.000311949
0.000648442
0.000554175
0.000734434
0.000575575
0.000251641
0.000235101
0.00331362
0.000400637
0.000391577
0.000216796
0.000230979
0.000617432
0.00233451
0.000207429
0.000226794
0.003065
0.000305742
0.000194061
0.00257016
0.000149689
0.000351205
3.80625e-05
0.00018951
0.000168482
0.000392964
0.000136652
0.000171315
0.000108622
0.000385473
0.000396859
0.000447743
0.000246908
0.000102893
0.000910131
0.000248061
0.000557304
0.00047014
0.000395158
0.000243415
0.000367011
0.000219083
0.000369118
0.000322218
0.0025298
0.000141403
0.000134238
0.000116322
0.00031203
0.000133207
0.000241005
0.000131555
0.000198704
0.000203154
0.000322804
0.000151468
0.000204375
0.000241949
0.000335316
0.000216848
0.000424426
8.33417e-05
0.000832674
0.000241916
0.000567347
6.6963e-05
0.000107613
0.000349562
0.0010661
0.000156116
8.21215e-05
0.000593324
0.000237362
0.000410242
0.000245414
0.000415984
0.000310211
8.19073e-05
0.000448067
0.000470303
0.000308919
0.0007293
0.0026397
0.000253445
0.00115376
0.000376125
0.00010848
0.000451259
0.00042403
0.000400571
0.000150574
0.000315813
7.19549e-05
0.000135247
0.000351713
0.000182824
0.000242928
0.000193998
0.00028106
0.000117879
0.000120765
0.000295651
0.000547471
0.000532374
0.000158142
0.000511927
0.00039954
0.00125994
0.00054661
0.000402525
0.000433178
0.000233104
0.000505277
0.000244235
0.000524326
0.000350928
0.000314393
0.000323462
0.000200942
0.000313951
0.000372247
0.000397698
0.00043501
0.000440846
0.000284016
0.000361191
9.44146e-05
0.00028584
0.00044481
0.000519957
0.000430489
0.00017869
0.000421879
0.00042562
0.000276543
0.000328843
0.000318629
0.00090742
0.000816534
9.03804e-05
4.60095e-05
0.000288
0.000168603
4.66218e-05
0.0002396
0.000557449
0.000220466
0.000404631
0.00136287
0.000268929
0.000243894
0.000473724
0.000371197
0.000551608
0.000436772
0.00165695
0.000135005
0.00083682
0.000264947
0.000207124
0.000214796
0.0004275
0.000165884
0.000216272
0.00031157
0.000248618
0.000716895
0.000266657
0.000199921
0.000417036
0.00021313
0.000158151
0.000682336
0.000492393
0.000178517
0.000353659
0.000519205
0.0002983
0.000386985
0.000668755
0.000182395
0.000597582
0.000412127
0.000583742
0.000734881
0.000232029
0.000171102
0.000493922
0.000167367
0.000144996
0.000408073
0.000280314
0.000223459
0.00017554
0.000322781
6.33032e-05
0.000148618
0.000368112
0.000269047
0.000955414
0.000406143
0.000136062
0.000288568
5.05703e-05
0.000202357
0.000396902
0.000177954
0.000331504
0.000359119
0.000530671
0.000436763
0.000362713
0.000131423
0.000310468
0.00028015
0.000180746
0.000311739
0.000330379
0.000316887
0.000226248
0.00128564
0.000649559
0.00210219
9.34968e-05
0.000144209
7.43849e-05
0.000485478
0.000178621
0.000722348
0.000775469
9.37219e-05
4.23558e-05
0.000458284
0.00010358
0.000256988
0.000110301
0.000230254
0.00311795
0.000258023
0.000196202
0.00655971
0.000165898
0.000251612
0.000732431
0.000383477
0.000128069
0.000281747
0.000721711
7.54724e-05
0.000398799
0.000806484
0.000184042
0.000310496
0.000290628
0.000396852
0.00053692
0.000516013
0.00028849
0.000219205
0.000194471
0.000217115
0.000417201
0.000437376
0.000365545
0.000365751
0.000193833
0.000498594
5.49856e-05
0.000321291
0.000577957
0.000351149
0.000558226
0.000600245
0.000380205
0.000200064
0.000195979
0.000660043
0.000202067
0.000540188
0.0002387
0.000205968
0.000296138
0.000720333
0.000701525
0.000327205
0.000931744
0.00392064
0.000625272
0.000439693
0.000352697
0.000478804
0.000274619
0.000232737
0.000248611
0.000163254
0.000237825
0.000205078
0.00028419
0.000128462
0.000162445
0.000106522
0.000397265
0.000189807
0.000788687
0.000255528
0.000215248
0.00352844
0.00026803
0.000164074
0.000197192
0.000295634
0.000961525
0.000261116
0.000974571
0.000167481
5.68464e-05
4.33952e-05
0.000257133
0.000271318
0.000347916
0.000265756
0.000305941
0.000382213
0.00599839
0.000710111
0.000282108
0.00125071
0.000498778
0.000390469
0.000422144
0.000211732
0.000570915
0.000388407
0.000248087
0.000650788
0.00105435
0.000580315
0.000223673
0.000195326
0.000755129
0.000761757
4.65264e-05
0.000738561
0.000377064
0.000258215
0.000232774
0.000608925
0.000804538
0.00045723
0.00123547
0.000282218
0.000462454
0.000206995
0.000131781
0.000295499
0.000497846
0.000109709
0.000457709
0.00021407
0.000291246
0.000342788
0.00203621
0.00057122
0.000185695
0.000463039
0.000420856
0.000389891
0.000175451
0.000268695
0.000809728
0.000462574
0.000211996
0.000383568
0.00011073
0.000249878
0.000215968
0.000429117
0.000382174
0.000215271
0.00035784
0.000264761
0.000153565
0.000857416
0.000258715
0.000590053
0.00021687
0.000294695
0.000678363
0.000671774
0.000379581
0.000327312
0.000187712
0.00298967
0.000199157
0.000507883
0.00157615
0.000827472
0.000263551
0.000219304
0.000172126
0.000415862
0.000393581
0.000268507
0.000895277
0.000299801
0.00018348
0.000369374
0.000409768
0.000404993
0.000265414
0.000334637
