0.00149043
0.00019987
0.00169741
0.00197608
0.000349178
0.000768137
0.000734408
0.000602615
0.0014334
0.00102114
0.00129441
0.000673572
0.000317196
0.000487272
0.00117256
0.00290561
0.000717366
0.00284748
0.000884715
0.000673542
0.000820463
0.00399617
0.000644291
0.0273852
0.000469943
0.00138387
0.00173423
0.00160292
0.00169872
0.000865237
0.0012468
0.000809236
0.00044478
0.000898992
0.000760656
0.000851445
0.0022424
0.00111511
0.000682528
0.000404974
0.000822746
0.00274351
0.00163975
0.00265074
0.000457379
0.0015624
0.00143798
0.000521402
0.00119676
0.00141265
0.000682351
0.000358848
0.000992421
0.000199729
0.000486663
0.00168652
0.00094004
0.000703685
0.000748887
0.00077661
0.000614142
0.000522203
0.00145351
0.00133048
0.000594376
0.000615146
0.000876818
0.000725493
0.000996497
0.00104501
0.000572592
0.000955121
0.000438539
0.00029635
0.00872718
0.000632182
0.000569816
0.00109749
0.000604821
0.00059029
0.000615959
0.000789057
0.000648998
0.000820355
0.000799058
0.000312385
0.0012633
0.000867177
0.000696973
0.000426786
0.000462005
0.000764685
0.000978727
0.000351671
0.000937182
0.00169088
0.0020862
0.000792272
0.00119201
0.000676685
0.000625538
0.000539066
0.000376525
0.000632515
0.00140295
0.000825736
0.000154966
0.00136389
0.000711671
0.00101191
0.000846957
0.000992433
0.000154089
0.000678772
0.00102737
0.000379017
0.000489183
0.00122612
0.000637129
0.00100681
0.000703606
0.00092297
0.00129908
0.00147817
0.00256013
0.000650943
0.000918443
0.0016372
0.00074113
0.000908362
0.00317409
0.00203758
0.000551265
0.000838787
0.00227666
0.00105357
0.000398822
0.000515014
0.000980629
0.000538783
0.000556512
0.000101768
0.000654909
0.000630632
0.000620551
0.00117029
0.000779922
0.000841027
0.000694645
0.00117498
0.00102128
0.000622287
0.000544273
0.000593704
0.000391511
0.000807284
0.00108455
0.00116284
0.0123511
0.00066455
0.0013719
0.000348967
0.00185459
0.00250554
0.000519777
0.0034578
0.000285156
0.00127591
0.000977825
0.000438877
0.000399683
0.00154968
0.000708422
0.00152814
0.000621668
0.00191649
0.00223994
0.000371545
0.000912112
0.000569053
0.00100908
0.000597897
0.00143784
0.000520906
0.000362935
0.000862548
0.000918022
0.000526714
0.000691133
0.000789667
0.000360846
0.000548878
0.000533414
0.000451509
0.000634055
0.00118883
0.00103011
0.000267108
0.000354421
0.000402192
0.00155353
0.00149342
0.00100379
0.000879926
0.000836972
0.00102228
0.000381
0.00030767
0.00278814
0.000490745
0.000462217
0.00096295
0.000330513
0.00200702
0.000165313
0.00131546
0.000331224
0.00204618
0.0183919
0.00101226
0.000943986
0.000614372
0.000709083
0.000724055
0.00278095
0.00108422
0.000613598
0.00069568
0.000949847
0.00105729
0.000686973
0.00856993
0.000699897
0.0008368
0.000412906
0.000475239
0.00328409
0.000742243
0.00209112
0.00158998
0.00942531
0.00145795
0.00100988
0.000745047
0.000845894
0.00151393
0.000657069
0.00104351
0.00292764
0.000482949
0.00123872
0.000909217
0.000798262
0.000787172
0.00130938
0.00108496
0.000991355
0.000641618
0.000588691
0.00073582
0.000584769
0.00307493
0.000506021
0.000849534
0.000558365
0.000391934
0.00141849
0.00107545
0.000356971
0.000637061
0.00137991
0.000953413
0.000931394
0.000388205
0.00167452
0.000513465
0.00108236
0.000692021
0.000898612
0.000763583
0.00136011
0.000549078
0.00294041
0.00083293
0.000371793
0.000830356
0.000887581
0.000675262
0.0022998
0.00065757
0.000609698
0.000408676
0.00287714
0.000652528
0.00135739
0.00127342
0.00014282
0.000804333
0.000555236
0.00181794
0.00102687
0.000935442
0.00107302
0.00065206
0.00130732
0.00488964
0.000325572
0.000464011
0.000637027
0.000816545
0.0013025
0.00832172
0.000686328
0.000498961
0.000635622
0.000507158
0.0027424
0.000305204
0.000617355
0.00100451
0.000259135
0.000735927
0.000381143
0.0011741
0.000981958
0.00101854
0.000658814
0.000707007
0.000750456
0.000690628
0.000535001
0.00111644
0.00107214
0.000697823
0.000794846
0.00195088
0.000787842
9.27208e-05
0.000690128
0.000504437
0.000855949
0.0089302
0.000472159
0.00130957
0.00215305
0.000662045
0.00128882
0.00053192
0.000342849
0.000530492
0.000533732
0.000738684
0.000497271
0.000577546
9.49543e-05
0.000413786
0.000497718
0.00338975
0.00013083
0.00103192
0.000399657
0.00127894
0.000900991
0.0008129
0.00082463
0.00403415
0.000696747
0.000473332
0.000834325
0.000955389
0.000470287
0.000683991
0.000382116
0.00079558
0.00137779
0.000641272
0.00103742
0.00136122
0.001828
0.000823146
0.00049134
0.00588524
0.000670184
0.0011657
0.000549995
0.00146926
0.000719256
0.000479834
0.000972988
0.000385932
0.00480117
0.000349194
0.000643972
0.000554308
0.000731492
0.000316665
0.00119901
0.00102616
0.000808238
0.00125139
0.000478669
0.000872831
0.000658361
0.0011421
0.000198601
0.00117076
0.000627349
0.000700187
0.00137933
0.00138718
0.000619415
0.0241102
0.000646235
0.000854951
0.00100339
0.00237515
0.000895801
0.00288369
0.000550388
0.000791766
0.00109066
0.00833859
0.000772968
0.000306605
0.000857407
0.00154404
0.00188263
0.000832172
0.000643548
0.00060995
0.000810773
0.000815354
0.00123705
0.00048043
0.00078557
0.00305974
0.00034476
0.000627015
0.000769685
0.000989028
0.00049991
0.000423271
0.00029767
0.00101729
0.000895747
0.00050076
0.000716027
0.000795322
0.000533571
0.00115321
0.000559414
0.000815574
0.000859186
0.000828316
0.000545579
0.000767932
0.000777725
0.000697883
0.00370672
0.00101965
0.000712199
0.000486947
0.000735484
0.0033973
0.00061937
0.000633905
0.00125368
0.000289619
0.000719404
0.00120854
0.000481203
0.000968953
0.00114906
0.0410454
0.00398196
0.000668124
0.000272457
0.00110922
0.000558876
0.00217449
0.00105295
0.000894716
0.00151386
0.000380028
0.000648332
0.000903515
0.000760558
0.00113227
0.00113898
0.000743489
0.00122547
0.000728907
0.000760021
0.000862665
0.000381651
0.000499819
0.000721274
0.000888757
0.000337979
0.000873989
0.000607072
0.000386283
0.0011152
0.000359193
0.000689611
0.000391209
0.000550814
0.00235282
0.00119218
0.000429604
0.000306656
0.000662563
0.00110687
0.000559096
0.000515352
0.00556586
0.000935358
0.00722001
0.00130627
0.00170857
0.000253322
0.000380348
0.000681793
0.000672353
0.000438104
0.000832848
0.00305805
0.0010823
0.000996446
0.00036753
0.000605523
0.000570091
0.0010004
0.00102451
0.000635658
0.00140927
0.000966389
0.00100787
0.00142038
0.00093766
0.000711083
0.000702052
0.000280125
0.000742551
0.000389765
0.00097489
0.000458949
0.000758736
0.000425527
0.00250221
0.000968783
0.00125229
0.000865263
0.00247974
0.00164472
0.00100947
0.00122939
0.000862284
0.00043168
0.000549584
0.000532823
0.00142283
0.00176297
9.51802e-05
0.000522475
0.000418061
0.000488244
0.000770217
0.000635064
0.000323527
0.000936778
0.00326
0.00141185
0.000707481
0.000866848
0.000515496
0.00153476
0.00100433
0.000967523
0.00117626
0.000610113
0.000337652
0.000189702
0.000762723
0.000514171
0.00248467
0.000361131
0.000566859
0.000626279
0.000522619
0.000737631
0.00110887
0.000695904
0.000767833
0.00061292
0.000481036
0.000811553
0.00137139
0.00100839
0.000345185
0.000525377
0.000683724
0.000643842
0.0015065
0.000741699
0.000485703
0.00112507
0.000540219
0.00151719
0.00441071
0.000619723
0.000893856
0.000181967
0.00124567
0.000977082
0.0016336
0.00429728
0.000484849
0.0013624
0.00140366
