0.00111559
0.000360164
0.000865362
0.000956878
0.000366918
0.000345816
0.00034806
3.90111e-05
0.000227236
0.000152235
0.00078267
0.00080049
0.000291143
0.000564789
0.000404524
0.000386702
0.000494819
0.000296897
0.000498677
0.000917315
0.00048922
0.000450555
0.000352523
0.000313644
0.000782523
0.000133747
0.00016132
0.00065412
0.00209727
0.000485347
0.00060851
0.00200101
0.000814017
0.00124637
0.000410616
0.00066249
0.000395777
0.000414131
0.000241673
0.000271886
0.000286734
0.000716367
0.000217437
0.000271749
0.000396745
9.8056e-05
0.00092733
0.000321297
0.000266898
0.000428832
0.000416226
0.000146113
0.000153007
0.000305747
0.000227323
0.000764652
0.000450636
0.00104186
0.000534311
0.000431835
0.00051491
0.000601219
0.000203957
0.000528885
0.000786681
0.000732179
0.000433145
0.000554508
0.000778938
0.000671219
0.000479485
0.00013494
0.000334473
0.000311705
0.00191518
0.000344939
0.000311772
0.00376453
0.000271712
0.000717895
0.000779815
0.00061892
0.00174063
0.000550332
0.000531116
0.000441427
0.000511234
0.000330502
0.000540497
0.000503778
0.000440624
0.000700408
0.000246972
0.000392786
0.000118019
0.000321351
0.000333729
0.000412997
0.00028239
0.00110568
0.000271597
0.000493917
0.000528326
0.00152353
0.000705536
0.00118995
0.000462632
0.000500782
0.000680889
0.00024688
0.000351269
0.000317988
0.000918402
5.273e-05
0.00337153
0.000211794
0.000530602
0.000276635
0.00028757
0.000391018
0.000400102
0.000622629
0.000373631
0.00053544
0.000189737
0.000226391
0.000211172
0.000474392
0.000221128
0.000635829
0.000439214
0.00081686
0.000530739
0.00118257
8.54125e-05
0.000594397
0.000461857
0.000451265
0.000434443
0.000253205
0.000904638
0.000512632
0.000227842
0.000341066
0.00120186
0.00039235
0.000181626
0.000736345
0.000376214
0.000294126
0.00224643
0.000204887
0.000425896
0.000561924
0.000511183
0.000407837
0.000328306
0.00163496
0.000303446
0.000264903
0.00129294
0.000155235
0.000565701
0.000571621
0.000193308
0.000534311
0.000160919
0.000386993
0.00030475
0.000793253
0.000368915
0.000214267
0.000291678
0.000782897
0.000225421
0.000201819
0.00030121
0.00648519
0.000272289
0.0015936
0.000309339
0.000343264
0.000569909
0.000259501
0.000942674
0.0004367
0.000413714
0.000720355
0.000441728
0.0019823
0.00289301
0.000478205
0.000369184
0.000303017
0.00100326
0.00024146
0.000819272
0.000111024
0.000224552
0.00127805
0.000357529
0.000807278
0.000318372
0.000187709
0.000310687
0.000155871
0.000946036
0.000418074
9.20931e-05
0.000758318
0.000503591
0.000430255
0.000250076
0.000185472
0.000715311
0.000266326
0.000478005
0.000589854
0.000947901
4.76693e-05
0.00657105
0.000325232
0.000881894
0.000478196
0.00111726
0.000293492
0.000418932
0.000634751
0.000780668
0.00107148
0.000383474
0.000344278
0.000655771
0.000248074
0.000460025
0.000189815
0.000266649
0.000330806
0.000176604
0.000266991
0.000543212
0.000644119
0.0300897
0.000402225
0.0175638
0.000762423
0.000236531
0.000487373
0.00100026
0.000209168
0.00127785
0.00024424
0.000220977
0.000310536
0.00111781
0.000537942
0.000207392
0.00036319
0.000579023
0.00249432
0.000544835
0.000410342
0.000215327
0.000395652
0.000124734
0.000351398
0.00532827
0.000268802
0.000122957
0.000486184
0.000579421
0.000276244
0.000180479
0.00055364
0.000564784
0.000971683
0.000690977
0.000523043
0.000772984
0.000494065
0.000260359
0.000255713
0.000175899
0.000457654
0.000326529
0.000759061
0.000963732
0.000362315
0.000331496
0.000256909
0.0013917
8.84713e-05
0.00059221
0.000990592
0.000202807
0.000589631
0.000336612
0.000258055
0.000580258
0.000131655
0.000261902
0.000249876
0.000706055
0.000471242
0.000153174
9.64779e-05
0.000115369
0.00026794
0.000401755
0.000641971
0.000432762
0.000442966
0.000373323
0.000427211
0.000458818
0.000445399
0.00165144
0.000495543
0.00017031
0.000887557
0.000255519
0.000871778
0.000439767
0.00046039
0.000367625
0.000230677
0.000513231
0.000573524
0.000117007
0.00033127
0.000406642
0.000613609
0.000272549
0.000411465
0.000351792
0.00113912
0.000921156
0.0117404
0.000373033
0.000739896
0.000371578
8.04199e-05
0.00529463
0.000489974
0.000809718
0.000496158
0.000387472
0.000376749
0.000541314
0.000585678
0.000401874
0.000588413
0.000419856
0.00032915
0.0010084
0.000403822
0.000561535
0.000274169
0.00570804
0.000597744
0.00148899
0.000718549
0.000137996
0.00670562
0.000519008
0.000421231
0.000569333
0.000733316
0.00045289
0.000576803
0.00028719
0.00102098
0.000366958
0.0002222
0.000208634
0.000291543
0.000170317
0.00085476
0.000356611
0.000336723
0.00134021
0.000125751
0.000291305
0.000632757
0.000335113
0.000264568
0.00021997
0.000547259
0.000492735
0.000319667
0.000673973
0.00058537
0.00395252
0.000368052
0.000137883
0.000442469
0.000216479
0.00073857
0.000560454
0.000458493
0.000200525
0.00021261
0.000368336
0.000331582
0.000554334
9.92995e-05
0.00031083
0.000407868
0.000601833
0.000334946
0.000308624
0.000259757
0.000324693
0.000626811
0.000637205
0.000157656
0.000259485
0.00076753
0.000261264
0.000467553
0.000223057
0.000369441
0.000529928
0.000270737
0.000319764
0.000309705
0.000502141
0.000212524
7.80555e-05
0.000225911
0.000330058
0.000253371
0.000255565
0.0007732
0.000291941
0.000160124
0.000357206
0.000286475
0.000402793
0.000357107
0.00017709
0.000405567
0.000607495
6.35751e-05
0.000500787
0.000412595
0.000472031
0.000350386
0.000151782
0.000350914
0.00167952
0.00043064
0.00109506
0.000244538
0.000154863
0.00138554
0.000938837
0.00042573
0.00020834
0.000606961
0.000247831
0.000334148
0.00135804
0.000582257
0.000550025
0.00109416
0.000466762
0.000152442
0.000778427
0.000331233
0.000668265
0.000191449
0.000225527
0.000445368
0.00025306
0.000743191
9.24672e-05
0.000504044
0.000343842
0.000254621
0.000779241
0.000999998
0.00106394
0.000285695
0.000449526
0.00020993
0.000302958
0.000463145
0.000357809
0.00026894
5.28953e-05
0.000430294
0.000860537
0.000788864
0.000153801
0.000476862
0.000237382
0.000162081
0.000610295
0.00074517
0.000553356
0.000380861
0.000184183
0.000191225
0.000435507
0.000668253
0.00027794
0.000391086
0.00048929
0.00030815
0.00034273
0.000244856
0.00028336
0.000225946
0.000220193
0.000166406
0.000175184
0.000195631
0.000204432
8.882e-05
0.000899426
0.000324966
0.000298987
0.000489735
0.000193991
0.000517915
0.000465551
0.000559997
0.000504081
0.000199344
0.000209374
0.000206191
0.000214977
0.000275301
0.000655617
0.000969281
0.000341793
0.00284533
0.000271915
0.000320555
0.000172405
0.000938403
0.000385705
0.000263832
0.000347334
0.000597035
0.000417664
0.000680619
0.00107745
0.000320369
9.53931e-05
0.000182311
0.000262257
8.38809e-05
0.0014593
0.000269966
0.000224608
0.000358072
0.000647711
0.00114012
0.000904484
0.000239219
0.000372287
0.00052931
3.15654e-05
0.000416989
0.00039691
0.000519175
0.000765865
0.000213651
0.000323761
0.000656546
0.000267631
8.98827e-05
0.000369993
0.000639538
0.00159871
0.000483879
0.000736616
0.000171286
0.000673437
0.000411584
2.8665e-05
0.000351859
7.40193e-05
0.000320489
0.000428234
0.000180127
0.000558439
0.00351451
0.000239318
0.000964869
0.000995962
0.000381335
0.000953616
0.000105258
0.00129701
0.000841386
0.000335227
1.66174e-05
0.000404111
0.000199929
0.000256696
0.00026663
0.00102139
0.000558986
0.000343766
0.000583374
0.000875132
0.000518085
0.000103961
0.000258529
0.000251158
0.00038785
0.000642153
0.000292885
0.000311491
0.000413762
0.000455986
0.0015135
0.00529571
0.000218013
0.000806826
0.000280702
0.000812352
0.000858262
0.000321581
0.000781298
0.000773888
0.000199435
0.00051753
0.000455066
0.000448603
0.00253681
0.000406921
0.000640508
0.000324102
0.00019284
4.59321e-05
0.000123438
0.000161627
0.000416625
0.000736729
0.000836239
0.000205683
0.000705809
0.000212137
0.000622691
0.000508492
0.000894776
0.00308579
0.000421658
0.000675561
0.000115839
0.00240445
0.000568724
0.000652863
0.00502985
8.99693e-05
0.000176659
0.00036086
0.000286691
0.000363166
0.000522288
0.000202822
0.00022471
0.000366899
0.0002545
0.000372912
0.00026261
0.000563679
0.00131856
0.000489464
0.00174895
0.000490665
0.00013823
0.00029487
0.00143823
0.000307268
0.000445617
0.000584706
0.000197788
0.000433524
0.000454326
0.000487667
0.000340924
0.000892142
0.000449019
0.000467909
0.000715119
0.000365413
0.000207156
0.000227387
0.000545746
0.000516537
0.000125063
0.000286981
0.000346872
0.000444738
0.000351397
0.000456612
0.000166986
8.99307e-05
0.00101172
0.000404438
0.000378338
0.00176784
0.00102953
7.65324e-05
0.00059536
0.000221657
0.000171599
0.000351162
0.000742385
0.000260919
0.000598999
0.000922236
0.000432181
0.00071832
0.000345178
0.000304797
0.000117547
0.000261518
0.000163691
0.000398816
0.000386901
0.000267438
0.000173026
0.00017629
0.000226898
0.00114636
0.000378917
4.96014e-05
0.000130502
0.000400652
0.00035174
0.000458756
0.000470645
0.000142614
0.000291647
0.000549527
0.000445572
0.000452283
0.000719091
8.63803e-05
0.00205597
0.000107594
0.000459513
0.000151059
9.32874e-05
9.18093e-05
0.000263817
0.000364047
0.000697443
0.000212271
0.000305419
0.000750073
0.000259658
0.000375478
0.000610519
0.000658382
0.000367358
0.000854679
0.000289936
0.000480186
0.000199293
0.000167656
0.000377581
0.000197828
0.000737286
0.000361765
0.000120988
0.000252607
0.000416072
0.000399588
0.000750125
0.000336931
0.000545819
0.000290424
0.0012877
0.00175182
0.00161694
0.000464045
0.000616862
0.000525772
0.000196593
0.000455627
0.000319888
0.000332947
0.000468764
0.000481888
0.000404333
0.000494984
0.000153105
0.000273136
0.000186088
0.00068682
0.000173444
0.000384945
0.000497955
0.000663846
0.000414641
0.0010115
0.000305063
0.000360875
0.000659005
7.31878e-05
0.000409914
0.000410878
0.000629592
0.00037951
0.000130764
0.000241652
0.000868756
0.00034306
0.000389798
0.000226702
0.000671209
0.000431077
0.000372211
0.000866322
0.000340117
0.000185792
0.00033659
0.000488494
0.000697291
0.00025161
0.000308162
0.000748386
0.00048058
0.00024164
0.000394707
0.000261733
0.000266749
0.000480661
0.000321662
0.000342989
0.000672078
0.000115882
0.00091979
0.000444895
0.000544393
0.00106649
0.00078653
0.000204225
0.000387747
0.000166297
0.000528635
0.000135033
0.000817644
0.000262282
0.000369529
0.000417131
0.000504291
0.000511307
0.000531237
0.000124508
0.000423247
0.000171753
0.000590843
0.000519451
0.000213721
0.000936395
0.000648135
0.00109588
0.00149759
0.000324527
0.000269199
0.000352556
0.000655776
0.000188797
0.000596339
0.00063628
0.000354868
0.000441295
0.00029942
0.000307942
0.00120532
0.000319307
0.000396016
0.00056835
0.000204589
8.04194e-05
0.00169251
0.00110339
0.000240928
0.000185582
0.000326645
0.000475287
0.000238869
0.000117764
0.000415974
0.000361268
0.000521366
0.000165494
0.000746711
0.00045539
0.000487071
0.000400808
0.000504666
0.000212884
0.000438338
0.000114985
0.000272457
0.00042397
0.000650355
0.000291296
0.00035567
0.000662871
0.000199076
0.000295682
0.0020489
0.000480638
0.000751616
0.00381469
0.000200558
0.000244971
0.000615375
0.000427298
0.000359547
0.000667708
0.000684024
0.00060037
0.000350392
0.000447865
0.000165663
0.000315434
0.000405077
0.000322685
0.000443648
0.000406885
0.000384951
0.00206405
0.000362138
0.00019714
0.000636044
0.000278288
0.000427291
0.000297704
0.000533641
0.000431949
0.000411164
0.000582595
0.000773303
0.000181097
0.00075637
0.000430722
0.00259266
0.00024719
0.00060033
0.000765658
0.000698608
0.000499347
0.000568585
0.000402493
0.000173997
0.000481133
0.000833019
5.23569e-05
0.000130009
0.00079055
0.0044462
0.000117252
0.00067321
0.00038788
0.000137234
0.000536668
0.000329031
0.000135971
0.000501863
0.000625123
0.000158536
0.000417531
0.000349747
0.00185784
0.000445688
0.000401373
0.000279517
0.000213899
0.00108647
0.00344587
0.000553767
0.000448163
0.000648281
0.00121404
0.00026093
0.000439422
0.00038071
0.000183169
0.000223273
0.00035161
0.000597116
0.000485913
0.000301184
8.22382e-05
0.000197173
0.000417916
0.000188355
0.000106168
0.000348466
0.000278427
0.000216535
0.000296246
0.00017402
0.000389885
0.000249498
0.000613877
0.000969828
0.000371453
0.000553541
0.000177664
0.000623671
0.000216331
0.000573505
0.000517764
0.000547814
0.000250025
0.000191258
0.000304809
0.00038722
0.000339962
0.000622425
0.00475098
0.0019447
0.000398903
0.00553015
0.00082198
0.000592839
0.000247871
0.000470572
0.000168052
0.000399177
0.000247809
0.000102032
0.000114159
0.000235045
0.000305329
0.000337866
0.000312654
0.000605654
0.000595721
0.000357316
0.000264095
0.000120301
8.52367e-05
0.000137989
0.00185273
0.000281338
0.000446656
0.000443308
0.000281038
0.000132566
0.000339594
0.000406598
0.000383343
0.0001054
0.000271266
0.000157019
0.000521108
0.000389101
0.000129079
0.000382118
0.00115317
0.000269966
0.000801664
0.000109208
0.000188193
0.000467331
0.000436663
0.000656762
9.45699e-05
0.000270947
0.000118401
0.000136242
0.000660255
0.000550791
0.000743839
0.000212059
0.000880451
0.000233175
0.000208454
0.000356767
0.00103462
0.00022064
0.000183969
0.000666535
0.000243477
0.000378518
0.000375738
0.00275665
0.00230082
0.00038689
0.000177001
0.00027154
0.000702617
0.000591613
0.000487551
0.000451339
0.00093337
0.000444962
0.000534223
0.000387477
0.000344911
9.18902e-05
0.000301527
0.000205528
0.000232882
0.00160252
0.000377689
0.000307254
0.000222367
0.000223922
0.000639137
0.00530403
0.000856271
0.00149462
0.000112548
0.000380822
0.00147678
0.000678495
0.000671136
0.000314891
5.87723e-05
0.000306888
0.000365542
0.000268226
0.00184512
0.00140596
0.000511047
0.000268371
0.000401239
0.000412358
0.000165284
0.000407052
0.000890427
0.000260206
0.000674134
0.000349889
0.000353209
0.000174651
0.000328796
0.000174073
0.000386688
0.00034242
0.000314401
0.000189645
0.000812504
0.000443251
0.000256363
0.000344319
0.000210195
0.000112017
0.000249753
0.000412158
0.00138932
0.000385056
0.000270363
0.000293554
0.000192751
0.000821313
0.000648414
0.000720056
0.00041725
0.00199899
0.00060752
0.000400115
0.000650041
0.000277467
0.000543337
0.000792348
0.000408678
0.00043567
0.00411512
0.000563636
0.000203717
0.00102438
0.0023263
0.000421266
0.000193238
0.00175816
0.00035985
0.000352343
0.000286903
0.000631429
0.000365784
0.000518986
0.00201338
0.000699187
0.00034711
0.000199249
0.00030909
0.000366632
0.000228841
0.000439512
0.000336846
0.000356913
0.000609492
0.000575437
0.000238518
0.000258429
0.000424419
0.000474107
0.000555433
0.000248103
0.000527361
0.000697451
0.000522753
0.000430146
0.000320894
0.000276668
0.000362446
0.000196445
0.00144562
0.00015234
0.000313749
0.000499262
0.000297683
0.000443819
0.000787248
0.000516784
0.00106756
0.000228963
0.00021135
0.000330569
0.000926507
0.000463456
0.00216917
0.000397939
0.000204836
0.000742932
0.000233343
0.000562128
0.000129412
0.000282166
7.06551e-05
0.000282106
0.000799956
6.34219e-05
0.000303035
0.000450833
0.000229747
0.000250835
0.000209744
0.00128222
0.000279248
0.000861756
0.00277826
0.000411029
0.000301852
0.00960783
0.000316755
0.000530626
0.000428268
0.000262789
0.000238633
0.000328206
0.000531297
0.000366723
0.000252626
0.000199575
0.000301335
0.000474171
0.000391638
0.000376563
0.00064946
0.000613345
0.000457488
0.000852075
0.000468786
0.000283651
0.000614814
0.000467119
0.000331957
0.000504196
0.000305756
0.00026685
0.00197476
0.00022804
0.000232881
0.000228838
0.000133647
0.000746768
0.00041863
0.000244107
0.000341089
0.000394998
0.000193124
0.0010973
0.000413316
0.00037726
0.000272945
0.000540397
0.00113648
0.000198811
0.000677468
0.000316249
0.00385971
0.00114823
0.000460022
0.000743162
0.000733164
0.000143369
0.000401451
0.000317965
0.00020836
0.00430886
0.000177692
0.000777862
9.10459e-05
0.000277151
0.000414723
0.000103605
0.000369607
0.000470156
0.000194263
0.000674908
0.000204576
0.000301388
0.000455708
0.000300318
0.000165293
0.000504652
0.000316612
0.000324561
0.000188082
0.000592633
0.000276164
8.93113e-05
0.00022551
0.00128927
0.00217438
0.000532855
0.000484116
0.000635626
0.000333335
0.000650695
0.000345956
0.00380564
0.000525532
0.00049519
0.000153983
0.000362867
5.87781e-05
0.000433766
0.000353559
2.74173e-05
0.000100211
0.000303679
0.000261501
9.71851e-05
0.000370497
0.000327104
0.000501301
0.00216617
0.000383615
0.000408661
0.000638473
0.000468212
0.000390733
0.000250575
0.000264298
0.000490411
0.00842704
0.000334583
0.000231591
4.81817e-05
0.000195203
0.000218347
0.000941669
0.000186453
0.000238896
0.00014324
0.000416604
0.000489923
0.000518966
0.000257795
0.000442752
0.000403761
0.000620561
0.000522053
0.000369492
0.000341264
0.000328965
0.000320272
0.000490607
0.000192576
0.000539138
0.000204832
0.00024703
0.000767927
0.000572739
0.000732665
0.000575602
0.0034231
0.000522363
0.00035806
0.000680858
0.00016566
0.000357997
0.00121309
0.000107089
0.000415554
0.000255275
0.00053627
0.000840343
0.000340076
0.00022003
0.00044541
0.000295364
0.000465963
0.00444545
0.000525447
0.000493638
0.000514855
0.000251877
0.00129537
0.000299202
0.00042356
0.000316246
0.000328473
0.00050679
0.000402121
0.00230036
0.000354485
0.000178276
0.000609924
0.000548842
0.000319808
0.000264931
0.00059232
0.00146505
0.000413873
0.000471115
0.00063661
0.000542586
0.000233421
0.000601187
0.000292817
0.000534692
0.000426453
0.000548376
0.000325869
0.000871863
0.000426213
9.28056e-05
0.000383945
0.00151528
6.51922e-05
0.000481116
0.000173823
0.000501948
8.11703e-05
0.0003383
0.000356717
0.00092372
0.000481045
0.000662986
0.000409739
0.000464349
0.000416463
0.00291404
0.000229063
0.00045125
0.00109966
0.00226592
0.000224674
0.000219432
0.000201898
0.000370253
0.000509198
0.000441316
0.00027764
0.000356391
0.000341681
0.00129702
0.000438261
0.000294901
0.000279664
0.000233187
0.00103737
0.000740208
0.000979111
0.000608865
0.000424982
0.00320522
0.000367488
8.13103e-05
0.000388277
0.000368704
0.000250093
0.000371586
0.000240841
0.00059953
0.0028547
0.000258584
0.000397484
0.000264002
0.000235148
0.000968152
0.0008051
0.000610503
0.00841562
0.000454771
0.000295246
0.000246137
0.000309803
0.000144372
0.000439565
0.000364821
0.000737702
0.000782372
0.00128852
0.000497969
0.000215295
0.00064873
0.000894043
0.00018186
0.000359146
0.000160816
0.000247664
0.000253318
0.000319199
0.000583699
0.000182566
0.000317191
0.000284853
0.000320822
0.000572413
0.000949336
0.000876747
0.00113412
0.000293562
0.000463684
0.000740077
0.000353818
0.000413122
0.000450459
0.000335304
0.000658555
0.000627001
0.0121757
0.00044919
0.000464199
0.00021128
0.00103875
4.20155e-05
0.000443459
0.000962848
0.000156377
0.000536463
0.000342112
0.000212062
0.000401343
0.00199658
0.000437741
0.000695443
0.000323429
0.000465621
0.000481327
0.000316586
0.0003208
0.000498497
0.000731704
0.000357121
0.000568918
0.000249312
0.000399577
0.000168353
0.000202453
0.000434956
0.000313255
0.000306648
0.000456897
0.00070076
0.000296776
0.000394136
0.000220096
0.000482052
0.00039931
0.000941419
0.00034736
0.000360147
0.000632427
0.00040256
0.000256648
0.000452108
0.000579775
0.00014499
0.00032486
0.000571338
0.000451858
0.000302912
0.000750951
6.61626e-05
0.000748249
0.000180772
0.000234172
0.000238425
0.000476542
0.000648925
0.000815236
0.000708503
0.000428739
0.000493245
0.000242874
0.000357424
0.000256743
7.86829e-05
0.000483803
0.00155589
0.000251022
0.000427511
0.000216205
0.000340814
0.000508983
0.00127685
0.000479003
0.00105447
0.00112489
0.000338736
0.00040927
0.000332299
0.000451447
0.00437709
0.000254484
0.000368046
0.000151864
0.000845223
0.000504002
0.000537836
0.000600756
0.000180323
0.000489313
0.000153957
0.000434961
0.000435752
0.000449018
0.00135037
0.000352993
0.000551244
0.00113241
0.000319749
0.000223897
0.000337283
0.000147978
0.000310257
0.00133054
0.000934176
0.000284678
0.000277506
0.000498069
0.000407294
0.000660035
0.000232345
0.000584714
0.000188121
0.000161483
0.0103252
0.000240139
0.000464648
0.000358948
0.00024654
0.000370943
0.000370148
0.000256507
0.000593774
0.000229518
0.000494725
0.000699394
0.000565446
0.00055613
0.000482992
0.000162348
0.00035827
0.000288396
0.000657368
0.000373752
0.000658015
0.000796685
0.000784321
4.35279e-05
0.000404724
0.000831578
0.00028551
0.0004754
0.0001227
0.000578502
0.000277147
0.000488422
0.000339086
0.000209688
0.000653129
0.000872904
0.00034517
0.00269176
0.000353973
0.000344476
0.000383491
0.000284255
0.000131767
0.000437129
0.000856348
0.000388471
0.000314159
0.000518841
0.000271811
0.00821489
0.000835745
0.000599789
0.000494808
0.00032299
0.00057709
0.000343814
0.00153521
0.000647624
0.000461406
0.000535144
0.000360872
0.000314459
9.76345e-05
0.00151597
0.000573848
0.000371272
0.000387912
0.000294373
0.00023807
0.000489669
0.000350165
0.000698053
0.00051899
0.00244878
0.000281518
0.00127869
0.000408899
0.000384631
0.000289433
0.000368159
0.000201725
0.000217872
0.0011103
0.000754069
0.000171997
0.000459141
0.000334925
0.000333899
0.000203904
0.00051083
0.000364919
0.000622704
0.000127548
0.000288827
0.00107916
0.000512715
0.000631709
0.000336412
0.000211637
0.000419923
0.00039533
0.000746
0.00096267
0.000246168
0.00074266
0.00020669
0.000421692
0.00153819
0.000393002
0.000462853
0.000336487
0.00034845
0.000962632
0.000338947
0.000357507
0.000264701
0.000488428
8.56704e-05
0.000588552
0.000272169
0.00118536
0.000241447
0.000395657
0.000418441
0.000309243
0.000471058
0.000245166
0.00445192
0.000488361
0.000142906
0.00208244
0.0005351
0.000439618
0.000369953
0.000641902
0.000195774
0.000648996
0.000165555
0.000539245
0.000173503
0.000671216
0.000784155
0.0012321
0.000936585
0.00158911
0.000228688
0.000912524
0.000243755
0.000313963
0.00221974
0.0022905
0.000389089
0.000259243
0.000709934
0.000452807
0.000264758
0.000615641
0.000399583
0.000377194
0.000634282
0.00191231
0.000370562
0.00158986
0.000749881
0.00051194
0.000609875
0.000172887
0.00104391
0.00100692
0.000405536
0.000442454
0.000334431
0.000260522
0.00863386
0.000276719
0.000397943
0.000609444
0.000241699
0.000298557
0.000288769
0.000723143
0.000274604
0.000202364
0.000222288
0.00114911
0.000482749
0.00452044
0.000214525
0.000200486
0.000164782
0.000322848
0.0004628
0.000440629
0.000503011
0.000577014
0.000314131
0.000423474
8.79932e-05
0.000167768
0.000270352
0.00187801
0.00030139
0.000112315
0.000461897
9.63535e-05
0.000350649
0.000902067
0.000341176
0.000696189
0.000374062
0.000499379
0.000629525
0.000518881
0.000184882
0.000370631
0.000130647
0.000571267
0.000482727
0.000314951
0.000580558
0.000647208
0.00101968
0.000837948
0.000403409
0.000843576
0.000592967
0.000541438
0.000243938
0.000317616
0.000788335
0.000112448
0.000700558
0.000365473
0.000216551
0.000440675
0.000864896
0.000501402
0.00271723
0.000348501
0.000196245
0.000435135
0.000205754
0.00055785
0.000200506
0.000265335
0.000316744
0.00061502
0.000843369
0.00059174
0.00041811
0.000525926
0.000213606
0.000502646
0.000301423
0.000111482
0.00757847
0.000529059
0.000485448
0.00010248
0.00060367
0.000205196
0.000572188
0.000379504
0.000353633
0.000234565
0.000254253
0.000629516
0.000405855
0.00037265
0.000388571
0.00142618
0.000408979
0.000116268
0.000254189
0.000612604
0.000462865
0.00035685
0.000567212
0.00044586
0.000276362
0.000318121
0.000441186
0.000256051
0.000362226
0.00049284
0.000157685
0.000396317
0.000207068
0.000215461
0.000308832
0.00046623
0.000383022
0.000904232
0.00027765
0.00160917
0.00044289
9.04897e-05
0.00309835
0.000381731
0.000299046
0.000757686
0.000396313
0.000228364
0.000673546
0.000253255
0.000419132
0.000699334
0.000269177
0.000333697
0.000420744
0.000760014
0.000419365
0.000474014
0.000895501
0.00023683
0.000638578
0.0014594
0.000370994
0.000300501
0.00227056
0.000443784
0.000721913
6.66351e-05
0.000845897
6.76548e-05
0.000391088
0.000730147
0.00172369
0.000195784
0.000206526
0.000172839
0.000506565
0.000161712
0.000253839
0.000239002
0.000374301
0.000494927
0.000894671
0.000386864
0.000494704
0.000331084
0.00218412
0.0001255
0.000313649
5.93102e-05
0.000522065
0.000218227
0.000186446
0.000320745
0.000667901
0.000559404
0.000517907
0.000119194
0.00043085
0.000505528
0.000644177
0.00737475
0.000145727
0.00049711
0.00059487
0.000175193
0.000466032
0.000410803
0.000678048
0.000292433
0.000223694
0.000378595
0.000491376
0.000336157
0.00130871
0.000545393
0.000226816
0.000346171
0.000427779
0.00178233
0.000310255
0.000171036
0.000961454
0.000474834
0.000581571
0.000784498
0.000197812
0.000783031
0.000356099
0.000328896
0.00072254
0.000520787
0.000195453
0.000408055
0.000206535
0.000305901
0.0004766
0.00041484
0.0013186
0.000412945
0.00054158
0.000485516
0.000330687
0.000168064
0.000155448
0.00032006
0.000424514
0.000233999
0.000324994
0.000263677
0.000375596
0.000314494
0.000218954
0.000172455
0.000353009
0.000194598
0.00229944
0.00049162
0.000319242
0.000627728
0.00139813
0.000774339
0.00222531
0.000284103
0.000637773
0.000653933
0.000151514
0.000222706
0.000373328
0.000979473
0.0002688
0.000498041
0.000689961
0.000769193
0.000157814
0.00048918
0.000390583
0.00423678
0.000177307
0.0026557
0.000563858
0.000532721
0.000221251
0.000366032
7.50294e-05
0.00102295
0.000210043
0.000378587
0.000167221
0.000264299
0.000139064
0.000425231
0.000239132
0.000136474
0.0003527
2.32295e-05
0.000343925
0.000229413
0.000165887
0.000625825
0.000430487
0.000497196
0.00146959
0.000484876
0.00130626
0.00037087
0.000326408
0.000678856
0.00112494
0.000165762
0.000370975
0.000767631
0.000891672
0.000488633
0.000270845
0.000323496
0.000464707
0.00032274
0.000779997
0.000640797
0.000897393
0.000352943
0.00111685
0.000367837
0.000252884
0.000509634
0.000288733
0.000603534
0.000399292
0.000837621
0.00123548
0.000232551
0.000935984
0.000214229
8.78307e-05
0.00020049
0.000410233
0.000530907
0.000490942
0.000274617
0.00123324
0.000268107
0.000465726
0.000246033
0.00057775
0.000202147
0.000852855
0.00106455
0.000317823
0.000446129
0.000608573
0.000360015
0.000318975
0.000392806
0.00459423
0.000570143
0.00108928
0.000633356
0.000368667
0.000529848
0.000310953
0.000621206
0.000274949
0.000562197
0.000405641
0.000609961
0.000153232
0.000830864
0.00143119
0.000820327
0.000819474
0.000672854
0.00471073
0.000197756
0.000422113
0.000291546
0.000340956
0.000638493
0.000191644
0.000297743
0.00221463
0.000118582
0.000784227
0.00030577
0.000418783
0.000255684
0.000276359
0.000575728
0.000433703
0.000627085
0.000198644
0.000539288
0.000160687
0.000680542
0.000253043
0.000470062
0.000334343
0.000277493
0.000586228
0.000299784
0.000432915
0.000358034
0.000277376
0.000371627
0.000121563
0.00179322
0.000195053
0.000151582
0.000108223
0.000406902
0.000346346
0.000456063
0.00392626
0.000398961
0.000285766
0.000239034
0.00025563
0.000576189
0.000353156
0.000649716
0.00955639
0.000639972
0.000143223
8.21643e-05
0.00482459
9.06964e-05
0.000334107
0.000203866
0.000361288
0.000333531
0.000351939
0.000401006
0.000428984
0.00080504
0.000671451
0.000345006
0.000935463
0.000815765
0.000228879
0.000319872
0.00341562
0.000658602
0.000456746
4.6276e-05
0.00068234
0.000607132
0.000999147
0.000156996
0.000493649
0.000191994
0.000254033
0.000455702
0.000573517
0.000336602
0.000783175
0.000528789
0.000587633
0.000321303
0.000417744
0.000273787
0.00017275
0.000544057
0.000269736
0.000446316
0.000230671
0.000835899
0.000335771
0.000511514
0.000825099
0.000381119
0.00123507
0.000491853
0.00141515
0.000329855
0.000500283
0.00049132
0.000458431
0.000693218
0.000449448
0.000409296
0.000580887
0.000315731
0.00317186
0.000145137
0.000339779
0.000496171
0.000267109
0.000100631
0.00056084
0.000180988
0.00036655
0.000325067
0.000462098
0.000439196
0.000187339
0.000511041
0.000193269
0.00110367
0.00476684
0.000984484
0.000510457
0.000903594
0.000686373
0.00036079
0.000500913
0.000192327
0.000669876
0.00121163
0.000331102
0.000543734
0.000109647
0.000293294
0.000570333
0.000336311
0.000998496
0.000271164
0.000390116
0.000254692
0.000463079
0.00113472
0.000418501
0.000104649
0.0010512
0.00027895
0.000859109
0.000208029
0.000732617
0.000252715
9.94895e-05
0.000244673
0.000139563
0.000490013
0.000656494
0.000180731
0.000356088
0.000112181
0.00106764
0.000513029
0.000328683
0.00065358
0.000358407
0.000444671
0.000354576
0.000519456
0.000670939
0.000296557
0.000360694
0.000913488
0.00678636
0.000173165
0.000224098
0.000488759
0.000441476
0.00106932
0.000745041
0.000350966
0.000411409
0.000702876
0.000921806
0.00108723
0.000685171
0.000312115
0.000895697
0.0014817
0.000217287
0.000531594
0.0120257
0.000150476
0.000448266
0.000346738
0.000815853
0.000234746
0.000404721
0.00105664
0.000272893
0.000412828
0.000561196
0.000237217
0.000471321
0.000550716
0.000585767
0.000448971
0.000277913
0.000199345
0.000206673
0.000358711
0.000208976
0.000282092
0.000794928
0.000518008
0.00057169
0.00118815
0.00410332
0.000330367
0.000337309
0.000388786
0.000393887
0.00417731
0.000320387
0.000388077
0.000485915
0.00039321
0.000721253
0.000379132
0.00189562
0.000277182
0.000140499
0.000477881
0.000334525
0.000744098
0.00049733
0.000333423
0.000491018
0.00020516
0.000340214
0.000411141
0.000608174
0.00397612
0.000603635
0.000277606
0.000501477
0.000470796
0.000115925
0.000343408
0.00017857
0.000329947
0.00033647
0.000370268
0.00121902
0.000358833
0.000302087
0.000868283
0.00387452
0.00061432
0.000380206
0.000908202
0.000451312
0.00172587
0.000562206
0.000348564
0.000493399
0.000742029
0.00039398
8.55306e-05
0.000394289
0.000822392
0.000887077
0.000352267
0.00010671
0.00556146
0.000523154
0.000345792
0.000117612
0.000471067
0.0007238
0.00033081
0.000595173
0.000356533
0.00108904
0.000546408
0.00348528
8.88093e-05
0.000474154
0.000433803
0.00031832
0.000516652
0.00124747
0.000728553
0.00044443
0.000307818
0.000196329
0.000406757
0.000318938
0.000164348
0.00047542
0.000449536
0.000214039
0.000403256
0.000358682
0.000835794
0.000674709
0.000598873
0.00046844
0.000377865
0.000291567
0.000199223
0.000477932
0.000279714
0.00039811
0.00133369
0.000440074
0.000366029
0.00058702
0.0003693
0.000449192
0.000436977
0.000877806
0.00276899
0.000423286
0.000346705
0.00150572
0.000490544
0.000289252
0.00108958
0.00063107
0.000152979
0.000630915
0.00020062
0.000994746
7.02449e-05
0.000630864
0.000126143
0.000449704
0.000871333
0.000676687
0.00082895
0.000178528
0.000252838
0.000429144
0.000484727
0.000651603
0.0018162
0.000238838
0.00029197
0.000453037
0.000468416
0.000236009
0.000311888
0.000780993
0.000228906
0.000644679
0.000164761
0.000277876
0.00113005
0.000831982
0.000312765
4.70693e-05
0.000248576
0.00290335
9.89145e-05
0.000973079
0.000669492
0.000180525
0.000334915
0.00015186
0.000386034
0.000376196
7.97355e-05
0.000101114
0.000301132
0.000644771
0.00134728
0.000658005
0.000308303
0.000111329
0.000545822
0.000375464
0.00148323
0.000650735
0.00130597
0.000509679
0.000209401
0.000213544
0.000342492
0.000344032
0.00040244
0.000220193
0.000181581
0.000519809
0.000144123
0.000449486
0.000420228
0.000747606
0.00064706
0.000552572
0.000407158
0.000631398
0.00059717
0.00059041
0.000705455
0.000257294
0.000441633
5.65236e-05
0.000437628
0.000417171
0.000734746
0.00108928
0.000442018
0.000484502
0.000553352
0.000317632
0.000463444
0.000152254
0.000291644
0.000603719
0.000272216
0.0133102
9.1352e-05
0.00123595
0.000470272
0.000328594
0.00068816
0.0007435
0.000231337
0.000572375
0.000103897
0.000403911
0.000540125
0.000789027
0.000354368
0.00411967
0.000577036
0.000452042
0.000298242
0.000415062
0.000446144
0.000463272
0.0005374
0.000755343
0.00316668
0.000280692
0.00100281
0.000402223
0.000389058
0.000574316
0.000311773
0.00049161
0.000331641
0.000419865
0.000938613
0.000290123
0.000389727
0.000288501
0.000218265
0.000184759
0.000419673
0.000134576
0.000612016
0.000516631
0.00158011
0.0286667
0.000635871
0.000202259
0.000196343
0.000147265
0.000807886
0.0007052
0.000559526
0.000436391
0.000415375
0.000267285
0.000557141
0.000210024
0.00127996
0.000773553
0.00110744
0.000297708
0.000328812
0.000207522
0.000423918
