0.00122508
0.000935741
0.00161514
0.00233677
0.00103093
0.0014755
0.00124197
0.00203097
0.00694833
0.0263124
0.00240339
0.00204948
0.00155919
0.00236845
0.00253109
0.00148565
0.00184984
0.00856217
0.00258897
0.003677
0.00144837
0.0101464
0.00236124
0.00219884
0.00184937
0.00162424
0.00255728
0.00143957
0.00182419
0.00681338
0.00215153
0.00683186
0.000985022
0.00266901
0.000542081
0.00179948
0.00628482
0.00255985
0.00146971
0.00222412
0.003149
0.00468177
0.00258764
0.00146252
0.00233917
0.00291317
0.00262089
0.00263565
0.00270333
0.00225912
0.00273817
0.0026732
0.00175838
0.0145531
0.00266586
0.00176895
0.0018669
0.00242002
0.00108214
0.000906366
0.00428851
0.000932939
0.00729364
0.00192295
0.00207058
0.00108525
0.00461656
0.00140535
0.00662835
0.0019081
0.00222406
0.00116442
0.000907673
0.00167281
0.0349479
0.00192551
0.00137408
0.00113447
0.00198472
0.00145567
0.0022374
0.00150141
0.00391079
0.00159348
0.00439653
0.00155353
0.00108839
0.00127577
0.00322271
0.00244256
0.00148958
0.010616
0.00222943
0.00526055
0.00915417
0
0.00227711
0.00159201
0.00208541
0.00611355
0.000752476
0.00163678
0.00162288
0.00163993
0.00139263
0.00207795
0.00172264
0.0017537
0.000705425
0.00128838
0.00475532
0.00102941
0.00216251
0.00209542
0.00428328
0.00237601
0.00191169
0.000946345
0.00320674
0.00201817
0.00492982
0.00117727
0.00197158
0.00181594
0.00172833
0.00189377
0.00170905
0.00195694
0.00270758
0.00160794
0.00241516
0.00106152
0.0045686
0.00121901
0.00145241
0.00193208
0.00222701
0.00141016
0.00186934
0.00502834
0.00256448
0.00148291
0.00161134
0.00206632
0.00128619
0.0013966
0.00165942
0.00220325
0.00255418
0.00193008
0.000586449
0.00594484
0.00337367
0.00114238
0.00111178
0.00225198
0.00246186
0.0018021
0.0201402
0.00201522
0.00124255
0.00532371
0.00162811
0.00138126
0.00344431
0.00240227
0.00341141
0.00109605
0.00165971
0.00257525
0.0014551
0.00273072
0.0036282
0.00457815
0.00174933
0.00322195
0.00212673
0.00256515
0.00252565
0.00467901
0.00337116
0.0013841
0.00197514
0.00176199
0.001835
0.00162527
0.00807539
0.0016029
0.00136802
0.00120504
0.00253142
0.00140102
0.00218041
0.00216244
0.00875481
0.00269176
0.00147811
0.00169427
0.00164609
0.00160753
0.0146007
0.00158954
0.00174195
0.00211597
0.00204801
0.000569598
0.00615511
0.00178882
0.00176082
0.00997714
0.00226412
0.00178617
0.0521383
0.00143545
0.00109349
0.00154281
0.00580122
0.00280851
0.00242311
0.00272919
0.00162426
0.00230041
0.00187278
0.00156267
0.00174826
0.000642894
0.00245697
0.00148022
0.00219356
0.000968965
0.000900307
0.00128876
0.00235317
0.00336264
0.00120127
0.0014662
0.00268463
0.00423254
0.00206982
0.0026848
0.00421328
0.00121128
0.00160574
0.00140119
0.00393299
0.00986922
0.00154063
0.0012234
0.00171696
0.00103013
0.00172951
0.00188986
0.00135938
0.00160226
0.00163857
0.00188257
0.00277517
0.0013497
0.00121203
0.00179765
0.000941167
0.000531679
0.00206515
0.00238556
0.00340421
0.00196866
0.00336324
0.00253612
0.00187392
0.00127706
0.00233715
0.00192822
0.00188369
0.00253059
0.00130147
0.000881629
0.00475343
0.00228004
0.00206235
0.00324769
0.00228182
0.00104757
0.00176824
0.00376948
0.00294067
0.00400785
0.00184891
0.00129003
0.00120908
0.00406706
0.0116932
0.0170971
0.00181853
0.00216336
0.00206378
0.00458135
0.00207751
0.00207971
0.00350462
0.00237725
0.00408892
0.00142915
0.00642315
0.00180845
0.0025484
0.0071171
0.00323629
0.00199745
0.00106626
0.00126207
0.00153633
0.00305641
0.00303367
0.00221474
0.00232383
0.00131902
0.00150479
0.00518401
0.00105952
0.0013957
0.00199112
0.00564348
0.00322938
0.0019586
0.00485444
0.00247004
0.00174712
0.00132973
0.00143794
0.00212601
0.00912692
0.00488473
0.00216968
0.000538335
0.00837516
0.0028419
0.00212499
0.000976363
0.0104373
0.0024003
0.00173509
0.000996501
0.000721678
0.00295016
0.00232436
0.00115319
0.00120884
0.00204511
0.00113896
0.00304379
0.00351945
0.00202651
0.00204361
0.00146985
0.00345608
0.00270161
0.000595894
0.00283742
0.0017978
0.00171174
0.0013117
0.00166422
0.00267035
0.00247416
0.00229549
0.00190403
0.00140929
0.00189874
0.00100954
0.00346441
0.00129119
0.00285106
0.00145851
0.00101918
0.00133626
0.0019833
0.00225295
0.00202905
0.00197678
0.00161653
0.00148792
0.00142909
0.00360463
0.00241138
0.0172109
0.0144195
0.00180026
0.000700871
0.00263245
0.00186778
0.00144272
0.00201945
0.00211993
0.00218833
0.00210542
0.0264987
0.00267524
0.00246053
0.00207852
0.00172076
0.00507404
0.00191277
0.011573
0.00105487
0.00251572
0.00183332
0.000933968
0.00233581
0.00257489
0.00253685
0.0010713
0.00145842
0.000814215
0.0019564
0.00146748
0.00223699
0.00443692
0.00228905
0.00308893
0.00200133
0.000920229
0.00448577
0.00101923
0.000850175
0.00191805
0.00104738
0.00196364
0.00292457
0.00240375
0.00249829
0.000654472
0.00216296
0.00145407
0.00239719
0.00483013
0.00163165
0.00218184
0.00265521
0.00205126
0.00233649
0.00101875
0.00199372
0.00206594
0.00200305
0.000962027
0.00249656
0.00145998
0.00227818
0.00183258
0.00158665
