0.000503297
0.00029781
0.000195568
0.000189872
0.000907817
0.014998
0.000162841
7.52043e-05
0.000672246
0.000251418
0.000123235
0.000535979
0.000378145
0.000285547
0.000131968
4.15701e-05
0.000257263
0.000141034
0.000201768
0.000664337
0.000215966
0.000366397
0.000269215
0.000180145
0.000186136
0.000292677
0.000486657
0.000167448
1.52399e-05
0.000238951
0
0.000360874
0.000290701
0.000410578
0.000168408
0.000492792
7.57016e-05
0.000209987
0.000109671
0.000261521
0.000175857
0.000270535
0.000455519
0.000311511
3.7683e-05
0.000526307
0.000310818
0.000124248
0.000148547
0.00017564
0.000928526
0.000136496
0.00039493
1.80495e-05
0.000157909
0.000425239
0.000647423
7.22093e-05
0.000151031
0.00025614
0.000240647
0.00137002
0.000568257
0.000201098
0.000308472
0.00027933
0.00513618
0.000358099
0.000225563
0.000262321
0.000180083
0.000149404
0.000180347
5.50516e-05
0.000869119
0.000385187
0.000214765
0.000171977
0.0004671
0.000228908
0.000146947
0.000274784
0.000192884
1.00357e-05
8.21217e-05
0.000170959
0.000587575
0.000162175
0.000539163
0.000175509
0.000102759
0.000162565
7.78121e-05
0.000221981
0.000179894
0.00031918
0.00035725
0.000294001
0.0013794
0.000303523
0.000369912
0.000720562
0.000207327
0.00331708
0.000194079
0.00124724
1.43818e-05
6.01938e-05
0.000158635
0.000159274
0.0001937
0.000189167
4.07144e-05
0.000649135
0.00017686
0.000237046
0.000410449
0.000248249
0.000746462
0.000157572
0.000716268
0.000315884
0.000297242
0.000247994
0.000181066
0.000161262
0.000134063
0.000190455
0.0002141
0.000434625
0.000286089
0.000106484
0.000276997
0.000322278
0.000108395
0.000188809
0.000262653
0.000311272
0.000473794
0.000103415
0.000239558
8.99281e-05
0.00021857
0.000247149
0.000241843
0.000149059
0.000154087
0.00014527
0.000692226
0.000163112
0.000469551
0.000202244
0.00029833
0.00033678
0.000265447
0.000174885
7.19208e-05
9.95677e-05
0.000321533
0.000820183
0.000237918
0.000168713
0.000251225
0.000142655
0.00011118
0.000334294
0.00049977
0.000204214
0.000185807
0.000164456
0.000275831
7.99693e-05
0.000115427
0.0104375
4.85464e-05
9.89709e-05
0.000179711
0.000137103
0.000571063
0.0012533
0.000306641
0.000189309
0.000512893
5.05599e-05
0.000214795
0.000223728
0.000370709
0.000415216
0.000328756
0.000108886
0.00450771
0.018453
0.000192889
0.000227639
0.00084325
0.000158166
0.000529546
0.000161636
0.000162136
8.96375e-05
0.000205895
0.000219968
8.04435e-05
0.000233156
0.000250838
0.000204275
0.000247229
0.000402013
0.000169053
0.0022487
0.00113032
6.23239e-05
0.000211481
0.000296229
0.00132281
0.000342739
0.00050613
0.00022437
0.000269152
0.00040318
0.00015584
0.000331449
0.000308552
0.000270833
0.000112146
0.00121445
0.0003536
5.59264e-05
0.00537712
4.52047e-05
0.000106446
0.000531796
0.00017553
0.000500901
0.000227457
0.000231276
0.000210146
0.000235547
0.000148198
0.000287274
0.000161922
0.000282499
0.00017814
0.000114754
0.000182487
0.000328628
0.000476155
0.000607415
9.42339e-05
0.000159138
0.00016762
4.47121e-05
0.000200916
0.000676075
4.96593e-05
0.000217328
0.000279835
0.000257711
