0.00262248
0.0011955
0.000504893
0.00147886
0.00140341
0.00110904
0.000971712
0.000649295
0.00107596
0.00106955
0.000536532
0.000917076
0.000793686
0.00209146
0.00240142
0.00311676
0.00130687
0.00277617
0.00122344
0.00111738
0.00138401
0.00188611
0.0014105
0.000929944
0.00200036
0.00110044
0.00898036
0.000488708
0.00242477
0.00107777
0.000605183
0.00192216
0.00055274
0.00195095
0.00159099
0.00105134
0.00152044
0.000908363
0.00113836
0.00130764
0.000634753
0.00116689
0.000672285
0.00106897
0.00146808
0.00141228
0.000293004
0.00149155
0.000665323
0.00103891
0.00373666
0.00800012
0.000971403
0.00077804
0.000805893
0.00086945
0.000538498
0.00101139
0.000534329
0.00107851
0.000799004
0.00100997
0.00249602
0.00270594
0.000633034
0.000715342
0.000723683
0.00442754
0.00116184
0.000703147
0.00180046
0.00280557
0.000499512
0.00101253
0.00095537
0.00077075
0.000523495
0.00860133
0.00311533
0.00108664
0.00145969
0.000738271
0.000310717
0.000449476
0.00141993
0.000913791
0.00127285
0.010931
0.00117483
0.000731196
0.00133154
0.000257312
0.00266765
0.00161312
0.0628219
0.000952426
0.000678573
0.000842136
0.00115075
0.00593766
0.000840222
0.000417361
0.0101547
0.000664813
0.00062977
0.00418407
0.00093426
0.000841052
0.000823446
0.000951946
0.00115205
0.00146331
0.00115721
0.00185912
0.00119602
0.000595251
0.000536982
0.00117687
0.00148733
0.00110615
0.00247321
0.000817783
0.00320421
0.00102586
0.000720393
0.00175999
0.000946758
0.00144915
0.00109785
0.000779527
0.00663532
0.00111044
0.000609761
0.00163438
0.00129149
0.000541905
0.000562373
0.000736255
0.000526739
0.00315142
0.00150531
0.00115876
0.00103681
0.00103537
0.0008489
0.0013936
0.000830026
0.000396371
0.00366042
0.000439608
0.00142498
0.00399703
0.00164319
0.00119945
0.00108956
0.000728957
0.000769253
0.00088796
0.000345403
0.000485571
0.000871617
0.00116417
0.000904553
0.00156214
0.00138294
0.000720083
0.00204151
0.000902146
0.000364996
0.00138587
0.00146187
0.000580024
0.00502589
0.00152211
0.000230241
0.0015023
0.00211088
0.00216216
0.00191934
0.00142551
0.00239105
0.00105992
0.00143916
0.000706691
0.00102181
0.00144443
0.00134798
0.00118471
0.00154541
0.00119783
0.00402997
0.00114704
0.000497818
0.00442893
0.0036886
0.00496323
0.00187678
0.000925195
0.000848855
0.00195248
0.00118358
0.00059354
0.000576292
0.000597245
0.00319917
0.000808361
0.00250318
0.00325861
0.000661739
0.000759988
0.000811788
0.00138136
0.00117375
0.000741674
0.00054997
0.00488926
0.00115457
0.000513747
0.00200444
0.000657939
0.00151785
0.000710138
0.00125913
0.000836317
0.00122071
0.00141056
0.000603639
0.00124336
0.000896454
0.00194224
0.0010977
0.00328827
0.0038384
0.00134736
0.000387841
0.000740123
0.001466
0.000861735
0.000700769
0.00126886
0.000708567
0.00393222
0.00172821
0.000727692
0.00064085
0.00101342
0.000854975
0.00363675
0.00201643
0.0013687
0.00127558
0.00179856
0.00118434
0.00123585
0.00206346
0.00134883
0.00123635
0.00304761
0.000916615
0.00142621
0.00249912
0.00572989
0.000855217
0.000897526
0.00154171
0.00167578
0.000946444
0.00100342
0.000890153
0.000874202
0.00211495
0.00296903
0.000519486
0.00276806
0.00145457
0.000934901
0.00109847
0.00163508
0.000827835
0.00121713
0.000946637
0.000552731
0.000724543
0.000854549
0.000685785
0.0017231
0.000754484
0.00165233
0.00501324
0.00142025
0.00220588
0.00255818
0.000957003
0.00169907
0.00187967
0.000904436
0.00116053
0.00293194
0.00104811
0.00628738
0.00221657
0.000988818
0.000719938
0.00218413
0.00134977
0.00110749
0.00371251
0.00185334
0.00144792
0.000859037
0.00119401
0.00104289
0.00628151
0.00066602
0.00156998
0.00109874
0.000522075
0.0014407
0.00113117
0.000670987
0.00108456
0.00152213
0.000950737
0.000385332
0.00123196
0.0029052
0.00221216
0.0010472
0.000819731
0.00248796
0.00139252
0.000991002
0.00158099
0.0008696
0.000737656
0.00235253
0.000147367
0.00058797
0.000723612
0.00261938
0.00114499
0.00180226
0.00121053
0.000884911
0.00185838
0.000701594
0.00160664
0.0010765
0.00108015
0.000890344
0.000687103
0.00200746
0.000646012
0.000762901
0.000867037
0.000999852
0.00132522
0.00156355
0.000930404
0.00165833
0.00124026
0.00195889
0.00229029
0.00110392
0.000618604
0.00193163
0.00154917
0.00142749
0.00242608
0.00163529
0.0008758
0.000753765
0.000982594
0.00338756
0.00116268
0.000850134
0.00108222
0.00128924
0.00758819
0.00142703
0.00122428
0.00055184
0.00151481
0.000899507
0.00168663
0.000965958
0.000774216
0.00204132
0.00138459
0.00140399
0.00143682
0.00121866
0.00137645
0.000716442
0.00221692
0.00411967
0.000995398
0.00300165
0.00044551
0.00241147
0.00175611
0.000666084
0.000582202
0.0005875
0.00170374
0.00111512
0.000754073
0.00121038
0.000333443
0.0011966
0.00128028
0.00390821
0.00265061
0.000908835
0.000867189
0.000984074
0.00140139
0.000700239
0.00187991
0.00124808
0.00154379
0.00117041
0.000630702
0.000840857
0.00170673
0.00111334
0.000716657
0.000663208
0.00145579
0.000835237
0.000770191
0.0009999
0.000564048
0.000851494
0.0008734
0.00434693
0.00119389
0.001026
0.000983025
0.00311233
0.00117345
0.00211752
0.000773933
0.000721401
0.00127498
0.00102602
0.00142063
0.00109496
0.00185333
0.000454515
0.00110113
0.0130381
0.000995315
0.000864211
0.00301143
0.00153416
0.00145364
0.00109356
0.00242497
0.00180275
0.00102089
0.000822149
0.000681143
0.00147159
0.000459843
0.00148526
0.00106437
0.000793804
0.00122105
0.00241791
0.00116659
0.00124289
0.00413045
0.000905478
0.0100384
0.00231386
0.00338505
0.000988773
0.0127355
0.00057785
0.00118242
0.0010132
0.00303072
0.000619347
0.000503168
0.00121208
0.00161467
0.000470097
0.0010604
0.00420646
0.000698343
0.000981744
0.00105004
0.00131853
0.00104749
0.00141525
0.00151857
0.00105058
0.0010106
0.00206998
0.00237979
0.000858951
0.00107574
0.000531011
0.00131464
0.00117209
0.0009479
0.0020192
0.00123096
0.00125789
0.000625878
0.00124116
0.000470156
0.000899847
0.00054998
0.00157893
0.000882807
0.00128036
0.00146057
0.000814519
0.00173024
0.00113199
0.00423976
0.00102892
0.000814937
0.00208828
0.000987512
0.000812766
0.000328892
0.00115691
0.00073204
0.000787176
0.00130746
0.00166861
0.000553205
0.00368723
0.000364936
0.00143358
0.00174224
0.000603991
0.000923713
0.0014331
0.00193651
0.00544398
0.000594787
0.000964304
0.000586566
0.00126202
0.00143507
0.00131455
0.00103598
0.00113355
0.00182102
0.00127795
0.00144226
0.000342707
0.00102301
0.000847723
0.000879786
0.000847405
0.0020815
0.00123156
0.00172983
0.00158547
0.00634843
0.00279431
0.000936584
0.000911083
0.0008672
0.00145037
0.000891272
0.00122542
0.000923757
0.00147681
0.000863102
0.000857669
0.0013997
0.00111108
0.000342135
0.00054994
0.00164307
0.00138648
0.00428191
0.00446209
0.00064163
0.00470486
0.0016518
0.00139921
0.00062239
0.00167638
0.00112961
0.00132731
0.0035104
0.0011856
0.0104961
0.000621418
0.00555856
0.000864166
0.00147786
0.000516521
0.00197263
0.00115411
0.000755822
0.00185788
0.000663546
0.00150037
0.00241583
0.00177405
0.000508515
0.000911118
0.000712036
0.00108832
0.000941532
0.00109641
0.00197273
0.000724293
0.00221231
0.00193744
0.000884826
0.00056998
0.00122934
0.00277743
0.000589234
0.00179314
0.00235625
0.00116885
0.0016479
0.00148686
0.0029298
0.000841467
0.00137463
0.00114621
0.00256544
0.00236638
0.00183886
0.00109974
0.00987989
0.00261545
0.00146269
0.00138753
0.0212835
0.00109038
0.00120346
0.0034272
0.00113141
0.00153003
0.00083163
0.00120388
0.00519635
0.00210252
0.00068762
0.00415773
0.00108646
0.00529258
0.000759008
0.000862811
0.00102247
0.000962973
0.00158842
0.000409011
0.000792562
0.00156296
0.000840354
0.00144913
0.000936204
0.000682437
0.00113612
0.00104092
0.00105569
0.000926129
0.000989685
0.0015043
0.00111475
0.00068776
0.00115863
0.00458099
0.000998626
0.000702802
0.00198805
0.00061811
0.00909633
0.000777521
0.00125337
0.00095899
0.00262194
0.000570678
0.000992897
0.000249664
0.000955251
0.000923082
0.00233783
0.00101577
0.000459351
0.000850502
0.00147149
0.000228444
0.00264305
0.00128575
0.00355603
0.00114641
0.00240637
0.00161915
0.000696192
0.0012141
0.0009
0.00132917
0.00069832
0.000571207
0.00120508
0.00177132
0.001108
0.00143114
0.00178337
0.00615182
0.000589472
0.000877508
0.00177789
0.00225599
0.000752558
0.00114068
0.00179736
0.00123568
0.00200105
0.000887921
0.00457637
0.00101964
0.00110012
0.00161365
0.00135285
0.00143865
0.000817477
0.00128613
0.00150209
0.00302491
0.00151487
0.000973634
0.000883407
0.00094003
0.000747917
0.00139345
0.00128865
0.00114626
0.000642119
0.00126388
0.00143756
0.00114504
0.000740961
0.0012329
0.00281643
0.00151852
0.00107266
0.000758916
0.00497491
0.000782469
0.000855449
0.00124547
0.00108418
0.000758871
0.000879015
0.00137246
0.00185526
0.00125867
0.00372771
0.00137056
0.00503957
0.00417227
0.00223577
0.000970235
0.0020983
0.00107914
0.00120185
0.000567874
0.00274046
0.00297558
0.000522505
0.00138041
0.00544266
0.000803803
0.00128266
0.000602028
0.000836378
0.00126113
0.00102764
0.000929014
0.00102175
0.00108767
0.00074184
0.00147792
0.000478242
0.00254191
0.00218624
0.000981098
0.0010756
0.000428252
0.000761601
0.00257465
0.00189933
0.000570139
0.00172908
0.00143672
0.00114937
0.00133353
0.00176447
0.00136174
0.00105621
0.000618487
0.00107161
0.000817341
0.00102531
0.000326144
0.00100417
0.00152843
0.000699406
0.00119985
0.0191618
0.00113313
0.000935552
0.000922834
0.000968528
0.000489071
0.00104597
0.000902619
0.0018886
0.00649509
0.00265034
0.00108766
0.00114045
0.00115919
0.000856047
0.0025267
0.00134972
0.00101867
0.00862266
0.0010168
0.00100454
0.00108506
0.000362343
0.000758198
0.00108661
0.000976402
0.000863435
0.000712749
0.0011825
0.00189347
0.000694852
0.000608786
0.000975704
0.00230538
0.0013504
0.00192135
0.000906596
0.00221655
0.000849625
0.000364159
0.000932405
0.000859247
0.0017005
0.000829495
0.000938658
0.0013193
0.000749951
0.000667254
0.000829294
0.00131473
0.0015367
0.000964904
0.00169797
0.00941062
0.000659095
0.00142913
0.000986897
0.00102777
0.00111038
0.00107282
0.00145369
0.000650581
0.00283129
0.00108983
0.000725518
0.00116007
0.00105431
0.000916198
0.0010844
0.000413065
0.000609615
0.00118716
0.00114387
0.00119695
0.0017247
0.00121235
0.00114401
0.00206921
0.00137669
0.000963844
0.000433444
0.00109701
0.0010777
0.000957597
0.0007092
0.00266083
0.00929358
0.000924121
0.00107975
0.00251119
0.0241346
0.00227997
0.00298164
0.000749946
0.0012702
0.000344829
0.00273795
0.00204637
0.00160004
0.00128087
0.000696423
0.00306657
0.0052146
0.00110942
0.00142245
0.000996139
0.00101159
0.000807309
0.000612098
0.000571377
0.00132147
0.000642114
0.000454385
0.00169378
0.00107027
0.000685151
0.00125063
0.00081427
0.000625391
0.000782463
0.000664789
0.000915737
0.000399785
0.0007066
0.00140565
0.000729875
0.00191824
0.00143764
0.00189851
0.000344847
0.00116828
0.000616907
0.000887874
0.00176435
0.00150519
0.0015111
0.000307918
0.000776896
0.00161478
0.00461006
0.00157487
0.000887065
0.000704857
0.00596761
0.00275993
0.00082972
0.00197761
0.000975468
0.00050864
0.00165056
0.00152548
0.00127974
0.00137576
0.00110151
0.0389903
0.000895839
0.000748372
0.00117592
0.00267288
0.00124479
0.000972218
0.00149166
0.000827877
0.00306528
0.00607413
0.00132437
0.00046946
0.000348379
0.00153006
0.00284025
0.000575851
0.00134926
0.00275213
0.00307259
0.00210582
0.00121625
0.000409735
0.00111594
0.000491796
0.00204624
0.00197817
0.0012216
0.00223682
0.00108976
0.00104739
0.00161318
0.00198295
0.00131018
0.000887111
0.00120578
0.000772739
0.000574219
0.000499904
0.00072751
0.000473512
0.000677276
0.00134796
0.000936954
0.0012342
0.00616375
0.000521128
0.00250065
0.000763558
0.000331726
0.00249097
0.000785496
0.00950125
0.000926954
0.0019997
0.0010334
0.000785862
0.00170983
0.000943242
0.000632145
0.00115967
0.00113701
0.00133295
0.0114502
0.00107894
0.00102956
0.00164175
0.00171643
0.000787529
0.0021876
0.00304004
0.00028436
0.00149738
0.00273169
0.00186348
0.00124398
0.000770183
0.000750886
0.000766002
0.000879124
0.000816834
0.00184343
0.00145674
0.00101371
0.00231913
0.000313439
0.00140854
0.00191358
0.000634806
0.000763148
0.00109986
0.00187952
0.00132168
0.00224122
0.00092929
0.00185138
0.00355776
0.000789444
0.00423111
0.00819174
0.00114958
0.00104254
0.000906159
0.000783016
0.000826615
0.000906541
0.00113834
0.000610218
0.000767753
0.00117842
0.000944329
0.00198434
0.00086049
0.00110915
0.00100149
0.00068094
0.00138208
0.00401636
0.00151518
0.0013293
0.00166243
0.000784324
0.00156811
0.00228362
0.0030126
0.000981097
0.000606519
0.000404813
0.00899559
0.00494722
0.000782663
0.00249384
0.00117701
0.000984121
0.00127357
0.00115319
0.000781108
0.000890496
0.00134843
0.00185105
0.0020227
0.00299378
0.00129409
0.00147799
0.00160376
0.00163975
0.00100107
0.00109125
0.00174511
0.00131299
0.00238842
0.000875736
0.00237741
0.000919612
0.00125017
0.000812594
0.00125805
0.00143438
0.000432263
0.000890726
0.00164397
0.000585328
0.000704645
0.00107639
0.00103813
0.00152403
0.000921657
0.00125396
0.00143327
0.00146282
0.00182823
0.00114209
0.00184449
0.000834049
0.000826216
0.00102237
0.00170278
0.00191558
0.00233544
0.00106205
0.00086026
0.000714731
0.00127588
0.00225972
0.000603981
0.00182919
0.000736942
0.00167187
0.000767181
0.00169373
0.00130234
0.00039277
0.0013185
0.000991602
0.000751057
0.000786021
0.00719787
0.000917495
0.00131143
0.000949442
0.00109409
0.000839218
0.000929908
0.00115507
0.00170469
0.00146948
0.000516487
0.00143717
0.00133034
0.000631808
0.000592794
0.0014047
0.00105556
0.00211586
0.000770498
0.00155122
0.00435919
0.0017347
0.000408881
0.00301074
0.000948125
0.0022582
0.000720467
0.00178326
0.000881078
0.000647756
0.000825166
0.00109247
0.00125323
0.00127837
0.00129829
0.00090428
0.00124196
0.00195842
0.00232815
0.00129248
0.00465619
0.0011857
0.000859117
0.00103037
0.000270403
0.00333641
0.00282301
0.00084051
0.00134617
0.000544952
0.00158207
0.00150613
0.000688123
0.00181254
0.00128741
0.00117405
0.00135393
0.000642629
0.00120453
0.0448526
0.00130777
0.000694085
0.00190909
0.000936392
0.00122453
0.000997443
0.000712399
0.00143948
0.00264271
0.0008149
0.00115079
0.00194479
0.0011604
0.000467596
0.000979948
0.000970167
0.00127441
0.00403069
0.00127678
0.00125103
0.00101819
0.00156976
0.000997687
0.000596377
0.000579482
0.00103514
0.00105458
0.000727932
0.000588297
0.000458508
0.000872485
0.00163932
0.000610183
0.00103209
0.00145655
0.00114308
0.00145283
0.0011445
0.00221346
0.00105201
0.0019038
0.00295314
0.00648873
0.00243124
0.000962547
0.000978628
0.000748434
0.000429336
0.00144525
0.000930595
0.00107644
0.00116318
0.000968358
0.000953103
0.000775726
0.00104752
0.00448169
0.00115524
0.000513155
0.00133284
0.00199783
0.000310838
0.00125238
0.00272344
0.00109765
0.00127097
0.00107445
0.00221671
0.000715051
0.00111553
0.00169463
0.0015699
0.00171888
0.00235388
0.0031569
0.00103041
0.00131634
0.000958584
0.00103432
0.00170536
0.00544677
0.000878363
0.0103475
0.000951487
0.00161535
0.00144987
0.00204388
0.000846781
0.00102826
0.00113761
0.00100173
0.00337232
0.00164379
0.00181651
0.00203313
0.00422661
0.000822935
0.00133078
0.000456009
0.000845049
0.0207672
0.00461754
0.00852718
0.000963118
0.000828961
0.000882917
0.0023091
0.00129179
0.00388472
0.000287506
0.000712992
0.00180441
0.000742491
0.00278177
0.000735741
0.00232251
0.00093712
0.000564338
0.000901542
0.00242349
0.0010878
0.000854226
0.000960002
0.000690612
0.00109462
0.00221055
0.000944426
0.00196885
0.000829139
0.00136777
0.00241822
0.0014304
0.00131401
0.00103948
0.000451762
0.00060863
0.00155324
0.00148145
0.000969011
0.00277289
0.00113821
0.00125638
0.0013623
0.000959265
0.000613889
0.00134488
0.000753401
0.001298
0.00149286
0.000614737
0.00132432
0.000917405
0.000973565
0.00329328
0.000685815
0.00103073
0.000741616
0.0008201
0.000589939
0.000662507
0.000541078
0.00052575
0.00187741
0.00073446
0.00112401
0.000861542
0.00124797
0.000780811
0.00061632
0.00267293
0.000214357
0.00279102
0.000422391
0.00165243
0.000778669
0.00176943
0.00080117
0.000979632
0.00048511
0.00188859
0.00148224
0.00119767
0.00165254
0.00143334
0.00126001
0.00111015
0.000602998
0.000435081
0.018264
0.00102227
0.0016426
0.0013696
0.00134746
0.00120332
0.000978433
0.00223303
0.000989812
0.0014308
0.0015366
0.000623474
0.00113736
0.000856377
0.000396884
0.00139158
0.00139677
0.0022321
0.00129178
0.00100232
0.000649962
0.00100058
0.000799113
0.00071284
0.000645023
0.00110951
0.000680713
0.00163396
0.00100891
0.00175377
0.00383633
0.00144524
0.00110969
0.00114796
0.00220955
0.000897433
0.00124896
0.00119032
0.000605175
0.00132675
0.000360359
0.00128992
0.00110055
0.00106308
0.0010668
0.00372966
0.000969922
0.00122356
0.00223885
0.00150213
0.000890068
0.00142657
0.000560124
0.000511054
0.000690998
0.000202984
0.0015338
0.000522877
0.00120799
0.000849145
0.00362471
0.0022987
0.00110337
0.0013854
0.000675223
0.00416397
0.000612295
0.00186721
0.00182331
0.000897925
0.00252716
0.0029259
0.00158225
0.00212282
0.00216007
0.0116909
0.00135997
0.000816929
0.00092335
0.00148818
0.00163349
0.0010689
0.00034065
0.000268015
0.00413675
0.00323199
0.000763288
0.00107511
0.00202805
0.00270277
0.00134697
0.000944541
0.000788869
0.000759425
0.00110221
0.00631759
0.00278173
0.000701337
0.000945078
0.00436622
0.00104281
0.00054588
0.00162787
0.00159545
0.00289918
0.00114195
0.00162317
0.000814901
0.00115086
0.00168889
0.00122157
0.00292838
0.000878196
0.00121658
0.00182602
0.00122237
0.000206095
0.00118991
0.00114332
0.00114848
0.00128555
0.00240017
0.00144205
0.00347661
0.00245318
0.00160358
0.0010153
0.00201314
0.00127934
0.00171109
0.00101914
0.00196821
0.000957745
0.0016436
0.00103055
0.00097502
0.00136507
0.000940044
0.00244618
0.000639972
0.00145626
0.00151336
0.00244743
0.00137026
0.00202144
0.00244606
0.00141163
0.00110404
0.000855311
0.00266823
0.00108564
0.00207299
0.00123921
0.000797804
0.00543605
0.000984172
0.00338174
0.0023463
0.000898046
0.00154164
0.00280482
0.000587789
0.00202528
0.000873281
0.0011661
0.000755327
0.000728018
0.00036063
0.00209455
0.00630691
0.00181555
0.000905044
0.00275715
0.000713808
0.000654654
0.000918698
0.00176385
0.00119065
0.00206325
0.000662789
0.00174179
0.00268645
0.00352136
0.00114127
0.00278929
0.0013531
0.000714249
0.00150643
0.00366971
0.00121123
0.000998834
0.0010216
0.0030305
0.00102154
0.00141546
0.00254248
0.000560706
0.00121428
0.000586911
0.00118353
0.00131882
0.0238919
0.00161016
0.1085
0.000258402
0.0104368
0.00189458
0.000972007
0.00203494
0.001393
0.00131493
0.000653
0.00175829
0.00120504
0.000525632
0.0010154
0.0010832
0.00526282
0.0019228
0.00859268
0.00344517
0.000611848
0.000670743
0.00393222
0.000927989
0.00132511
0.00232963
0.00182404
0.000686327
0.000604334
0.0016287
0.00090778
0.000860476
0.00140261
0.00251707
0.000826413
0.00150855
0.000853625
0.000984993
0.00145171
0.0027023
0.000775653
0.00172982
0.00102502
0.00182767
0.00116383
0.00110717
0.000766192
0.0134535
0.00119994
0.00223455
0.00155191
0.00194748
0.00207424
0.00062846
0.000535669
0.000935817
0.00160791
0.000730394
0.000689163
0.000622207
0.000693929
0.000318644
0.00198744
0.00117418
0.0010072
0.000457092
0.000613393
0.00108644
0.00175315
0.00166713
0.000834488
0.00113252
0.00123004
0.000932198
0.00148488
0.00157959
0.00275095
0.000798748
0.00129398
0.000785724
0.00200478
0.00103904
0.00121559
0.000651573
0.00144651
0.000787603
0.00126498
0.000867497
0.00189069
0.00113657
0.0009562
0.00109632
0.000830975
0.000432011
0.00465003
0.00157445
0.00167206
0.00128577
0.00454435
0.00147254
0.00134796
0.000507235
0.00182653
0.00216665
0.00149144
0.00116573
0.00100844
0.00075633
0.0023837
0.00117972
0.0012555
0.000484128
0.00102477
0.0015597
0.000937227
0.000796839
0.00124672
0.000948148
0.00190527
0.000226427
0.00135643
0.00194755
0.000887092
0.000748494
0.00872294
0.000443446
0.00226343
0.00533921
0.00199572
0.0023214
0.000760667
0.00173488
0.00185893
0.000284869
0.00121973
0.00137255
0.000405252
0.00123529
0.00179574
0.00152473
0.00117193
0.00143003
0.00125024
0.000512468
0.00105926
0.00110645
0.00116
0.00143112
0.00100029
0.000940808
0.00623183
0.000621247
0.00172111
0.000529168
0.00126397
0.00220509
0.000756672
0.00122088
0.00078219
0.00050899
0.000628283
0.0068187
0.0012526
0.0010772
0.000964335
0.00461908
0.00080872
0.00310344
0.000820219
0.00170409
0.000125774
0.00303357
0.0010192
0.0016531
0.00061562
0.00174458
0.000359863
0.0135509
0.000534401
0.000994508
0.000930161
0.00121075
0.00245358
0.000583313
0.000775078
0.000473255
0.000756622
0.0015482
0.00203968
0.00187413
0.00146338
0.000765841
0.00440647
0.00126796
0.00133273
0.00060347
0.00106313
0.00131403
0.00075953
0.00120568
0.00124534
0.000423804
0.00224125
0.00097422
0.00170359
0.000816394
0.00132579
0.00102258
0.00360378
0.00460669
0.00178599
0.00216602
0.0012976
0.000841566
0.00119951
0.00114228
0.000969242
0.00220033
0.000343341
0.000763011
0.00418749
0.00113624
0.000841227
0.00106315
0.00670586
0.000499081
0.00100709
0.00130369
0.000879498
0.000723382
0.00382103
0.00159472
0.00144041
0.000719999
0.00102792
0.0127376
0.000809272
0.000619686
0.00155071
0.00111552
0.00130741
0.00242774
0.000865566
0.00137627
0.00344824
0.00590737
0.00551313
0.00120892
0.00450218
0.00112562
0.000579896
0.00168994
0.00107335
0.00159957
0.00105902
0.00128477
0.00106855
0.00160519
0.00109166
0.0005579
0.00487996
0.00102796
0.000787463
0.000889076
0.00550597
0.000949644
0.00145496
0.00093724
0.0012719
0.00202124
0.000696808
0.00135033
0.00133437
0.00182712
0.000389736
0.000745045
0.00166145
0.000797215
0.00103813
0.00160016
0.00832026
0.00145181
0.00111162
0.000596247
0.00115084
0.00112543
0.292498
0.00111619
0.00142632
0.000867749
0.00258123
0.000785085
0.00121579
0.00291596
0.000638762
0.00123659
0.000740294
0.00138559
0.00277479
0.00140614
0.0014946
0.00194109
0.00207516
0.000728841
0.000410356
0.000696695
0.00113048
0.000857103
0.00113587
0.00162923
0.00107003
0.00184854
0.000871347
0.000923331
0.000974466
0.00182193
0.00112021
0.0012051
0.00172184
0.00203242
0.000668097
0.000673553
0.00160281
0.000617784
0.00173153
0.00103151
0.00118356
0.000701512
0.000860942
0.00162201
0.00274516
0.0006934
0.00279858
0.000548798
0.00202496
0.00164449
0.0133306
0.000910419
0.00126545
0.00157979
0.00171502
0.00191402
0.00142142
0.00132995
0.00131783
0.00148043
0.000785123
0.00183463
0.000797722
0.00166344
0.00146823
0.00217059
0.000262727
0.0184928
0.00109665
0.000977046
0.00614694
0.00629954
0.00587718
0.00109278
0.00200204
0.00117646
0.0020881
0.00115847
0.000753774
0.00128742
0.000890349
0.000910197
0.00119141
0.00133582
0.000333537
0.00103397
0.00079926
0.0020793
0.00168667
0.00131959
0.00170359
0.00088581
0.00178411
0.00128966
0.00140202
0.00119128
0.000939281
0.00133203
0.000783585
0.000451963
0.0014674
0.00106901
0.000702125
0.00186997
0.00351917
0.00045955
0.000893644
0.00149371
0.000817228
0.00572215
0.000547402
0.00139751
0.00106393
0.00237507
0.00191944
0.00066515
0.000964511
0.000467123
0.00113485
0.00142515
0.00313051
0.000495647
0.000620904
0.000582936
0.000583135
0.000887639
0.0064259
0.000895699
0.00132478
0.0011772
0.00111669
0.00106887
0.00173984
0.000900686
0.00346509
0.00139396
0.00148403
0.000984123
0.00407933
0.00087016
0.00144506
0.00101594
0.000596743
0.00233046
0.000957112
0.00205872
0.000932548
0.00132567
0.000796669
0.00105279
0.00099124
0.00154792
0.000767107
0.00131347
0.000869187
0.00101543
0.000760791
0.00252356
0.00287399
0.00115105
0.00106188
0.00184626
0.000726671
0.00108207
0.00560679
0.000375017
0.000996437
0.00098166
0.00223798
0.000299741
0.00170901
0.00116043
0.00302563
0.000981712
0.00132141
0.00114021
0.00147025
0.000903613
0.000849147
0.000836389
0.00097425
0.00463863
0.00149655
0.00118139
0.000676582
0.00178247
0.00162508
0.00150982
0.00384123
0.00278767
0.000710135
0.00115072
0.000980363
0.001335
0.00406911
0.000840547
0.000963927
0.000955592
0.132075
0.000969217
0.00175111
0.000458627
0.000595689
0.00059911
0.00216713
0.00241803
0.000506362
0.00132984
0.000886552
0.000589029
0.00244014
0.000840208
0.000907563
0.00210533
0.00144697
0.00194519
0.00165139
0.0011127
0.00146053
0.000987275
0.00130723
0.000809215
0.000646067
0.00147432
0.00092758
0.000956094
0.00113795
0.000819937
0.000776796
0.00563705
0.00134873
0.00475564
0.00119017
0.00138178
0.000455296
0.000832232
0.000631879
0.000469456
0.00103465
0.00127651
0.0011336
0.000602899
0.00176398
0.00155175
0.00278968
0.00199392
0.000529033
0.00815718
0.000957367
0.00084594
0.00136887
0.00276892
0.000804243
0.000830704
0.00125804
0.00105296
0.00413639
0.00137558
0.000527257
0.00108481
0.000500127
0.00134066
0.00198649
0.00131682
0.00250811
0.00169032
0.00110041
0.000699133
0.000519577
0.00136916
0.00117403
0.00241519
0.00217998
0.000577192
0.00114677
0.00240655
0.00061243
0.00123019
0.000803205
0.000832187
0.00156252
0.000839283
0.000935881
0.0014732
0.00615949
0.000994708
0.0114158
0.000976711
0.00171593
0.00167237
0.000519724
0.00184598
0.00134238
0.000764254
0.00108441
0.000782274
0.000862481
0.00151206
0.000894191
0.00569655
0.00112566
0.0016986
0.000787462
0.00182559
0.00146261
0.00115005
0.00078592
0.000671739
0.000708677
0.000800969
0.000747935
0.00300789
0.00182854
0.00133272
0.000725075
0.00220221
0.0107999
0.0013413
0.00124154
0.000782035
0.00182694
0.0016431
0.00809691
0.000442428
0.000170856
0.00210507
0.00141277
0.0182869
0.00133901
0.000469505
0.00338209
0.00131474
0.000785579
0.00076519
0.00217704
0.00173323
0.00115156
0.00139235
0.00128194
0.00148289
0.0018386
0.00102093
0.000732807
0.00107011
0.000773142
0.00197739
0.00130768
0.000972422
0.00128177
0.000987914
0.00143392
0.00176231
0.00122187
0.000768037
0.000941054
0.00154387
0.000960088
0.00127929
0.00192167
0.00120998
0.0013184
0.000957108
0.000661718
0.00059184
0.00121303
0.0011478
0.000833225
0.00112583
0.00147491
0.000919357
0.00273412
0.00133771
0.00109185
0.000975906
0.00265902
0.00123589
0.00185465
0.00200732
0.00100914
0.000454669
0.00109448
0.00261515
0.00130916
0.00137087
0.00102005
0.0020092
0.000917463
0.0018659
0.00134629
0.00142298
0.0117381
0.00113182
0.00107419
0.00154086
0.000992798
0.00134755
0.000838751
0.000783075
0.000671752
0.000601164
0.00237285
0.000931566
0.0011034
0.0013321
0.00118676
0.00118495
0.00086571
0.00453038
0.00117561
0.00267272
0.00138446
0.00159142
0.00111004
0.000718521
0.000482787
0.000672108
0.00266627
0.00105643
0.00118457
0.00142618
0.00285549
0.000971754
0.002312
0.00254189
0.00207293
0.00105361
0.000518551
0.00393829
0.000980838
0.00175213
0.00137589
0.000821936
0.00512945
0.00023729
0.00159656
0.00167466
0.00296477
0.000900323
0.00226098
0.00217304
0.000463867
0.00632624
0.00137812
0.00147751
0.0020947
0.00112879
0.00157903
0.000571888
0.0016242
0.00426575
0.00114978
0.00101555
0.000807004
0.000357117
0.00132102
0.00140343
0.0020358
0.00125949
0.00109445
0.00181353
0.00102772
0.000921288
0.000682076
0.00176769
0.000648752
0.00156913
0.0034543
0.000607014
0.00114237
0.000640773
0.00356682
0.00129996
0.0011708
0.000675323
0.00126743
0.00145723
0.00129804
0.000938973
0.00342934
0.000961237
0.000688784
0.000979415
0.000666125
0.00152814
0.000621864
0.0025304
0.00111372
0.00126775
0.00184266
0.000863635
0.00240002
0.00150849
0.00224914
0.000682588
0.000958941
0.00102927
0.00143357
0.00102335
0.00267705
0.00131372
0.000629536
0.00105336
0.000484475
0.000717128
0.000905524
0.000605117
0.00105348
0.00178478
0.00193713
0.00138263
0.000975398
0.0012919
0.00033591
0.000485822
0.00160718
0.00141846
0.000529696
0.000783142
0.00164854
0.000839365
0.00152498
0.00130365
0.000272747
0.00118565
0.000486844
0.000259921
0.000404358
0.000880004
0.000508891
0.001223
0.00133462
0.00124091
0.00483281
0.00207109
0.000950332
0.000952582
0.000887931
0.00121081
0.000969758
0.000697384
0.0024483
0.00066543
0.00103509
0.00152408
0.00505023
0.00120768
0.000345115
0.00112282
0.00162145
0.00175601
0.00147219
0.00199462
0.00401345
0.00199569
0.00108943
0.000921644
0.00069593
0.00278291
0.000567973
0.000952647
0.000817923
0.00230133
0.00214117
0.001032
0.00119496
0.00101007
0.00119706
0.000430223
0.00109891
0.000909031
0.000966863
0.00087526
0.00174278
0.00107229
0.00123791
0.00101682
0.000555765
0.00079132
0.000774739
0.0430388
0.000364993
0.00202133
0.000870959
0.00156549
0.00190328
0.00265452
0.00146338
0.00112397
0.000646744
0.00165029
0.00113029
0.00160333
0.000534879
0.000790703
0.00117571
0.00289019
0.000705338
0.00215316
0.000939912
0.00112651
0.000773307
0.00159515
0.000729226
0.000748146
0.00122772
0.000878513
0.000960601
0.000913954
0.00164283
0.00176022
0.00132235
0.00140331
0.00158298
0.00121372
0.00163341
0.00134356
0.0011332
0.00156842
0.00188498
0.000908946
0.00146926
0.00122912
0.00132763
0.00173105
0.00268869
0.00298539
0.00138852
0.000834217
0.000658527
0.00178293
0.00169286
0.000313655
0.000964546
0.00116799
0.00282381
0.00036449
0.00126759
0.0194815
0.00115359
0.00116286
0.00178058
0.00101089
0.00141925
0.0012523
0.000625294
0.00141744
0.000437533
0.000585487
0.000548483
0.000971929
0.000441161
0.000902641
0.00199294
0.00120134
0.000741191
0.00225746
0.000625974
0.000705436
0.00358045
0.000923306
0.000911914
0.00118682
0.00135831
0.0014148
0.000727398
0.00137036
0.000808244
0.00110715
0.0015406
0.00130684
0.00118973
0.000617331
0.00185322
0.000935162
0.0039379
0.00138545
0.000494812
0.00517188
0.00102585
0.00491552
0.00333347
0.000921145
0.00125021
0.000512779
0.00376128
0.000644171
0.0018587
0.00119997
0.00130485
0.000897289
0.00159116
0.00132288
0.00129133
0.00139108
0.000533271
0.00103994
0.00148359
0.000892969
0.000769846
0.000883711
0.000664641
0.00106397
0.00226219
0.00558164
0.000838214
0.000683443
0.00146675
0.00119795
0.00149704
0.000730537
0.00136176
0.00165532
0.00121367
0.000490696
0.025497
0.00153574
0.00156699
0.00140062
0.000642784
0.00066077
0.00115177
0.00600786
0.000550123
0.00265618
0.00169528
0.00147436
0.00153277
0.000933407
0.00259264
0.00104306
0.00183059
0.005365
0.00162755
0.000541785
0.0015115
0.000782898
0.000928044
0.000964823
0.000831273
0.00365984
0.00102089
0.000372109
0.000928923
0.000824278
0.00096161
0.00293727
0.00100237
0.00414031
0.000862353
0.000866593
0.00144383
0.00378267
0.00098468
0.0011633
0.000977131
0.000761246
0.00100624
0.000776916
0.00136211
0.00147926
0.00048438
0.00107294
0.00161703
0.000846067
0.000817322
0.000328014
0.000549357
0.000659436
0.000568491
0.000774793
0.000545639
0.00274581
0.000900736
0.000988728
0.000993423
0.0181688
0.00115124
0.00137012
0.000996588
0.000172684
0.00213237
0.0013018
0.00120027
0.000965753
0.00105613
0.000926156
0.00443925
0.00163148
0.000868468
0.00137805
0.00140016
0.000785465
0.00169859
0.00129652
0.00118794
0.000471161
0.00253589
0.00151383
0.000777319
0.00248606
0.00397672
0.00111439
0.000603838
0.00162537
0.00107215
0.000305306
0.0080113
0.000622706
0.00256971
0.000544947
0.0014715
0.00124932
0.00124037
0.000567653
0.000913105
0.00170508
0.00239298
0.00511911
0.00124072
0.00157361
0.00137335
0.00251146
0.000827424
0.00275322
0.000634257
0.0012477
0.00087836
0.00101141
0.000675747
0.00194614
0.00140519
0.000916796
0.00242066
0.000823003
0.00115306
0.00108804
0.000907967
0.00132044
0.000864821
0.00381055
0.000309247
0.00196259
0.00104716
0.0010731
0.00131688
0.00174567
0.000831278
0.00072994
0.00160187
0.000646668
0.00217346
0.000716504
0.00129528
0.00137694
0.0010058
0.000623793
0.00223292
0.00105599
0.000879589
0.000903193
0.000489016
0.000992022
0.00107269
0.00140297
0.00114087
0.00105966
0.000589646
0.000385893
0.00408398
0.000509536
0.000721956
0.00238738
0.00118356
0.00151724
0.00219432
0.00263089
0.0022267
0.001109
0.000479227
0.000489376
0.00212922
0.00083286
0.00155996
0.00112261
0.0013173
0.00144488
0.000628136
0.00118765
0.00056264
0.00139628
0.000441993
0.00100804
0.00152874
0.000938819
0.000942165
0.000443317
0.000278015
0.00164451
0.00105012
0.00118715
0.00152693
0.00131249
0.0027379
0.00163178
0.00108059
0.000749807
0.000942221
0.00102819
0.000830454
0.00117018
0.000663297
0.00135408
0.000665552
0.000903941
0.0060966
0.000771273
0.000952898
0.0021425
0.00139027
0.000934202
0.00075828
0.00155725
0.0197689
0.000940942
0.00558143
0.00560281
0.00118995
0.0014493
0.00135013
0.000832496
0.00574743
0.000820583
0.00189785
0.0012371
0.00102274
0.00129362
0.00290869
0.00125156
0.000474898
0.00107962
0.00105727
0.000708906
0.000975438
0.00171011
0.000765668
0.00133649
0.000926585
0.000156515
0.000954057
0.000981547
0.000867439
0.00159626
0.00173199
0.0021963
0.00210211
0.00127673
0.00100059
0.000922049
0.00426668
0.00109616
0.00298641
0.000629261
0.000621831
0.000289727
0.00386138
0.00241422
0.00287751
0.00226762
0.00211279
0.0213076
0.00153731
0.00128397
0.00177625
0.00207175
0.00695425
0.000710036
0.000619484
0.00125044
0.0123801
0.00125271
0.00103342
0.00105232
0.000937413
0.00209625
0.00252028
0.00052479
0.000550463
0.000276359
0.00252884
0.00135933
0.000649305
0.000921229
0.00109331
0.000913385
0.00107725
0.00189441
0.00158463
0.00177374
0.00144452
0.00132825
0.00118438
0.00123164
0.00177126
0.00179624
0.00168357
0.000614837
0.00202446
0.000995905
0.00108516
0.001321
0.000857198
0.000796183
0.00158073
0.000283451
0.00100392
0.0012768
0.000917601
0.00150383
0.00141587
0.00050393
0.00181678
0.000437934
0.00121088
0.00119482
0.000798923
0.00245356
0.0022638
0.0613113
0.00111925
0.00143281
0.00246729
0.00181974
0.00171312
0.00543196
0.0029423
0.00124166
0.00119895
0.00142049
0.00074575
0.000850504
0.00107638
0.00133497
0.00206864
0.00134188
0.00133306
0.0012001
0.00133839
0.00189907
0.000967072
0.000832287
0.00136365
0.000848398
0.00107189
0.000731856
0.000742908
0.00106074
0.00101393
0.00199823
0.00046945
0.000983338
0.00138304
0.000956385
0.001901
0.000703134
0.00074898
0.00149925
0.00199319
0.000880792
0.00119769
0.0318708
0.00114473
0.00215748
0.000702879
0.00166117
0.00109719
0.00245716
0.000919018
0.000326202
0.00245354
0.00143731
0.00144992
0.0014023
0.000771123
0.000275397
0.000649831
0.00157603
0.00111995
0.000520518
0.000288173
0.00101572
0.000672366
0.00146832
0.00113374
0.00115364
0.00152821
0.00105831
0.000859929
0.00108771
0.00160784
0.00177075
0.000528421
0.000336071
0.000570106
0.000667589
0.00043984
0.000655661
0.000750191
0.000514309
0.000858116
0.00110435
0.000581861
0.00104824
0.00112563
0.0019938
0.00118112
0.000704228
0.000595275
0.00220153
0.00095346
0.000751068
0.00101805
0.00290731
0.00139649
0.00223844
0.000843656
0.00165904
0.000593642
0.00135105
0.000690552
0.00107517
0.000910403
0.00117427
0.00064535
0.00216325
0.000560646
0.0041415
0.000604301
0.00122572
0.000621088
0.000403103
0.0010863
0.000807769
0.0022663
0.00436714
0.00102127
0.000752692
0.0011206
0.00144156
0.000592366
0.00294833
0.00129757
0.00104026
0.0151964
0.00446999
0.000871714
0.000948221
0.0011888
0.00147265
0.000888435
0.000674658
0.0021257
0.00196235
0.000785451
0.00104702
0.00150534
0.00316388
0.00130713
0.00149366
0.00141532
0.000688154
0.00111979
0.001373
0.000689064
0.00179474
0.00191678
0.000783041
0.0010611
0.00179104
0.00101276
0.00109808
0.000568136
0.00248633
0.000946935
0.00104877
0.00147278
0.00137801
0.00196073
0.000384435
0.000965539
0.00119856
0.00378152
0.00146778
0.000350892
0.00111708
0.0029028
0.00153936
0.0021764
0.00150424
0.00119857
0.000887417
0.00174604
0.000560899
0.00289567
0.00234514
0.000377948
0.000364995
0.000875979
0.00188681
0.000468782
0.00200637
0.000434955
0.00141192
0.00144655
0.00687913
0.000866527
0.00109023
0.000757558
0.000297102
0.00226992
0.00208293
0.00100564
0.00163093
0.00070194
0.00125027
0.00112543
0.00160403
0.000928419
0.00287998
0.00130675
0.001774
0.00112821
0.00259888
0.00182939
0.00440427
0.000896164
0.00303382
0.000586211
0.00286644
0.00202578
0.00120617
0.00123225
0.00100007
0.00261214
0.00267754
0.00135444
0.000613065
0.000523929
0.00123036
0.000917215
0.00092305
0.00087724
0.000775291
0.00148278
0.00143331
0.00652513
0.00129608
0.00165081
0.00133762
0.00114839
0.00129145
0.00129565
0.000626613
0.000936292
0.00181147
0.000837597
0.00103116
0.00155247
0.00110425
0.00109415
0.00128208
0.00064995
0.00215172
0.00218753
0.00208337
0.00220873
0.00098259
0.00095196
0.00107979
0.000365953
0.000754377
0.00163253
0.00114298
0.000715284
0.000696271
0.00120643
0.00218989
0.00132043
0.000842629
0.00116158
0.00107654
0.000910657
0.00188706
0.00229561
0.00060236
0.000555964
0.00274272
0.00126734
0.00071026
0.000852781
0.000850384
0.000964597
0.000519799
0.00145001
0.000695904
0.00142083
0.00125316
0.00208562
0.000474403
0.000720086
0.0102171
0.00106452
0.0011444
0.0012322
0.0019196
0.00123187
0.000549787
0.00103176
0.000401448
0.00147859
0.00467449
0.000440814
0.00064311
0.00295383
0.00103467
0.000878123
0.00189676
0.00103257
0.000501671
0.00177734
0.000723121
0.00109209
0.000652855
0.000652015
0.000508675
0.0015585
0.000262047
0.00174516
0.00056235
0.000902934
0.0010369
0.00555131
0.00124579
0.00101099
0.00128976
0.0018734
0.000275384
0.00379965
0.00133265
0.00152385
0.00439468
0.000482129
0.000681054
0.00364589
0.000379074
0.000767332
0.00177359
0.00169186
0.00307745
0.00170266
0.000753337
0.00120196
0.00133107
0.000719312
0.0011673
0.000758772
0.00147038
0.00168647
0.00321847
0.000894034
0.000784973
0.000547017
0.00114024
0.00187719
0.0187911
0.000754293
0.00104342
0.00145068
0.00195269
0.00182309
0.00168361
0.000634672
0.00161764
0.00219193
0.000940416
0.000486898
0.000817529
0.00168338
0.0014161
0.000620823
0.00123026
0.000683442
0.000806413
0.00106348
0.000909335
0.00129231
0.00119632
0.00453779
0.000774484
0.00439857
0.0017297
0.000766724
0.0102564
0.00235371
0.00136839
0.00178938
0.00170646
0.00098925
0.000884549
0.0129818
0.00214892
0.00070966
0.000610687
0.00100236
0.00161499
0.000232611
0.000939052
0.00109624
0.00083588
0.00132454
0.00158309
0.00168876
0.000887737
0.00127317
0.000923951
0.0234032
0.000857865
0.00166443
0.00104176
0.00106884
0.00170971
0.00497212
0.00121694
0.000621401
0.00086892
0.000718844
0.000466214
0.00422611
0.000978519
0.00113883
0.00139679
0.00184978
0.000907286
0.00102228
0.00154059
0.000880591
0.000974686
0.00083218
0.000806737
0.00145734
0.000761003
0.00251399
0.00108005
0.000614421
0.00278622
0.00584693
0.00138416
0.000593715
0.00123596
0.000859896
0.00180149
0.000588797
0.00144245
0.0109386
0.00120986
0.00172705
0.00137514
0.00316669
0.00142618
0.000505103
0.00103484
0.00219698
0.00172672
0.000485526
0.000893381
0.000641082
0.00113991
0.00137974
0.00142605
0.000841475
0.000324598
0.00402289
0.00131855
0.00363942
0.000944652
0.00107999
0.00130045
0.000908886
0.00199238
0.00118788
0.00566098
0.0017282
0.00345047
0.0010494
0.00222321
0.00156307
0.000972924
0.00154758
0.000764116
0.0019374
0.000691851
0.00436662
0.000633533
0.0014343
0.000523053
0.00104421
0.00139692
0.000994533
0.00140334
0.00122969
0.00135565
0.0016365
0.00105025
0.00445794
0.0109377
0.00094936
0.000654969
0.00116049
0.000719545
0.000683135
0.00132805
0.000856115
0.00181538
0.000887666
0.000342665
0.00146899
0.000648037
0.000390633
0.000829927
0.000893338
0.00266722
0.00131931
0.000590859
0.00126332
0.00159768
0.00116974
0.000975645
0.00111651
0.00207957
0.000446759
0.000644362
0.00119678
0.00128546
0.000737193
0.00163463
0.00189852
0.000822437
0.00116938
0.00202578
0.0023167
0.000644064
0.00284272
0.0174162
0.000691734
0.00279818
0.00119825
0.000756999
0.00100711
0.00249993
0.0010848
0.000962526
0.00113851
0.00109387
0.00123109
0.00126432
0.00212493
0.00096298
0.000948196
0.00113302
0.00174364
0.00124604
0.0012614
0.00191657
0.000927746
0.00262033
0.00235841
0.00202599
0.00179235
0.00109796
0.00104028
0.000874517
0.00113017
0.00119357
0.00358248
0.000812995
0.00132018
0.00106081
0.00183471
0.000752238
0.00123606
0.0169582
0.000639624
0.000535211
0.000789592
0.000582046
0.000387817
0.00216372
0.000971144
0.000740292
0.00122982
0.00093636
0.000550094
0.000761017
0.000825606
0.000743904
0.00140519
0.00192483
0.00144158
0.00106696
0.00105199
0.0021275
0.00103646
0.0010401
0.00376533
0.00106888
0.0012748
0.000526633
0.0012441
0.00105787
0.000524923
0.000865616
0.000701042
0.00100711
0.0014868
0.00217944
0.00155958
0.000898964
0.000862131
0.000671743
0.00504427
0.00109855
0.00137274
0.00132234
0.000478674
0.00104832
0.00137568
0.00118177
0.000807526
0.00213139
0.00110083
0.000510155
0.00176578
0.000643376
0.0011425
0.001053
0.000539132
0.000740327
0.0013182
0.000657738
0.00114238
0.00159274
0.00255058
0.0010604
0.00120969
0.00245902
0.000731669
0.000689066
0.001485
0.00169121
0.00167483
0.000941352
0.000824668
0.000971159
0.00102311
0.00127522
0.00089467
0.00648859
0.00164543
0.00118265
0.0020623
0.00135991
0.000721883
0.000485047
0.0017372
0.001025
0.0127103
0.00105156
0.00132136
0.000921634
0.00172189
0.00288506
0.00408524
0.000854602
0.000688565
0.00267092
0.000723302
0.00201912
0.00190511
0.000552637
0.00106608
0.000525721
0.00110619
0.00137939
0.00159679
0.00100527
0.0257928
0.0019259
0.000911579
0.0107391
0.00093802
0.00151641
0.00154847
0.00134003
0.00146841
0.0010767
0.00124651
0.000573036
0.000913874
0.000967966
0.000757712
0.00203774
0.000999457
0.000265671
0.000854208
0.00213577
0.00157942
0.002318
0.000403341
0.000788379
0.00100371
0.00777058
0.00164507
0.00136619
0.000971704
0.000666671
0.000918803
0.0194796
0.000987333
0.0017218
0.000667764
0.00153896
0.00372949
0.000699537
0.000854158
0.00102831
0.00153049
0.00561131
0.00245663
0.000964812
0.00147322
0.000961926
0.00137757
0.00489947
0.000736849
0.000864246
0.00466488
0.00191369
0.00148049
0.00133821
0.00135961
0.000535633
0.00156423
0.00142959
0.00157895
0.00133104
0.000809377
0.00542923
0.000718244
0.00612392
0.0168952
0.00100499
0.000689381
0.000632057
0.000826779
0.000954367
0.000958208
0.000540647
0.00119404
0.00341912
0.00113048
0.000497098
0.00121985
0.000650025
0.00121833
0.001122
0.00123167
0.0015374
0.00151413
0.00950155
0.000593761
0.00120693
0.000864653
0.000573011
0.00501543
0.000904308
0.00175144
0.00120274
0.0015044
0.000355838
0.000670008
0.000928787
0.00110182
0.00158986
0.00246561
0.00205987
0.00126046
0.000573264
0.000500017
0.000882701
0.00152964
0.0021126
0.000842237
0.00100925
0.00253083
0.000915287
0.00100826
0.000874613
0.00145214
0.00128349
0.00155836
0.00346471
0.00135628
0.00104978
0.00132849
0.00116101
0.00109624
0.00123529
0.00145309
0.000935117
0.00061613
0.0010409
0.000363785
0.00138292
0.00119637
0.00124345
0.000595869
0.000644254
0.000910055
0.00134077
0.00125963
0.00117181
0.000839275
0.000714742
0.000796681
0.000505494
0.00155841
0.0013127
0.000901584
0.0017371
0.000947752
0.000877873
0.00139586
0.000656237
0.00173328
0.00421783
0.000936566
0.000958675
0.000522904
0.00219015
0.00125219
0.000817959
0.00166956
0.00123503
0.000576247
0.0292383
0.000940364
0.00178473
0.000808486
0.00140171
0.00168174
0.000930134
0.00326211
0.000982545
0.000379432
0.000601757
0.00129361
0.001071
0.00469088
0.000778017
0.000865137
0.00165805
0.0012232
0.0012951
0.00124105
0.000967508
0.00205144
0.000766365
0.000929068
0.00199067
0.002029
0.000853041
0.00102595
0.00083326
0.00554524
0.00102736
0.000791103
0.00225364
0.00100269
0.00749967
0.000659986
0.00276448
0.000941305
0.00100763
0.00103783
0.00110332
0.00151014
0.00336107
0.00119348
0.00117703
0.000601488
0.0017978
0.00104467
0.000816209
0.000741795
0.00188876
0.00236615
0.00258289
0.000688674
0.00145806
0.000831471
0.00136127
0.00150455
0.00394566
0.00150779
0.00128444
0.00078046
0.0013744
0.000961719
0.0021412
0.00227632
0.000845351
0.00162725
0.00225526
0.000917126
0.00133351
0.00229483
0.00153323
0.00106515
0.00182195
0.00201084
0.000999775
0.00139841
0.000710649
0.000683402
0.00110679
0.00121936
0.00280672
0.000467759
0.00206502
0.000890872
0.000572016
0.000659991
0.000329144
0.00119437
0.00122712
0.000539704
0.0010876
0.000900354
0.000824671
0.00217335
0.0026249
0.00195248
0.00111436
0.000840753
0.000671037
0.00547196
0.00201507
0.000565669
0.00181878
0.00266854
0.00119507
0.00159506
0.000642074
0.000612755
0.000843273
0.0021842
0.000578968
0.000618418
0.00471389
0.000681108
0.00333413
0.0013434
0.00154164
0.00120927
0.000717923
0.0011022
0.00115579
0.0011019
0.0011327
0.00107003
0.00117471
0.00122102
0.0026416
0.0101151
0.00175357
0.0015537
0.000958884
0.000726104
0.00451492
0.000666206
0.0015584
0.000423926
0.00105816
0.00139913
0.000548192
0.00112792
0.00128761
0.00142581
0.000227882
0.000636941
0.000305712
0.000956165
0.00192695
0.00209204
0.00122942
0.00113664
0.000691891
0.00128868
0.00104076
0.00125287
0.000867091
0.000690907
0.00161499
0.00168506
0.00436281
0.0023965
0.00116732
0.0023143
0.00167883
0.00253209
0.00215908
0.00228941
0.00108829
0.00220702
0.0017382
0.0256891
0.000636012
0.00137787
0.00427315
0.000494804
0.000954904
0.000954836
0.000630033
0.000638867
0.00100513
0.00102478
0.00599159
0.000484718
0.00105808
0.000481426
0.00142484
0.0272297
0.00152858
0.000551449
0.0013161
0.001215
0.00082596
0.00288501
0.00127701
0.000710791
0.000875781
0.00242346
0.000674826
0.00295816
0.00115049
0.000179337
0.00110469
0.0019306
0.000656801
0.00094673
0.00113546
0.00535126
0.00126815
0.0017548
0.000624405
0.00145951
0.00187512
0.0013555
0.00172333
0.00124228
0.000931371
0.00136034
0.00105354
0.00175526
0.000785185
0.000527133
0.00225699
0.0158304
0.00144914
0.00209449
0.00205516
0.00111208
0.000699061
0.00123691
0.0012709
0.000936562
0.000740416
0.00139121
0.00205112
0.00226216
0.000681386
0.00154826
0.000776165
0.000599191
0.00199553
0.00202098
0.00159382
0.00642693
0.00102328
0.00108747
0.000864983
0.000478973
0.000691239
0.000552914
0.00422952
0.000656755
0.000928794
0.00228319
0.000228126
0.000965518
0.00203761
0.00132645
0.000634856
0.00101035
0.00133036
0.000605314
0.00124011
0.00111681
0.00101489
0.00187454
0.00177083
0.000208457
0.00130031
0.00456208
0.000463093
0.000780162
0.00116507
0.00117978
0.000474211
0.000984787
0.00105665
0.00218274
0.000626093
0.00224747
0.00234183
0.00127622
0.00245717
0.000920757
0.00149231
0.0011088
0.0015935
0.000731533
0.000636635
0.000757657
0.00421241
0.000986131
0.00111466
0.00141405
0.000996935
0.00107851
0.00128802
0.00106759
0.00143097
0.00147611
0.00111975
0.000922409
0.000889476
0.0197202
0.000944445
0.000786535
0.000945491
0.00113748
0.0010619
0.00204044
0.000764693
0.0019472
0.000656999
0.00120019
0.0227256
0.0010416
0.000971563
0.00100198
0.0011514
0.00602152
0.000807511
0.00129519
0.00139702
0.00257034
0.000932647
0.00163213
0.00110218
0.000649796
0.00102755
0.000720138
0.00143875
0.000794992
0.000899101
0.00110681
0.0010385
0.000599596
0.000875449
0.000984022
0.00119719
0.000776416
0.00110786
0.000333549
0.000903838
0.00244496
0.00200108
0.000813751
0.00119376
0.00113687
0.00117724
0.000611936
0.00149163
0.00268017
0.00093896
0.00630565
0.00099009
0.00193535
0.000642631
0.00126271
0.00145377
0.00130147
0.000914803
0.00214406
0.000500499
0.00124185
0.00141056
0.00109833
0.000893357
0.00153402
0.00168396
0.000812935
0.00105662
0.000561226
0.00182005
0.000534951
0.00100922
0.00113608
0.000713174
0.000716868
0.000991303
0.00167034
0.0108323
0.000719929
0.000949106
0.00202491
0.000849895
0.000761666
0.00159773
0.00139013
0.00161045
0.000940133
0.00075684
0.00215095
0.000901345
0.00154098
0.00442937
0.00113791
0.00256621
0.00090942
0.00170124
0.00119729
0.00150606
0.00155878
0.000585785
0.000739053
0.0015892
0.00151603
0.00385063
0.00301948
0.00112642
0.000731855
0.00108011
0.000390728
0.00441925
0.000754633
0.000345329
0.00113389
0.000575744
0.0020091
0.00155523
0.000238645
0.00116531
0.00179125
0.00098667
0.000632789
0.000645753
0.00128114
0.00234827
0.00132767
0.00111927
0.00089834
0.000490769
0.001161
0.000801467
0.00213149
0.000969176
0.00153563
0.000762634
0.000850921
0.00302596
0.000570763
0.00151468
0.000773663
0.000902746
0.00108138
0.00111068
0.00204147
0.00563262
0.000198296
0.000973589
0.0010516
0.00211018
0.000709621
0.00178774
0.00345311
0.00103944
0.00129232
0.00259481
0.00102155
0.00161901
0.000921078
0.001101
0.000925991
0.00560881
0.00379444
0.00789684
0.00131679
0.00186153
0.00142409
0.00176902
0.0024178
0.000714505
0.00157753
0.00104068
0.0011473
0.000976108
0.00128974
0.000344046
0.000709679
0.0014037
0.00116812
0.00311629
0.000629454
0.00152304
0.000856194
0.00340662
0.000417331
0.00140997
0.00152662
0.0010968
0.00331947
0.000674933
0.00239859
0.000751734
0.00129943
0.00441685
0.000514681
0.000610279
0.000500027
0.00129279
0.00105899
0.000887223
0.000959246
0.00266146
0.00174882
0.000993095
0.00101536
0.000925951
0.00116184
0.000843025
0.00118826
0.00180807
0.00155211
0.000734885
0.00188637
0.00209739
0.00303022
0.00102493
0.00124222
0.00150863
0.000638785
0.00582839
0.000813681
0.000943303
0.00175125
0.0048514
0.00209119
0.00196649
0.00244989
0.00125636
0.00166149
0.00103818
0.000652093
0.000764281
0.00182836
0.000410396
0.00181195
0.00197012
0.00111571
0.00360956
0.00157526
0.000870073
0.00143044
0.00137807
0.000902956
0.000721535
0.000603967
0.00130599
0.00113382
0.00441996
0.00173424
0.00093691
0.00765712
0.00213743
0.00115449
0.000479291
0.00106726
0.000378158
0.000684217
0.00069926
0.000954339
0.00110199
0.00074145
0.00312975
0.00248215
0.000749603
0.000949225
0.00151854
0.00287703
0.000672431
0.00095295
0.00209583
0.00157969
0.000897761
0.00296418
0.0029873
0.00156633
0.000648838
0.000658723
0.00053383
0.000869716
0.00126357
0.00203651
0.00114245
0.000804782
0.0010562
0.000496544
0.00123558
0.000547029
0.00118086
0.00157988
0.00147651
0.00171149
0.000924131
0.00152837
0.00115395
0.00103695
0.00100775
0.000421531
0.00140283
0.00304226
0.00110656
0.00160986
0.000839345
0.00135962
0.00124951
0.000832775
0.000712021
0.00171507
0.000566451
0.00114242
0.000865235
0.00117112
0.00165769
0.00601228
0.00072661
0.00282352
0.00154594
0.00226662
0.00102204
0.00113148
0.00258217
0.00463919
0.00120398
0.00207288
0.000978513
0.000860498
0.000862983
0.000738016
0.00421336
0.000522791
0.00122064
0.00131512
0.00191066
0.00418772
0.00108859
0.00163445
0.000761806
0.00201215
0.000848306
0.00196582
0.00086015
0.00145465
0.000958599
0.00132239
0.000568559
0.00108268
0.00434786
0.00288937
0.00152869
0.00175931
0.00189605
0.00115514
0.00142675
0.00174321
0.0019845
0.00236534
0.00179034
0.00211533
0.00105268
0.00185653
0.0023179
0.00661741
0.000718242
0.00109988
0.0033868
0.00267123
0.00139466
0.000773219
0.000134459
0.000981844
0.000852547
0.0011496
0.00125588
0.00582205
0.00152249
0.000764771
0.000939521
0.00235031
0.00119686
0.000498945
0.00245635
0.000983298
0.000839119
0.000920103
0.000887945
0.00226469
0.000356798
0.00122733
0.00156879
0.000790455
0.00172742
0.000739446
0.00132068
0.00119346
0.00207766
0.00123485
0.00184252
0.00109794
0.000424889
0.000373861
0.00247874
0.00100171
0.000990432
0.00123179
0.0009369
0.0015234
0.000961064
0.00110751
0.00121425
0.00315244
0.00063393
0.00150667
0.000963134
0.00236133
0.000813975
0.00079409
0.001076
0.00683215
0.00150808
0.00109477
0.000392476
0.00073741
0.000947411
0.00137248
0.000972338
0.0013099
0.00126142
0.00166835
0.00135156
0.00525577
0.000876259
0.000744947
0.0005794
0.00104815
0.000960757
0.0014227
0.00124425
0.00108068
0.000588799
0.00132302
0.000756859
0.000949249
0.00314722
0.00184742
0.00138277
0.000543359
0.000795004
0.00024773
0.000514095
0.000263984
0.000798889
0.00106276
0.000912784
0.00160261
0.000457009
0.000954728
0.000947017
0.000974786
0.00150403
0.0005466
0.0010303
0.00387492
0.000994814
0.0015657
0.000984609
0.00170806
0.000685733
0.00118239
0.00111769
0.00561454
0.00112529
0.00112667
0.00202651
0.00284731
0.0019671
0.00123541
0.00125761
0.00114913
0.00214203
0.00134169
0.000732436
0.00127371
0.00132293
0.00476277
0.00148556
0.000503859
0.00230717
0.00108321
0.00388031
0.0126281
0.00299009
0.000698073
0.00086803
0.000601823
0.00185756
0.000242683
0.00109412
0.00173613
0.0049569
0.00120321
0.00110392
0.000876669
0.000742523
0.000715789
0.00274196
0.000585468
0.00979974
0.00188622
0.000789653
0.0026502
0.00145886
0.00161085
0.00246593
0.00156613
0.00061124
0.00121242
0.00115346
0.00267296
0.00165158
0.00205865
0.000964445
0.000596837
0.00157723
0.00128873
0.00123281
0.000760733
0.00222722
0.000945706
0.0013712
0.00166573
0.00125139
0.00256413
0.00107667
0.00141175
0.00147987
0.0012149
0.000829006
0.00107115
0.000995926
0.000442165
0.000751555
0.00160654
0.00125993
0.00100048
0.000485644
0.00121868
0.00164226
0.00153246
0.00217749
0.001914
0.00116979
0.000492636
0.00122252
0.000606856
0.000413495
0.0021932
0.00599356
0.00146447
0.000572202
0.00163994
0.0024743
0.00360028
0.000540233
0.000998789
0.00132779
0.000912042
0.000673612
0.000698304
0.00109016
0.00165329
0.000824281
0.00175621
0.00119268
0.00389194
0.000580146
0.00129333
0.00183404
0.00127103
0.00154627
0.00042897
0.000816439
0.000789712
0.000703837
0.000916853
0
0.00538107
0.00113164
0.000835643
0.00078224
0.000166733
0.00172979
0.000991103
0.000925919
0.000751479
0.013289
0.00131766
0.000709941
0.00119849
0.00238446
0.000948325
0.0023386
0.0203882
0.00205539
0.00069399
0.000765365
0.00114048
0.00106503
0.000970719
0.00596915
0.00160894
0.00601483
0.00148301
0.000847046
0.000713913
0.00157066
0.000875446
0.00164758
0.00163369
0.0153691
0.00600605
0.00202157
0.00125164
0.00175475
0.0037668
0.001048
0.000833768
0.000521234
0.00113891
0.000745489
0.000447244
0.000996698
0.00116254
0.000860903
0.00125936
0.00104639
0.00113085
0.00146762
0.00783425
0.000879207
0.00108084
0.000681542
0.00281987
0.000564824
0.00167509
0.00366813
0.00136572
0.00227795
0.00175249
0.000651875
0.00278905
0.0011546
0.00817616
0.000578887
0.0012923
0.00178381
0.000842971
0.00144838
0.000992369
0.000917287
0.00187812
0.00198762
0.00267953
0.0283803
0.00594316
0.00131591
0.00124151
0.000656739
0.000858128
0.00142526
0.000446229
0.000995875
0.00183509
0.000797515
0.00085732
0.000462742
0.000879994
0.00118953
0.000900274
0.00109433
0.0011553
0.000895498
0.00106715
0.000752881
0.00141356
0.000249959
0.000848678
0.00900816
0.000847235
0.00105624
0.00146837
0.00156505
0.00611948
0.00133181
0.00124037
0.00135948
0.0011418
0.000882144
0.00316418
0.000937509
0.00230191
0.00145295
0.00101502
0.00160567
0.000885363
0.00131639
0.000853441
0.00127128
0.00165168
0.00235831
0.000842548
0.00117096
0.00225065
0.000989251
0.00143531
0.00046396
0.000897326
0.000820678
0.0018825
0.000353969
0.000910168
0.00233957
0.000506188
0.00324286
0.00115418
0.0014466
0.00277504
0.00282518
0.00105584
0.000740886
0.000638658
0.00617271
0.000884236
0.000746437
0.00155065
0.00106688
0.00931212
0.00193242
0.000283662
0.00133984
0.00138174
0.00135039
0.000854451
0.00157966
0.00127721
0.00170653
0.00364283
0.000971934
0.00630103
0.00142855
0.000686447
0.00128651
0.00353192
0.000945628
0.00133624
0.000888641
0.000906344
0.000750507
0.00104713
0.00139237
0.00112633
0.00175275
0.0469598
0.00230669
0.00113992
0.00187695
0.000658714
0.00110638
0.00114332
0.000865604
0.00146693
0.00320582
0.00121071
0.00345544
0.000721214
0.00102107
0.00255675
0.000583459
0.00170731
0.00114513
0.000797334
0.0012852
0.0016931
0.000541654
0.0011523
0.00113577
0.000537798
0.000910284
0.00106348
0.00164708
0.000861474
0.0012933
0.00127481
0.0030717
0.00153929
0.000564374
0.000775028
0.000542709
0.00177727
0.000994062
0.00131736
0.0192891
0.00148635
0.000764975
0.000669177
0.00102616
0.000885819
0.000485252
0.000648719
0.000555476
0.00166926
0.0010706
0.000279243
0.000859874
0.000539843
0.00199664
0.00459698
0.00184393
0.00162449
0.000749495
0.00228361
0.000850873
0.000811335
0.00099902
0.00155629
0.00103301
0.00182224
0.0015694
0.00100569
0.000776764
0.000556835
0.00207589
0.00105147
0.00193304
0.00193739
0.00188115
0.00130844
0.00318948
0.00082363
0.000822054
0.00145695
0.000598724
0.00143611
0.00105023
0.000763573
0.000821873
0.00170985
0.00135268
0.00103476
0.00179861
0.000669652
0.000944978
0.00119121
0.000521463
0.000881058
0.00117335
0.00121478
0.0012255
0.000883068
0.00101554
0.000563856
0.00159428
0.000731253
0.00366373
0.00106126
0.00259761
0.000829642
0.00152448
0.000739975
0.00125647
0.00196252
0.000712171
0.00125752
0.0013685
0.000934027
0.00117445
0.000685443
0.00058671
0.00235053
0.00055679
0.00136772
0.000384049
0.000524656
0.00100617
0.00115111
0.000882375
0.0022195
0.00144525
0.000880256
0.000825583
0.00149966
0.00105524
0.000937387
0.00131794
0.00250326
0.00124412
0.000564116
0.00108297
0.00108
0.00575162
0.00137853
0.00108745
0.000375267
0.00201684
0.00206071
0.000901457
0.00178171
0.00530377
0.00130522
0.00270215
0.00182818
0.00145384
0.000925963
0.0010261
0.000752577
0.000747827
0.00136816
0.000832215
0.00531984
0.000965105
0.00037879
0.00111154
0.00087762
0.00071098
0.0013399
0.00172675
0.00626575
0.000702251
0.000718068
0.000681261
0.00171243
0.00275972
0.000435058
0.000908265
0.00036448
0.00100142
0.000509726
0.00172637
0.000895232
0.00162292
0.00125605
0.0234982
0.00224979
0.00107227
0.00192004
0.000840501
0.00342154
0.00106672
0.000793178
0.000697614
0.00182969
0.00108025
0.000689057
0.00276175
0.00109498
0.00106006
0.00224357
0.00914554
0.000294845
0.00132284
0.00350132
0.00169864
0.00056739
0.00154092
0.000745704
0.001686
0.0025712
0.0026563
0.000695452
0.00137309
0.000655488
0.000948679
0.000918886
0.000483727
0.00179238
0.0011386
0.0013094
0.000935595
0.00135894
0.00126504
0.00163944
0.000908502
0.00126768
0.00158631
0.00125076
0.000944407
0.00281775
0.000934463
0.00103532
0.000817595
0.00191777
0.00129865
0.00242952
0.0052395
0.000889994
0.00103301
0.000922812
0.00120939
0.000760557
0.00169663
0.000788594
0.00117839
0.00222758
0.00193932
0.00166595
0.00141441
0.000713661
0.000524628
0.00316558
0.000752644
0.00152719
0.00137315
0.000988582
0.00187382
0.00161382
0.000772061
0.000980513
0.000961125
0.0011779
0.000955669
0.000845402
0.00207451
0.00061705
0.00147644
0.00202113
0.00045615
0.00135707
0.00131857
0.00100076
0.00088168
0.000900925
0.000782109
0.00102891
0.00157195
0.00139419
0.0012815
0.000839053
0.000855088
0.000627806
0.00133231
0.000618152
0.00106609
0.00141153
0.000896315
0.00106442
0.00170556
0.00119119
0.000508741
0.000731319
0.00123869
0.000515833
0.000746111
0.0021752
0.00155736
0.00124828
0.00170103
0.000868319
0.00127109
0.000898128
0.000852915
0.0017493
0.00336672
0.00316339
0.00099408
0.00105065
0.00103891
0.00073354
0.0013256
0.000840082
0.00201442
0.00102267
0.00108162
0.000463728
0.00135811
0.0212626
0.00198094
0.000397776
0.00139456
0.00149619
0.00100202
0.0020582
0.00174728
0.00183315
1.37895
0.000836709
0.00108507
0.00357304
0.00111717
0.00384567
0.00100629
0.00130267
0.000522961
0.00168965
0.00158261
0.00123899
0.0049105
0.004216
0.00132297
0.00123292
0.00238481
0.00134313
0.00205489
0.000514
0.000724627
0.000898803
0.00254379
0.00131193
0.00116637
0.00128655
0.000999208
0.00137179
0.000166725
0.00124634
0.000386473
0.00133197
0.00178076
0.00048275
0.00353841
0.00062696
0.00158473
0.00110644
0.00137761
0.000690627
0.00158478
0.000937695
0.0028986
0.00211309
0.000354523
0.00126094
0.00288607
0.000864784
0.00373532
0.000863268
0.00135078
0.00410338
0.00117994
0.000344969
0.000574695
0.000933508
0.000939453
0.00208399
0.00212839
0.0023493
0.00154319
0.000823861
0.000583141
0.000736981
0.00127793
0.00482555
0.000697847
0.00292723
0.000881374
0.000682404
0.000891194
0.0023113
0.000861912
0.00107917
0.0013509
0.00115751
0.000936178
0.00113028
0.0013928
0.00136846
0.000822277
0.00107944
0.00757713
0.000871154
0.0010078
0.000761326
0.00167013
0.00165674
0.00283183
0.000502092
0.00194023
0.00193669
0.000652804
0.000790849
0.0015968
0.00146097
0.000635819
0.00218114
0.000856612
0.000547217
0.00200873
0.00119798
0.00142064
0.00137592
0.000768994
0.000564385
0.00996784
0.000763075
0.000671884
0.00103133
0.0207993
0.000578398
0.00183964
0.00155992
0.00202522
0.00145358
0.00115665
0.00167717
0.00104496
0.00181891
0.0010867
0.0111876
0.000877948
0.00283641
0.000604983
0.00121224
0.00179225
0.000664232
0.00127168
0.00255695
0.000609288
0.0010705
0.00107391
0.000614391
0.00170481
0.00151857
0.00201687
0.00144454
0.00363606
0.00143624
0.000808936
0.000588653
0.00138061
0.00171802
0.000805379
0.00121414
0.00526492
0.000938663
0.000646121
0.00181939
0.00110915
0.000285385
0.00155449
0.00174774
0.00115482
0.00125954
0.00277608
0.00252528
0.00223364
0.0012355
0.0014591
0.000717874
0.0019576
0.00174889
0.00128161
0.00162664
0.000799777
0.000971474
0.00120526
0.00193182
0.000698887
0.00160336
0.00154812
0.00115585
0.000934331
0.00171121
0.00108667
0.000650357
0.0012991
0.00126702
0.000749359
0.000577586
0.0153516
0.00477832
0.000566857
0.018566
0.0011146
0.00444164
0.00102054
0.00149797
0.000579257
0.000841783
0.00108169
0.00119126
0.00110679
0.00225877
0.000847642
0.00154239
0.000912594
0.000532157
0.00129767
0.00491582
0.000902875
0.00122754
0.00104067
0.00111625
0.00147257
0.00121014
0.00078724
0.00150519
0.00367291
0.00303506
0.00170311
0.000796902
0.00071124
0.00196431
0.000985097
0.00131716
0.000835745
0.00184261
0.000712567
0.00117697
0.00191725
0.00110725
0.00550975
0.00101107
0.00070752
0.00105198
0.001367
0.101883
0.00114765
0.00127415
0.000484264
0.000935797
0.000777901
0.000963881
0.00109958
0.000741943
0.00184374
0.00136966
0.00384654
0.00137492
0.00139777
0.00229046
0.000479607
0.000837316
0.00137796
0.00114362
0.00222343
0.00140295
0.00107754
0.00131983
0.000975135
0.00340528
0.00129515
0.00112452
0.000517617
0.00286554
0.000856645
0.00165375
0.00426783
0.00037073
0.000864357
0.000562324
0.00269216
0.000273891
0.000677214
0.00168657
0.00079835
0.00177037
0.00078205
0.0011232
0.00207408
0.0017743
0.000823082
0.00046818
0.00125727
0.00715788
0.00253179
0.00742315
0.00153874
0.00393035
0.00122295
0.000854741
0.00120494
0.00140188
0.000962493
0.00114025
0.0037128
0.000891183
0.0224636
0.000527226
0.0020974
0.00100378
0.000432915
0.000839836
0.000661822
0.000906385
0.00211117
0.00109971
0.00080677
0.000859763
0.000815848
0.00093759
0.00111555
0.00122861
0.000995664
0.00141022
0.00532939
0.000569151
0.000731094
0.00150797
0.00177361
0.000282134
0.000589845
0.00122678
0.00114287
0.000869527
0.000586368
0.000521811
0.00116722
0.000996226
0.00103908
0.000845292
0.00098126
0.00279199
0.000962306
0.00144442
0.000444169
0.000731682
0.00153014
0.000742272
0.000377492
0.00434136
0.000721137
0.00382768
0.000387477
0.00102094
0.00124765
0.0226584
0.00103685
0.00116447
0.00160429
0.00136186
0.00158603
0.00130254
0.000982715
0.00284996
0.00138068
0.00110987
0.000676893
0.00166588
0.000707644
0.00450531
0.00101335
0.000763658
0.000848877
0.00107532
0.00127501
0.00134192
0.0016697
0.00105043
0.00113298
0.00197535
0.000735019
0.00158437
0.00107129
0.00162803
0.000677308
0.00558503
0.000785363
0.000754287
0.00212948
0.000665954
0.000963918
0.000233824
0.00142158
0.00140628
0.000941219
0.00067777
0.00121022
0.001442
0.000869447
0.00133808
0.000673017
0.000681894
0.00141419
0.00179951
0.00254667
0.00354063
0.000183153
0.000624393
0.000644716
0.000595569
0.00144255
0.00146623
0.00173345
0.000761729
0.00045798
0.00108678
0.000862709
0.000550604
0.00156385
0.00118638
0.00141127
0.00143806
0.000751386
0.00133046
0.00104753
0.00118063
0.000904955
0.0013194
0.000799753
0.00114866
0.00193742
0.00177458
0.000864457
0.00184727
0.00149856
0.00100306
0.00061831
0.00137198
0.00100855
0.0446527
0.00144348
0.00205458
0.00160778
0.0014146
0.00178722
0.00119943
0.00104459
0.00128434
0.000461677
0.00157811
0.00125961
0.00140039
0.00213254
0.000532555
0.00180611
0.00106309
0.000214264
0.00116803
