0.00141548
0.00073231
0.00209754
0.00140423
0.00126202
0.000859375
0.00103277
0.00127796
0.00131382
0.019118
0.00337165
0.000933238
0.00151717
0.00185021
0.00225095
0.000973885
0.000962182
0.0013552
0.00269672
0.00172955
0.00135635
0.00146202
0.00793705
0.00438376
0.00314625
0.00128395
0.00265737
0.000653615
0.00280269
0.00125498
0.000714293
0.00188987
0.00156507
0.00141737
0.00136561
0.00451996
0.00140587
0.00149193
0.00118674
0.00220268
0.00647673
0.00130772
0.000918943
0.00236915
0.000708355
0.00236947
0.0012307
0.00159225
0.00129868
0.00165787
0.00247937
0.00198127
0.00121377
0.000600081
0.00107651
0.00169525
0.00185072
0.00130039
0.00144579
0.00246682
0.000978888
0.000542746
0.000809869
0.00142616
0.00104212
0.00357081
0.000796563
0.0226384
0.00130773
0.0012134
0.0039813
0.00111049
0.00228919
0.000946276
0.000851561
0.00137222
0.00140091
0.000933612
0.000898615
0.00193018
0.000953118
0.00123025
0.000697384
0.00144013
0.000866615
0.00142975
0.00138216
0.00179488
0.00266054
0.00255684
0.000814519
0.00141721
0.00121463
0.00116971
0.00182754
0.00197768
0.000921158
0.000982462
0.00204664
0.0358519
0.00180585
0.00136222
0.000743372
0.00154931
0.00141803
0.000923958
0.00117588
0.000773735
0.00133737
0.000668208
0.000954672
0.000663073
0.00142452
0.00102068
0.00156745
0.0036969
0.000905736
0.00245874
0.00131929
0.000937815
0.00122749
0.0014043
0.00164667
0.000944806
0.00263586
0.00138098
0.00111784
0.00121139
0.00504389
0.000936448
0.00141214
0.00147331
0.00147144
0.00107576
0.00230956
0.000787395
0.000685964
0.00125016
0.00107537
0.00143322
0.000917817
0.000385689
0.00130799
0.00138266
0.00210805
0.00238767
0.0157316
0.0022506
0.0014545
0.00118509
0.00134566
0.000503215
0.00150357
0.00179113
0.00112396
0.000707226
0.00152449
0.000919791
0.00279639
0.00159924
0.000758856
0.00151315
0.00125752
0.00102243
0.000836761
0.00197752
0.00140898
0.00392564
0.000779223
0.000661644
0.00162392
0.001982
0.00138485
0.000360244
0.00181581
0.00154817
0.000353915
0.00557479
0.00156266
0.000451865
0.00148655
0.000830648
0.000550776
0.00110717
0.00272696
0.00135123
0.00101356
0.00133621
0.00156749
0.000705379
0.00172132
0.00663179
0.000867814
0.00330418
0.00108172
0.000997159
0.00750443
0.00121193
0.000889392
0.00243963
0.000809967
0.000892195
0.00169883
0.000891132
0.00147405
0.00137654
0.00165574
0.000966377
0.00215025
0.00178625
0.00111469
0.0136046
0.00132674
0.00186229
0.000775322
0.00132657
0.000698016
0.000716752
0.000598436
0.000765598
0.00136869
0.000695712
0.000780895
0.00153587
0.00147728
0.00145383
0.0223053
0.00165997
0.00101659
0.00096884
0.00112306
0.00175857
0.00146059
0.000541321
0.00132982
0.00208089
0.00505272
0.004637
0.00686513
0.00146543
0.000780345
0.00235568
0.000995642
0.00233318
0.0011583
0.000777707
0.000728897
0.000966574
0.00264232
0.000701336
0.00141052
0.00123391
0.000658129
0.00142885
0.00159917
0.000858555
0.000757143
0.00117255
0.001143
0.00175746
0.00106547
0.00111886
0.000937931
0.00121291
0.00107305
0.000918563
0.000780925
0.00201883
0.000415835
0.0013158
0.00107621
