0.000514815
0.0148807
0.000785192
0.0003668
0.00198153
0.000341909
0.00036258
0.00148055
0.00248034
0.000501122
0.000652922
0.000161671
0.000401314
0.000113439
0.000488627
0.000236239
0.000440946
0.000274733
0.000938827
0.000457404
0.000496703
0.000603671
0.000665799
0.00062464
0.00021807
0.000469371
0.000924155
0.000157852
0.000559375
0.000543323
0.000480714
0.000192262
0.000363101
0.00045997
0.000546435
0.000184704
0.000675499
0.000377098
0.000666757
0.000373233
0.000797024
0.000570373
0.000316621
0.000752659
0.000486264
0.000387296
0.000646705
0.000671656
0.00035185
0.00027406
0.000358172
0.000413061
0.000989621
0.000216293
0.000419989
0.000491177
0.000408509
0.000743426
0.00061833
0.000925203
0.000587667
0.000393101
0.00170169
0.000487889
0.000607748
0.000532196
0.000169445
0.000401843
0.002569
0.000421951
5.49382e-05
0.00016341
0.0005064
0.000805973
0.000311888
0.000308481
0.0011644
0.000130226
0.000641454
0.000414509
0.000352945
0.000444749
0.00059852
0.000473224
0.000229968
0.000822046
0.000451456
0.000738252
0.00116878
0.000528487
0.000825866
0.000368456
0.00224979
0.00234383
0.00201875
0.00143439
0.000580973
0.000684039
0.000606045
0.00305086
0.000340406
0.000788241
0.000331614
0.00057543
0.00126078
0.000625026
0.000200153
0.00027478
0.000481122
0.000340339
0.000195638
0.000249953
0.000427988
0.000824767
0.00043278
0.001247
0.00084856
0.000701105
0.000850834
0.00115416
0.000508621
0.000535391
0.000394391
0.000234182
0.000702981
0.000578155
0.000338799
0.000409723
0.000337633
0.000345216
0.000540788
0.000843381
0.000283132
0.000790444
0.000231676
0.000241254
6.20746e-05
0.000616247
0.000333103
0.000451127
0.000953011
0.000377431
0.00292778
0.000663431
0.000847328
0.000714626
0.000487349
0.000540175
0.000426266
0.000454725
0.000218836
0.000491558
0.000278029
0.000548113
0.000630636
0.000634264
0.000557758
0.000316104
0.00040104
0.000735014
0.000480967
0.000152889
0.000388639
0.00367817
0.000848204
0.000181129
0.00129238
0.000420589
5.22376e-05
0.00033615
0.000745254
0.000824779
0.000453135
0.000251268
0.000485582
0.000138693
0.000135635
0.000446596
0.000272055
0.000415501
0.000186401
0.000648253
0.000383393
0.000247411
0.000838434
0.000692169
0.000479632
0.000602602
0.00025558
0.000571078
0.000353614
0.000804357
0.000412029
0.000116504
0.000537645
0.0007437
0.000357766
0.00035271
0.000212422
0.00036509
0.000371608
0.000457041
0.0010023
0.000274694
0.000256388
0.00109493
0.000615266
0.000580929
0.000776536
0.000391596
0.000295354
0.000779464
0.00101187
0.000632799
0.000659612
0.000517429
0.000529133
0.000476728
0.000547043
0.000337984
0.000601422
0.00014398
0.00047602
0.000350802
0.00189966
0.000241108
0.000780582
0.000342966
0.000538521
0.000860819
0.000420624
0.00069166
0.000457525
0.00019006
0.000206934
0.00078644
0.000419543
0.000236462
0.000369755
0.000163449
0.000103055
0.0014178
0.000123747
0.00156896
0.000464305
0.00070052
0.0012619
0.000553624
0.000670185
0.000582941
0.000422211
0.000290606
0.000309919
0.00119226
0.000257778
0.000559268
0.00122069
0.000436601
0.000358411
0.00359107
0.000937313
0.000292062
0.000192918
0.000631637
0.000869663
0.000413346
0.001315
0.000289669
0.00055201
0.000653649
0.00047861
0.000409992
0.000680906
0.000423706
0.000971092
0.00049934
0.000343328
0.000615788
0.000497883
0.00134508
0.000257592
0.000761759
0.000396018
0.000393149
0.000440844
0.000632395
0.000419623
0.000437429
0.00177623
0.000417603
0.000993263
0.00135192
0.000307666
0.00062512
0.000415366
0.000362271
0.000280343
0.00042702
0.000534513
0.000246316
0.00016974
0.000645241
0.000375253
0.000778419
0.00058101
0.000241233
9.96702e-05
0.000753372
0.000520195
0.000620129
0.000462338
0.000295554
0.000211044
0.000604261
0.0020884
0.000281911
0.00116046
0.000212533
0.00042249
0.000188577
0.000289764
0.000352994
0.00601243
0.000305196
0.000304024
0.000587592
0.00122458
0.000372362
0.000359643
0.000753978
0.00027989
0.00045356
0.000637461
0.000319844
0.000201905
0.000466231
0.00106161
0.000393973
0.000175938
0.000542139
0.000442524
0.000452753
0.000590352
0.00011612
0.00103881
0.000628357
0.00019053
0.000353508
0.000871624
0.000258435
0.00054165
0.000373194
0.000483595
0.000330313
0.000444293
0.000889562
0.000529273
0.000448032
0.000964342
0.000376272
0.000812512
0.000782011
0.000767165
0.000549628
0.0022149
0.00051799
0.000385461
0.000541499
0.000586973
0.000420456
0.000445996
0.000109484
0.000486397
0.00020882
0.000221837
0.00155683
0.00091406
0.000343225
0.00036388
0.000490589
0.000464824
0.00101481
0.000190668
0.000216603
0.000692189
0.000301461
0.000560017
0.000926897
0.000434192
0.000475846
0.000608977
0.00052418
0.000462581
0.00152789
0.00054778
0.000378694
0.000153339
0.000735197
0.000818095
0.000452901
0.00127508
0.000733068
0.000730398
0.000239845
0.000438444
0.0013754
0.00025323
0.00124223
0.000153917
0.000725192
0.00031736
0.000591814
0.000335835
0.00055273
0.00194867
0.00111564
0.000986329
0.000269588
0.000757491
0.000335361
0.000330736
0.000813686
0.000432072
0.000183204
0.000283988
0.00029923
0.000497979
0.000468056
0.000240223
0.000922848
0.000340542
0.000699601
0.000163677
0.00214455
0.000307715
0.000794106
0.00155903
0.000659364
0.000620353
0.000343971
0.000794455
0.000447703
0.000395498
0.00011894
0.000447344
0.000453525
0.00105009
0.000673722
0.00165663
0.000557103
0.000673425
2.29786e-05
0.000595266
0.00199075
0.000336316
0.000961478
0.000489393
0.451186
0.000413313
0.000180814
0.000287961
0.000473296
0.000370646
0.000395823
0.00080279
0.000332804
0.000981401
0.000651205
0.000763407
0.000497018
0.000428173
0.000561037
0.000163882
0.000312513
0.000540781
0.000291638
0.000442648
0.00130128
0.000483434
0.00191584
0.000393889
0.00037145
0.000921512
0.000315876
0.000828667
0.000436233
0.000435288
0.000498357
0.0001823
0.000539922
0.00054601
0.000465394
0.000519592
