0.000372812
0.000209741
0.000174623
0.00054314
0.000907183
0.000903199
0.000206057
0.000296928
0.000325703
0.00027812
0.000341058
0.000414948
0.000249289
0.00078827
0.000344205
6.78721e-05
0.000194255
0.0004577
0.000214278
9.07499e-05
0.000290604
0.000250899
0.000231841
0.000977061
8.23649e-05
0.000328768
0.000519827
0.000495298
0.00031484
0.000333242
0.000211507
0.000395257
0.000312024
0.000166483
0.000418491
0.000337438
0.000305172
0.000171098
0.000234706
0.000251361
0.000453173
0.000150242
0.0146362
0.00089797
0.00243014
0.000326392
0.000326017
0.00190304
0.000371751
0.000235767
0.00049718
3.78718e-05
0.00028155
0.000274652
0.000443396
0.000395173
0.000232016
0.000134051
0.000443279
8.80715e-05
0.000271535
0.000338362
0.00108355
0.000132228
0.000172377
8.33091e-05
0.000385908
0.00026195
0.000298045
0.000292859
0.000525959
0.000340781
0.000243999
0.000251176
0.000216674
0.000256417
0.00053146
0.000173397
0.000212831
0.000998834
0.000287219
0.00020741
0.000150014
0.000223691
0.000219313
0.000355427
0.000220791
0.00020725
0.000125821
0.000274713
0.000118051
0.000484505
0.00029112
0.000280252
1.26872e-05
0.000209926
0.000338983
3.00338e-05
0.000404823
0.000239157
0.000493569
0.000312868
7.48589e-05
8.91409e-05
0.000176187
0.000384435
0.000452543
5.10536e-05
0.000291567
0.0015148
0.000115916
0.000431865
0.000669265
0.000616283
0.000414275
0.000227727
0.000399723
0.00158065
0.000247526
0.000374153
0.000431691
0.000562767
0
0.000590938
0.000316954
0.000727254
0.000390358
0.000406017
0.000262017
0.000808143
0.00024839
0.000478748
0.000329916
0.000286574
0.000468703
0.000207556
0.0042623
0.000178427
0.000179771
0.000255943
0.000282735
0.000359979
0.000824727
0.00013838
0.000240979
0.000397964
0.000443861
0.000557042
0.000256353
6.38805e-05
0.000716105
0.000205935
0.000363178
0.000193331
0.000655051
0.000149973
0.000193722
0.000178571
0.000158067
0.00565504
0.000635747
6.54444e-05
9.42929e-05
0.00276118
0.000278937
3.45279e-05
0.000255627
0.000427297
0.000241784
0.000409099
0.000664775
0.000220729
0.000101907
0.000195393
0.000560523
0.000259016
0.00466359
0.000439369
0.000748423
0.000503778
0.000264679
0.000119944
0.000391385
0.000607621
0.000721454
0.000230627
0.00017231
0.00020313
0.000373408
0.00083969
9.85627e-05
0.000185239
0.000217901
0.000541716
0.000138614
0.000262622
0.000881796
0.000870606
0.000177374
4.99181e-05
0.000197155
0.000238762
0.000433093
9.98945e-05
0.000253375
0.00149614
0.000172455
0.000182439
0.00012992
0.00278343
0.00140092
0.000329656
0.000607228
7.2005e-05
0.000315988
0.000877115
0.000486692
0.000247417
0.000112287
0.000242528
0.000192035
0.000262561
0.000243877
8.27811e-05
0.000215258
0.000357113
0.000358113
0.000380604
0.000698585
0.000576871
3.34196e-05
0.000707671
0.0053774
0.000826923
0.00218008
0.000417645
0.000375637
0.000372936
0.000181683
6.96877e-05
0.000163899
0.000323161
0.00121361
0.00033006
0.000522705
0.000125223
0.000245719
0.000249151
0.000385216
0.00042628
0.000332525
0.000249683
0.000664372
0.00027024
0.00024489
0.000154788
0.00030637
0.000816507
0.000572524
0.000547712
0.000191552
0.000355588
0.000248406
0.00156736
0.00113242
0.00149503
0.00222222
0.000194879
0.00073972
0.000390591
0.000318055
0.00231127
0.000393543
0.000455959
0.00038135
0.000143212
0.00217591
0.00065117
0.000189744
0.000466623
0.000291808
0.000338797
0.000297569
0.000240468
0.000189015
0.000698393
5.84853e-05
0.000197224
0.00055077
0.000311395
0.00082403
0.000825424
0.000326332
0.000607127
0.000138145
0.000136217
0.000195684
0.000265018
0.000724671
0.000343749
0.000307491
0.000269422
0.000163881
0.000481786
0.000219649
0.000388318
0.000518935
0.000401668
0.000686825
0.000433301
0.000167527
0.000302741
9.32857e-05
0.000154095
0.000104226
0.000258279
0.000721395
0.00033645
0.000198282
0.00167253
0.000285912
0.000292636
0.000612368
7.26187e-05
0.000339237
0.000210334
0.000346068
0.000460229
0.000432455
0.000310692
0.00037251
0.0003999
0.000301824
0.000855571
0.000187293
0.00017816
0.000309249
0.000267123
0.000355273
0.000293667
0.00248297
0.000334146
0.000147732
0.000385816
0.000329772
0.000379924
0.000216749
0.000432264
0.000501778
0.000266154
0.000162002
0.00180948
0.00140599
0.000389989
0.000362042
0.000275239
0.000210096
8.71052e-05
0.000252723
0.000345501
0.000610275
0.00033431
0.000521264
0.000138731
0.000242693
0.000250614
0.000175644
0.000125871
0.000154154
0.000723422
0.000244689
0.000244828
0.000247895
0.000294134
0.00106209
0.000254709
0.000159823
0.000197232
0.000230436
0.000126081
0.000432181
0.000526946
0.000372575
0.000247927
7.80133e-05
0.000226192
0.000219047
0.000265056
0.000129286
2.71764e-05
0.000761078
