0.00111329
0.00109674
0.00105532
0.00123367
0.000243978
0.000649038
0.000818555
0.000647755
0.000592584
0.000532046
0.000754191
0.000426575
0.00166425
0.000717607
0.000275122
0.000701321
0.0009967
0.00158898
0.00159034
0.00119599
0.000653851
0.000754455
0.00109696
0.00104748
0.000470636
0.0015361
0.00108699
0.000562859
0.000864569
0.000769153
0.000723684
0.000425141
0.00123988
0.000686752
0.00216854
0.000820944
0.00115487
0.000713957
0.000306367
0.00201006
0.00160834
0.000448299
0.000923677
0.000714972
0.000716395
0.000572316
0.00075603
0.00174124
0.000699348
0.000548001
0.000633299
0.000898077
0.00137039
0.00176044
0.000692977
0.000312454
0.000755192
0.000654347
0.000469407
0.000871135
0.00181407
0.00103388
0.000479884
0.000962426
0.00038516
0.00188678
0.000460122
0.00115016
0.000621371
0.00111165
0.000801454
0.000528238
0.000826056
0.0010817
0.000766819
0.00252625
0.000456904
0.00062254
0.000934276
0.000848374
0.000654441
0.000672952
0.00218554
0.000492993
0.00231969
0.00130184
0.000837657
0.00104821
0.000809388
0.000990862
0.000252348
0.00100792
0.000606918
0.000421194
0.001363
0.00159659
0.000503602
0.000588318
0.00136594
0.00101526
0.00223414
0.00112102
0.000964371
0.000995474
0.00098997
0.00123593
0.000640705
0.000465884
0.00134295
0.00188931
0.00021654
0.00144063
0.00198618
0.000638468
0.000759024
0.00212196
0.000853528
0.00163612
0.00198607
0.000943995
0.0010642
0.00101041
0.000776202
0.000312791
0.000929909
0.00122094
0.000782306
0.000780241
0.000839133
0.00164471
0.00174636
0.00068179
0.000673302
0.000681616
0.00177053
0.000693137
0.00280987
0.000707612
0.000919963
0.00167
0.00160315
0.00182036
0.00802511
0.00144831
0.00143494
0.000559202
0.000551674
0.000946256
0.000823634
0.00138497
0.00145956
0.000751783
0.000756943
0.000789732
0.00114203
0.00175686
0.000637638
0.000668904
0.000924676
0.00151923
0.000957399
0.000449253
0.000462595
0.00146451
0.00125164
0.000457082
0.000650115
0.000363904
0.000622151
0.000959112
0.000955071
0.000713606
0.00131429
0.00183205
0.000822226
0.00146183
0.000518882
0.00130719
0.000621156
0.00159767
0.00191207
0.000600757
0.000901546
0.000902006
0.00108536
0.00146668
0.00146776
0.00154506
0.000564287
0.00121232
0.00572704
0.000536432
0.00103398
0.000634483
0.000669404
0.000561192
0.00083788
0.00107884
0.00069663
0.00475502
0.0014486
0.00121402
0.000707714
0.0014533
0.000816399
0.000284714
0.014834
0.000999034
0.000828373
0.00438141
0.000803943
0.00217112
0.00086514
0.00101309
0.00278232
0.000701967
0.00141461
0.00218234
0.00276283
0.00057127
0.000999318
0.00123048
0.000722001
0.000786094
0.00116733
0.000732094
0.000795481
0.000831593
0.00157847
0.000858096
0.00076101
0.00139176
0.00114564
0.00157837
0.00122937
0.000586069
0.00140782
0.000929768
0.000691615
0.000731118
0.00050044
0.00058427
0.000701968
0.00075548
0.000938573
0.000462836
0.00082099
0.00054856
0.00256964
0.00108451
0.00075611
0.0011966
0.000985151
0.00112103
0.00283911
0.00110416
0.000937462
0.000529216
0.00401109
0.000514321
0.000796863
0.00148377
0.00121941
0.000368731
0.000477614
0.00267538
0.000951227
0.000643682
0.000927194
0.000898213
0.000535706
0.00120536
0.000727648
0.000514002
0.000543091
0.00375701
0.00137517
0.00561495
0.00116726
0.00100136
0.000635116
0.000851174
0.000544776
0.00201314
0.000381651
0.000942865
0.000634156
0.000995227
0.000715724
0.000959671
0.00143999
0.00108901
0.000854311
0.00122903
0.00113141
0.000487808
0.000605398
0.00107332
0.000498259
0.000866778
0.00128564
0.000544726
0.000917776
0.000534154
0.000855376
0.000959577
0.00119336
0.000955168
0.000473923
0.000769849
0.00423114
0.00110486
0.000733299
0.000954317
0.0015146
0.00204669
0.000819957
0.00100987
0.000834684
0.00164168
0.000736189
0.000535417
0.0012527
0.000698657
0.00100395
0.00143371
0.000687916
0.000742817
0.00101067
0.000801506
0.00108747
0.000680504
0.00152831
0.00461124
0.00112218
0.00140066
0.000819783
0.000682695
0.00131404
0.00167564
0.000954932
0.00136965
0.000945007
0.00422895
0.000680215
0.00128896
0.0011601
0.00145512
0.0011577
0.000484012
0.000815188
0.000890206
0.000564813
0.000526846
0.000774619
0.00103931
0.000623528
0.00129269
0.00120374
0.000740763
0.000619131
0.000817759
0.000345916
0.00183046
0.000839756
0.000834392
0.00128143
0.0017487
0.00145284
0.000769697
0.00179374
0.00243706
0.000971421
0.000817375
0.00153889
0.000829245
0.000537111
0.000988908
0.00116882
0.000555206
0.00114745
0.00112344
0.00104666
0.00196704
0.000884686
0.000753697
0.00133931
0.00164242
0.000580967
0.000717793
0.00122121
0.000899941
0.00220534
0.000630409
0.00123267
0.00177002
0.00322487
0.000713844
0.00111891
0.000840183
0.000541122
0.000357305
0.000835313
0.000611286
0.00110758
0.000505664
0.000954293
0.00135451
0.00117404
0.0021553
0.000979319
0.000307797
0.00181101
0.00060797
0.000814412
0.000852708
0.00211289
0.000652219
0.000905077
0.00430799
0.000658371
0.000613619
0.000865896
0.0010987
0.00160283
0.000684799
0.00088021
0.00116011
0.002206
0.000533737
0.00349778
0.00334341
0.00172386
0.00145016
0.00131961
0.000949356
0.00102147
0.000437751
0.00121677
0.000313666
0.000830953
0.00220578
0.000681927
0.00113514
0.000993272
0.00221232
0.00127968
0.000635007
0.0029759
0.0025895
0.00256795
0.000793186
0.000392626
0.000386371
0.000755965
0.00124037
0.0017629
0.0239847
0.00173063
0.000780395
0.000659256
0.000523899
0.000741141
0.00084876
0.00287226
0.00148977
0.00707724
0.000598025
0.000691796
0.000694883
0.000592652
0.00114433
0.000967517
0.0012306
0.00181299
0.0010338
0.000623138
0.000727245
0.00113658
0.0013198
0.000478046
0.000686247
0.000899014
0.00117993
0.00248135
0.00106164
0.00169936
0.00170303
0.000650114
0.000756657
0.00147691
0.00935358
0.000982436
0.00153561
0.00252608
0.000472959
0.00136891
0.00101468
0.00132528
0.00106681
0.000650835
0.001005
0.00134687
0.00174423
0.00100797
0.00161313
0.000294927
0.00101216
0.00121997
0.00139825
0.0007548
0.00081132
0.00100655
0.000485683
0.0006679
0.00063703
0.000528422
0.000494147
0.00205499
0.000268937
0.000638069
0.00107203
0.00093256
9.36618e-05
0.001376
0.00138972
0.000932209
0.000813447
0.000822801
0.000331611
0.00145325
0.000903797
0.00057824
0.00129429
0.00106451
0.00103825
0.000579296
0.000859615
0.00140351
0.00152282
0.00178276
0.00109951
0.000925356
0.00177059
0.00136992
0.000725975
0.000382949
0.000176026
0.000543625
0.00131554
0.000739764
0.000739492
0.00110215
0.000405735
0.000585638
0.000191598
0.00127454
0.00346207
0.00102011
0.00137201
0.000779102
0.000479102
0.000936118
0.00125883
0.000561445
0.000500961
0.00109376
0.000731213
0.0088464
0.00109475
0.0012248
0.000848629
0.000555373
0.0032567
0.000941637
0.000580247
0.000582543
0.000651336
0.00052284
0.000191235
0.0020368
0.000555918
0.00186145
0.000576583
0.00136301
0.00117802
0.00166361
0.00354923
0.000763877
0.00045594
0.00100766
0.00132731
0.000530423
0.00159498
0.000894331
0.0015413
0.000683022
0.00361792
0.000468231
0.00104332
0.00475749
0.00188756
0.000286583
0.00130686
0.000429214
0.00208097
0.000639927
0.00122409
0.0010773
0.00374099
0.000542044
0.000945758
0.0013512
0.00061897
0.000424005
0.00166107
0.0013691
0.00107561
0.000421623
0.00040365
0.00145898
0.000913903
0.00165484
0.000708571
0.000490635
0.000502897
0.000649322
0.00164716
0.000776663
0.000804277
0.000821934
0.00114651
0.000834634
0.00155547
0.000849065
0.00414859
0.000816791
0.00108892
0.00619596
0.000428749
0.00103498
0.00119375
0.00255572
0.00219226
0.000651572
0.00236269
0.00103827
0.00164459
0.00143333
0.000420639
0.00054204
0.000185063
0.00662196
0.000885227
0.000944707
0.000833815
0.00255823
0.00097869
0.000420479
0.00208588
0.000673967
0.00259514
0.000553256
0.00175449
0.000850156
0.00118636
0.000420933
0.0018488
0.00262598
0.00329572
0.000835875
0.000853619
0.000855682
0.000885304
0.0013009
0.000636168
0.000890647
0.00309931
0.00061701
0.000914634
0.00192875
0.000535115
0.000499074
0.00333622
0.000787082
0.00087637
0.00115091
0.000410508
0.00128404
0.00190977
0.00186295
0.000582409
0.00103129
0.000557647
0.00123542
0.00105161
0.0010481
0.000282355
0.00105531
0.000845363
0.000793541
0.00300624
0.000784013
0.000559518
0.000765537
0.00115186
0.00142187
0.00035527
0.00156606
0.000637488
0.000424586
0.000669908
0.00068403
0.000621444
0.00164423
0.00149767
0.00118766
0.0142501
0.00135536
0.00172636
0.000699088
0.00149857
0.00133529
0.00107455
0.00135851
0.0012065
0.0016584
0.00130912
0.000517947
0.00127843
0.00155415
0.00114029
0.000545284
0.000744404
0.000543234
0.000472422
0.000932572
0.00453145
0.000933127
0.00093374
0.000840782
0.00259502
0.00088195
0.000829322
0.000902007
0.000755256
0.00129263
0.00137383
0.000816568
0.000554375
0.00206129
0.00114517
0.000541588
0.00236665
0.000856101
0.000819751
0.00600405
0.0027189
0.000823035
0.000685062
0.00129302
0.00122759
0.00102155
0.0146117
0.00158822
0.0013113
0.00260991
0.00119302
0.00133203
0.00262374
0.000773784
0.00406115
0.00222501
0.00256358
0.000802014
0.00106903
0.00190314
0.00081352
0.000678333
0.00085205
0.000947584
0.000565674
0.00170869
0.000644103
0.000791201
0.00182909
0.000922861
0.000301577
0.000582743
0.000649278
0.00507112
0.00642411
0.00123147
0.00271456
0.0021867
0.000920573
0.00123343
0.00115384
0.00123048
0.00091192
0.000495
0.00157887
0.000995957
0.000620258
0.00105527
0.00108177
0.000987876
0.00101818
0.000719324
0.000193441
0.00122626
0.0020232
0.000655852
0.00065967
0.00185162
0.000953443
0.00137709
0.000572718
0.000744396
0.000758113
0.000362385
0.000534975
0.000930258
0.000634922
0.000772889
0.00264681
0.000907861
0.0016999
0.000292201
0.000428784
0.000344125
0.000687856
0.000866696
0.00173142
0.000817403
0.00095629
0.00298627
0.000613989
0.00748276
0.00122756
0.000797645
0.00112035
0.00136198
0.00125431
0.00241072
0.00365327
0.00110499
0.00115215
0.000942655
0.0010352
0.00055222
0.00119544
0.00106264
0.000941738
0.000733809
0.000613601
0.00132782
0.000693736
0.00148661
0.00112064
0.0029115
0.00105389
0.000781196
0.000902876
0.00213505
0.00107014
0.000580281
0.000985324
0.000707187
0.000997964
0.000774643
0.000778477
0.000366594
0.00148364
0.000564167
0.00193312
0.00123043
0.000520292
0.000927076
0.000636609
0.000762703
0.000748411
0.000600849
0.000352992
0.00093162
0.00112171
0.00235539
0.000988539
0.00629094
0.00214037
0.000447388
0.000766082
0.00105799
0.000349461
0.000851618
0.00142092
0.00106208
0.00114571
0.0027902
0.00158224
0.000968693
0.00116203
0.00202066
0.000650647
0.000670049
0.00326781
0.000855581
0.00102663
0.00147326
0.000833997
0.00223723
0.00114619
0.00110961
0.00119304
0.000623993
0.0014345
0.00168748
0.00157143
0.00107477
0.00123258
0.00133496
0.00191151
0.000323006
0.000625715
0.000665264
0.00113597
0.000623843
0.000875819
0.000632195
0.000705399
0.000963853
0.000827656
0.000365789
0.0020584
0.000860865
0.000405389
0.000531183
0.000660434
0.00219565
0.00125072
0.00140178
0.00082856
0.000828586
0.00107171
0.00119848
0.00112202
0.00165741
0.00107515
0.0147269
0.0016565
0.000593562
0.000684691
0.000513456
0.00112302
0.000818567
0.00118201
0.000822841
0.000919915
0.000560613
0.000481197
0.000415078
0.000964765
0.000442157
0.000593724
0.000859756
0.00149574
0.000300524
0.000878309
0.00275701
0.00154311
0.00105426
0.00418783
0.000814535
0.000903396
0.000491827
0.00183387
0.000617401
0.000338174
0.000694521
0.000498211
0.00879932
0.000440439
0.000694968
0.000585703
0.00167037
0.000333102
0.000421015
0.000894603
0.00104923
0.0016179
0.000801412
0.000806655
0.00420261
0.00492231
0.000824673
0.000532588
0.000939582
0.000928152
0.000569889
0.00469642
0.00137695
0.000920878
0.000981525
0.00130402
0.002541
0.000486764
0.000822836
0.0103828
0.000997934
0.000787054
0.00181931
0.000319565
0.000569914
0.0027433
0.000831238
0.0014643
0.00273812
0.000230391
0.000856442
0.00134883
0.00081135
0.0010202
0.000848838
0.00116981
0.000764564
0.00195237
0.000858064
0.000977454
0.000837629
0.000990668
0.00361951
0.000833179
0.00138162
0.00102882
0.00112566
0.000995012
0.000751362
0.00136885
0.0014651
0.00517381
0.00111357
0.00115772
0.000419314
0.000798689
0.00107929
0.00207976
0.000821335
0.000851411
0.00127717
0.0010994
0.00133905
0.0010326
0.000281365
0.00122384
0.00130915
0.00278824
0.000759509
0.00410604
0.00106172
0.000674911
0.00126801
0.00124223
0.000354832
0.000701443
0.0029276
0.000848116
0.000434519
0.000802925
0.000556482
0.00140593
0.00107562
0.00124313
0.00830436
0.00221251
0.0050355
0.00147856
0.00140697
0.000879324
0.00114538
0.000609159
0.000478695
0.000389483
0.00125237
0.00165654
0.000544156
0.000626863
0.00283744
0.00131421
0.00180429
0.00153463
0.00117791
0.000964727
0.000879399
0.000217587
0.0096453
0.000550619
0.00130016
0.000859885
0.00144964
0.000950347
0.00170978
0.000306399
0.00118705
0.00105678
0.000309796
0.000694061
0.000519288
0.000408012
0.000245164
0.000319233
0.000486763
0.000967076
0.000546612
0.000763922
0.000262634
0.000695638
0.000818254
0.0013737
0.000706393
0.00102293
0.0059965
0.00205608
0.000384842
0.000191736
0.000943398
0.000552189
0.00118324
0.000595154
0.00144834
0.000809232
0.00115757
0.00102359
0.000799099
0.000778799
0.000910219
0.0012962
0.00125563
0.000534335
0.000764707
0.00079146
0.000860887
0.00111067
0.00091135
0.000629557
0.000830613
0.000427977
0.00149026
0.000665218
0.000950731
0.00109698
0.00190942
0.00159372
0.00109066
0.000820208
0.000981248
0.00127171
0.000289598
0.000490618
0.00278272
0.00205649
0.00126723
0.00114592
0.0013175
0.000147917
0.00103078
0.00119729
0.00148693
0.00155828
0.00111405
0.000724922
0.000113626
0.00115509
0.00081147
0.000651991
0.000795652
0.00103019
0.00131879
0.000446313
0.000917861
0.000470963
0.000531271
0.00241584
0.00109109
0.00120015
0.000651282
0.0012144
0.000804583
0.000818347
0.000450586
0.0010437
0.00167499
0.00318066
0.00103981
0.00113109
0.000558822
0.00157625
0.00106261
0.000470578
0.0125985
0.000612299
0.00108724
0.000746546
0.00133133
0.00810901
0.000481732
0.000953972
0.000922308
0.000931869
0.00183091
0.000830488
0.00121618
0.000757697
0.00124483
0.000550967
0.00107005
0.00111823
0.000163864
0.000818939
0.000697766
0.000567542
0.000330554
0.000816539
0.00110376
0.000720292
0.000779636
0.000949043
0.000656134
0.00395718
0.000417981
0.00112206
0.000319583
0.000765552
0.000459706
0.000156453
0.00118156
0.00174221
0.000928679
0.00124786
0.00124147
0.000766053
0.000984622
0.000404143
0.00130817
0.00138502
0.000692762
0.00108399
0.000796156
0.000391366
0.000642375
0.00102007
0.000406523
0.00176917
0.00297749
0.0012456
0.000811471
0.000606783
0.00198374
0.000884156
0.00164664
0.000719252
0.000744494
0.000974405
0.000622569
0.000422226
0.000363545
0.000430908
0.00132407
0.000912172
0.00121381
0.000823225
0.00095663
0.00101783
0.00107631
0.000713017
0.00137929
0.00116367
0.000741937
0.000512859
0.000626923
0.00218774
0.00119681
0.000650837
0.00121219
0.00530789
0.000865775
0.000996559
0.000665031
0.000881445
0.00282193
0.00161875
0.00538518
0.00277676
0.00192465
0.000790244
0.000831206
0.00119368
0.00184999
0.00137752
0.00152659
0.00107139
0.000740847
0.00154505
0.000561864
0.00062401
0.000568485
0.000582817
0.000940877
0.00513103
0.00302509
0.000640121
0.019629
0.000786618
0.00101329
0.00149876
0.000800003
0.000794714
0.000627118
0.000973024
0.000823934
0.000603982
0.0011076
0.000217333
0.00104737
0.000959492
0.000841478
0.000616766
0.00293766
0.00156665
0.00150186
0.00149212
0.00241541
0.000617251
0.00883582
0.000694054
0.000444914
0.00225514
0.000699125
0.000339007
0.00166953
0.00143067
0.000612413
0.000798157
0.0021297
0.000990882
0.000184611
0.000520019
0.000638417
0.00574894
0.000499719
0.00112314
0.00112146
0.000590959
0.000667191
0.000735386
0.00146803
0.000807341
0.00048462
0.000341494
0.000918964
0.0421314
0.00062541
0.00167706
0.00086457
0.00125943
0.00197914
0.00154906
0.00189747
0.00123125
0.00149301
0.000823305
0.00149887
0.00126575
0.000802332
0.00242659
0.00101089
0.000559171
0.000567167
0.00115375
0.000835943
0.000468642
0.000968206
0.00106051
0.000813491
0.000775186
0.000673238
0.00210934
0.0099856
0.0011048
0.000538735
0.000759256
0.0170431
0.00139997
0.000751028
0.00442812
0.000658658
0.00108761
0.00185907
0.00142254
0.000873046
0.000708973
0.00186231
0.000983754
0.00157878
0.00775674
0.000782132
0.0022607
0.000947269
0.00206515
0.00162276
0.00338118
0.000717831
0.00139863
0.000992061
0.000885424
0.000654859
0.00127139
0.00139492
0.00158035
0.00053319
0.00158787
0.0013416
0.000756988
0.00142185
0.00479824
0.00100381
0.00102701
0.00080216
0.000734814
0.00130899
0.000464438
0.000802345
0.000995551
0.000680143
0.000937354
0.000294103
0.00102056
0.0025152
0.00276126
0.00570763
0.00157495
0.00131632
0.000528763
0.000328986
0.00135575
0.00075117
0.000951988
0.00237316
0.00107032
0.000712543
0.000428622
0.000546057
0.00100063
0.000648638
0.00147548
0.00043804
0.00137465
0.0013281
0.00119809
0.000904935
0.000683472
0.000190365
0.000704044
0.00107467
0.00150046
0.00154212
0.00089699
0.00105472
0.00048538
0.00123223
0.000796564
0.00142918
0.0011956
0.00085278
0.00141515
0.000520788
0.00205113
0.000919668
0.000480843
0.00752537
0.00748047
0.000480816
0.0004177
0.0019308
0.00062255
0.000932742
0.00288352
0.000726997
0.000251137
0.00122047
0.00764295
0.000779468
0.000296913
0.000842546
0.0004835
0.00157705
0.000778788
0.00053571
0.000825175
0.00076323
0.000920975
0.000949436
0.00115749
0.000391338
0.000836074
0.00097278
0.00102993
0.00123112
0.00156766
0.00221236
0.000454513
0.000803142
0.000898155
0.000249444
0.000848014
0.000745343
0.000674467
0.00146618
0.0021262
0.00103285
0.000693994
0.000545976
0.00124969
0.000705316
0.000498853
0.0713723
0.00109378
0.000283872
0.000801079
0.00597639
0.00141938
0.00106887
0.000635224
0.00171152
0.000879794
0.00134313
0.00342477
0.000606727
0.000776949
0.00132404
0.000720265
0.00128766
0.00316311
0.000894511
0.00107057
0.000529166
0.00171512
0.0016553
0.000986766
0.00128029
0.0011907
0.00395683
0.00290149
0.000915788
0.000470631
0.000912306
0.00155476
0.00082375
0.000816678
0.00157848
0.000947582
0.00123812
0.00424362
0.000889024
0.000923145
0.000959484
0.00619627
0.00079691
0.000598155
0.000315276
0.000618184
0.000541376
0.000941512
0.00539608
0.00111765
0.00149195
0.00122511
0.000933831
0.000911659
0.000572753
0.000341991
0.00164254
0.00130398
0.00270896
0.000979473
0.000333204
0.000539092
0.0330196
0.000991885
0.00226253
0.000760108
0.000905385
0.00370768
0.000750802
0.00109571
0.000500033
0.000891595
0.000490479
0.0050764
0.000813853
0.000525559
0.000937787
0.00076675
0.000743355
0.00127545
0.000369297
0.00226234
0.00124234
0.0016976
0.00089451
0.00171021
0.00208278
0.00285126
0.000712861
0.000701532
0.000852421
0.000839881
0.00110497
0.000882384
0.000506187
0.00131886
0.000712573
0.000924149
0.00645691
0.00119504
0.00672221
0.0047457
0.000808011
0.00093703
0.000825338
0.0012135
0.000602511
0.00105857
0.000774918
0.0015577
0.00051454
0.000226628
0.000771857
0.000612647
0.000953991
0.000775483
0.00121278
0.00118697
0.00150754
0.0015137
0.000853418
0.0010279
0.000993694
0.00105278
0.000603072
0.000827213
0.00171118
0.000779945
0.0010955
0.000596795
0.000990624
0.0013356
0.000643639
0.000470126
0.00124002
0.00126673
0.00161167
0.000465946
0.000920862
0.000522001
0.000669699
0.000870494
0.00115565
0.000878428
0.00193668
0.00141223
0.000804693
0.00118764
0.000350975
0.00059413
0.0009963
0.00107286
0.000620218
0.000245405
0.00018668
0.000739325
0.00099929
0.000783452
0.000854928
0.000398764
0.000852796
0.00114762
0.00105513
0.00160372
0.000310064
0.000578879
0.00357916
0.000663131
0.00110628
0.000263045
0.00129472
0.00216466
0.000897173
0.00169682
0.00156778
0.000511522
0.0011821
0.000847181
0.00304596
0.000738243
0.00100847
0.00170155
0.000669795
0.00105831
0.00104246
0.00161093
0.00112069
0.000808688
0.000682245
0.00114672
0.000748505
0.00157543
0.00159609
0.00169758
0.00123385
0.000904956
0.00327314
0.00100006
0.00233354
0.000743261
0.000699274
0.000460781
0.000720104
0.000937277
0.000568761
0.000625289
0.000816234
0.00088396
0.000884317
0.00264611
0.000843631
0.00101844
0.000699853
0.000560219
0.0012688
0.000872959
0.00167686
0.000788992
0.000917245
0.00113675
0.0010795
0.00901097
0.00127371
0.0017912
0.00090927
0.00136054
0.000525513
0.000746475
0.000932678
0.00102587
0.000472228
0.000899497
0.000718266
0.00432219
0.0011784
0.000682772
0.00151446
0.00133484
0.000825285
0.000520081
0.000430581
0.00314068
0.0011844
0.00085694
0.000588928
0.000873221
0.000496496
0.000861877
0.00140781
0.00100012
0.00554592
0.000475888
0.000560956
0.00226245
0.000953157
0.000389832
0.000851787
0.000273855
0.00113634
0.00193387
0.000633062
0.000311776
0.000627164
0.00212458
0.000779876
0.000844323
0.000771545
0.000842365
0.00111191
0.000513405
0.000316669
0.00125245
0.000683554
0.000582709
0.000809773
0.00231085
0.00166483
0.000478437
0.000760224
0.00101168
0.000232884
0.000839422
0.000798237
0.000515178
0.000694812
0.00194416
0.00048511
0.000797003
0.000614528
0.000541496
0.00163723
0.000853675
0.00127114
0.0045597
0.0011542
0.000393189
0.00108811
0.00106147
0.00198218
0.000807913
0.000535904
0.00152602
0.000512138
0.00127442
0.000924334
0.000463139
0.00201772
0.00250583
0.000553303
0.000979416
0.00254285
0.00616046
0.000851686
0.000819474
0.000431713
0.00107333
0.00176456
0.000735494
0.00342039
0.00229604
0.000741501
0.00117001
0.000852963
0.000837411
0.000918244
0.00339933
0.000746092
0.00138204
0.000848306
0.000904874
0.000433598
0.000609852
0.000242832
0.00110377
0.000634731
0.00130562
0.000428824
0.000689353
0.00129941
0.00088721
0.029285
0.00227841
0.000771928
0.000381557
0.00212652
0.00449757
0.000842749
0.00171392
0.000679989
0.00102053
0.00078305
0.00229037
0.0011471
0.000380901
0.000759739
0.000869765
0.00111909
0.000415497
0.00110101
0.00164872
0.00529382
0.00162748
0.00382656
0.00285229
0.000659029
0.00162036
0.000708095
0.0024002
0.00250125
0.00111826
0.000103681
0.000687183
0.000105215
0.000837399
0.00111288
0.000942104
0.000673351
0.00143995
0.0011065
0.00161187
0.00109846
0.000839766
0.000821638
0.000773663
0.00294009
0.0012821
0.00063463
0.000996849
0.0124197
0.000454399
0.00147969
0.00119219
0.00223266
0.000629266
0.0011667
0.0007783
0.000790659
0.000924262
0.00141951
0.00285905
0.00138112
0.00107107
0.000651706
0.00146403
0.000921561
0.00111714
0.044018
0.000878835
0.000626139
0.000422108
0.000494405
0.00108353
0.000913781
0.000799529
0.000551841
0.0006837
0.000719401
0.000685853
0.00154786
0.000724753
0.00110279
0.00051783
0.000882887
0.00116477
0.000954258
0.000521516
0.000656146
0.000437965
0.00135254
0.000637447
0.000671204
0.000649709
0.00201149
0.00249697
0.000995693
0.000601369
0.00190273
0.000705723
0.00107952
0.00122711
0.00129684
0.00110624
0.000962382
0.000860327
0.00450869
0.000540397
0.000564336
0.00119272
0.00111827
0.00197898
0.0011867
0.000727366
0.00104452
0.00115481
0.000612488
0.000816597
0.0101981
0.00148387
0.0030673
0.000507847
0.00187672
0.000712124
0.000756251
0.000932382
0.0014211
0.000993303
0.000809341
0.000397879
0.000303287
0.00269024
0.00110468
0.0060863
0.000502546
0.00151381
0.000509457
0.000613548
0.00101383
0.00104665
0.00147676
0.000663311
0.000774351
0.00459012
0.000765143
0.000431743
0.000883233
0.000508027
0.00191401
0.0006296
0.00116456
0.000847419
0.000878672
0.00161897
0.0010894
0.000636496
0.000738011
0.00115618
0.000926097
0.000469795
0.00137061
0.000637681
0.000968644
0.00120342
0.00660269
0.000836399
0.00138273
0.00159566
0.00131284
0.000808137
0.00160401
0.00389733
0.000634496
0.000513918
0.00117689
0.00150022
0.00127854
0.0004972
0.00035497
0.000514193
0.000873271
0.00100654
0.00103789
0.00141373
0.00123702
0.00229561
0.000968812
0.000525767
0.00097337
0.000654737
0.00101836
0.000700514
0.000639146
0.00175771
0.00106018
0.00108038
0.00288586
0.00132729
0.000560362
0.000349924
0.000971243
0.00267678
0.000778944
0.00094216
0.000478494
0.00249158
0.001235
0.00122621
0.00126365
0.000767548
0.001498
0.000566658
0.00134029
0.000390078
0.000922617
0.000968232
0.0017031
0.000902265
0.00306177
0.000868836
0.000607177
0.00185629
0.000752061
0.000686337
0.00233194
0.000890884
0.00101896
0.00386406
0.000980237
0.000733764
0.000433638
0.000517025
0.000774391
0.00127243
0.00227334
0.000572472
0.000814142
0.000769453
0.0010085
0.00105999
0.000514816
0.00111355
0.00173066
0.00479412
0.00190507
0.000935498
0.00120589
0.00119456
0.00173175
0.00127333
0.000813287
0.00116495
0.000528591
0.000761246
0.00173001
0.000834202
0.00090169
0.000919981
0.000460576
0.000912039
0.00194253
0.000980317
0.00082825
0.000744331
0.00218821
0.00152808
0.000996459
0.0010118
0.00124935
0.001179
0.000757214
0.000766869
0.00130398
0.000388911
0.000795593
0.00197796
0.00114676
0.00213855
0.0017712
0.00122276
0.000630624
0.0011382
0.00075854
0.00090607
0.00243427
0.00216155
0.000625347
0.00214832
0.000905835
0.000119441
0.00017875
0.000517297
0.00030238
0.000776834
0.000755821
0.000514906
0.000644627
0.00041522
0.000994106
0.00110502
0.00126459
0.00477867
0.00117045
0.00274841
0.00102709
0.00193397
0.000642031
0.00145971
0.000792788
0.000599496
0.00100481
0.000569095
0.000754573
0.000515299
0.000633105
0.000731703
0.001091
0.000961692
0.000635113
0.000403261
0.00210859
0.00104154
0.000471063
0.000875897
0.00111741
0.00148628
0.000985732
0.000998377
0.000529648
0.000830306
0.000926484
0.00081434
0.000416366
0.00195175
0.000273936
0.00151644
0.000830772
0.00427884
0.000791269
0.00185374
0.00112836
0.00117505
0.000836448
0.000507555
0.000958106
0.00092483
0.000340982
0.0020777
0.00102304
0.00256834
0.000513757
0.000482063
0.000644983
0.000370765
0.000571726
0.00558486
0.00126019
0.000366473
0.00181284
0.000962481
0.00063905
0.00131023
0.000873167
0.000693433
0.001357
0.00154913
0.000942597
0.00222208
0.000841959
0.000896355
0.00148874
0.00343335
0.00141227
0.000889006
0.00149908
0.0023888
0.00129875
0.00149247
0.000893122
0.000741526
0.000881652
0.00135431
0.00103746
0.000595867
0.00165394
0.000661385
0.00143892
0.000604613
0.000709257
0.000867036
0.00402535
0.00107159
0.00105812
0.00181085
0.000352849
0.00123685
0.000635282
0.00298269
0.000777059
0.00162786
0.000794904
0.000837267
0.000713581
0.000677783
0.00066487
0.00151041
0.000494057
0.000846615
0.0004028
0.00201416
0.00104792
0.00199478
0.0021391
0.000859937
0.000887524
0.000527791
0.00104805
0.000486562
0.000652366
0.000661766
0.00338469
0.000732578
0.00117611
0.000658371
0.00115275
0.00195833
0.000601854
0.00108969
0.000894979
0.00108965
0.000527486
0.000849129
0.000498857
0.000798343
0.000391446
0.0008366
0.00051166
0.00123369
0.00586868
0.0201057
0.0021112
0.000798591
0.00102359
0.00107241
0.000658648
0.00100245
0.000878158
0.000744031
0.00124868
0.00091353
0.00106636
0.000496176
0.000453353
0.000629483
0.000783672
0.000620625
0.00111604
0.00440872
0.000750035
0.000836167
0.000635376
0.000464225
0.00115065
0.000633772
0.000754753
0.000476608
0.00141265
0.00382252
0.000953649
0.000785926
0.000313065
0.00095747
0.00063113
0.000673455
0.00069377
0.00109178
0.000631254
0.000764538
0.00105487
0.000435541
0.0012512
0.000541357
0.00131453
0.00168575
0.00156856
0.00246572
0.000451514
0.000278941
0.00152971
0.0030312
0.000965091
0.0010327
0.0022701
0.000372824
0.00451177
0.00229534
0.000433594
0.000931947
0.00127284
0.000758397
0.000338123
0.00128278
0.000848455
0.00082922
0.00111649
0.00155621
0.000593446
0.00311198
0.00475908
0.000591976
0.000706411
0.000871834
0.00083486
0.000490848
0.00401166
0.000533901
0.00115757
0.00097875
0.000780064
0.00517686
0.000677497
0.00112209
0.000819237
0.00537424
0.000850524
0.00139417
0.00106404
0.0656177
0.00171994
0.00118902
0.00139198
0.00120176
0.0018479
0.00465732
0.00089406
0.00228109
0.000578613
0.000936764
0.00442322
0.00143366
0.00144997
0.00156494
0.000571282
0.000833124
0.00124869
0.000798645
0.00130942
0.000349244
0.00107769
0.00057155
0.000246554
0.000829251
0.00150498
0.00148496
0.000483343
0.000466073
0.00108292
0.000563162
0.00153263
0.000422533
0.00116758
0.000768138
0.00138698
0.00177815
0.000806236
0.00102824
0.00106644
0.000730247
0.000770658
0.00062597
0.00120834
0.00174493
0.000997301
0.00124206
0.000612782
0.001888
0.00159629
0.00154731
0.000652892
0.000519521
0.00107539
0.000932813
0.000781739
0.000989457
0.000718724
0.0031483
0.00134953
0.000719928
0.000775497
0.0034436
0.0010688
0.000574539
0.000733867
0.00107743
0.00335824
0.000700349
0.0013926
0.00122966
0.00118851
0.000287455
0.000687112
0.000596415
0.00142804
0.000862265
0.0024509
0.000972183
0.000909602
0.000261438
0.000833525
0.00154315
0.000831785
0.00235304
0.00124391
0.00345058
0.000637509
0.000719164
0.000280318
0.00355055
0.000483268
0.000995171
0.000739328
0.000705584
0.000209275
0.00103631
0.000450872
0.000852342
0.00151692
0.00164691
0.000438611
0.00147679
0.00174394
0.000519017
0.00065395
0.00105196
0.000321003
0.000574786
0.00103823
0.00065932
0.00020742
0.0028761
0.000448275
0.000983269
0.000196898
0.000989759
0.000970682
0.000699669
0.0010149
0.00080714
0.00197983
0.00185393
0.000699759
0.00135216
0.00106702
0.000772076
0.000562577
0.00105906
0.00030593
0.000827641
0.00157066
0.00133688
0.00180039
0.00107224
0.00409146
0.000451569
0.000574274
0.00395277
0.00084464
0.000784099
0.00133657
0.00149412
0.0010783
0.000894792
0.000815829
0.00039049
0.00107336
0.00100848
0.00102262
0.00122669
0.000332333
0.00117829
0.000909861
0.000660611
0.000386388
0.0010614
0.00116603
0.000964539
0.00018358
0.00124372
0.00292741
0.00110129
0.0266621
0.000688937
0.000843788
0.00114375
0.000613181
0.000443156
0.0008999
0.000631439
0.000619031
0.000772077
0.000959303
0.000658611
0.000821307
0.00153192
0.00233233
0.000332454
0.00205936
0.000871272
0.00166762
0.000944315
0.00138303
0.0013213
0.000932007
0.00256437
0.000841228
0.000901983
0.000570042
0.00127099
0.000406442
0.0010282
0.000558306
0.000756139
0.00147681
0.00142975
0.00299397
0.000844791
0.00179003
0.00165817
0.000319673
0.00417679
0.00584737
0.000894957
0.000907618
0.00050203
0.000402783
0.00271
0.000310938
0.00140352
0.000771107
0.000945416
0.000946243
0.000649242
0.000982543
0.000612091
0.00101266
0.0134137
0.00333247
0.000760003
0.00582626
0.000546469
0.00263716
0.000565809
0.000317811
0.000704103
0.00296218
0.00120338
0.00123639
0.000982012
0.000786153
0.00121612
0.00112062
0.000350346
0.00173869
0.000963417
0.000821622
0.000989671
0.000693306
0.000161033
0.00263251
0.00048426
0.00083644
0.000884012
0.000893639
0.00074851
0.000559217
0.0010144
0.000594913
0.00232446
0.00108314
0.00361586
0.000693517
0.00109112
0.000956743
0.00388292
0.00127203
0.00093264
0.00122624
0.000595771
0.000900925
0.000864105
0.000943584
0.000530855
0.00122404
0.00144052
0.00584928
0.00047525
0.000692968
0.000988164
0.00135155
0.00035124
0.000893664
0.000594354
0.00057342
0.000962373
0.00198944
0.000870713
0.000966946
0.00134218
0.00127845
0.000716671
0.000815238
0.000613895
0.000781535
0.000376342
0.0016202
0.000450765
0.00275297
0.000931327
0.000852576
0.00117876
0.00125424
0.000560451
0.000888817
0.00141249
0.00171335
0.00172068
0.00144374
0.00123905
0.000781617
0.000792161
0.00422841
0.000837605
0.00151993
0.00203305
0.00108821
0.00119012
0.000638434
0.000965568
0.00183044
0.000692659
0.000667253
0.000660462
0.00122617
0.00145446
0.00228797
0.00666732
0.000686402
0.00189693
0.000445666
0.0010467
0.000900381
0.000461936
0.00129562
0.000227917
0.00125372
0.00124971
0.000560963
0.000122209
0.0101154
0.000347334
0.000532544
0.000243079
0.000636632
0.000767141
0.000867992
0.00059255
0.000755199
0.00126771
0.00130494
0.000219111
0.00115052
0.00126446
0.00141564
0.0193996
0.00806759
0.000751866
0.000301813
0.000829405
0.000327931
0.000880576
0.000536362
0.0013174
0.00497301
0.000741807
0.000640291
0.00421161
0.00150211
0.00122017
0.000508431
0.00108573
0.000385708
0.00114362
0.0016694
0.000416213
0.000706214
0.000722163
0.00206895
0.00145763
0.00101138
0.000909583
0.00183714
0.00134391
0.000984403
0.00113732
0.000798034
0.00084724
0.00228136
0.000670119
0.000725787
0.00170449
0.000841306
0.000649323
0.0012203
0.00174553
0.00142917
0.0010404
0.00156744
0.000917459
0.00114599
0.00123061
0.00082805
0.00121824
0.00120935
0.00364119
0.000926925
0.000501932
0.000524083
0.00105001
0.000815633
0.0168576
0.00137427
0.00045384
0.00180322
0.00157428
0.000944241
0.000541836
0.000901242
0.00111099
0.00218228
0.00179437
0.0012843
0.00136633
0.0021296
0.000614218
0.00109319
0.000680709
0.00561881
0.000952386
0.00117858
0.000645286
0.000484682
0.000316778
0.000988977
0.00139537
0.000899012
0.000582601
0.000710471
0.00814729
0.000968715
0.000448104
0.001523
0.000628683
0.0117662
0.00131074
0.000755033
0.000855079
0.000372972
0.00125158
0.00151281
0.000488963
0.00100328
0.00168239
0.000721865
0.00109274
0.000937528
0.0013956
0.00113937
0.000467453
0.000896203
0.00112197
0.00080918
0.00223455
0.00183953
0.00213938
0.000695604
0.0014374
0.00401135
0.000655278
0.00222634
0.00335152
0.00170908
0.000837243
0.00268497
0.000502252
0.000583271
0.000896811
0.000640971
0.000871324
0.000807742
0.00112425
0.000790027
0.000613169
0.000639777
0.000540447
0.000492655
0.000988003
0.00211322
0.000982047
0.000932606
0.000779573
0.000366447
0.000936699
0.00140547
0.000905046
0.00116122
0.000587593
0.000587675
0.000491526
0.000805512
0.000416028
0.00198009
0.00311748
0.00101018
0.00208153
0.00196802
0.000634215
0.00267238
0.000838771
0.00121712
0.000991387
0.000820027
0.000668675
0.000380558
0.000669908
0.000590687
0.000286623
0.00131763
0.000794415
0.000587207
0.0004967
0.00122076
0.00131644
0.00122825
0.000631571
0.00138597
0.00076575
0.00111215
0.00112755
0.00224518
0.00171107
0.000657936
0.00136991
0.00223739
0.000677665
0.00238738
0.00125264
0.000859869
0.00177235
0.000892896
0.000519845
0.00101076
0.00194223
0.000602457
0.00321275
0.000195395
0.000776782
0.00185887
0.00191679
0.000852693
0.0011227
0.00128109
0.00101911
0.000656757
0.00120251
0.000766096
0.00094914
0.00136386
0.00073255
0.0012952
0.00472463
0.00176254
0.00202343
0.00131964
0.000940743
0.00632417
0.00155451
0.000870122
0.000888196
0.00440784
0.000989552
0.00212115
0.00187811
0.000773193
0.000785462
0.00109458
0.000811877
0.000777407
0.000603426
0.0132041
0.00580786
0.00150048
0.00164076
0.000746735
0.0007977
0.00119317
0.00081051
0.000148891
0.00109659
0.000985021
0.000783878
0.00183276
0.000629801
0.00122996
0.00138131
0.000793001
0.000894327
0.00058092
0.00223341
0.000856899
0.000350576
0.00141743
0.000958811
0.00203439
0.000749206
0.0031741
0.00139071
0.00103386
0.000805263
0.00318762
0.00141664
0.000320361
0.000603588
0.00104585
0.000563829
0.00283485
0.00073294
0.00133871
0.000656785
0.000334494
0.000784233
0.000476123
0.00083657
0.00151439
0.000678355
0.000736409
0.000921059
0.00099032
0.00140373
0.00157113
0.000623512
0.000419052
0.000799654
0.00073199
0.00142063
0.00077097
0.00199997
0.000735793
0.00127398
0.000998225
0.00112402
0.000819512
0.00136115
0.00108151
0.000677261
0.000569477
0.00110967
0.00155547
0.000477699
0.00124802
0.000612678
0.00107701
0.000805778
0.000910366
0.00101924
0.00125983
0.000501133
0.000850864
0.0209073
0.000888654
0.0010675
0.00098524
0.00164228
0.000896478
0.000567468
0.000858301
0.00117709
0.000806255
0.000825338
0.000960531
0.000849852
0.000326677
0.000452647
0.000202128
0.000682201
0.000908321
0.0121248
0.00185832
0.00118111
0.00316886
0.000975546
0.000483792
0.000638408
0.00209953
0.00124611
0.00152692
0.00127849
0.0013731
0.000833353
0.00123509
0.000654774
0.000384069
0.00079274
0.000148238
0.000961811
0.000764528
0.000962698
0.000591089
0.00107743
0.000590393
0.00191666
0.00137013
0.00121098
0.00140139
0.000861826
0.00104752
0.00108981
0.000869843
0.000970378
0.000474968
0.000606268
6.13568e-05
0.00169916
0.00541959
0.00564271
0.244339
0.000864158
0.00123527
0.000854383
0.00118582
0.000878449
0.00132323
0.00034892
0.00272025
0.000605464
0.0010497
0.00073463
0.000826543
0.000694226
0.00229812
0.00162355
0.000502599
0.00116765
0.000540952
0.00113828
0.000234525
0.00836447
0.00012791
0.000967539
0.000626893
0.00459819
0.0054978
0.000373025
0.00524884
0.00301473
0.000863307
0.00106179
0.000568809
0.001315
0.00124499
0.000325454
0.000747592
0.00148265
0.00172525
0.000363863
0.00105649
0.00105619
0.00235747
0.000764121
0.00106699
0.000527138
0.000294899
0.0125497
0.000786462
0.00120196
0.00179385
0.000649489
0.00237073
0.00049591
0.000639313
0.000541056
0.00103155
0.00228755
0.000486794
0.00111572
0.000678305
0.00039801
0.003955
0.000570931
0.00106079
0.000966747
0.0040385
0.00228138
0.000835412
0.000535981
0.00106557
0.00104826
0.00382063
0.00124835
0.00286167
0.00178278
0.00151815
0.00126721
0.00120325
0.00100044
0.000847946
0.00124415
0.00116273
0.00071084
0.000406846
0.000943601
0.00105034
0.00148457
0.000919033
0.000758337
0.000392648
0.0026896
0.000581265
0.000486524
0.00176864
0.000371516
0.00180961
0.00118713
0.00204719
0.00124621
0.00101812
0.000770863
0.000371235
0.0035919
0.000773012
0.00058113
0.0017832
0.000949897
0.000805358
0.000723255
0.000694651
0.00117349
0.00113526
0.00117549
0.00164996
0.000747363
0.00206324
0.000571484
0.000944501
0.00233267
0.0380257
0.00105086
0.000529899
0.000845248
0.000876875
0.000858467
0.000647168
0.000823242
0.00146879
0.0014902
0.00122803
0.00115514
0.00106874
0.000772799
0.000962724
0.00102802
0.00107688
0.00179991
0.000848063
0.000979067
0.00100382
0.00126534
0.000892121
0.00190434
0.00104944
0.00195677
0.000746429
0.000715649
0.0010236
0.00127589
0.000403773
0.000756212
0.00108415
0.00105827
0.0012339
0.000766612
0.00141542
0.0010248
0.000796564
0.000821528
0.000596702
0.000604485
0.00108947
0.000376581
0.000801785
0.0011483
0.00125773
0.00130766
0.00634372
0.00107046
0.000797861
0.000436274
0.000826344
0.000488478
0.000915703
0.00042852
0.00137488
0.000501609
0.000306085
0.000449554
0.000807299
0.00137969
0.000952966
0.00131782
0.0008748
0.00304219
0.00124739
0.00106508
0.000620309
0.000499164
0.00127005
0.000566248
0.0008752
0.001205
0.000671926
0.00095389
0.000117888
0.000483892
0.0017459
0.000773142
0.000750939
0.00100043
0.00041854
0.000541764
0.00139197
0.00032361
0.00185969
0.00161774
0.0015042
0.000707797
0.000566708
0.000784723
0.000683126
0.00163675
0.00139534
0.000749282
0.000679137
0.00151346
0.000542942
0.00168527
0.00171014
0.00101035
0.000847608
0.0119518
0.0018126
0.0014723
0.00284135
0.000935722
0.00403623
0.000726423
0.000914821
0.00127579
0.00126723
0.001099
0.00157304
0.00144726
0.000379219
0.00167185
0.000677931
0.000630795
0.000604696
0.000985937
0.00091397
0.00121476
0.00580189
0.000996455
0.000645368
0.00383843
0.000563495
0.00104857
0.00115457
0.000566858
0.000598992
0.000554333
0.000379677
0.000706232
0.000718887
0.000602042
0.000779665
0.00110695
0.00561589
0.000403101
0.000866609
0.00100126
0.0016729
0.000725573
0.00508533
0.000754452
0.00506231
0.00301584
0.000505322
0.000357717
0.000880695
0.000402108
0.000447684
0.00121569
0.0017302
0.00417932
0.000867941
0.000870357
0.000324431
0.00120702
0.000802756
0.000727684
0.00071552
0.000809074
0.00146136
0.000945001
0.000790847
0.00555091
0.00106509
0.00257095
0.000864781
0.000729606
0.00225255
0.00153564
0.000897415
0.0007509
0.000655962
0.000974741
0.000394382
0.000333239
0.000667888
0.00051482
0.00102082
0.0102902
0.00101707
0.000841845
0.000364491
0.000514074
0.000382969
0.00149498
0.000986316
0.00103052
0.00113398
0.000848322
0.000940602
0.00101788
0.00129341
0.00107063
0.00088911
0.00217414
0.000632764
0.00225068
0.00321674
0.000674198
0.000170069
0.000202193
0.000501034
0.000948514
0.00123831
0.000667013
0.000533752
0.00249957
0.000978876
0.00134067
0.0013844
0.000659674
0.000916575
0.000556855
0.00105257
0.00039513
0.00135148
0.000672395
0.000878944
0.00232164
0.000900843
0.00151694
0.00108297
0.00414668
0.00165429
0.000336181
0.00100633
0.000870317
0.000655918
0.00123479
0.00110712
0.000743167
0.0011096
0.000883024
0.000375356
0.00194487
0.000966168
0.000612488
0.00106062
0.00301442
0.000833133
0.00077231
0.000816599
0.000827896
0.000453295
0.0010106
0.000922704
0.000425873
0.000924753
0.00174703
0.000970214
0.00543693
0.00156201
0.00115055
0.00108994
0.000845249
0.0034401
0.0019394
0.000676571
0.000998417
0.00078859
0.00113022
0.000985161
0.000848508
0.00063693
0.000733845
0.000881679
0.000372886
0.000876232
0.000696417
0.000780649
0.00033633
0.00118126
0.00108252
0.00105554
0.000586184
0.000582872
0.000793307
0.00101675
0.00052501
0.000739204
0.000759307
0.00125319
0.00102238
0.000612126
0.000272533
0.00130945
0.000682099
0.000801007
0.000924489
0.00046679
0.0228128
0.000744605
0.000754528
0.0012657
0.000588533
0.00099625
0.000736725
0.00336176
0.000978373
0.000485473
0.000608899
0.000701317
0.000791098
0.000827347
0.000559233
0.0014223
0.000622974
0.00123119
0.000966719
0.00102405
0.00155622
0.0011547
0.00087202
0.000477363
0.000895562
0.000374055
0.00579311
0.000434609
0.000487134
0.00101376
0.00241591
0.000699381
0.000850557
0.000690811
0.00072084
0.00102699
0.000781147
0.000946388
0.000482226
0.000907782
0.00100479
0.00113292
0.000572196
0.00168684
0.000957722
0.00331631
0.00104954
0.000612207
0.000928912
0.00136724
0.000580866
0.000598775
0.00106822
0.000415026
0.00101594
0.00114661
0.000731546
0.00302209
0.00629558
0.000640948
0.000707395
0.000934112
0.000679209
0.00194394
0.00106838
0.000400623
0.0014137
0.00074119
0.000656465
0.000711829
0.000661717
0.0172167
0.00025917
0.000755294
0.000366237
0.00101776
0.000783815
0.000890421
0.000700154
0.000803706
0.0016122
0.000964722
0.00235769
0.000836641
0.00183528
0.00047075
0.00111278
0.00108138
0.000561808
0.000824903
0.000920104
0.000693594
0.00103522
0.000720016
0.00121668
0.000344446
0.000791189
0.000559595
0.00464828
0.00168826
0.0185599
0.000626695
0.000592318
0.00106484
0.000796656
0.000942947
0.0021504
0.00215147
0.000701774
0.00157019
0.00320958
0.00181071
0.00113879
0.00126153
0.000855646
0.000741367
0.00165012
0.00189212
0.00114424
0.000770803
0.00098912
0.00162534
0.000526644
0.000404572
0.000605458
0.0106733
0.000772813
0.000670028
0.00170069
0.000572679
0.000376719
0.00156678
0.000510884
0.0473923
0.000290194
0.00160716
0.000219991
0.000842008
0.000474806
0.000597936
0.000711591
0.00223719
0.00125725
0.00171896
0.000935727
0.000376942
0.000557526
0.000355209
0.00493687
0.00131768
0.0010753
0.000836325
0.00271658
0.00049297
0.000668318
0.000711149
0.000708434
0.000147835
0.000921005
0.000589041
0.000842136
0.000528756
0.00139412
0.000781544
0.00132627
0.000478167
0.000418235
0.000882702
0.000400167
0.000725752
0.000957824
0.000876932
0.00109804
0.000934153
0.00120811
0.0257776
0.000867203
0.0011436
0.000877509
0.00142742
0.00142782
0.000435085
0.00210385
0.000921442
0.000822329
0.00150093
0.000965984
0.0012376
0.000174541
0.00112944
0.000986002
0.000852183
0.00107672
0.000524783
0.00209494
0.000875721
0.000429404
0.00337613
0.000502227
0.000693755
0.000892011
0.0010213
0.00340741
0.000612153
0.00253385
0.00132226
0.00108195
0.000900189
0.000427928
0.0090093
0.000767914
0.00061888
0.00113759
0.00129997
0.000526332
0.000353518
0.000514146
0.000126619
0.000431416
0.000716232
0.00212981
0.00129067
0.00160201
0.000675871
0.000783913
0.000698936
0.000765254
0.000986262
0.000798708
0.00455121
0.000575903
0.000843898
0.000809909
0.00161053
0.000795163
0.000420309
0.000784854
0.000564273
0.00108031
0.0010831
0.000918791
0.000527931
0.00157474
0.000829717
0.000780966
0.00306016
0.00079762
0.00130392
0.0010544
0.000881805
0.00116929
0.00187208
0.000608067
0.000673625
0.00322339
0.000593277
0.00151183
0.000639704
0.000844829
0.00109476
0.000728904
0.0109605
0.00064845
0.000986132
0.00210432
0.00108047
0.00110253
0.00172597
0.00154611
0.000822454
0.00166844
0.00146083
0.000848265
0.000629015
0.00136532
0.000987049
0.000931331
0.001225
0.00190408
0.000683817
0.000523497
0.00086172
0.000946374
0.00079553
0.00179027
0.000840926
0.00211154
0.00056712
0.000368049
0.00133826
0.00221935
0.000667156
0.00363371
0.00148105
0.000995329
0.000914178
0.000905625
0.000740383
0.00075494
0.000966797
0.000486315
0.00533584
0.000559235
0.000543934
0.000824002
0.00110967
0.000732815
0.00360876
0.000362286
0.00098629
0.00129656
0.00080034
0.00113008
0.00209879
0.000839872
0.000390382
0.000617273
0.00171436
0.00118976
0.000678298
0.000905947
0.000633896
0.000821056
0.000895937
0.000566489
0.00138007
0.000454505
0.00117892
0.00290294
0.00103232
0.000695346
0.00207556
0.001159
0.00178536
0.000683112
0.000509114
0.00136947
0.00281538
0.000944195
0.00258104
0.00083852
0.00065756
0.000971374
0.000954607
0.00124231
0.00148964
0.000588242
0.00385281
0.000929295
0.000852451
0.000842237
0.000591942
0.00162991
0.000754441
0.000707807
0.000817818
0.00173358
0.00137477
0.00143631
0.0018355
0.000614179
0.000566853
0.000369311
0.000436444
0.000873775
0.000953772
0.000733387
0.000924839
0.00155273
0.000715236
0.000540308
0.000885138
0.000949637
0.000591961
0.00122632
0.000851863
0.00217266
0.00130876
0.000723792
0.00125674
0.00110672
0.00058159
0.000725571
0.000730433
0.000966102
0.00450786
0.00061157
0.00112458
0.000915453
0.000868704
0.000814092
0.000410401
0.000423707
0.00031286
0.00213668
0.00202345
0.00120001
0.000669747
0.00363405
0.000691821
0.00107194
0.000432505
0.00183041
0.000346
0.000734482
0.00112214
0.00085741
0.000922743
0.000538495
0.00200541
0.000551193
0.000535782
0.0012413
0.00745351
0.00368543
0.00100294
0.00987905
0.001083
0.0010314
0.0021447
0.000520307
0.000771846
0.0011355
0.00916003
0.000240472
0.0014522
0.00144133
0.00105517
0.00113372
0.000849984
0.00147403
0.00112206
0.000955121
0.000150686
0.00171848
0.00113554
0.00380112
0.00115125
0.000728537
0.00242048
0.00061389
0.000348001
0.000636153
0.000995206
0.0012563
0.000559345
0.00119722
0.000724906
0.00243793
0.000600859
0.00162029
0.000781295
0.00251148
0.00132222
0.00233341
0.00139166
0.00056761
0.000792797
0.00112498
0.00113986
0.000756741
0.00224876
0.000637619
0.000993974
0.000743728
0.000909441
0.00110045
0.000358437
0.00137965
0.000426406
0.00129526
0.000961179
0.000921075
0.00128282
0.00102725
0.00120488
0.00100133
0.00210103
0.0012236
0.000916888
0.00117468
0.000925321
0.00091366
0.000686277
0.00129462
0.00130503
0.00212581
0.000388997
0.000797953
0.00105809
0.000691388
0.000925792
0.000444547
0.00100291
0.000481731
0.00308208
0.000996015
0.000455798
0.0107541
0.000605159
0.000990188
0.00113069
0.00100797
0.00101245
0.00140544
0.000348615
0.000417677
0.000626194
0.000771253
0.000479411
0.000884658
0.00110646
0.000745271
0.000524913
0.00147745
0.00190335
0.00205551
0.00129075
0.0013183
0.000673266
0.00206535
0.00132364
0.000799515
0.000534241
0.00124731
0.00100412
0.00220974
0.000765063
0.00107031
0.000983664
0.000676933
0.00748808
0.00377816
0.000777955
0.000787435
0.00113449
0.000750294
0.00115932
0.000416285
0.00061919
0.000683802
0.00146443
0.000952349
0.000762745
0.00130161
0.000879692
0.00190667
0.00110485
0.000895701
0.000382158
0.000620553
0.000674054
0.000603564
0.000724109
0.000926584
0.000880789
0.000811944
0.000651603
0.00136002
0.00116275
0.000567477
0.000748606
0.000739566
0.00203201
0.000481836
0.000747659
0.00117461
0.000697928
0.00134081
0.000898234
0.000561656
0.00232689
0.00108054
0.000308672
0.00278919
0.00156808
0.000779957
0.000686541
0.000822472
0.000750142
0.00109472
0.000390583
0.000815289
0.000806991
0.00104138
0.000587295
0.00157449
0.00125918
0.00129165
0.000984612
0.000763499
0.000636266
0.00209516
0.00150095
0.00127606
0.000734431
0.000404243
0.00109302
0.000811543
0.00162059
0.000872847
0.000767178
0.00127922
0.00129413
0.00131968
0.00115723
0.00130895
0.0015614
0.000878578
0.000710674
0.00238767
0.00134687
0.000790006
0.000870926
0.00390824
0.00128827
0.00134786
0.000666592
0.00169514
0.00794688
0.0129566
0.000683895
0.00139513
0.000565478
0.000444367
0.000996254
0.00105825
0.00545425
0.0010484
0.00109181
0.00126306
0.00104252
0.00553562
0.00110847
0.000463873
0.00104174
0.0034794
0.00117782
0.000960773
0.000773538
0.000999502
0.000485766
0.000492085
0.00145425
0.00136339
0.00106521
0.00194486
0.000811857
0.00283744
0.00108093
0.000755538
0.000368477
0.000901679
0.00398838
0.000728426
0.00160062
0.000562546
0.000764555
0.000682856
0.00182221
0.00146969
0.00141482
0.000724686
0.000683605
0.000755915
0.00102203
0.000677912
0.00102864
0.00121191
0.00120018
0.000888447
0.00108298
0.00119105
0.00721059
0.00163819
0.000656084
0.00153883
0.000339491
0.000333251
0.00463259
0.00144807
0.0025537
0.00120016
0.00104418
0.00339875
0.000368876
0.000591057
0.00106992
0.000126774
0.00163732
0.00071133
0.00121796
0.000276523
0.00341361
0.000648055
0.000882819
0.00270631
0.000832952
0.00116052
0.00119283
0.00100535
0.000375531
0.000491699
0.00110385
0.000661479
0.000969587
0.000661839
0.000892572
0.000553427
0.00144437
0.000711812
0.00126339
0.00101758
0.0025883
0.000854845
0.00123742
0.000306018
0.000672916
0.000608321
0.00175395
0.00032419
0.00135461
0.000230493
0.00633653
0.000845217
0.000874528
0.00499767
0.00380787
0.00101701
0.00827466
0.000540029
0.00041939
0.000829547
0.000555213
0.00137252
0.000911317
0.00616411
0.000647329
0.00211089
0.00101279
0.00160346
0.00174908
0.000800161
0.000981884
0.000761233
0.00112893
0.000845695
0.000484873
0.000458933
0.000747712
0.00303035
0.000175356
0.00158246
0.000766238
0.000805636
0.00245784
0.00235092
0.000717569
0.000909102
0.000154384
0.00139105
0.00297453
0.000551725
0.000609036
0.00102383
0.000637845
0.000818627
0.000761922
0.00162099
0.00168141
0.00171486
0.00478721
0.000686491
0.00167805
0.000885157
0.00135886
0.000411915
0.00149917
0.000361591
0.000505509
0.000346482
0.0012473
0.00103166
0.00167023
0.00077221
0.00104832
0.00053605
0.00203023
0.00245885
0.000475074
0.0015511
0.000692669
0.000566687
0.000743743
0.00153866
0.00119228
0.0011738
0.00443317
0.0103927
0.000869454
0.000598478
0.0521073
0.000855629
0.00068093
0.000972819
0.00190716
0.000216186
0.000837407
0.00130943
0.000943518
0.00218673
0.00111772
0.000912533
0.000514817
0.000789438
0.000855252
0.0013552
0.00093086
0.000406085
0.000813214
0.000617855
0.000532568
0.000502714
0.000380945
0.00062257
0.00193319
0.0059431
0.00122298
0.000497583
0.000929213
0.0009428
0.000742962
0.0028239
0.000660258
0.00443519
0.00148135
0.000683218
0.000564133
0.00062097
0.000602084
0.00400188
0.00150146
0.00165674
0.000971059
0.000552712
0.00110117
0.00102061
0.0010088
0.000645625
0.000568268
0.00342345
0.00095244
0.000502079
0.000665293
0.00174518
0.000752188
0.000549999
0.000701137
0.000612915
0.00169558
0.000982226
0.00100602
0.000923238
0.000691991
0.000926476
0.00134797
0.00454889
0.00106058
0.000655726
0.000457744
0.00116153
0.000573543
0.000352841
0.00107954
0.000612236
0.000546468
0.00058089
0.00115105
0.00105074
0.000775093
0.0013374
0.00119016
0.000245584
0.00255356
0.000686467
0.0012224
