0.000990962
0.00371032
0.00088075
0.00135781
0.000591229
0.000989718
0.0014466
0.000644434
0.00142318
0.00148725
0.000904697
0.00286456
0.00233804
0.00134264
0.0041631
0.00142684
0.00109858
0.00138605
0.00426938
0.00254104
0.000715077
0.00129435
0.00177177
0.00158529
0.000528068
0.00158355
0.000423507
0.000887244
0.00164842
0.00148506
0.00140044
0.00147202
0.00169124
0.000930787
0.000991884
0.00163918
0.0015857
0.00284529
0.001379
0.000989243
0.00204329
0.000667967
0.00144269
0.00224379
0.000672841
0.00160441
0.000776095
0.00146963
0.00161259
0.00088717
0.00117649
0.00174059
0.00203298
1.25296
1.05299
0.00200035
0.000751086
0.00161348
0.000898025
0.000492732
0.00123705
0.00133287
0.000931004
0.00125496
0.00145184
0.00271677
0.0019683
0.000863266
0.00133413
0.00114213
0.0019511
0.00151486
0.000690592
0.000859667
0.00203434
0.00192153
0.00127288
0.00106006
0.00114538
0.000549534
0.00191729
0.00141244
0.000989339
0.00132415
0.00135988
0.000955169
0.00373692
0.00152756
0.00126909
0.00172775
0.00103239
0.000952011
0.0006573
0.000911036
0.000658078
0.0011883
0.000661532
0.00738825
0.00127293
0.00165942
0.00136749
0.00114914
0.00118636
0.00100035
0.000782298
0.00132415
0.00108
0.00464753
0.00126178
0.00107533
0.0154137
0.000799709
0.00106291
0.00272126
0.000726188
0.00184025
0.000674505
0.00103573
0.000737236
0.00185028
0.00152495
0.023159
0.00106039
0.00132757
0.00126813
0.00141328
0.00105026
0.00152918
0.00377491
0.000848798
0.000450096
0.00114061
0.00278934
0.00438681
0.00311788
0.000640554
0.00160506
0.00246011
0.00114359
0.000751423
0.00108217
0.000766774
0.0014092
0.000533727
0.000730693
0.00149068
0.0504439
0.000388935
0.00367472
0.00158224
0.00240563
0.00137794
0.00157624
0.00197868
0.00248488
0.000953234
0.0005378
0.00198941
0.000845173
0.00121416
0.00366694
0.00408552
0.000367128
0.000776007
0.00154912
0.00428012
0.000796745
0.00103874
0.00227277
0.000849433
0.00167448
0.00126347
0.100313
0.000975106
0.00745156
0.00108873
0.00119186
0.00164941
0.00175251
0.00134419
0.00106663
0.0011935
0.00090532
0.000749965
0.00105675
0.00401148
0.000380532
0.00193936
0.00115562
0.0010668
0.000714985
0.00163328
0.00106274
0.00112314
0.00156406
0.000963641
0.00139466
0.000694285
0.000971674
0.00131579
0.000778813
0.00137446
0.00140827
0.000936725
0.00125695
0.00103306
0.00127847
0.00107559
0.00220591
0.00269173
0.00127328
0.00129336
0.00151336
0.00333464
0.00175418
0.00148589
0.0033144
0.00058222
0.00179328
0.00116663
0.00105763
0.000509816
0.00118369
0.00176088
0.00113316
0.000561779
0.000770519
0.00203266
0.00118801
0.000669903
0.00171237
0.000639079
0.00411386
0.253235
0.00100362
0.000996508
0.00150386
0.00171526
0.000843077
0.000899562
0.00304941
0.0012189
0.000714602
0.000887124
0.00107206
0.00180748
0.000703456
0.00660101
0.00161229
0.00204835
0.00123697
0.00080498
0.000814027
0.00152677
0.000835144
0.00196183
0.000965077
0.00100437
0.00137908
0.000909163
0.00101636
0.000958568
0.00186794
0.00178213
0.0013674
0.000346356
0.000398978
0.00160911
0.000837457
0.000794015
0.00152733
0.00104327
0.0024744
0.000313764
0.00153917
0.00209826
0.00107549
0.00141297
0.000866757
0.0010703
0.001803
0.00191038
0.00189161
0.000781266
0.00125868
0.000345017
0.00187416
0.00436453
0.00115607
0.000811646
0.00168582
0.003059
0.00139246
0.00671152
0.00103956
0.00101453
0.00159511
0.00187169
0.000720252
0.27593
0.00213172
0.00128493
0.00130528
0.000882427
0.00125689
0.00196402
0.00170936
0.00137423
0.000792552
0.0016494
0.0012995
0.00126933
0.000913413
0.000704168
0.00179532
0.000874214
0.00244
0.000991723
0.00396524
0.000987227
0.00123406
0.00125152
0.00185857
0.00128314
0.0129503
0.00264597
0.000540614
0.00214358
0.00133364
0.0012825
0.000401845
0.00166445
0.00193116
0.00183429
0.00265443
0.00308055
0.00139064
0.00162796
0.00254623
0.000766455
0.0035296
0.00115389
0.0276894
0.00126319
0.00160063
0.00069503
0.00091782
0.00158911
0.00114293
0.00130829
0.000930081
0.00102433
0.0022176
0.00173546
0.0015896
0.00185456
0.000969851
0.000858282
0.00148589
0.000959931
0.000606376
0.00113879
0.00284997
0.0029542
0.00112861
0.00105411
0.00142177
0.000748696
0.00171435
0.00509709
0.00193637
0.000794422
0.000224967
0.00145768
0.00115078
0.000916045
0.00142233
0.00154819
0.00439362
0.000452743
0.00552417
0.00165999
0.00208677
0.000623703
0.0013058
0.000884111
0.00110168
0.00157923
0.000941772
0.000912316
0.0010237
0.00122925
0.00112046
0.0013387
0.00163694
0.000853217
0.000958348
0.0016264
0.00199472
0.000604033
0.002086
0.00143483
0.00175148
0.000675376
0.00079943
0.00146676
0.00195353
0.00107536
0.0019976
0.00117561
0.000796204
0.00113637
0.000960067
0.000923496
0.00120992
0.00047538
0.000831592
0.00152328
0.00103859
0.00195193
0.00700403
0.00317028
0.00293385
0.00159144
0.00097619
0.00169532
0.0010827
0.00350048
0.00117672
0.000825422
0.00409292
0.00115583
0.00110104
0.00112952
0.000606593
0.00109458
0.00103543
0.00130206
0.00153595
0.00135485
0.00136095
0.000371868
0.0015017
0.00196101
0.000678687
0.00451511
0.00102073
0.00221296
0.00242451
0.000504499
0.000686736
0.00108584
0.00236271
0.00103249
0.00080014
0.00147263
0.00160829
0.000887152
0.000993252
0.00192995
0.0011693
0.00121127
0.000646728
0.00145693
0.00405372
0.00347136
0.000948447
0.00260078
0.00102707
0.00235737
0.00116136
0.000655554
0.00119864
0.00244468
0.000570523
0.00160081
0.00274333
0.00141683
0.000711691
0.0013842
0.000742962
0.00245707
0.00116759
0.00118752
0.00361744
0.0013367
0.00142181
0.00127618
0.00189564
0.00118384
0.000374257
0.00166063
0.00113328
0.000698097
0.00215302
0.000673786
0.00300712
0.000752586
0.000353762
0.000606001
0.00102007
0.00109159
0.000736042
0.00130611
0.00151673
0.00230881
0.000856628
0.00099104
0.00172643
0.00060682
0.000836732
0.00583901
0.0011452
0.00114714
0.0013781
0.00135981
0.0011818
0.000490008
0.00121798
0.000866733
0.000925171
0.00245919
0.00153055
0.00264553
0.000768406
0.000506099
0.00118594
0.001201
0.00179936
0.00127987
0.00344241
0.00146023
0.00106271
0.00142933
0.000990455
0.00230666
0.0041206
0.000814672
0.00187808
0.00137332
0.00148264
0.00632874
0.00200027
0.000777041
0.00118995
0.000884863
0.00149612
0.00163329
0.0012455
0.0017851
0.000570481
0.00138859
0.000956092
0.00144214
0.00120517
0.0024515
0.00107438
0.00106899
0.00163157
0.00165825
0.0017978
0.00813982
0.000781962
0.000789702
0.00529526
0.000978858
0.00127983
0.00162579
0.00130084
0.000421822
0.00308461
0.000909794
0.00190925
0.0027354
0.00369203
0.000864654
0.0260526
0.000390677
0.00202122
0.00173655
0.00162095
0.000679855
0.00104908
0.00150587
0.00153642
0.00176081
0.0016847
0.00333928
0.00124035
0.00107713
0.0013052
0.000932334
0.000930576
0.000928182
0.000738129
0.00085236
0.00101824
0.000855337
0.00327363
0.00147368
0.000854269
0.00126461
0.00116061
0.00238721
0.000964796
0.00146426
0.000846171
0.000797018
0.000356107
0.00160316
0.00293161
0.00100536
0.000899255
0.0015863
0.00113234
0.00197706
0.00119671
0.0017243
0.00104294
0.00304634
0.00156422
0.0053205
0.00967171
0.00119956
0.000888786
0.00133614
0.000752797
0.00107518
0.00151629
0.000800475
0.00129175
0.000725432
0.0136364
0.000914443
0.00232837
0.000971755
0.000892123
0.000817718
0.000866728
0.00114309
0.00434381
0.00206975
0.0125167
0.000979026
0.000476434
0.000746691
0.00086149
0.00172869
0.00240819
0.0012728
0.00140027
0.00102588
0.00141963
0.0101866
0.00207743
0.000869635
0.000973406
0.00147971
0.000621627
0.000855507
0.00139847
0.00122198
0.000740101
0.00151082
0.000987111
0.000654193
0.00152682
0.00285026
0.00201721
0.00614828
0.000769338
0.000969926
0.00122682
0.00126165
0.00237503
0.00356289
0.00130918
0.000850873
0.00411148
0.000901888
0.0029494
0.00161931
0.00135514
0.0019135
0.0010285
0.00117277
0.000999232
0.000656956
0.00126569
0.00137511
0.00155079
0.00135788
0.00433945
0.00109677
0.00149118
0.00169027
0.00102515
0.00135682
0.000827641
0.00177571
0.00133768
0.00253969
0.00103558
0.00113935
0.00225005
0.00203991
0.00113347
0.000939422
0.000928255
0.00147614
0.00238383
0.00114841
0.00134394
0.00436249
0.00139422
0.00084038
0.0019862
0.00133296
0.00116429
0.000642198
0.00117949
0.000196473
0.0013295
0.00171531
0.00221352
0.00180845
0.00238019
0.000774264
0.00127179
0.00171724
0.00142304
0.00127235
0.00104651
0.00121453
0.0012828
0.00340838
0.00122425
0.000790752
0.00627298
0.000426292
0.00125409
0.00174626
0.00152158
0.000952266
0.000794098
0.000570451
0.00157114
0.0013961
0.00197912
0.00137312
0.00115603
0.00105798
0.00119876
0.00113273
0.00221489
0.00103725
0.000648023
0.0014792
0.00209734
0.00091568
0.000901755
0.000657499
0.00209167
0.0012135
0.000825299
0.000726152
0.00167957
0.000606169
0.00876216
0.000717771
0.00196336
0.00204927
0.00258489
0.000832294
0.00106344
0.00272598
0.00127867
0.0007822
0.00110083
0.000774214
0.000760738
0.00153532
0.000858193
0.0017561
0.00227528
0.00123925
0.00103344
0.000497959
0.00118274
0.0006715
0.00173839
0.00117335
0.0072075
0.000941435
0.000668296
0.000522557
0.00471147
0.00184844
0.00273791
0.00294195
0.000820929
0.00255068
0.00234184
0.00111077
0.0015877
0.00513174
0.000877318
0.00120468
0.00145172
0.000573292
0.00172906
0.00145988
0.00161797
0.00212418
0.000770871
0.000598124
0.00132026
0.0183112
0.00437221
0.00130624
0.000729372
0.00192496
0.00314509
0.00118374
0.00099154
0.00145445
0.000551705
0.001289
0.000637428
0.00170608
0.00140165
0.00159902
0.00135329
0.00139314
0.00190243
0.00117159
0.000930966
0.00477785
0.00175427
0.00358648
0.00233955
0.0104868
0.00126471
0.000709693
0.00111101
0.00132403
0.000943983
0.00201955
0.00101612
0.0005889
0.0012071
0.000847279
0.000916519
0.00117999
0.00122418
0.00153547
0.00111372
0.000430512
0.00104089
0.000778394
0.00112672
0.00039753
0.00138266
0.000972183
0.000873483
0.00150655
0.00142209
0.000935852
0.0017675
0.00130627
0.0057781
0.000782536
0.00113133
0.00206659
0.00090886
0.00125211
0.000670988
0.00505767
0.00119761
0.000777681
0.00238969
0.00303773
0.000388331
0.00161186
0.00165022
0.00109427
0.0290453
0.0011338
0.000782622
0.000251452
0.00092669
0.00162857
0.00278851
0.00329091
0.00205717
0.00139503
0.00146061
0.00117856
0.00137135
0.00105007
0.00344186
0.0218616
0.00431914
0.000743393
0.00144738
0.00150691
0.000762182
0.00170126
0.00140972
0.00181223
0.00300176
0.000829904
0.0012099
0.000787833
0.00121994
0.00106077
0.00130944
0.000856142
0.00154454
0.00370047
0.000689013
0.002808
0.000503504
0.0026885
0.00232189
0.000525756
0.00229147
0.00192797
0.00106802
0.00092283
0.00279548
0.00196976
0.00161148
0.00139023
0.00119477
0.000585946
0.000767229
0.00118916
0.000794083
0.00162903
0.000341728
0.00159595
0.000921111
0.0011446
0.000910569
0.0010877
0.00114666
0.00243145
0.00189184
0.00225509
0.00103142
0.000769916
0.00136528
0.0014246
0.00180654
0.00203207
0.00110576
0.00284595
0.000762399
0.000648823
0.00152897
0.00126017
0.00105971
0.00116471
0.00131566
0.00231162
0.00114687
0.000984938
0.00091752
0.000917902
0.00150165
0.00348157
0.0040889
0.000925976
0.00103648
0.00171106
0.00107814
0.00106063
0.00117613
0.00109693
0.000856517
0.000743905
0.00164734
0.00125238
0.00113197
0.000696576
0.00070849
0.00220714
0.00223826
0.000748359
0.000771853
0.00106629
0.00172465
0.00172836
0.000990797
0.00180821
0.000833057
0.00139878
0.00207508
0.000595472
0.000686679
0.000876086
0.00160921
0.00103758
0.00515556
0.00065084
0.00097966
0.00191381
0.00324526
0.0011893
0.00140183
0.000874948
0.000712269
0.00115766
0.000989741
0.000900719
0.0011463
0.00136166
0.000881774
0.0015343
0.00153393
0.00145455
0.00103081
0.000596509
0.00157539
0.0017526
0.00223901
0.00257346
0.00032319
0.00101274
0.00125607
0.000897269
0.000614173
0.000855044
0.00572666
0.00126394
0.00234441
0.00189238
0.000849471
0.00202899
0.000551469
0.00271382
0.00167077
0.000915883
0.000564955
0.000956257
0.00520271
0.00106631
0.00153631
0.000951042
0.00105822
0.0018254
0.000937759
0.000876958
0.00211614
0.00259733
0.0013831
0.00106371
0.0017132
0.000933617
0.000835711
0.00273854
0.00128567
0.000855474
0.0010613
0.00116896
0.000981103
0.00425366
0.00125633
0.000736477
0.000532822
0.00515289
0.00203236
0.00107117
0.00146253
0.00174296
0.02479
0.00235633
0.00245156
0.00155382
0.00222878
0.00185403
0.00296273
0.0025146
0.00177119
0.00103245
0.000617805
0.0011599
0.00174423
0.0162655
0.00114501
0.00447521
0.00165012
0.000608337
0.0019289
0.000321928
0.00203722
0.00257984
0.00148012
0.0016241
0.000937623
0.00136739
0.000544925
0.0014996
0.00123581
0.00103492
0.000836282
0.00337746
0.00138777
0.00113875
0.000992686
0.00296591
0.00152248
0.000610528
0.00137154
0.00315162
0.00338534
0.0124071
0.00108544
0.000752686
0.000687283
0.00193403
0.00113432
0.000916684
0.00112305
0.000850449
0.000710621
0.00136139
0.000459896
0.00527356
0.0014899
0.00110811
0.00267093
0.00185878
0.00153133
0.00565998
0.0010564
0.00258611
0.000927538
0.000725836
0.00677583
0.00190016
0.00138063
0.00177627
0.00196699
0.00117548
0.000526885
0.00630884
0.00164095
0.000908281
0.0823645
0.000601847
0.00148369
0.00166029
0.00400405
0.000920235
0.00132577
0.000816988
0.000659607
0.00128857
0.00287699
0.00260047
0.00123605
0.000678527
0.000908137
0.00175356
0.0015201
0.000866178
0.00104212
0.00209321
0.000842401
0.000893633
0.000675135
0.00117901
0.00178758
0.000447289
0.00135021
0.00121913
0.00101571
0.00284
0.0013818
0.00106343
0.00134947
0.00309156
0.000709022
0.001623
0.00131984
0.00256497
0.000786703
0.000715958
0.000928931
0.000575419
0.00146116
0.00153354
0.00242975
0.00084128
0.00088012
0.00122386
0.00102989
0.00212784
0.00126575
0.00105657
0.00123352
0.000805603
0.000832437
0.00289994
0.00248187
0.00625031
0.00106987
0.00151481
0.000940932
0.00222101
0.00033035
0.0015748
0.00117022
0.00203493
0.0011449
0.00147362
0.00298862
0.000623927
0.00110926
0.00111783
0.0012186
0.000376636
0.000861804
0.00217194
0.000955877
0.000959735
0.00202132
0.00728872
0.00204178
0.00615091
0.000631605
0.00176976
0.00158109
0.00100266
0.00143129
0.0018043
0.000709775
0.00177997
0.0014537
0.00717213
0.00097872
0.00105962
0.00116276
0.00139993
0.00106879
0.00445444
0.00134973
0.00158932
0.00157818
0.00310029
0.00246612
0.00163088
0.00147332
0.00156732
0.0011753
0.00188791
0.00191112
0.00126483
0.00112971
0.00396334
0.000738597
0.00154347
0.00156879
0.00150502
0.00241366
0.00143985
0.00197889
0.00118838
0.000616624
0.000795512
0.00135377
0.000956949
0.00116652
0.00839312
0.000335582
0.000516905
0.0045093
0.000889406
0.000801033
0.00102746
0.000790845
0.00120158
0.00112767
0.000945457
0.00115649
0.000959057
0.00113156
0.00148408
0.00127141
0.00175997
0.0023979
0.00122563
0.00127763
0.00291088
0.00096793
0.000447464
0.000241094
0.00130332
0.000648288
0.00099347
0.00157088
0.00109668
0.00120736
0.00120155
0.00129317
0.00129214
0.00168767
0.00234463
0.00182847
0.000743944
0.0422434
0.00152727
0.00107774
0.0013973
0.000809984
0.00123201
0.000786972
0.000573556
0.00233404
0.00122929
0.00177435
0.00591388
0.00218148
0.00185747
0.000557314
0.00110558
0.00220132
0.000874533
0.000513434
0.00615082
0.00105094
0.00365204
0.00147765
0.00162435
0.0044557
0.000680353
0.00219482
0.000633181
0.000417634
0.00236335
0.00134009
0.000759119
0.000650491
0.00359788
0.00170398
0.00743718
0.0025788
0.00241742
0.000914928
0.00126699
0.00483149
0.000988784
0.00123566
0.00167921
0.00102266
0.00115713
0.00100671
0.000680543
0.00615553
0.000629409
0.00144551
0.00115255
0.00397032
0.00226397
0.00086572
0.0122965
0.00127322
0.00132385
0.00171069
0.00056202
0.00255912
0.00159747
0.00500187
0.00250243
0.00572769
0.00200142
0.00157285
0.000500703
0.000722342
0.000586482
0.00813955
0.00118065
0.00727862
0.000435847
0.000898235
0.00213103
0.00142579
0.00114288
0.00103263
0.00195662
0.00111488
0.000244467
0.000890256
0.00135964
0.00126339
0.000752708
0.00129648
0.00209302
0.00579609
0.00104541
0.000942537
0.00136183
0.00186655
0.000866584
0.000514441
0.00270251
0.00119699
0.00103444
0.00488627
0.00217416
0.00142375
0.000579552
0.00208988
0.00245008
0.00128724
0.00154747
0.00121533
0.00142741
0.00192601
0.00214572
0.0346945
0.0036944
0.00099522
0.00147057
0.00156582
0.00470784
0.00127985
0.00725736
0.00176699
0.00103282
0.00119732
0.00126289
0.00126848
0.0024461
0.00124352
0.00146307
0.00187666
0.0010136
0.00104148
0.00149113
0.0020049
0.00376684
0.000701209
0.00120172
0.00186037
0.00123101
0.000632338
0.00583175
0.00128326
0.00100855
0.00134046
0.00141405
0.00272266
0.00597919
0.000966446
0.000937885
0.00138194
0.000731221
0.000808888
0.00120398
0.0187762
0.000798498
0.00123727
0.00140523
0.00132205
0.00202589
0.00172289
0.000961027
0.000774581
0.00194985
0.00116156
0.000548834
0.000724531
0.0015458
0.00167468
0.000956334
0.0030513
0.000992459
0.00153856
0.0011953
0.0080274
0.00117656
0.000503119
0.00123762
0.00038674
0.00130761
0.00113547
0.000167631
0.00162737
0.000269131
0.00122502
0.000707949
0.000662894
0.000750771
0.00146237
0.00145323
0.00190831
0.00220633
0.00105696
0.000872674
0.00105672
0.00686911
0.000273002
0.00106655
0.0020117
0.00222972
0.00111986
0.00093336
0.00129585
0.00291891
0.000519665
0.00215422
0.00168485
0.000947589
0.0026751
0.00146067
0.0237472
0.00107521
0.00173352
0.000978751
0.00243063
0.00116285
0.00156196
0.00116216
0.00151806
0.00146928
0.00198798
0.00111088
0.000984687
0.000714122
0.00166537
0.0015428
0.00197421
0.00244677
0.00153712
0.000718611
0.000858842
0.000486475
0.00142151
0.00196016
0.00116111
0.00155515
0.00723301
0.0032969
0.000823796
0.00192232
0.00119331
0.00216549
0.00174125
0.00097282
0.001493
0.00113937
0.00312521
0.00117344
0.000797082
0.00160867
0.000749188
0.00152706
0.000769931
0.00210702
0.0060959
0.00149087
0.00108382
0.00151519
0.000431968
0.00220864
0.000544097
0.00648872
0.00141387
0.00181257
0.00209753
0.00164027
0.00155807
0.000857791
0.00181613
0.00118986
0.00183713
0.00092022
0.00103953
0.000751285
0.00926992
0.000860917
0.00125013
0.00103521
0.000660447
0.000706777
0.00115728
0.00769704
0.000549574
0.00112201
0.000362591
0.00175477
0.00188909
0.000652068
0.000459357
0.0014177
0.00169021
0.00505364
0.000381515
0.00141493
0.00108193
0.00261435
0.00590922
0.00138347
0.00155467
0.00444918
0.000915814
0.00309106
0.00123578
0.0026931
0.00143094
0.00261611
0.00127225
0.00118684
0.00166033
0.00146728
0.000819569
0.00100914
0.0010324
0.000848709
0.00163309
0.0012998
0.000855957
0.00150837
0.00177244
0.00150774
0.000586664
0.00077126
0.00184621
0.00221058
0.00124448
0.00191215
0.00092927
0.00155826
0.0018014
0.0013371
0.000726908
0.000752646
0.0012257
0.00138711
0.000635716
0.00162428
0.00144374
0.000958022
0.00298279
0.000796307
0.00104803
0.00260156
0.000418862
0.000514539
0.00187699
0.00078347
0.00104232
0.00130946
0.00137175
0.00128853
0.0010935
0.00126707
0.00121476
0.00126049
0.00204137
0.00354654
0.000997608
0.00158715
0.00212937
0.00130635
0.00126839
0.000755224
0.00532077
0.000735378
0.000655761
0.00110746
0.000888131
0.000437172
0.00126288
0.00128528
0.00127332
0.0014531
0.00124795
0.00115705
0.00157716
0.00311841
0.00207205
0.000826025
0.000875833
0.00166981
0.00146737
0.0018836
0.00147709
0.00123917
0.00109604
0.000848252
0.0017358
0.00166264
0.00181087
0.00123051
0.00120415
0.00105205
0.00108384
0.000604715
0.00114763
0.0030952
0.00136685
0.000931761
0.00237939
0.000905479
0.000781412
0.00146312
0.000673654
0.00210386
0.000766734
0.00118642
0.0252548
0.00109481
0.00113061
0.00107271
0.0010758
0.000955113
0.00136595
0.00104273
0.000938105
0.000967002
0.00223835
0.000979644
0.00136271
0.000861799
0.0029996
0.000940756
0.00356447
0.0033715
0.00111963
0.00112289
0.00158208
0.00212107
0.000864125
0.00321532
0.00192544
0.000711658
0.00152278
0.000987447
0.00127811
0.000617165
0.00147869
0.0061112
0.00138085
0.000592697
0.000951583
0.00155647
0.00187854
0.00191152
0.00172964
0.00118121
0.00863767
0.00106914
0.000787314
0.00144708
0.00091521
0.00105363
0.00109547
0.000847814
0.00105177
0.00110614
0.0018591
0.00167672
0.0013452
0.00194681
0.000829808
0.00106422
0.00111049
0.000982069
0.000965343
0.000498732
0.00230796
0.000881021
0.000605349
0.013244
0.00148117
0.00153631
0.00123001
0.000870767
0.00280066
0.00278875
0.000687698
0.000739961
0.000892167
0.00067046
0.00127509
0.00177666
0.0019487
0.00115559
0.000527475
0.000923594
0.00103227
0.00148018
0.000649408
0.00498982
0.00126963
0.00115146
0.00112588
0.0018671
0.00509072
0.00143516
0.00146699
0.000691547
0.000918696
0.000982722
0.00120975
0.000971644
0.00142062
0.00155513
0.00168931
0.0016192
0.00027299
0.000919388
0.00109035
0.000881206
0.000703324
0.00167487
0.00136732
0.000594286
0.000720875
0.00151408
0.00109591
0.00135943
0.0018576
0.00103025
0.00108922
0.000740264
0.000282225
0.000556588
0.00104704
0.00129366
0.0023765
0.00248866
0.000699154
0.000931951
0.000926406
0.00671747
0.00156463
0.000609194
0.0274062
0.00141061
0.00300141
0.00228474
0.00103288
0.00184747
0.00173927
0.00145599
0.00446152
0.00110603
0.00153015
0.00261911
0.0340681
0.00179153
0.00163002
0.00215496
0.00086567
0.00147644
0.00119757
0.000983025
0.00129215
0.00103748
0.0016562
0.00102995
0.000830409
0.00111634
0.0012167
0.000210215
0.00122225
0.00186836
0.000899397
0.00249231
0.0010818
0.000849858
0.000655674
0.00106865
0.00134462
0.000775315
0.00177665
0.00125661
0.00115299
0.00150652
0.00161488
0.00224347
0.00136062
0.00110302
0.000970996
0.000726986
0.000217413
0.00100099
0.00215683
0.00142801
0.000784131
0.000947875
0.000791649
0.00117037
0.00178723
0.000987958
0.00191585
0.00158252
0.00514505
0.00130118
0.00050661
0.00118422
0.000771637
0.00431171
0.00153797
0.00106551
0.00143971
0.00116825
0.00158211
0.00126852
0.000885006
0.00181444
0.000823179
0.000920432
0.00114579
0.00189504
0.00121074
0.00108225
0.00107673
0.000770289
0.00122883
0.000912511
0.00149251
0.00145794
0.00132836
0.000894769
0.00205105
0.000244532
0.00171231
0.000658468
0.000612364
0.00110917
0.00219099
0.00156807
0.000694201
0.00163217
0.00086563
0.00165513
0.0019092
0.0025059
0.000962762
0.000650965
0.000925439
0.0124218
0.00210692
0.00173297
0.00145989
0.00200244
0.000534249
0.00258454
0.000971469
0.00149989
0.00286962
0.00171185
0.000965281
0.00191353
0.00164098
0.00203895
0.00104821
0.00154327
0.00177505
0.00108154
0.00193422
0.00130855
0.0027844
0.00155029
0.00180175
0.00058544
0.00354371
0.00141741
0.000816404
0.000827602
0.0109704
0.00058499
0.00174126
0.00105122
0.000447491
0.00445309
0.00276338
0.00100603
0.00137388
0.0010231
0.00176783
0.00126306
0.00105718
0.000858605
0.00146746
0.000775987
0.00135865
0.00286623
0.000573944
0.00183742
0.00351923
0.0021902
0.0010227
0.00250305
0.000536678
0.0011346
0.00116522
0.00124863
0.00192409
0.00150126
0.00115597
0.00156576
0.00164134
0.00205332
0.000998461
0.00344087
0.000762876
0.00177598
0.00162915
0.00102969
0.00113399
0.00189085
0.000703618
0.000911366
0.00219147
0.00120028
0.00332601
0.000345029
0.00178136
0.00290086
0.00278458
0.00124872
0.0297145
0.00130314
0.00137202
0.00181573
0.00255013
0.000812056
0.00174364
0.00200932
0.00184844
0.00117504
0.00071519
0.00129677
0.0012047
0.00210994
0.000759458
0.00144413
0.00153532
0.00238577
0.000691838
0.00081661
0.00155327
0.00197208
0.00287253
0.00118869
0.00096649
0.00491356
0.00177483
0.0014525
0.00136295
0.00505229
0.000751122
0.00124098
0.0012403
0.00107894
0.00131643
0.000736918
0.00155921
0.00140514
0.000911061
0.00213019
0.00109911
0.00129538
0.00093245
0.000933154
0.000973964
0.000982296
0.00109192
0.000369956
0.00183483
0.00182411
0.00152501
0.000390526
0.00133923
0.00241073
0.00081718
0.00244039
0.000649734
0.00111577
0.00461539
0.000744731
0.00243322
0.00181886
0.000542887
0.00107216
0.00203305
0.00117828
0.000956431
0.00124743
0.00236047
0.000803719
0.00068205
0.000710238
0.00200869
0.00028979
0.034684
0.000930066
0.00231068
0.00114517
0.00111203
0.00122884
0.000997319
0.0011998
0.00209928
0.00169999
0.00119273
0.0004929
0.0147627
0.00139692
0.000970999
0.00145405
0.00180493
0.00230927
0.00195044
0.000874653
0.00196924
0.00125973
0.000747706
0.00101118
0.00148134
0.000926014
0.00178771
0.00119604
0.00107393
0.00286798
0.00245113
0.000751545
0.00174766
0.00100914
0.00136917
0.00111437
0.00191278
0.00175567
0.000603931
0.00161451
0.000997387
0.0031512
0.000703566
0.0117917
0.000778904
0.00101706
0.00103278
0.000386556
0.00259502
0.000953823
0.00152507
0.00161564
0.0017971
0.00174135
0.00130569
0.00138722
0.000911219
0.00143111
0.0197924
0.00218124
0.00181176
0.00104977
0.000640807
0.000380782
0.000983565
0.00150901
0.00121499
0.0019318
0.00223476
0.00253929
0.00116604
0.000619271
0.00150991
0.000688478
0.00153091
0.0019322
0.00247348
0.00117042
0.00126635
0.00150551
0.00186484
0.000835406
0.00131619
0.000793371
0.000322576
0.00156864
0.000815494
0.00151945
0.000894194
0.0016314
0.0011047
0.00144769
0.00157604
0.00118323
0.000934003
0.00218588
0.00238334
0.00126015
0.000525057
0.00378308
0.00126743
0.000830578
0.00184328
0.0026391
0.00133581
0.0011315
0.00165098
0.00270415
0.00115455
0.0011298
0.00065345
0.000905561
0.000783504
0.0019581
0.00197052
0.0218185
0.00137638
0.000760134
0.02663
0.00197329
0.00184052
0.000755974
0.00079157
0.00119031
0.00139614
0.00221711
0.00083911
0.00174622
0.000913572
0.00103957
0.000626709
0.0013208
0.000524525
0.0010656
0.00123395
0.0077413
0.000595377
0.00272017
0.00297469
0.00497614
0.000921322
0.00153882
0.00194618
0.00334032
0.0028151
0.00516665
0.00126018
0.00119481
0.0020216
0.000957441
0.00226823
0.00131656
0.00115737
0.00174967
0.00109861
0.00138189
0.0010108
0.00137821
0.00117463
0.0167439
0.00118123
0.000515669
0.00076662
0.00115975
0.00103248
0.00148839
0.00123634
0.000983356
0.00201683
0.00086832
0.000452555
0.000855647
0.000823973
0.00125552
0.000890726
0.00100945
0.000369041
0.00124323
0.00213476
0.000963509
0.000821681
0.00195001
0.00104724
0.000261695
0.00130407
0.00147233
0.00112893
0.0016512
0.000953776
0.00229207
0.00138588
0.000334979
0.00174311
0.00116768
0.000910296
0.00321615
0.00113886
0.00212342
0.00143522
0.00110245
0.00158008
0.000882001
0.000855926
0.00108037
0.00108355
0.000334877
0.00215867
0.00250957
0.00140822
0.000555055
0.00110532
0.00115031
0.00115673
0.00146378
0.0341176
0.00209792
0.00320594
0.000666303
0.00279333
0.00111238
0.00140849
0.000553477
0.000691097
0.00237916
0.00199922
0.00143587
0.000871741
0.000637252
0.00264864
0.00213791
0.000999365
0.00333294
0.0017845
0.00303537
0.000557551
0.00161609
0.0019327
0.00053476
0.000513992
0.000977034
0.00104212
0.00169963
0.00287374
0.000637424
0.00147375
0.00429523
0.0019768
0.0102522
0.00150873
0.00116794
0.000982559
0.00187667
0.00196263
0.00114545
0.0017732
0.00143888
0.000853203
0.000690996
0.0017192
0.0023203
0.00278722
0.00180009
0.00137607
0.00113395
0.00192368
0.000931694
0.0217972
0.000895296
0.00125093
0.000809085
0.00102127
0.003683
0.000971766
0.00132439
0.00175216
0.00402204
0.000781593
0.014272
0.00170171
0.00111944
0.00122809
0.00145416
0.00109366
0.00156263
0.00100855
0.0226261
0.00112112
0.00134494
0.00112128
0.000557987
0.00109884
0.000472874
0.000957543
0.00100369
0.00678394
0.00115727
0.000292228
0.00102375
0.00152938
0.00158986
0.000906481
0.000714644
0.00537385
0.00110417
0.000708161
0.0013585
0.000683548
0.00168576
0.00119589
0.0026467
0.000487439
0.00136523
0.00271627
0.000936295
0.000348901
0.00201395
0.00105064
0.000889361
0.000868127
0.00116178
0.000917966
0.00176244
0.000789857
0.00169921
0.0050367
0.00165279
0.0272737
0.000843464
0.00208845
0.00384112
0.00101859
0.00105922
0.00172964
0.00383546
0.000519936
0.00266346
0.00132557
0.00121978
0.00101051
0.00180371
0.00101147
0.000720273
0.00100267
0.000489511
0.0018982
0.000615097
0.00372938
0.00125831
0.00129598
0.00122614
0.00248056
0.0010004
0.0016233
0.000817284
0.00171113
0.000635093
0.00139693
0.000849565
0.00111624
0.000808535
0.000801996
0.00104308
0.000917594
0.00108334
0.00060129
0.00381051
0.00118724
0.00304536
0.000738799
0.000733208
0.00136329
0.000333932
0.00105678
0.000867443
0.033714
0.00150399
0.000519305
0.00161484
0.0016878
0.00139165
0.000749865
0.000459676
0.00122472
0.00108045
0.00153656
0.00186887
0.00231011
0.000787227
0.00247093
0.00123082
0.00114534
0.000757205
0.000696144
0.00158453
0.0013149
0.000662111
0.00113601
0.000821174
0.00145313
0.00202354
0.00264339
0.00194955
0.00155811
0.00122157
0.00138544
0.0041504
0.00682387
0.00105119
0.000883931
0.000348762
0.00207836
0.00373968
0.000563559
0.000944675
0.00130329
0.00672705
0.000780679
0.00140555
0.0015776
0.0104041
0.00155491
0.00132138
0.00126866
0.00044727
0.000755718
0.00152806
0.00120717
0.00180242
0.00105998
0.00141328
0.00164525
0.00100799
0.00136783
0.0167788
0.00177486
0.000931638
0.000431942
0.00103239
0.000688142
0.00153944
0.00196134
0.00158642
0.00425059
0.00168925
0.00144218
0.00198129
0.000741631
0.000913587
0.000793361
0.00109391
0.00251984
0.00104345
0.000572636
0.00340258
0.00129921
0.000670365
0.000975253
0.00243949
0.00215007
0.0014885
0.0014671
0.00108464
0.000918085
0.000448828
0.000857123
0.00188051
0.000826861
0.00139191
0.000986365
0.00224272
0.00138133
0.00180428
0.000816754
0.0019713
0.000362846
0.00105984
0.00069228
0.00143402
0.000965291
0.000825928
0.00239235
0.00120192
0.00126029
0.00170407
0.00128962
0.00122925
0.00232893
0.00212843
0.00119745
0.00109358
0.00216196
0.00166198
0.000960078
0.00352729
0.00118573
0.000956181
0.00174487
0.00062743
0.00155169
0.00108767
0.00184861
0.00220551
0.00111937
0.00126031
0.000825124
0.000431533
0.00145513
0.00125971
0.00181572
0.000559779
0.00114386
0.000442715
0.000820243
0.000827407
0.0015439
0.00300272
0.000736916
0.00113094
0.000559797
0.00165112
0.00106416
0.00119936
0.00135386
0.000697986
0.00124163
0.00184851
0.00150171
0.00161015
0.00126388
0.00155184
0.00146414
0.00285092
0.00119303
0.00210844
0.000687829
0.000861943
0.000733938
0.00145441
0.00114705
0.000925548
0.00115368
0.00146349
0.00137878
0.000518722
0.000972226
0.00166582
0.00154591
0.000827433
0.0130946
0.00166453
0.000841162
0.00175003
0.00203358
0.00089766
0.00156897
0.00129956
0.00153388
0.00197529
0.00109748
0.00116569
0.000709063
0.000882725
0.0014932
0.00150307
0.00221044
0.00165846
0.00165159
0.00107948
0.00158841
0.00147267
0.000699105
0.00135899
0.000554851
0.000631288
0.00105351
0.00180692
0.00169812
0.00199686
0.00130483
0.00194935
0.00183828
0.00038262
0.00121188
0.0015961
0.000622432
0.00132225
0.000615298
0.00419398
0.00288685
0.00148975
0.000702586
0.00144683
0.00128124
0.000876005
0.00182993
0.00196898
0.00157006
0.00104049
0.000876118
0.00225561
0.00126675
0.00123297
0.000746244
0.00105912
0.0015501
0.000879293
0.00114912
0.00251968
0.00593006
0.00184398
0.00164548
0.000959095
0.000667742
0.000626588
0.00137976
0.00100667
0.00115547
0.000804074
0.00143022
0.00149722
0.00123487
0.0017661
0.00116641
0.00223262
0.00232535
0.000893546
0.000624839
0.000916779
0.00246011
0.00114825
0.00125077
0.00095674
0.00129305
0.0012535
0.00387996
0.00143062
0.0014043
0.00091741
0.00126489
0.00279647
0.00121655
0.000984341
0.0007439
0.00240814
0.0014629
0.0013363
0.0011888
0.00259722
0.00121637
0.00129985
0.00309723
0.00180642
0.00111816
0.00147247
0.00259442
0.000486818
0.00103364
0.00129601
0.000729527
0.000891783
0.00493723
0.000857232
0.00139003
0.00085551
0.00131538
0.00183428
0.000813825
0.00122995
0.00071565
0.000996238
0.00179892
0.00074204
0.00157663
0.00110337
0.00148076
0.00459242
0.00153446
0.00177738
0.0012612
0.00106408
0.00231843
0.00126027
0.000960484
0.00104594
0.00184702
0.00121622
0.000687703
0.000586797
0.00111925
0.00141837
0.00136795
0.000609989
0.00129319
0.000632416
0.00160663
0.000936608
0.00349599
0.00151356
0.00365401
0.000577267
0.00111006
0.000876778
0.000964571
0.000566456
0.000883795
0.000653222
0.00117047
0.00254155
0.00113012
0.00190533
0.00273082
0.00923807
0.000847171
0.00180977
0.00194527
0.000682507
0.00121011
0.00287128
0.00179794
0.00187636
0.00206896
0.00111157
0.00103618
0.00134986
0.000837919
0.000952038
0.00109759
0.00092956
0.00114521
0.00100079
0.000901586
0.000953225
0.001198
0.00143882
0.00117957
0.000698635
0.0228938
0.00137541
0.00219543
0.00475582
0.0013356
0.00113553
0.00218407
0.00117543
0.00162855
0.00191435
0.00111933
0.00151534
0.0052913
0.00165749
0.00156968
0.000947851
0.000821995
0.000805611
0.000877594
0.00135091
0.0018826
0.00167606
0.00109393
0.000820739
0.00090849
0.00128155
0.00125402
0.00153244
0.00137021
0.00130311
0.00361298
0.00100844
0.000284495
0.00321767
0.000803783
0.00168625
0.00306477
0.00222099
0.00230808
0.00574759
0.00170539
0.00137154
0.00143692
0.00150784
0.000864022
0.0133734
0.00152819
0.000699863
0.00133414
0.00444194
0.00037232
0.000489055
0.00419922
0.000959491
0.00140054
0.00131268
0.000696181
0.00105615
0.00114563
0.00409717
0.00204118
0.00107996
0.000826792
0.00152733
0.00145125
0.00167921
0.00250393
0.00118187
0.000809562
0.00130993
0.00454556
0.00132194
0.000963076
0.00137169
0.00066117
0.000714753
0.000937842
0.00171073
0.00182297
0.00104929
0.00146903
0.000820672
0.00216458
0.00235578
0.000830839
0.00190883
0.00294839
0.00115
0.000725076
0.00171352
0.00223919
0.00301392
0.00213943
0.00416888
0.00162276
0.000493962
0.00162003
0.00206533
0.00155813
0.00155473
0.000653995
0.00175505
0.000842339
0.00191764
0.00213882
0.00205649
0.000849041
0.00137972
0.000863022
0.00143887
0.00114832
0.00248967
0.0013804
0.00151122
0.00143863
0.00124765
0.000961679
0.00076168
0.00104233
0.00676984
0.00123919
0.0015675
0.00160098
0.000866464
0.00159052
0.00137317
0.00110593
0.00210575
0.000687042
0.00147014
0.00131845
0.00153596
0.000991466
0.00332874
0.00171359
0.00136407
0.00114425
0.00113116
0.00107639
0.000521346
0.000779184
0.000600379
0.000749519
0.00166904
0.00121208
0.00163786
0.00241747
0.000879175
0.000678742
0.00125602
0.0013295
0.00355988
0.000414407
0.0012256
0.00124318
0.00140814
0.00214037
0.00069153
0.00120126
0.00146313
0.00213563
0.0025073
0.00174355
0.0080628
0.000921144
0.00129158
0.000975003
0.00084281
0.00127332
0.00141161
0.0010828
0.0017702
0.00164292
0.000498335
0.000842779
0.00146852
0.00109217
0.00130679
0.000923695
0.00154517
0.00189551
0.00118718
0.00242494
0.00347235
0.00464927
0.000851142
0.00138053
0.00140191
0.000661279
0.000927454
0.00237928
0.000595715
0.00121193
0.00119078
0.00178624
0.00117739
0.0011627
0.0013796
0.0023948
0.00102998
0.000442555
0.0004688
0.00114017
0.000562515
0.00109106
0.00108755
0.00123488
0.00116355
0.000987372
0.000636271
0.000853231
0.00115464
0.000394993
0.000725112
0.00165096
0.00116991
0.00162747
0.00146177
0.00125397
0.0015917
0.00221137
0.00137717
0.00158813
0.00117132
0.00211856
0.00046487
0.00151137
0.00121399
0.00120035
0.000885033
0.000532243
0.00203832
0.00136749
0.0019816
0.00270904
0.00061843
0.00149585
0.00163726
0.00109428
0.00106963
0.000855522
0.00100746
0.000506893
0.000832906
0.00331032
0.00104098
0.000687516
0.00352753
0.00109477
0.000784632
0.000951166
0.0011285
0.000435634
0.00272213
0.00123052
0.0011893
0.00108448
0.000477386
0.00199981
0.000837354
0.000412678
0.000781838
0.00190714
0.00134179
0.0010291
0.000903565
0.00426988
0.00389528
0.00117889
0.000879096
0.00181224
0.00106263
0.00121715
0.000695601
0.00130644
0.00035508
0.00133165
0.000774146
0.00109204
0.00305269
0.00137021
0.00136781
0.000892156
0.00154059
0.00143178
0.00136339
0.001092
0.000801453
0.00105663
0.00205838
0.00110805
0.000781339
0.00138479
0.00166184
0.00128769
0.00120702
0.00046511
0.0070931
0.00268869
0.000774242
0.00651159
0.00105477
0.0010655
0.000725315
0.000889551
0.00411306
0.00234532
0.0015911
0.00211697
0.00076059
0.00131178
0.00122138
0.00142077
0.00441412
0.00129969
0.000588367
0.000325617
0.00206291
0.0329656
0.00195507
0.00080761
0.00161554
0.000501597
0.00112486
0.00244783
0.000895425
0.00173406
0.00113885
0.00141596
0.00175104
0.00181348
0.00165097
0.000907656
0.000929911
0.000433876
0.000721073
0.000674492
0.00072745
0.00114136
0.00120263
0.00191478
0.00107764
0.00199256
0.00115508
0.00165201
0.00136337
0.000831776
0.000813207
0.000675723
0.000860796
0.00132547
0.00160464
0.000975099
0.00306312
0.00189505
0.00156543
0.0017528
0.00183851
0.0019547
0.00227884
0.00839727
0.00137984
0.00176678
0.00114879
0.00119037
0.0014845
0.000825409
0.00172796
0.000286278
0.00232761
0.00154528
0.00290794
0.0016415
0.00429868
0.00125966
0.0030295
0.00101359
0.000311233
0.00214209
0.00154823
0.000765438
0.00154449
0.0012169
0.000981899
0.000113446
0.000824381
0.00207579
0.00179727
0.00163283
0.00180337
0.00318823
0.00129272
0.0017053
0.00201382
0.00152163
0.000844615
0.00227599
0.000765959
0.00235756
0.000740493
0.001378
0.00168325
0.00102241
0.00142374
0.00144015
0.00100952
0.00155196
0.0011966
0.000907679
0.00475632
0.00162545
0.00143039
0.00436201
0.000650943
0.00119685
0.00123583
0.00308031
0.00162673
0.00186862
0.00117557
0.00363967
0.00173337
0.0011393
0.00217076
0.00104843
0.000885765
0.00189311
0.00492501
0.000589169
0.00189016
0.00160194
0.00181178
0.00032119
0.000905285
0.00074689
0.00115604
0.00036625
0.00148329
0.00352517
0.00126163
0.0016633
0.000958151
0.00149238
0.00292949
0.00068488
0.000771695
0.000904112
0.00165311
0.000388342
0.00362354
0.0012629
0.00272057
0.000810212
0.000392837
0.000696341
0.00177535
0.00241679
0.000995885
0.00181121
0.000974913
0.00248071
0.00707302
0.00143994
0.000814648
0.00207164
0.00176473
0.00121463
0.00616841
0.000497036
0.00152504
0.00115854
0.000821673
0.00124112
0.00091916
0.00130491
0.00137339
0.0154758
0.00109617
0.000731665
0.000932432
0.0013937
0.000706151
0.00133924
0.00158669
0.00188677
0.00227133
0.0128293
0.00136706
0.00373107
0.00186919
0.00259746
0.00173449
0.00126769
0.00137178
0.00078698
0.000549268
0.000262264
0.00122022
0.00105239
0.00151065
0.00106408
0.00108672
0.000212513
0.00125449
0.00114789
0.00118095
0.000861647
0.0010174
0.00115931
0.00182401
0.00178544
0.00528634
0.00286857
0.0014701
0.00156986
0.000738312
0.00136511
0.00600176
0.00105651
0.000873975
0.000933779
0.00141059
0.00694888
0.000746144
0.00164652
0.00309256
0.00137277
0.00258389
0.000843341
0.00201861
0.00104669
0.00136883
0.000522045
0.00222218
0.00129752
0.00118858
0.00191097
0.00123634
0.00205584
0.00142649
0.00150918
0.00150072
0.00114183
0.000876802
0.000942184
0.00138999
0.000546566
0.0028235
0.00195867
0.000699167
0.000965814
0.000690304
0.00160282
0.00131376
0.000995679
0.0014468
0.00158778
0.000774006
0.000549948
0.00587512
0.00386345
0.00125425
0.00132366
0.00157874
0.00105094
0.00103766
0.000478252
0.00169036
0.00126033
0.00195497
0.00417694
0.00123979
0.00110992
0.000768177
0.00161479
0.000711116
0.00220582
0.000704293
0.00139788
0.00187549
0.000670777
0.00272006
0.00179909
0.00109644
0.00207445
0.00181179
0.00111426
0.00385803
0.00216655
0.00450707
0.00128459
0.00121002
0.00113306
0.00113564
0.00513418
0.000532733
0.000616499
0.00106727
0.00247984
0.00118416
0.00105417
0.000816017
0.00179925
0.0010275
0.000400876
0.00164191
0.00166435
0.00109162
0.00131334
0.00206103
0.00127512
0.000866322
0.000979333
0.0104175
0.00553707
0.00242453
0.0124709
0.00136523
0.00110649
0.000904681
0.000833501
0.00140927
0.000972002
0.00147167
0.00160715
0.00553697
0.000857538
0.00196146
0.00135011
0.000898095
0.00579644
0.000921379
0.00147184
0.00103347
0.000829546
0.000922188
0.00127532
0.000954174
0.000180252
0.000812556
0.00135345
0.0023336
0.0137218
0.00283613
0.00105357
0.00183091
0.00235346
0.00394242
0.000755805
0.0008444
0.000142891
0.000530992
0.000310864
0.00148497
0.00176725
0.00130783
0.00265123
0.00133281
0.000612617
0.00120366
0.00168936
0.00110826
0.000720044
0.000355205
0.0163857
0.000312485
0.000838926
0.00157197
0.000534878
0.00067336
0.00192589
0.00216701
0.00168017
0.00151239
0.00116705
0.00178082
0.00181048
0.00105909
0.000950677
0.0011178
0.000449643
0.00129024
0.00230186
0.00113503
0.00109891
0.00259547
0.00230649
0.00134399
0.00462601
0.00141589
0.000760395
0.00124788
0.000694846
0.00139868
0.000658697
0.00231138
0.000892461
0.00069263
0.00131299
0.000963024
0.000461866
0.00103335
0.000913882
0.000957938
0.000780217
0.00107702
0.00278912
0.00162561
0.00525229
0.00228035
0.0010785
0.00106666
0.00136763
0.000911976
0.000740037
0.00109021
0.00134461
0.000859913
0.00120887
0.00169499
0.00183757
0.000629251
0.0061605
0.000502314
0.0016691
0.00115878
0.00193467
0.00125098
0.000449331
0.00153868
0.000627973
0.00210728
0.00110031
0.00153924
0.000629099
0.00109382
0.00214031
0.000909219
0.00882981
0.000756218
0.00117456
0.00540974
0.000774665
0.00854826
0.000578132
0.00335099
0.000906683
0.000655601
0.000867785
0.00128079
0.000940726
0.00119534
0.00138401
0.0046518
0.000929209
0.00143541
0.00125759
0.00102757
0.00111894
0.00104344
0.00074333
0.000496271
0.00130172
0.000860609
0.00128122
0.00149194
0.00225515
0.00244093
0.00157359
0.000799798
0.00192895
0.000932795
0.00111039
0.00113461
0.000975001
0.000795847
0.00191159
0.000907993
0.000938209
0.000793148
0.00266059
0.00102039
0.0011903
0.00169472
0.00234538
0.000964155
0.0078376
0.000665004
0.000721722
0.00122628
0.000910298
0.00040059
0.00614146
0.000761509
0.0018499
0.00114481
0.00163926
0.00121537
0.00181952
0.00137319
0.000873419
0.000321363
0.00100203
0.00111092
0.000925589
0.00133092
0.000760246
0.00060878
0.00107739
0.0011586
0.00119048
0.000808598
0.000781054
0.00168916
0.0019883
0.000405015
0.00225549
0.00192176
0.00180977
0.00159637
0.0009039
0.00175557
0.00124388
0.00170012
0.00113953
0.0020933
0.000758525
0.000712101
0.00162946
0.00181464
0.00118623
0.00199979
0.00108008
0.000963907
0.00181636
0.00118339
0.0010247
0.000975886
0.00126438
0.0064077
0.000564901
0.00200348
0.00147137
0.000664206
0.001439
0.000695875
0.00127818
0.00162689
0.00110055
0.00107873
0.000912222
0.000864342
0.00137032
0.00143988
0.000490088
0.00189725
0.00095882
0.000979775
0.00214469
0.00132142
0.00188196
0.000571736
0.00104929
0.000936033
0.00124802
0.00096706
0.00277689
0.00136007
0.00238602
0.00110181
0.00395537
0.000917443
0.0012162
0.00216136
0.000427946
0.00101051
0.00359239
0.00107112
0.000733909
0.00145356
0.00211898
0.00210901
0.00056134
0.00110115
0.00340414
0.0013295
0.00226362
0.000775007
0.00110411
0.00485064
0.0014619
0.000427633
0.00708456
0.00118263
0.00137877
0.000573455
0.00114021
0.00219898
0.000712427
0.00197848
0.0016578
0.00170715
0.0015126
0.0164969
0.000651143
0.00170593
0.00055844
0.000924423
0.00255499
0.00108671
0.00100438
0.00140705
0.000386912
0.000374651
0.00138579
0.000882064
0.00125938
0.00171698
0.00204259
0.00327169
0.00122099
0.00124223
0.000485618
0.00198744
0.00324126
0.00155807
0.000847135
0.000497194
0.00339835
0.00124835
0.00094867
0.000727633
0.00104741
0.000724628
0.000790685
0.00148248
0.00127056
0.00489876
0.00178832
0.000599952
0.00070978
0.00198098
0.000926481
0.00102996
0.00109405
0.00148039
0.00237277
0.00119104
0.00092558
0.0015528
0.00171268
0.0016189
0.0012452
0.000865703
0.00145185
0.00222878
0.00187825
0.00117025
0.000942304
0.00121788
0.00158538
0.000328854
0.000633178
0.000858507
0.000611893
0.00130467
0.00224285
0.00107662
0.000498506
0.000620479
0.0015268
0.00134206
0.00112817
0.00151131
0.00249405
0.000765229
0.000928841
0.00075178
0.00125531
0.000557794
0.00200756
0.000989431
0.000806385
0.000657424
0.00186671
0.00199571
0.00113704
0.000884446
0.00108475
0.0015638
0.00174458
0.00166467
0.00101962
0.00065734
0.00127851
0.000903384
0.00118531
0.000557073
0.00802312
0.00145738
0.00197627
0.00149102
0.00126167
0.00239949
0.00131326
0.00182436
0.00115613
0.00105002
0.00141173
0.00111041
0.000933977
0.000461114
0.000457778
0.00110294
0.00436402
0.00190023
0.000870081
0.000568526
0.00159092
0.000503757
0.00190547
0.00062894
0.00130831
0.00145951
0.00222363
0.000295242
0.0012294
0.00264822
0.00263162
0.00049469
0.000863718
0.000468037
0.00111424
0.00238877
0.00200272
0.00133976
0.0010287
0.00238048
0.00185628
0.00144828
0.000945548
0.000702665
0.00080383
0.00137914
0.00173235
0.00159876
0.0015225
0.000716759
0.000940319
0.00256805
0.00103895
0.00221181
0.00117496
0.00228647
0.00300931
0.00268055
0.000988012
0.00115755
0.00176147
0.00115938
0.00169434
0.00175233
0.00532643
0.000921263
0.00133884
0.00157697
0.00144963
0.00237085
0.00157472
0.00120973
0.000796928
0.00328636
0.00112441
0.00160387
0.00209473
0.00206181
0.00375999
0.000588031
0.00136204
0.00129444
0.00120195
0.00381112
0.00123756
0.00137234
0.0158203
0.00262486
0.0123033
0.00162296
0.000472729
0.00254105
0.0012438
0.000592345
0.00381177
0.000847458
0.00166816
0.00169649
0.000940787
0.00469814
0.00105044
0.00136073
0.0006954
0.00106891
0.0012977
0.000497925
0.000487557
0.00412105
0.00124712
0.00102918
0.00147082
0.000895352
0.00131144
0.00106461
0.00123103
0.00169716
0.00222132
0.000529862
0.000894073
0.000867872
0.000869404
0.00085429
0.00220871
0.0112301
0.000452071
0.0026904
0.0017695
0.00135731
0.00156588
0.000766772
0.00112212
0.000973138
0.000596708
0.00148957
0.00199009
0.0010388
0.0022199
0.00189462
0.00182462
0.000522788
0.00100894
0.00210996
0.00126482
0.00180444
0.00110125
0.00136425
0.00160569
0.000683388
0.0209537
0.000964607
0.00196689
0.0022367
0.000693772
0.00106136
0.000443429
0.00121479
0.00113584
0.00561695
0.000754131
0.00108753
0.000958881
0.00155228
0.00102797
0.000830528
0.000805556
0.0012264
0.00154897
0.00244204
0.0168818
0.00103278
0.00101286
0.00104893
0.00182386
0.000487359
0.0172065
0.00164598
0.000787484
0.00122722
0.000820835
0.000984475
0.00122321
0.00630885
0.00597299
0.00207303
0.000989828
0.00084718
0.000825584
0.000772627
0.00120927
0.00104452
0.00136848
0.00178437
0.00415531
0.00133538
0.00153674
0.015902
0.00579791
0.00183629
0.000938098
0.00109828
0.00126657
0.000845657
0.00084252
0.000875586
0.000964576
0.0036006
0.00112338
0.00170731
0.00128677
0.000637407
0.00188622
0.00126252
0.00149912
0.0175736
0.000815535
0.00179869
0.00161687
0.00116385
0.000790274
0.0014784
0.000961517
0.000644488
0.000966535
0.000602321
0.00185336
0.000895919
0.000515126
0.00109629
0.00082484
0.000813963
0.00129502
0.000736139
0.000530433
0.00129695
0.00124459
0.001371
0.00185494
0.000842
0.00279585
0.0254656
0.00166152
0.000747337
0.00188949
0.000737737
0.00141955
0.000214652
0.00119243
0.00233515
0.0012398
0.00225333
0.00218194
0.00189593
0.00136084
0.00174523
0.00078617
0.0018805
0.00139176
0.00516341
0.0182136
0.000788461
0.00118548
0.00149592
0.00187932
0.00177197
0.00139977
0.00131831
0.00254433
0.000999301
0.00131159
0.0010506
0.00132405
0.000673994
0.00338908
0.00353949
0.00132951
0.00175766
0.00143252
0.00122723
0.00102086
0.0181862
0.00190581
0.00132168
0.00166686
0.00125221
0.00267726
0.00252124
0.00131557
0.00323784
0.00445172
0.00112449
0.00122902
0.03157
0.00615524
0.000944213
0.00140179
0.00133913
0.000913024
0.000879768
0.000768999
0.00166495
0.00141767
0.000868318
0.00290577
0.000818272
0.0020134
0.000809691
0.000708204
0.000842244
0.00254973
0.00140118
0.00118444
0.000829904
0.000778016
0.00106343
0.00230075
0.00320615
0.0006149
0.0011966
0.00124181
0.00124999
0.00213599
0.00383716
0.003256
0.00728685
0.00227854
0.000490299
0.00116738
0.00120501
0.00147801
0.00100387
0.00111861
0.00145588
0.00132558
0.00112011
0.00205636
0.000785677
0.00143352
0.00157742
0.00219916
0.00131978
0.00209686
0.00103997
0.000793505
0.00119834
0.00154994
0.00149911
0.000956262
0.000515895
0.00253297
0.00115383
0.0013013
0.000441582
0.000669325
0.00158164
0.00123932
0.0011327
0.00140391
0.00190271
0.00128604
0.000312544
0.00221994
0.00137256
0.0012712
0.00149891
0.00158358
0.0014225
0.00076135
0.00103566
0.00199106
0.00127531
0.000589625
0.00133568
0.00291551
0.00182722
0.00140403
0.00168972
0.00163377
0.00136667
0.00104214
0.00169963
0.00198138
0.000701645
0.000283231
0.00084657
0.00138672
0.00056504
0.000877604
0.000458809
0.00110008
0.00123264
0.00482457
0.00125967
0.00149591
0.00169115
0.00130819
0.00164385
0.000728369
0.000929751
0.00108966
0.000869137
0.000885844
0.00088953
0.00106874
0.00170432
0.00145942
0.00127108
0.000845089
0.000439552
0.000676014
0.00093003
0.00112286
0.00100345
0.000683311
0.00169513
0.000532332
0.00100579
0.00162704
0.00209055
0.000469657
0.00077946
0.00116363
0.00103659
0.000834576
0.00116582
0.00301875
0.001747
0.00058527
0.000480607
0.00106453
0.000545487
0.00353558
0.000979623
0.00141875
0.000867985
0.00625681
0.00140453
0.00105334
0.000604154
0.00177921
0.00111128
0.000439205
0.00119101
0.00120227
0.00148202
0.00707658
0.00129237
0.000683732
0.000799207
0.000844531
0.000957423
0.00623799
0.000930946
0.00209544
0.00114648
0.00157302
0.000892877
0.00504432
0.000477214
0.0016282
0.000682516
0.00110839
0.000618031
0.000720971
0.000843821
0.000506063
0.0007914
0.00198076
0.00106352
0.00138567
0.00191828
0.000771387
0.0018919
0.0121531
0.00130296
0.00173292
0.000946131
0.000667415
0.00202435
0.0014205
0.00118297
0.000909702
0.00223328
0.00502261
0.00138144
0.000671191
0.011221
0.00138496
0.000513609
0.000495509
0.00217504
0.00116079
0.00152515
0.00116849
0.000998043
0.00117502
0.000664186
0.00273456
0.00121985
0.000568458
0.00110054
0.00178715
0.000989674
0.0007968
0.00132047
0.00102783
0.00172479
0.000961698
0.00132094
0.00115622
0.00746367
0.00269668
0.00112594
0.00127171
0.000487238
0.00199388
0.00155464
0.00294648
0.000963063
0.00111071
0.000724748
0.00713032
0.00155398
0.00259773
0.00185503
0.00101398
0.00144981
0.00123893
0.00116459
0.00164058
0.00129603
0.000585345
0.00179073
0.0021015
0.00102951
0.00141007
0.00050247
0.000697441
0.00184319
0.00137023
0.00100402
0.00471714
0.000798591
0.00233744
0.00101663
0.00114958
0.000732286
0.00193334
0.00287185
0.00133095
0.00392254
0.000669138
0.00156301
0.000480894
0.00200421
0.00123959
0.00129892
0.000953481
0.00122085
0.030148
0.000825265
0.00152877
0.000989417
0.00204249
0.00153931
0.00112917
0.00111215
0.00360179
0.00166186
0.00102372
0.00127172
0.00149752
0.00113141
0.00204928
0.00129768
0.0011712
0.00133581
0.00714033
0.000934475
0.00152861
0.0175308
0.00110268
0.00267793
0.00126272
0.00139465
0.00111123
0.00180641
0.000794928
0.00229158
0.000805316
0.00138235
0.00151767
0.00175615
0.00134043
0.00140812
0.00238568
0.00138995
0.00144118
0.00152827
0.00086083
0.00186217
0.00161871
0.000711854
0.000887118
0.00163457
0.000939465
0.000684962
0.00182438
0.00128499
0.000675944
0.000737582
0.00331511
0.00217092
0.00067768
0.000728772
0.000489053
0.000977653
0.00107535
0.000823029
0.00121216
0.00247741
0.00146569
0.00144866
0.00175808
0.00195093
0.00125026
0.00116003
0.00177054
0.00338699
0.00142542
0.00104662
0.000737955
0.00121921
0.000627741
0.00125548
0.00146473
0.00218555
0.00141725
0.00144888
0.00397241
0.001487
0.000419534
0.000894792
0.00164043
0.00199635
0.00134378
0.000727976
0.000809368
0.00159555
0.000475276
0.000147502
0.00129179
0.00411981
0.00287257
0.000703711
0.00146928
0.0259021
0.00121188
0.00151318
0.00225785
0.000629037
0.00140303
0.00132033
0.00229502
0.00111213
0.00162379
0.00166965
0.000507591
0.00157696
0.00479391
0.00114321
0.00123606
0.000335554
0.00207127
0.000914307
0.00126542
0.00324668
0.00156276
0.00116113
0.00108468
0.00660026
0.00980816
0.0029228
0.0022547
0.00227836
0.00168068
0.00196722
0.000402093
0.00122384
0.000767053
0.000967555
0.00194313
0.00212337
0.000855099
0.00116576
0.00156945
0.00174645
0.00127646
0.000830876
0.000304287
0.00125542
0.00202686
0.00133527
0.00158017
0.00120699
0.000816543
0.00188298
0.000956952
0.0011117
0.00148455
0.0348885
0.0145043
0.0125355
0.000820199
0.00105191
0.00105554
0.00029671
0.00227652
0.00111187
0.00235948
0.00179263
0.00198671
0.000964978
0.00109587
0.00513915
0.001177
0.000945461
0.00206316
0.00117347
0.00225414
0.00147275
0.00120707
0.000836031
0.00117861
0.000671005
0.0014079
0.00197071
0.000917816
0.00218629
0.00115728
0.00110437
0.00120973
0.00149469
0.00120948
0.00169938
0.00110711
0.000717055
0.00236199
0.000781668
0.00148286
0.000912701
0.000746783
0.00223054
0.00119423
0.00117927
0.00110924
0.00174131
0.00130551
0.00131601
0.00121718
0.000622216
0.00140703
0.00169833
0.00108768
0.00153908
0.00107685
0.00247595
0.00125498
0.000293585
0.000787255
0.000574125
0.0228975
0.00175126
0.0010203
0.00315733
0.00134723
0.00139143
0.00149699
0.00232262
0.00110632
0.00101265
0.000952698
0.00171548
0.000926066
0.000944875
0.000867058
0.00159581
0.00178023
0.0106873
0.00190963
0.0010869
0.0260743
0.0013765
0.00125909
0.00048167
0.00176663
0.000944374
0.000856359
0.00112526
0.000406729
0.00061445
0.000554898
0.000653983
0.00134853
0.000883112
0.00135026
0.00115693
0.00107042
0.00236744
0.00285898
0.00318675
0.00600089
0.00224528
0.000860709
0.000921711
0.0016253
0.00147451
0.00166471
0.00145439
0.00221386
0.00086339
0.000757387
0.00149526
0.00117273
0.00126366
0.00170262
0.00115403
0.000950941
0.00148473
0.000827925
0.000691939
0.00134989
0.00187952
0.000813458
0.00172847
0.0142079
0.000754974
0.00147652
0.000560661
0.00151661
0.000934505
0.000494133
0.00502981
0.00137178
0.00110227
0.00130351
0.000801785
0.00123322
0.00101357
0.000730729
0.000906978
0.00267659
0.00152926
0.00137175
0.00095972
0.000978209
0.00144819
0.000505349
0.000975475
0.00108913
0.00130172
0.00118041
0.00193147
0.000174738
0.00111272
0.000858409
0.000997723
0.00119452
0.0018359
0.000634972
0.00185767
0.00175681
0.00143261
0.00109922
0.000536244
0.000987421
0.00124803
0.000611991
0.000705799
0.0012483
0.000634591
0.00111625
0.00130061
0.000832829
0.00140775
0.000511543
0.00197068
0.00162944
0.00145742
0.000674147
0.00140847
0.00273708
0.00090981
0.00112179
0.00141328
0.00163483
0.00336792
0.00249162
0.000664637
0.001184
0.00165375
0.00104722
0.00136752
0.00152541
0.000849668
0.00181868
0.000643125
0.000674447
0.00131594
0.00188655
0.00048705
0.000992212
0.00150624
0.000661739
0.000939984
0.00197299
0.000813692
0.000796852
0.00165342
0.00121413
0.00179043
0.001712
0.00170215
0.00276478
0.00108745
0.0015004
0.00114579
0.00614834
0.0018635
0.00141318
0.00149133
0.00102941
0.0016689
0.000887127
0.00134862
1.35843
0.000458024
0.00104352
0.000939024
0.00117231
0.00533977
0.00107586
0.000832508
0.00111821
0.00177171
0.00160611
0.00259802
0.00120655
0.00132506
0.00162065
0.000245241
0.00178119
0.00106212
0.00123737
0.00168267
0.000637628
0.0011007
0.000667819
0.00179458
0.00146584
0.00258654
0.00213932
0.00111672
0.00140263
0.0027367
0.000834296
0.000820529
0.00173629
0.000589116
0.00165844
0.00191926
0.0018274
0.000897568
0.000803363
0.00107051
0.000516632
0.00129685
0.00110302
0.00138872
0.00233072
0.00175095
0.00144215
0.00259405
0.00155558
0.00309659
0.000797955
0.0083547
0.00156792
0.00176259
0.000269925
0.0012335
0.00187836
0.00146258
0.000967263
0.00127823
0.000965133
0.000594503
0.000464036
0.00120131
0.00105304
0.000895629
0.0016001
0.000897561
0.000570378
0.00200213
0.00142073
0.00120435
0.000959377
0.000746301
0.00243536
0.00192687
0.001491
0.00142037
0.000966394
0.00123309
0.000660452
0.00139373
0.00261471
0.00322395
0.00103601
0.00294576
0.00104738
0.00060214
0.000874226
0.000959626
0.000156757
0.00108587
0.00248593
0.00129829
0.00983382
0.00134371
0.00150698
0.000909942
0.00223486
0.000665619
0.00147449
0.000770265
0.0018156
0.00155785
0.00140574
0.00364589
0.00225476
0.00122002
0.00140799
0.00348484
0.0010245
0.00363591
0.00330949
0.00171027
0.00202958
0.00127912
0.00144434
0.000801041
0.00126798
0.000735656
0.000739443
0.000687999
0.00154626
0.00771812
0.000416747
0.000843311
0.00133837
0.00186589
0.00271513
0.00208687
0.000999394
0.00129808
0.000751145
0.00225283
0.00036921
0.00154182
0.0119932
0.000539513
0.00119578
0.000826463
0.000618316
0.00169459
0.000951529
0.00396805
0.00233115
0.00132939
0.00271573
0.000713063
0.000676411
0.00167023
0.00122829
0.00248512
0.000945298
0.009224
0.00107161
0.00698433
0.00110491
0.00592176
0.00130909
0.00112609
0.00265044
0.00141555
0.000386355
0.000688205
0.00140516
0.00142805
0.00174364
0.0011632
0.00131852
0.00365713
0.000639669
0.00156163
0.00040353
0.00124135
0.00166848
0.00137007
0.00234804
0.000688743
0.000954717
0.000738424
0.000524313
0.000813088
0.00106521
0.0013263
0.00154654
0.00146954
0.00181026
0.000920354
0.00119214
0.00397223
0.00540625
0.00095271
0.000927546
0.00213439
0.00125337
0.00145021
0.000967466
0.000834824
0.00127078
0.000658377
0.000680554
0.00065299
0.00148351
0.00154602
0.00070138
0.00141678
0.00104755
0.000752358
0.00130888
0.00134326
0.00114215
0.000877695
0.00112184
0.000947183
0.00207347
0.000935936
0.0010432
0.00194109
0.000889933
0.0014418
0.00151907
0.000921019
0.00275904
0.000949106
0.00103623
0.000863658
0.000731029
0.00122926
0.00131832
0.00162873
0.000618904
0.00183317
0.00169038
0.00404067
0.0011149
0.000455219
0.00157642
0.00137461
0.00104605
0.000753995
0.00152273
0.000579444
0.00110761
0.00159238
0.0012861
0.00111733
0.00105592
0.00215794
0.00150823
0.000895015
0.00181607
0.00244058
0.0019863
0.000901917
0.00157203
0.000611931
0.00196185
0.00142991
0.000794779
0.000977954
0.00617001
0.00178087
0.00165324
0.00676734
0.000960615
0.000392206
0.00158629
0.00316198
0.00181784
0.00107847
0.00123025
0.0029581
0.000987822
0.000591484
0.00129619
0.00111149
0.00198737
0.00214336
0.00129986
0.00978599
0.000797389
0.00174534
0.00100345
0.0010381
0.00138374
0.000694283
0.000999093
0.00113548
0.00218122
0.000993517
0.000845338
0.00129637
0.00208057
0.00090412
0.000617227
0.00114591
0.00971008
0.000769674
0.00148801
0.000914367
0.00130801
0.00248273
0.00281923
0.000796797
0.00110887
0.000943099
0.000917478
0.0015629
0.00121768
0.00254857
0.00167809
0.00128339
0.0153618
0.000960814
0.00214017
0.000466181
0.00318123
0.00140597
0.000665294
0.00424126
0.00122563
0.00069252
0.000408843
0.000838802
0.00140944
0.00185059
0.000743877
0.000353316
0.00032067
0.00128541
0.0013115
0.00261085
0.0011262
0.000792966
0.00306596
0.00117631
0.00132278
0.00136137
0.00172327
0.00226699
0.00109113
0.00215311
0.000814526
0.000710667
0.00124028
0.000529003
0.000946526
0.00120509
0.00102647
0.000941281
0.0005611
0.00182229
0.00155941
0.00121319
0.000951119
0.000772573
0.000925396
0.000371849
0.001563
0.000903363
0.00156829
0.0694242
0.00160455
0.000474605
0.000979289
0.00126679
0.00116649
0.00104535
0.00125536
0.00122211
0.00341541
0.00274417
0.000591792
0.00170585
0.00171279
0.0026544
0.00141779
0.00185539
0.00127025
0.000746634
0.0013152
0.00133468
0.000775605
0.00168796
0.000911782
0.00159203
0.000873519
0.000646455
0.00061472
0.00114785
0.00124206
0.0068902
0.00134806
0.00251621
0.00104912
0.000685743
0.00133472
0.00133274
0.00105605
0.00178667
0.00120425
0.0018645
0.000996939
0.000884683
0.00185701
0.00175434
0.00264076
0.000799418
0.00184523
0.00230066
0.00184938
0.00163444
0.00254662
0.00129754
0.000639579
0.00138178
0.00166104
0.000652043
0.0016499
0.00100976
0.000955508
0.00382819
0.000516396
0.00315379
0.00141241
0.000650475
0.00219969
0.00107945
0.00135655
0.000964687
0.00163045
0.00151605
0.00188154
0.00115304
0.00216587
0.00100055
0.000604248
0.0015276
0.00142828
0.00163515
0.00126343
0.0015133
0.000733984
0.000859086
0.00163012
0.00162509
0.00147263
0.000753644
0.000528659
0.00108104
0.00234743
0.000763779
0.00133903
0.00202422
0.000924083
0.00121175
0.00556675
0.00157336
0.00173015
0.00112001
0.0336198
0.0016221
0.00191677
0.00172307
0.00304712
0.000885565
0.00215867
0.00127735
0.00727325
0.00292759
0.000833435
0.000562523
0.000278108
0.00497319
0.000838495
0.00116376
0.00164178
0.00128638
0.00519019
0.00192225
0.00731987
0.00248087
0.0018861
0.00108786
0.00106095
0.00143315
0.00916229
0.00174025
0.0019259
0.00206858
0.0022008
0.00113277
0.00139131
0.00180903
0.00182564
0.0013497
0.000271877
0.00175419
0.000354904
0.00120915
0.000933421
0.000670701
0.00202701
0.000751877
0.00119682
0.00139628
0.0009771
0.00219833
0.00144834
0.00057599
0.00219812
0.00123435
0.000815924
0.00135782
0.00187781
0.0045832
0.000875332
0.000871444
0.000847281
0.00114956
0.00237939
0.0016398
0.00125363
0.000878184
0.000828807
0.000719714
0.00164526
0.000687607
0.00345091
0.00111232
0.00166072
0.000671598
0.000737472
0.00154535
0.0027175
0.00129262
0.000454782
0.00258045
0.00163651
0.000327863
0.00796237
0.000895889
0.000897763
0.00175673
0.00125563
0.00179961
0.00108381
0.00181909
0.000807665
0.00199357
0.000548801
0.000853121
0.000467421
0.00263033
0.000658398
0.00151491
0.000739038
0.00108246
0.00085251
0.00113627
0.00238451
0.000794002
0.00144898
0.000699034
0.00614643
0.00119683
0.00130714
0.00128035
0.00429774
0.00167449
0.00227315
0.00207676
0.000569461
0.00130389
0.00092813
0.000924659
0.00112998
0.00136258
0.00206494
0.00320984
0.000924635
0.000542896
0.000996181
0.0149055
0.000888212
0.00102914
0.000734833
0.00143207
0.00212067
0.00110076
0.00166517
0.000900031
0.00171187
0.00104598
0.00154782
0.0011516
0.00156128
0.0060257
0.00133058
0.00075291
0.000591427
0.000727831
0.00072861
0.000786911
0.00126794
0.000941951
0.00623808
0.030359
0.00112306
0.000580036
0.000618891
0.00144773
0.00201859
0.000622495
0.00121144
0.00117431
0.0014392
0.00100028
0.00205904
0.000615827
0.00099272
0.00177791
0.00119742
0.00201434
0.00146481
0.00158374
0.00104818
0.00234698
0.00167812
0.000940358
0.000760829
0.00092527
0.000874505
0.00113049
0.00125307
0.000715879
0.000916208
0.00350144
0.0026842
0.0020111
0.00103484
0.00108486
0.000626019
0.001471
0.0025619
0.00230678
0.00158842
0.00161016
0.00141005
0.00128043
0.00057373
0.00195296
0.000810446
0.00120262
0.00106902
0.00216619
0.000401752
0.00192982
0.000998334
0.000912046
0.0023519
0.00188291
0.000922864
0.000860432
0.00197159
0.00150007
0.00126353
0.000799089
0.000985173
0.00232585
0.00129155
0.00110635
0.00147003
0.000645744
0.00106468
0.00198274
0.00187594
0.00222534
0.0011004
0.00119437
0.000627869
0.00131374
0.0268526
0.00295543
0.000569711
0.000136938
0.00159838
0.000710381
0.000444312
0.000922637
0.00121467
0.00128004
0.00411504
0.00188671
0.00118719
0.002264
0.00135474
0.00180693
0.00107607
0.0013348
0.000948333
0.00141837
0.00138828
0.00143621
0.0018387
0.00191029
0.000872401
0.000936399
0.00110846
0.0014987
0.00210741
0.000937967
0.0015479
0.00275499
0.00154724
0.00112529
0.00064594
0.00230087
0.000989293
0.00155644
0.00815761
0.00131011
0.00179969
0.00124611
0.00665519
0.000594218
0.00587944
0.000772032
0.0013456
0.000735027
0.000993669
0.00152196
0.00126334
0.00114632
0.00163222
0.000452815
0.00369788
0.000450373
0.00627876
0.000552586
0.000854321
0.00148918
0.000844475
0.00194693
0.00123271
0.00181311
0.00143667
0.00408437
0.00118902
0.00147478
0.00107521
0.000680599
0.0128399
0.00116043
0.000700812
0.000932293
0.00144084
0.000791445
0.018706
0.00134369
0.000842578
0.000843313
0.00132287
0.0033149
0.00378415
0.00239557
0.00138602
0.00123863
0.00144169
0.00173136
0.00214213
0.00164843
0.00129464
0.0019836
0.000547819
0.00381523
0.00198625
0.00406969
0.000948522
0.00106127
0.00208771
0.000942103
0.00115446
0.000876795
0.0019429
0.000660998
0.0014376
0.000836663
0.000590082
0.000529361
0.00238167
0.000926069
0.00120373
0.00109939
0.00124001
0.000775289
0.0038657
0.00100611
0.00286523
0.000998703
0.00177553
0.000945307
0.00107921
0.00139611
0.00204744
0.00139564
0.00072874
0.00094385
0.000768147
0.0051074
0.000862128
0.00128547
0.000509641
0.00102643
0.0018455
0.00201635
0.000497252
0.00143938
0.00119771
0.000941378
0.00451555
0.00245306
0.00110444
0.000863932
0.00146414
0.00150606
0.00147547
0.00197188
0.00135194
0.00133525
0.00224745
0.000313975
0.00108326
0.00130108
0.000783409
0.000706809
0.000759672
0.000234679
0.00168005
0.00235411
0.00200497
0.00103782
0.00165221
0.000577088
0.00139943
0.00113841
0.000468509
0.000833609
0.00133492
0.00259924
0.00141176
0.00155767
0.00352491
0.00522398
0.0052454
0.000959201
0.00160416
0.00240476
0.00936286
0.00213099
0.00089598
0.000894365
0.000619066
0.000947404
0.00179772
0.00108853
0.000778849
0.0010374
0.000555488
0.00165177
0.00149103
0.000497595
0.00126386
0.000922078
0.00105205
0.00129741
0.00113361
0.00146743
0.00146635
0.000824421
0.00111928
0.000693879
0.0016589
0.00139351
0.00023159
0.00162575
0.000854899
0.00140501
0.00164271
0.00237131
0.00125767
0.000833142
0.00155095
0.00220197
0.000687179
0.00135391
0.000734344
0.000294193
0.00143883
0.0012463
0.00105853
0.00108267
0.00182699
0.00125831
0.00181256
0.00101349
0.00225727
0.001109
0.00379857
0.00131173
0.000800665
0.0014394
0.0014386
0.000880347
0.000731122
0.000931138
0.00100013
0.0153528
0.00183307
0.00322657
0.00187939
0.00107992
0.00103573
0.00193026
0.00208631
0.00102214
0.000963962
0.0022048
0.00194008
0.00119986
0.00103655
0.00261748
0.00115371
0.00127402
0.00116759
0.0020834
0.00129095
0.00194039
0.000804448
0.00091115
0.00115756
0.0018155
0.00131954
0.000890209
0.00114992
0.00200828
0.00137921
0.000879285
0.00113764
0.00223117
0.00120802
0.00127836
0.00136496
0.00124248
0.001295
0.00424397
0.00153504
0.000776765
0.00104509
0.00115004
0.00116052
0.00103326
0.00271186
0.00204576
0.000658611
0.00151538
0.000794851
0.00149649
0.00099675
0.00293584
0.00142459
0.000512667
0.00147203
0.00120441
0.00163128
0.000884488
0.00174101
0.00130089
0.00136116
0.00135524
0.00104486
0.00124999
0.00102265
0.000786005
0.00102075
0.00150232
0.00134932
0.00122965
0.000812318
0.000932521
0.00166147
0.00563401
0.00102248
0.00119504
0.000976821
0.000806228
0.000529021
0.000646769
0.00216289
0.00116763
0.00503337
0.00117658
0.00263976
0.00129554
0.00955253
0.00143147
0.00143126
0.00128161
0.00235851
0.00923083
0.00104926
0.00111408
0.000513078
0.00170957
0.000926247
0.000531536
0.00099751
0.001256
0.00211566
0.00128296
0.00175781
0.00861094
0.00170731
0.00068991
0.000792808
0.000772962
0.00118123
0.000911172
0.0011089
0.000816767
0.00105689
0.000461124
0.00122476
0.00139793
0.00179552
0.00305927
0.000925901
0.00141052
0.000618426
0.00287662
0.0016924
0.00174102
0.00158192
0.000701832
0.00132489
0.00522308
0.00145707
0.00134786
0.000916663
0.00244511
0.00114346
0.00148455
0.00143936
0.00486209
0.000682448
0.000993278
0.000969272
0.00081294
0.00389682
0.00098923
0.000799217
0.00028356
0.00145184
0.00129885
0.00301616
0.00165607
0.00126501
0.00183609
0.0016966
0.00047046
0.00135062
0.000483941
0.00119871
0.00318781
0.00133826
0.00199548
0.00115179
0.00119072
0.00108632
0.0017469
0.0011057
0.0031612
0.0012033
0.00140974
0.000998055
0.000739413
0.000775957
0.0165157
0.00306917
0.00173742
0.000525903
0.000826992
0.00121018
0.00143144
0.00103625
0.0077362
0.00114665
0.00169644
0.00192898
0.00259774
0.0173247
0.00805668
0.00134101
0.00133925
0.000875466
0.001219
0.00137248
0.000838513
0.000573
0.0021576
0.00136811
0.0054484
0.00224222
0.00050463
0.00091758
0.00437264
0.00206466
0.00305565
0.00106863
0.00110027
0.00614894
0.00144386
0.00124555
0.00348914
0.000612293
0.00411161
0.000890682
0.000649132
0.000829876
0.00131545
0.00221463
0.00399192
0.00234147
0.00100995
0.00135288
0.000843419
0.00223148
0.00168608
0.00248527
0.0015962
0.00191714
0.00117015
0.00215052
0.00100856
0.00424991
0.00211647
0.00107382
0.00108506
0.000923037
0.00118333
0.000409779
0.00120205
0.00218337
0.0016457
0.00157575
0.000760107
0.00181832
0.00113096
0.00104125
0.00129326
0.000541663
0.0005823
0.0012845
0.00110784
0.00116146
0.00119937
0.000599438
0.00126956
0.00116831
0.000937274
0.00172965
0.00109528
0.000942094
0.00240694
0.00171252
0.00149333
0.00129688
0.00201516
0.000653815
0.00197249
0.0011848
0.00121455
0.0118894
0.00130482
0.00148796
0.00103658
0.00108568
0.000567344
0.0079447
0.00191769
0.00236259
0.000638072
0.00191772
0.000736339
0.00130593
0.00132094
0.00116807
0.00183018
0.000667002
0.00177628
0.000635892
0.00179033
0.000758174
0.000902529
0.00283953
0.000719196
0.00111086
0.000635129
0.0235653
0.000688143
0.00162107
0.00111353
0.000871709
0.0013638
0.00147481
0.00156166
0.00104559
0.00123649
0.0019065
0.00100347
0.00151988
0.0011504
0.000422529
0.00169759
0.000792384
0.00190904
0.00126404
0.00129201
0.00170253
0.00209711
0.00306039
0.00155774
0.00612994
0.000732259
0.0021166
0.000531305
0.00120335
0.000890864
0.000480347
0.00146495
0.00101715
0.00242397
0.00101852
0.00167015
0.000910854
0.000511638
0.00232947
0.00103492
0.00200794
0.0012913
0.000773989
0.00133286
0.0023478
0.00146617
0.00174143
0.000900829
0.0016088
0.0017599
0.000985105
0.000900091
0.00101684
0.000680041
0.000793366
0.000994034
0.000208834
0.00044755
0.00108542
0.0387158
0.000628766
0.00139825
0.00149583
0.00103895
0.00105162
0.000725143
0.00088272
0.000796377
0.0381509
0.00197464
0.00146667
0.00518759
0.00164791
0.00104209
0.00241178
0.00272061
0.00642204
0.0010363
0.00146309
0.0093725
0.0016056
0.000675304
0.00121508
0.000762565
0.00514349
0.000671692
0.000911693
0.00177121
0.00155439
0.00153232
0.00118056
0.000961485
0.00165014
0.00134143
0.001504
0.00171403
0.00122678
0.0011855
0.00155881
0.00303874
0.0010568
0.00129696
0.00116916
0.000365563
0.00649806
0.00351823
0.00142516
0.00109288
0.00084927
0.000855799
0.000853894
0.00223341
0.0034966
0.00154756
0.00129144
0.00120529
0.00134048
0.000648319
0.00167926
0.0017002
0.00207246
0.00140881
0.0011626
0.000632275
0.00103205
0.00119873
0.00120937
0.000574087
0.00142849
0.00109811
0.00642139
0.00132334
0.00304059
0.00142095
0.000668574
0.000711426
0.00101335
0.00115946
0.00118949
0.00914678
0.00116498
0.00175024
0.000902388
0.000930075
0.0014182
0.00107135
0.000859672
0.00127435
0.00256398
0.00132362
0.00058548
0.00211056
0.0011092
0.0373082
0.00233737
0.000973416
0.00190752
0.00154524
0.000767616
0.00357614
0.00588325
0.000814592
0.000672125
0.00182561
0.00071636
0.00150886
0.00104048
0.00178413
0.00113596
0.00053511
0.00130339
0.00117264
0.00170185
0.000643371
0.00109062
0.00119849
0.00161366
0.00211354
0.00256375
0.00204319
0.000890429
0.00133593
0.000901007
0.00153457
0.0013467
0.000456879
0.00144097
0.00122174
0.00131386
0.00158292
0.00148101
0.00120509
0.000945759
0.00374281
0.000463648
0.00160307
0.000704129
0.00105866
0.00108474
0.00120153
0.00175953
0.000818454
0.00153161
0.00181678
0.00103984
0.000798692
0.00153763
0.00177175
0.00205642
0.00134347
0.00192372
0.00120741
0.00321134
0.000708516
0.00139293
0.00249816
0.00219263
0.00107482
0.00262854
0.00124748
0.000896232
0.00331006
0.00675969
0.00195442
0.000898642
0.00180845
0.000781009
0.000877881
0.00124399
0.000643273
0.00188087
0.00130866
0.00865418
0.00134995
0.00235099
0.00199398
0.0133607
0.00201654
0.00182058
0.00161024
0.00196357
0.00117304
0.00102622
0.00165656
0.000784455
0.000777039
0.00140201
0.000876338
0.00338432
0.00149271
0.00109948
0.00180968
0.000489947
0.00118179
0.00136382
0.00144901
0.00134051
0.002857
0.00139627
0.00083642
0.00147556
0.00122238
0.000872977
0.00407302
0.000904495
0.00155858
0.000914713
0.00190277
0.000746047
0.000497853
0.00153772
0.00152026
0.00232899
0.000737294
0.000984926
0.00119607
0.00125022
0.000539618
0.00112019
0.000835374
0.00311281
0.000482208
0.00384903
0.00153426
0.000692604
0.00808216
0.00223593
0.000745632
0.00117422
0.000712419
0.00181075
0.00296162
0.000822272
0.00117213
0.00213215
0.00126122
0.00147449
0.00095985
0.0019015
0.00149886
0.00128986
0.00136027
0.00440732
0.00496778
0.00185075
0.0017705
0.00136909
0.00118667
0.000561355
0.000835969
0.00129107
0.00229667
0.00138382
0.000736822
0.0007802
0.00124551
0.000805071
0.00714774
0.000315998
0.00100999
0.00114002
0.00151999
0.00153005
0.000566356
0.00110457
0.00132721
0.00126697
0.00147365
0.00171622
0.00207537
0.000678791
0.00115022
0.00421475
0.0064764
0.00153866
0.00116341
0.000696168
0.00173179
0.00090162
0.000632271
0.000354515
0.00119634
0.00122597
0.000666174
0.00130736
0.00111569
0.00166119
0.00133119
0.000918521
0.00152425
0.000442635
0.000914636
0.00149595
0.00123635
0.00187144
0.000741094
0.0020213
0.00155434
0.00110321
0.00139773
0.00156737
0.00173731
0.000967924
0.00128782
0.000957701
0.000948827
0.00107679
0.00143098
0.00199574
0.000739297
0.000926695
0.00137365
0.00150992
0.00170624
0.00156075
0.000659879
0.00154527
0.000871128
0.00296576
0.000944877
0.00170025
0.00130279
0.00140574
0.000496407
0.000987188
0.00214285
0.00105464
0.000931884
0.000993115
0.00148753
0.00124204
0.00168059
0.00152526
0.00422596
0.00129052
0.00183839
0.00177105
0.00117508
0.00254513
0.00244399
0.0014228
0.00168548
0.00172989
0.000740852
0.00518513
0.00107769
0.00224617
0.00332566
0.000838001
0.0011529
0.00171206
0.00114275
0.00141021
0.00317388
0.00284452
0.0032628
0.00146677
0.00244604
0.00246842
0.00198355
0.00160495
0.00137649
0.00116714
0.0010996
0.00056215
0.0014528
0.000733738
0.0012517
0.0014366
0.00141842
0.00252446
0.00137853
0.000798086
0.0011177
0.00109182
0.00185196
0.00210923
0.000499038
0.00112405
0.00199518
0.000883785
0.00119177
0.000728359
0.00157579
0.00135465
0.00142202
0.0006931
0.00388366
0.0036751
0.00160876
0.00123204
0.00245433
0.00120463
0.00163802
0.00107349
0.00197636
0.00080778
0.00159343
0.00134825
0.00171682
0.00140791
0.00354575
0.0171867
0.00248491
0.00114925
0.00178976
0.00206542
0.00151634
0.00248708
0.00129599
0.00154552
0.00259877
0.000853079
0.000691865
0.000817654
0.00180443
0.00190639
0.00255132
0.000677988
0.000664301
0.00198804
0.000774386
0.00152726
0.00209733
0.00151269
0.00234363
0.00122302
0.00173191
0.00128254
0.000944349
0.000962129
0.00395502
0.00189568
0.000627073
0.00619331
0.00445938
0.00121323
0.00192574
0.00198293
0.000932758
0.000446353
0.000913698
0.00119881
0.00111057
0.00222449
0.000970246
0.000359142
0.00143718
0.0051482
0.00180322
0.00186145
0.00179284
0.000832693
0.00168684
0.00151922
0.00103805
0.00118958
0.00067099
0.00114564
0.00109107
0.000846078
0.000749823
0.00854617
0.000693522
0.0152668
0.00134132
0.00145848
0.00660863
0.00288016
0.00135636
0.00509718
0.000875894
0.00107477
0.00219232
0.000724024
0.0016912
0.00174122
0.00149845
0.00103192
0.00632854
0.00208651
0.00143519
0.00120549
0.00119668
0.000740728
0.00123763
0.00121772
0.000564831
0.000746808
0.0128879
0.00164847
0.00205634
0.00127307
0.00128424
0.00232129
0.000730759
0.00090156
0.00112604
0.00146421
0.00210231
0.00137464
0.000888146
0.000940399
0.000760292
0.00510127
0.000941299
0.000762586
0.000922106
0.00329244
0.00159354
0.00135957
0.00146822
0.0010771
0.00762892
0.000558698
0.00223229
0.00129282
0.000890955
0.000765786
0.00149367
0.00169433
0.00136047
0.00247177
0.000835591
0.00312165
0.00572317
0.00873856
0.00181979
0.00152372
0.0187092
0.0010669
0.00135105
0.00139748
0.00121917
0.000805254
0.0061983
0.001446
0.0019425
0.0013072
0.0009209
0.00554316
0.00125243
0.000964198
0.00138576
0.00112612
0.0011936
0.0010309
0.00151813
0.00097806
0.000741903
0.00103187
0.000372358
0.00123921
0.000757811
0.00107939
0.00165805
0.000919277
0.000945167
0.0022671
0.000862679
0.00128616
0.00127965
0.00152372
0.000744477
0.00493709
0.00373735
0.0011444
0.000974174
0.00111902
0.00399632
0.00719025
0.000456689
0.00384632
0.00165913
0.000594873
0.00135208
0.00127632
0.00101528
0.00351273
0.00167641
0.00333475
0.00303634
0.00604978
0.00160244
0.00271687
0.00167725
0.00218273
0.00106599
0.00136234
0.00134722
0.00134418
0.00155661
0.00124338
0.000638012
0.00284939
0.000971903
0.00151762
0.00167457
0.000973142
0.000886182
0.00278752
0.000802975
0.00169428
0.00116685
0.00125488
0.00112986
0.00534842
0.00452365
0.00108737
0.00157769
0.00167237
0.00073205
0.000582142
0.00139777
0.00253157
0.000650495
0.000923824
0.000620806
0.0011204
0.000810095
0.000936502
0.00286653
0.000921458
0.000669011
0.000766103
0.00165349
0.00157235
0.000832701
0.00133029
0.00161572
0.000480352
0.00114322
0.00100935
0.00438021
0.00209732
0.00125431
0.00206059
0.00541221
0.000974403
0.00139303
0.00184751
0.00168695
0.00507493
0.00443321
0.00111522
0.00133576
0.000720695
0.00751802
0.000324482
0.00105855
0.00121445
0.00101393
0.00146779
0.00207614
0.00489396
0.0116704
0.00134335
0.00144889
0.00118571
0.00177494
0.00093936
0.00121491
0.00601928
0.000873915
0.00162323
0.00166312
0.0033988
0.002001
0.00250477
0.00114323
0.00228591
0.000760774
0.000653419
0.0013963
0.000512657
0.000579726
0.00125877
0.00088671
0.00110831
0.00148787
0.00138798
0.00154643
0.000563807
0.0027337
0.00186243
0.00346091
0.000961169
0.000895298
0.000744828
0.00188754
0.00341806
0.00122289
0.00226385
0.00196908
0.00137665
0.000877024
0.0017659
0.00136961
0.00108296
0.00120104
0.00214053
0.00233251
0.00158731
0.00156883
0.00159841
0.00183936
0.00129524
0.0011388
0.000744538
0.00506205
0.00141173
0.00738884
0.000823965
0.00130613
0.000611849
0.000847846
0.000804872
0.00036368
0.000888534
0.000667586
0.00161246
0.00107636
0.000895377
0.000461168
0.00178945
0.00128748
0.00121513
0.0016164
0.00118077
0.00112563
0.00250429
0.000747522
0.00115009
0.00137401
0.000676166
0.00574409
0.00053389
0.00140991
0.00177025
0.0011204
0.00116923
0.0018969
0.00192407
0.000281998
0.00125587
0.0014817
0.00146994
0.00117231
0.00114521
0.00171422
0.000918674
0.000730211
0.000604322
0.00215931
0.000955982
0.000917941
0.00100512
0.00137075
0.000772917
0.00150325
0.00146511
0.00420884
0.000803389
0.00100427
0.0014498
0.00103438
0.00566996
0.00114897
0.001956
0.00136309
0.000495382
0.00306872
0.000669078
0.00101358
0.00207832
0.00080109
0.0023856
0.0019083
0.000818396
0.000442499
0.0010391
0.00268571
0.00122198
0.00111672
0.00301938
0.00117407
0.00112792
0.00129653
0.0009689
0.000686782
0.00090152
0.00102646
0.00115298
0.015044
0.00166066
0.0135517
0.00161232
0.00103398
0.00245542
0.000985209
0.000509565
0.00372564
0.000613444
0.000907639
0.00147104
0.00159429
0.00204482
0.00109602
0.0348151
0.000812833
0.00167442
0.00129797
0.00154338
0.00507692
0.00107659
0.00114033
0.00178251
0.0123288
0.00229197
0.0010302
0.00783018
0.000957288
0.000742352
0.000892255
0.00189672
0.00164575
0.00208591
0.00158512
0.000302279
0.0020712
0.001082
0.00103207
0.00190928
0.000688394
0.00171563
0.00076226
0.00104106
0.00286457
0.000691626
0.00140393
0.00146653
0.000411558
0.000586793
0.00138932
0.00140681
0.00233255
0.0015359
0.00118698
0.00122905
0.000732514
0.00143316
0.00127444
0.00121632
0.000551838
0.00100481
0.00136946
0.000621419
0.00324408
0.00155048
0.000734382
0.0013416
0.000970821
0.00133455
0.00134557
0.000990999
0.00175713
0.00165097
0.00146791
0.0018351
0.00244079
0.00063754
0.00407344
0.000785377
0.00109157
0.000800347
0.000140137
0.00118539
0.00041657
0.00114747
0.00111114
0.00108537
0.00128118
0.00127074
0.000979796
0.000615362
0.000581129
0.000832964
0.00130617
0.00172125
0.00136014
0.000859536
0.00143128
0.00193075
0.00160495
0.000794876
0.000764317
0.000956515
0.00156775
0.00189225
0.00167453
0.00102421
0.00157258
0.000860261
0.00124542
0.00474291
0.000708266
0.00141194
0.00652588
0.00227205
0.00260378
0.00277384
0.00236156
0.00198254
0.00235099
0.00248257
0.000676741
0.000858545
0.00154399
0.00101896
0.00147187
0.00243007
0.00740441
0.00365434
0.00112541
0.00152119
0.000771954
0.00162266
0.000552813
0.00253937
0.00115592
0.00111506
0.000481745
0.0004989
0.00116515
0.00103478
0.000922613
0.00613835
0.00123428
0.00132578
0.00159514
0.000598605
0.00275371
0.00125918
0.00150202
0.00153227
0.00062288
0.00103606
0.000438064
0.00138439
0.00377603
0.000655806
0.00041246
0.00190774
0.00128118
0.00182152
0.000962671
0.00102105
0.0017723
0.000447729
0.00240871
0.00110874
0.00129566
0.00098901
0.00244867
0.00206543
0.000558584
0.000964908
0.0014043
0.00105783
0.00165424
0.00104556
0.000984174
0.000984932
0.00117821
0.00125653
0.000608668
0.00159418
0.00153901
0.000731845
0.000894754
0.00133008
0.00118757
0.000698261
0.00139208
0.00105928
0.000978988
0.000804622
0.000569544
0.00131046
0.0020118
0.000979239
0.0113805
0.000965871
0.000482401
0.00114678
0.000673963
0.000934812
0.00147258
0.00665324
0.00134717
0.00072773
0.00129474
0.000893972
0.00311748
0.00314589
0.00140743
0.00149787
0.00416965
0.0186228
0.001299
0.000430717
0.000769077
0.00139156
0.00160299
0.00111711
0.00216712
0.00292218
0.00173961
0.00109055
0.00308026
0.00116687
0.00164168
0.00120305
0.000930945
0.00136254
0.000571027
0.000286042
0.00492381
0.00158428
0.00219348
0.00166661
0.000977917
0.00149383
0.00130511
0.00119783
0.00596263
0.00428287
0.000527948
0.00183092
0.00118162
0.00132523
0.00100198
0.00104931
0.00157688
0.00124811
0.00417879
0.00707628
0.00127887
0.00173718
0.0129464
0.00180154
0.00254394
0.0034184
0.00132262
0.0015233
0.0017046
0.00163424
0.00123374
0.000726918
0.000648059
0.00270874
0.0013253
0.00173965
0.00270813
0.000804386
0.000640977
0.00103915
0.00112793
0.00125648
0.00140944
0.00273231
0.00128873
0.00145966
0.000886615
0.00123391
0.000811008
0.0185037
0.00217286
0.00145776
0.000952739
0.00122388
0.00625398
0.000442961
0.00126176
0.00112631
0.00217018
0.00078903
0.00121055
0.00153054
0.000661743
0.00450174
0.00717009
0.000789224
0.000855275
0.0018333
0.000957562
0.00153918
0.00102339
0.00126221
0.00124932
0.000962091
0.00536064
0.0016893
0.00140642
0.00178071
0.000915274
0.00182286
0.00066467
0.0014018
0.00176719
0.000366915
0.000890091
0.00191106
0.00103758
0.00248778
0.00120364
0.00118994
0.00160363
0.00201108
0.00124457
0.000923475
0.00232346
0.00154279
0.00197606
0.00123663
0.0014207
0.000251301
0.0135021
0.010098
0.00237405
0.000881259
0.000610479
0.00133512
0.000713912
0.00135806
0.00105812
0.000967119
0.00213723
0.00188135
0.000933838
0.00126417
0.000578483
0.00116786
0.000780547
0.000796012
0.000511249
0.00158796
0.00133762
0.00113105
0.00044365
0.0014228
0.00127547
0.00168904
0.000845372
0.00133296
0.0254242
0.00128587
0.000980527
0.00142132
0.00085469
0.000670076
0.0309675
0.0189452
0.00308977
0.00150775
0.00227458
0.000726558
0.000956879
0.001136
0.000904845
0.000640944
0.00096906
0.0015974
0.000709528
0.00346169
0.00160357
0.000853247
0.000905502
0.00184081
0.000978518
0.00113553
0.0151558
0.00293566
0.000513818
0.000873592
0.000762345
0.000784822
0.00155069
0.00710074
0.0010137
