0.000310127
0.000213234
0.000183107
0.000248491
0.000259693
0.000277893
0.000189748
0.000281085
4.60707e-05
0.000551734
0.000635987
0.000230721
0.000380512
0.000682687
0.000147412
0.000234187
0.000489699
0.000143373
0.000657831
0.000340907
0.000337802
6.4403e-05
0.00104113
0.000941502
0.000375818
0.000404685
0.00165187
0.000274363
0.000288889
0.000152472
0.000309986
0.00036138
0.000269655
0.00151877
0.000366756
0.000168578
0.000547966
0.000192703
0.00041588
0.000681748
0.000148218
0.000388353
0.000690526
0.000461961
0.000172817
0.000240711
0.000694704
0.000393761
0.000237856
0.000279766
0.000636065
0.000903235
0.000815843
0.000155074
0.000220902
0.000421061
0.000155534
0.000163829
0.000724857
0.000424276
0.000274742
0.0002829
0.000238127
7.8647e-05
0.000361507
0.000346277
0.000214339
0.000137222
0.000229119
4.31752e-05
0.000165778
0.000182244
0.000167556
0.000398814
0.000129252
0.000530776
0.00048904
0.000790391
0.00015612
0.000247282
0.00147942
0.00011762
0.000617315
0.00100364
0.000409598
0.00026916
0.000267482
0.00030325
0.000175296
0.000486484
0.000141327
0.000142862
0.00121271
0.00259079
0.000602137
0.000192824
0.000175449
0.000176638
0.00128117
0.000872895
0.000385996
0.00033645
0.000749571
0.000176186
0.000335174
0.000186464
0.00037184
0.000542582
0.000243332
0.00335986
0.000417488
0.000554789
0.000789033
0.0124743
0.000249078
0.000565768
0.000309476
0.00100533
8.74748e-05
0.00038256
0.000712206
0.00548946
0.000171409
0.00105407
0.000316293
0.000422598
0.000352203
0.000343694
0.000412985
0.000225603
0.000298354
0.000238993
0.000209464
0.000233543
0.000305139
0.000456831
0.000230134
0.000191844
0.000351581
0.00097388
0.000240927
0.000192746
0.00055391
0.00131741
0.000367249
0.000504509
0.000402429
0.000175508
0.000206809
0.000254507
0.000280398
0.000160643
0.000240534
0.000296602
0.000274182
0.000244334
0.000275186
0.000374413
0.000386964
0.000271987
0.000108256
0.000232246
0.000384894
0.000171975
0.000345048
0.000469343
0.00034747
0.00020077
0.000322752
0.000270288
0.00027253
0.000166081
0.0011866
0.000128566
3.86975e-05
0.000420308
0.000156838
0.000199572
0.000320199
0.000348613
0.000294944
9.92909e-05
0.000144332
0.000144829
0.000267211
9.91917e-05
0.000944777
0.000573941
0.000712193
0.000104331
0.000281432
0.000133691
8.44621e-05
0.000184023
0.000470552
0.000544864
0.000137345
0.000306426
4.9638e-05
0.000229411
0.000406468
0.00035033
0.0256736
0.000293798
0.00049947
0.000483711
0.00033296
0.000473406
0.000112259
0.000452909
0.000337857
0.000439723
0.000422632
0.000231602
8.05506e-05
0.000814144
0.000124624
0.000510152
0.00048502
0.000113509
0.000733366
0.00181498
0.000355003
0.000676875
0.000858013
0.000227062
0.000902862
0.00204814
0.000491316
0.000188796
0.000652008
0.000198724
0.000476177
0.00031209
0.000427563
0.000399635
0.000125909
0.000616633
0.000521248
0.000349466
0.00036154
7.11412e-05
7.31566e-05
0.00015114
0.000247646
0.000248194
0.000308754
0.000148178
0.000406297
0.00045295
0.000197646
0.00042063
0.000308122
0.000431603
0.000385162
7.19708e-05
0.000245256
0.000470738
0.000317858
0.000495824
0.000441771
0.000510889
0.00368815
0.00096774
0.000968244
6.65774e-05
0.000169302
0.000243245
0.000160294
0.000444127
0.000241349
0.000884524
0.000277651
0.000161634
0.00368541
0.000928296
0.000533419
0.000291148
0.000447318
0.000433066
1.30989e-05
0.000341057
0.000241412
0.000239251
0.000135788
0.000147478
0.00025425
0.00024524
0.000388379
0.000450941
0.000625418
0.000579473
0.000484892
0.000169
0.000955594
0.000502916
0.00035724
0.000192507
0.000522937
0.000139597
0.000632249
0.00034574
0.000394824
0.00115059
0.000200257
0.000493487
0.000497949
0.000210101
0.000213575
0.000313836
0.000259443
0.000353674
0.000652094
0.000297611
0.000212409
0.000267759
0.000372192
0.0012626
0.0016424
0.000401748
0.000152248
0.000219037
0.000360729
0.000918596
0.000576467
0.000848079
0.000880695
0.00014106
0.000204539
0.000394444
0.00035596
0.000377535
0.000311122
0.00220539
0.00035931
0.00522383
0.000173076
0.00122173
0.000606672
0.000645564
0.000250194
0.000359695
0.000385347
0.000516601
0.000316429
0.000273811
0.000293223
0.000234519
0.000132154
0.00047996
0.000171113
0.000821416
0.000634432
0.000152495
0.000340554
0.000428695
0.00070723
0.000534369
0.00087078
0.00226917
8.95332e-05
0.000487704
0.000588726
0.000803776
0.000166644
0.000146399
0.000249898
0.00013367
0.000137445
0.000255769
0.00208391
0.000317547
0.000369665
0.00042373
0.00031542
0.000158015
0.000905175
0.000417697
5.35597e-05
0.000182778
0.000455336
0.000140051
1.62701e-05
0.000342082
3.6425e-05
0.000116533
0.000224892
0.000158458
0.000572974
0.000426404
0.0033368
0.000344989
0.000757765
0.000159184
0.000659041
0.00108379
0.000224976
0.000141414
0.000852856
0.000217777
0.000325073
0.000543438
5.9258e-05
0.000146116
0.00026226
0.000556872
0.000236527
0.000802658
0.00071299
0.000451534
0.000758618
0.000701187
0.000316645
0.000322683
0.000290525
0.000755718
0.000588387
0.000349662
0.000293895
0.000458134
0.000281016
0.000428609
0.000216967
0.000110292
0.000242221
0.000688293
0.00068066
0.000262925
0.000285223
0.000404876
0.000381171
0.00227536
0.000173883
0.000280669
0.000308131
0.000269661
0.000194827
0.000547771
0.000588625
0.000314139
0.00047157
0.00089446
0.000325189
0.000111043
0.000184947
0.00114161
0.000230975
0.000184113
0.000184614
0.000337305
0.000357903
0.000229471
0.000130371
0.000255079
0.000340439
0.000596741
0.000220796
0.00328164
0.000628679
0.000374722
0.000144938
0.000141927
0.000252494
0.000694011
0.00294722
0.000477537
0.000429126
0.000233554
0.000138292
0.00058183
0.0032011
0.000237718
0.000515446
0.000755485
0.00140375
0.000405872
0.000417548
0.000445852
0.000286095
0.000154818
0.000329446
0.000343114
0.000288554
0.00032381
5.55606e-05
0.000316274
0.000308174
0.00033232
0.000268851
0.00118222
0.000208596
0.000128515
0.000525517
0.000796133
0.000393306
0.00122006
9.47256e-05
0.000319933
0.000475442
0.000409094
0.000230779
0.000421871
0.000182317
0.000602123
0.000272572
0.000214584
0.000418002
0.000311761
0.000676995
0.000202257
0.000230457
0.00039186
2.69409e-05
9.42517e-05
0.000294614
0.000180257
0.000237772
0.000509425
0.000532821
0.000717103
0.00031692
0.000168743
0.000528511
0.000729952
0.000367542
0.001639
0.000487857
0.000324522
0.000612706
7.18995e-05
0.00122884
0.00134867
0.000327014
0.000270455
0.000206755
0.00021727
0.000182103
0.000596003
0.000236225
0.000242406
0.00172463
0.000384326
0.000271075
0.00051295
0.000481027
0.000266457
0.000783669
0.000244622
0.000269486
0.000302497
0.000129091
7.67086e-05
0.000716554
0.000339626
0.0015441
0.000466239
0.000198362
0.000243524
0.000527505
0.000307195
0.000764267
0.000163948
0.000820311
0.000187177
6.33694e-05
0.000121575
0.000388284
0.000547652
0.000399317
0.00116755
0.000159948
0.00127651
0.000375298
0.000637157
0.000463117
6.10203e-05
0.000470826
0.00054914
0.000445498
0.000329127
0.00053381
0.00033494
0.000551312
0.000413059
9.92748e-05
0.000397376
0.000693175
0.000304363
0.000236678
0.0008051
0.000166708
0.000702748
0.000436313
0.000444847
0.000502839
0.000239757
0.000255047
0.00050779
0.000223482
0.000116404
0.000124294
0.000342003
0.000396693
0.000583958
0.00017225
0.000192633
0.000380936
0.000414347
0.000252617
0.000300185
0.000263848
0.000165569
0.0007472
0.000858007
0.00014166
0.000341988
0.000289349
0.000372756
0.000342896
0.00107121
0.000201655
0.000138457
0.000347166
0.000189588
0.000388519
0.000312318
0.000160682
0.000239935
0.000234675
0.000332127
6.60018e-05
0.000322087
7.2106e-05
0.000100028
0.00074221
0.000154762
0.000172513
0.000324749
2.20262e-05
0.000348714
0.00118732
0.000229469
9.39577e-05
0.000258052
0.000976458
0.000729397
0.00133819
0.000234138
0.00026686
0.00031993
0.000691676
0.000508915
0.00027451
0.000410549
0.00025231
6.28884e-05
0.000654629
0.000223355
0.000202532
0.000338582
0.000265674
0.000544474
0.00125679
0.000328538
0.000187038
0.000362822
0.000159163
0.000371805
0.000304709
0.000368469
0.000346546
0.000367993
0.000500133
0.000246856
0.000199752
0.000290726
0.000357632
0.000341466
0.00045104
0.000258339
0.000257722
0.000375653
0.00021881
0.000353062
0.000414191
0.000483525
0.000304185
8.45469e-05
0.000218361
0.00161021
0.000305932
0.000301523
0.00032673
0.00137443
2.11776e-05
0.000100096
0.000211556
0.000580775
7.00101e-05
0.000559369
0.000277566
0.000371208
0.000286263
0.000102306
0.000316469
0.000364266
0.000227735
0.00063053
0.000296185
0.000207012
0.000323917
0.000260269
0.000295215
0.000289599
0.000240835
0.000564107
0.000466813
0.000584002
0.000422117
0.00061858
0.000292087
0.000211373
0.000104343
0.000168692
0.000136994
0.00080619
0.000357732
0.000282778
0.000362898
5.96577e-05
0.00029131
0.000281926
0.000275343
0.0100015
0.000236094
0.000287251
0.000547478
0.000171527
0.000529025
0.000330074
0.00015688
9.9342e-05
0.000353252
0.000406213
0.000280256
0.000432333
8.74445e-05
0.0104851
0.000517715
0.000275166
0.00027895
0.000315637
0.000367027
0.000262592
5.05108e-05
0.000224756
0.000294613
0.00031286
0.000499793
0.000856161
0.000359374
0.000305825
0.000178082
0.00123088
0.000311147
0.000229856
0.000834525
0.000355824
0.000212864
0.000110557
0.000275255
0.000258014
0.00028028
0.000279587
0.000290004
0.000137181
0.000173314
0.000430111
0.000681978
0.000451915
0.00052496
0.000397103
0.000425101
0.000663092
0.000100857
0.000530332
0.000163486
1.57812e-05
0.000299904
0.000326467
0.000765583
0.000492926
0.00104112
0.000147035
0.000314616
0.000331339
0.000628561
0.00035155
0.000273543
0.000246357
0.000402154
0.00197298
0.00037254
0.000373862
2.10959e-05
0.000183743
0.00171508
0.000283078
0.000212929
0.000450659
0.000252721
0.000221626
0.000412461
0.000263497
0.000164701
0.000476129
0.00036114
0.000442405
0.00474408
0.000356638
0.000357067
0.000187093
0.000120589
0.000383312
0.000301656
9.24108e-05
8.65983e-05
0.000283519
0.000582123
0.00043714
6.00099e-05
0.000187622
0.000245972
0.000347999
0.000201853
0.000284835
0.000222961
0.000355925
0.00012
0.000408468
0.000240589
3.76808e-05
0.000213228
0.000307646
0.00025296
0.000683149
0.000189407
0.000192292
0.000250535
0.000202284
0.000179632
0.000324034
0.000438286
0.000310329
0.000322243
0.00111307
0.000378077
0.000159468
0.000218913
0.000479108
0.000525648
0.000805922
0.00037195
0.000436008
0.000194884
0.000345161
0.00105469
0.000565342
0.00188377
0.00021989
0.0041347
0.000465635
0.000547603
0.000174357
0.000209521
0.000511007
0.000754331
0.000188943
0.001605
0.000282524
0.000835024
0.000686754
0.000255333
6.54405e-05
0.000283057
0.00210505
0.000476975
9.19527e-05
0.000113753
0.000223952
0.00192906
0.000261701
0.000193673
0.000288304
0.00257354
0.000235235
0.000223776
0.000220457
0.000344096
0.000262919
0.00027223
0.000307371
0.000779855
0.000264733
0.000755688
0.000193923
0.000225498
0.000660288
0.000297553
0.000484971
0.000380629
0.000213065
0.000303315
0.000303006
0.000455749
0.000302498
0.000262797
0.00062629
6.17393e-05
7.10877e-05
0.000223577
0.000496003
0.000243966
0.000518232
0.000574992
0.000533571
0.0001633
0.000297758
0.000293641
0.000257179
0.000313977
0.000217535
0.000145315
0.00029762
0.000146645
0.000175769
0.000117393
0.000348013
0.000491933
0.000225669
0.000880208
0.000461041
0.000243389
0.000460409
0.000463047
0.000372618
0.000347273
0.000414238
0.00015412
0.000439387
2.63806e-05
0.000279289
0.000211756
0.000599032
0.000224911
0.000166765
0.000310695
0.000456326
6.18308e-05
4.27305e-05
0.000515955
0.000535615
0.000572652
0.000693084
0.00027606
0.00021528
0.000391301
0.000254256
0.000120519
0.0002421
0.000795683
0.000586286
0.000514147
0.00017768
0.00981169
7.84104e-05
0.000163785
0.000945201
0.000422726
0.00116603
0.000546201
0.0012662
0.000271677
0.000363436
0.000154213
0.000253393
0.000345947
0.000507781
0.000761308
0.000142957
0.000210077
0.00066981
0.00117011
0.00127144
0.000846175
0.000213311
0.000280898
0.000721925
0.000146013
0.000585522
0.00222813
0.0014875
0.000219771
0.000397461
8.2334e-05
0.00114145
0.000431437
0.000530174
7.90057e-05
0.000695133
0.00177353
0.000408508
0.000157378
0.000928453
8.14416e-05
0.000142412
0.000358381
0.000165564
0.000257617
0.000783781
0.000146822
0.000735921
0.000407856
0.000117152
0.000217428
0.000991263
0.000253902
0.00067627
0.000630963
0.000426608
0.000591071
0.000880753
0.000317788
0.000316036
0.000287233
0.000422116
0.00033445
0.000473316
0.000403928
0.000534403
0.000152021
0.000194442
0.000108791
0.00040069
0.000201389
0.000249445
0.000221167
0.000306783
0.000347984
0.00075949
4.32494e-05
0.000184003
0.00030062
0.000376879
0.000354444
0.000361073
0.000138757
0.000191145
0.000585021
0.00051834
0.000424856
0.000792429
0.000238101
0.000306636
0.000484292
0.000837185
0.000202932
0.000134824
0.000400882
0.000657948
0.00018825
0.000859786
0.000417513
0.000160875
0.000212657
0.000325001
0.000324121
0.000563344
0.000729825
0.000193445
0.000352987
0.00287811
0.000285095
0.000380371
0.000243141
0.00018435
0.000616182
0.000279711
0.000262781
0.000284016
0.000553014
0.00100176
0.000568938
0.000310856
0.000658238
0.000265899
0.000193351
0.000419232
0.000517905
0.000481965
0.0100699
0.000236597
0.000694582
0.000224858
0.000236056
0.000482593
0.000163487
0.000149896
0.000263609
0.000612187
0.000560373
0.000450196
0.000236226
0.000539992
0.000225285
0.00122859
9.32934e-05
0.00053163
0.017433
0.000382824
0.000619569
0.00106412
0.000718317
0.000299167
0.000329765
0.000213311
7.86987e-05
0.000395021
0.000575265
0.000379256
0.000293487
0.000551612
0.000261271
0.000417484
0.000405521
0.000115642
0.000126041
7.69556e-05
5.62081e-05
0.000889894
0.000265804
0.000255133
0.000803075
0.000415467
0.000170755
0.00120221
0.000400544
0.000689236
5.28637e-05
0.000306975
0.000600579
0.000225528
0.000150952
6.95016e-05
0.000405359
0.00036479
0.000280005
0.000314795
0.000334259
0.000358211
0.000235147
0.000506828
0.00186375
0.000348414
0.000391447
0.000155208
0.000314074
0.000419738
0.000169543
0.000556193
0.00021336
0.00053632
0.000796604
5.96783e-05
0.000351724
0.000556391
0.000473102
0.000298962
0.00162588
0.000537314
0.000854423
0.00029256
0.000219727
0.000330842
0.000192249
0.000928829
0.000176954
0.00146239
0.00054952
0.000130163
0.000384938
0.000397095
0.00033437
0.000400881
