0.000433691
0.000591859
0.000375761
0.000588243
0.000666597
7.8416e-05
0.000130337
0.000562752
0.000177797
0.00681082
0.00024549
0.000271088
8.10691e-05
0.000255233
0.000383157
6.02361e-05
0.000604468
0.000413328
0.000283977
0.000367907
0.000238818
0.000102863
0.000320741
0.00027352
0.00115729
0.000236565
0.000423827
0.00320252
0.000248714
0.000804815
0.000524818
0.000331446
0.000392337
0.00060271
0.00016797
0.000344108
0.006513
0.000417755
0.000447055
0.000249575
8.73056e-05
0.000244812
0.000398216
0.000336428
0.00380617
0.000463376
0.000618131
0.000551882
0.000335391
0.000235973
0.000311472
0.000438555
0.00176322
9.51817e-05
0.000505115
0.000344027
0.000769803
0.000558043
0.000371227
0.000652382
0.000344507
0.000208878
0.000541182
0.000722601
0.000342518
0.00018927
0.000713763
0.000447447
0.00082592
0.00027688
0.00114359
0.000318866
0.000190187
0.000312846
0.000118557
0.000323595
0.000456136
0.00120201
0.000172342
0.000278861
0.000203828
0.000628599
0.00020015
0.000421912
0.000333644
0.000605874
0.000452209
0.000217764
0.000450566
0.000661313
0.000215111
0.000327239
0.000164455
0.000207249
0.000353911
0.00028714
0.000460426
0.000613233
0.00124469
0.00308653
0.00017289
0.00111551
0.000471159
0.000303894
0.000719135
0.000579067
0.000211124
0.000340381
9.51635e-05
0.00131274
0.000394026
0.000435714
0.000424547
0.000590307
0.000114811
0.000883163
0.000219232
0.000452652
0.000383029
0.000164927
0.00132581
0.000424832
0.000417136
0.000509262
0.000902348
0.000198903
0.000545386
0.000309531
0.000168484
0.000349871
0.000805582
0.000475323
0.000333732
0.000247185
0.000307137
0.000278408
0.00062756
0.000504409
0.000239617
0.0004347
0.000688
0.000320138
0.000321393
0.000596793
0.000475716
0.000423478
0.0111721
0.000194649
0.000147054
0.000623157
0.000522807
0.00217283
0.00030429
0.000877089
0.000735691
0.000298199
0.000272155
0.00024583
0.000502972
0.000620543
0.000240811
5.22376e-05
0.000205016
0.000460875
0.00110783
0.000698571
0.000244256
0.000181024
0.000123001
0.000288617
0.000446586
0.000376682
0.00028697
0.000611931
0.000695462
0.000463
0.000268385
0.000546797
0.000129432
0.0003173
0.000301265
0.0006705
0.00073425
0.000549636
0.000427353
0.000436452
0.000944832
0.000461404
0.000937307
0.00059921
0.000414037
0.000152667
0.000221609
0.000180968
0.000158178
0.000167684
0.000287591
0.000196298
0.000159194
0.000258119
0.000446444
0.000257705
0.00104835
0.000132278
0.000534038
0.000170244
0.000477538
0.000423097
0.000388621
0.000411062
0.000355226
0.000786297
0.000640303
0.000221719
0.000302583
0.000193733
0.00147941
0.000123476
0.000389569
0.000520666
0.000414322
3.32705e-05
0.000429615
0.000807624
0.00032688
0.000601733
0.000278692
0.000208934
0.000461328
0.000220352
0.000850827
0.000510777
0.000207974
0.000498415
0.000427667
0.000291252
0.000337895
0.00042585
0.000188299
0.00344126
0.00131026
0.000567504
0.000374007
0.000265242
0.000553233
0.000477305
0.000331682
0.000973049
0.000240998
0.000229282
0.000273365
0.000503089
0.000140765
0.000461831
0.000222917
0.000290026
4.08314e-05
0.000261074
0.000358725
0.00112803
9.56284e-05
0.00031184
0.00115702
0.000661657
0.000610658
0.000562603
0.00016271
0.000229256
0.000286903
0.000513791
0.000893926
0.0002418
0.000298413
0.000703185
0.000499737
0.000260852
0.000182098
0.000606102
0.00103967
0.000299409
0.000381021
0.000462271
0.000334217
0.000386763
0.000352233
0.00111949
0.00021904
0.000405719
0.000877335
0.000236086
0.00074127
0.000324652
0.000443711
0.00117535
0.000225137
0.000370545
0.000326931
0.000465618
0.000346546
0.000332428
0.00043946
0.000438833
0.000361175
0.000570721
0.000215347
0.00117799
0.000530267
0.000225102
7.73285e-05
0.000374129
0.00072866
0.000230021
0.000442424
0.000671834
0.000579731
0.000373428
0.000485538
0.000582198
0.000287245
0.000453278
0.000363638
0.000343019
0.000596409
0.000728523
0.000284231
0.000764174
0.000240581
0.000368576
0.000352051
0.000268443
0.000833367
0.000396488
0.000466227
0.00130894
0.000373068
0.000234113
0.000696041
0.000224688
0.000281624
0.000570018
0.000419155
0.000638294
0.00124626
0.000523566
0.000419776
0.00047634
0.000437191
0.000696966
0.000641185
0.00351793
0.000468696
0.000468223
0.000122576
0.00126851
0.000205057
0.000237548
0.000353252
0.000209906
0.000129262
0.000272356
0.000322265
0.000543606
0.000459074
0.000240507
0.000938395
0.000489984
0.000408822
0.000261256
0.000271615
0.000712371
0.000108675
0.000856538
0.00032182
0.000274374
0.000372581
0.000773684
0.000591727
0.000251864
0.000377135
0.000560368
0.000437157
0.000444484
0.000274938
0.000916982
0.000397297
0.000423737
0.000205877
0.000328235
0.000219124
0.00064141
0.000344739
0.00110503
0.000603539
0.000270267
0.000298697
0.000356936
0.00026516
0.00046868
0.00045683
0.00025087
0.00113068
0.000240772
0.000468709
0.000498804
0.00177753
0.000345626
0.000329918
0.000497794
0.000271042
0.000321889
0.000595386
0.000125812
0.000331485
0.0001907
0.000609533
0.000349442
0.000336197
0.000266369
0.000556212
0.000306294
0.000293832
0.000465371
0.000401045
0.000355171
0.000360134
0.000206908
0.000523778
0.000279705
0.000254947
0.00135648
0.000402327
0.000392493
0.000576662
0.000512773
0.000290533
0.000363257
0.000131417
0.000383567
0.000218509
0.000440271
0.000694043
0.000382743
0.000246587
0.000154066
0.000985849
0.000367031
0.000624366
0.000559259
0.000361459
0.000308417
0.000584135
0.000557156
0.000476164
0.00699233
0.00041046
0.000488198
0.000250896
0.000440148
0.0014523
0.000203637
0.000259104
0.000163764
0.000740714
0.000531317
0.000433768
0.000536486
0.000474487
0.000211725
0.000401634
0.000367407
0.000361524
0.000568433
0.00122938
0.000963578
0.000612936
0.000611568
0.00056131
0.0002594
0.000257544
0.000267346
0.000142462
0.000175319
0.000390652
0.000423247
3.51079e-05
0.000538121
0.000673409
0.000182321
0.000578941
0.000398172
0.000353112
0.000348701
0.000540768
0.000568776
0.000358464
0.000469311
0.000563008
0.00218393
0.000192887
0.000455652
0.000487556
0.000429028
0.000481922
0.00041
0.000188985
0.000546113
0.000552988
0.00116516
0.000446611
0.000186338
0.000510662
0.000230114
0.000250539
0.000191886
0.000422701
0.000263523
0.000858634
0.00151284
0.000403379
0.000284782
0.000304799
0.000371656
0.000641093
0.000283681
0.000566148
0.000404054
0.00249971
0.000263633
0.000401328
0.000324454
0.000398412
0.00255678
0.000252587
0.000688823
0.000675138
0.000430156
0.00129307
0.000524929
0.00141855
0.000306653
8.42063e-05
0.000385053
0.00124585
0.000430439
0.000719259
0.000328408
0.000436097
0.00125202
0.000857365
0.000320652
0.000440974
0.000603328
0.000740639
0.000507134
0.000328902
0.000646919
0.000346981
0.000320147
0.000332011
0.000301807
0.000276887
0.000349775
0.000250744
0.000600157
0.000880589
0.000619127
0.000428391
0.000299592
8.35361e-05
0.000200334
0.000630687
0.000416456
0.000464471
0.000275507
0.000718496
0.000475185
0.000453655
0.000659425
0.0002697
0.00105715
0.000594952
0.000153621
0.000355246
0.000546556
0.000512054
0.000579676
0.000214631
0.000207753
0.000355712
0.00023577
0.000243104
0.000909548
0.000166966
0.000527107
0.00889398
0.00047948
0.000281594
0.000169969
0.0053469
0.000651989
0.00323306
0.000210525
0.000555874
0.000505014
0.000182486
0.000650871
0.000579745
0.00024192
0.000321065
0.000546775
0.000164573
0.00151404
0.00143449
0.000230178
0.000333656
0.000724614
0.000631018
0.000169802
0.000272258
0.000362214
0.00185463
0.000366093
0.000450701
0.000420746
0.000807577
0.000670224
0.000458802
0.00029603
0.000372424
0.00152274
0.000254658
5.45914e-05
0.000276971
0.000152665
0.000229623
0.000991643
0.00032798
0.000656874
0.0199208
0.000273147
0.000142773
0.000530658
0.000484921
0.000719391
0.000334252
0.000349066
0.000416534
0.000214463
0.00036397
0.000270426
0.000822821
0.000571281
0.000309728
0.000229221
0.000279837
0.0011274
0.000709577
0.000588217
0.000263419
0.000315135
0.000856128
0.00043171
0.000670196
0.00055229
0.000499273
0.000414973
0.000603841
0.000236497
0.000655918
0.000928265
0.00052671
0.00058109
0.00041595
0.000681844
0.000302266
0.000330232
0.000672248
0.00120836
0.000312856
0.00036669
0.00027336
0.00231387
0.000112561
0.00135924
0.000396953
0.000293186
0.000211674
0.0003321
0.000465372
0.00012959
0.000354664
0.00138173
0.00104293
0.000597599
0.000434121
0.000137599
0.000252411
0.000355017
0.000457677
0.000576964
0.00044401
0.000358716
0.000338699
0.000525
0.000389918
0.00074957
0.000282585
0.000377352
0.000446579
0.000911596
0.00256267
0.000452364
0.000307506
0.000680165
0.000364611
0.000555322
0.000621713
0.000344147
0.000214599
0.000129176
0.00217624
0.000805819
0.00104764
0.000315532
0.000297678
0.000142169
0.000523958
0.000236102
5.97599e-05
0.000110991
0.000688721
0.000327499
0.00032275
0.00115714
0.000670278
0.000657421
0.000568502
0.000173891
0.000378383
0.000330157
0.000325956
0.000559514
0.000181036
0.000510975
0.000117164
0.000497213
0.00054697
0.000439023
0.0267268
0.00047742
0.00159295
7.55694e-05
0.00151644
0.000229785
0.000292936
0.000920701
0.000820263
0.000366847
0.000686573
0.000734442
0.000282934
0.000365907
0.0003594
0.000290103
0.000569302
0.00143481
0.000258903
0.000377763
0.000273896
0.000271489
0.000267577
0.000501013
0.00146602
0.000267036
0.000398629
0.000238115
0.000701439
0.000919196
0.000431545
0.000482989
0.00102335
0.00037998
0.000267833
0.000805547
0.000636961
0.000366212
0.000105284
0.000642067
0.000317389
0.000515367
0.0003833
0.000315084
0.000300825
0.000418353
0.000229081
0.000501332
0.000887657
0.000298083
0.000879071
0.00024457
0.000196305
0.000217621
0.00403911
0.000181847
0.000318952
0.0011164
0.000740405
0.000879402
0.000268941
0.000267478
0.000710063
0.00149787
0.000791481
0.000320925
0.000539524
0.000367525
0.000245355
0.00043898
0.000496525
0.000491866
0.000336523
0.000398331
0.000613708
0.000571616
0.000212986
0.000202732
0.000575171
0.000224934
0.000154114
0.000216886
0.000376724
0.000316752
0.000435178
0.00105684
0.000480204
0.000549627
0.000186576
0.000251049
0.00039181
0.013919
0.000441508
0.000512975
0.000289139
0.000218061
0.00049877
0.000186652
0.000462289
0.000837138
0.000608069
0.000340318
0.000150125
0.000417141
0.00041427
0.000299563
0.000353499
0.000375207
0.000272162
0.000294297
0.000412447
0.000644205
0.000273608
0.00228907
0.00116143
0.000133668
0.00026757
0.000518984
0.000301512
0.00134418
0.00105374
0.000157932
0.000519322
0.00047951
0.000726823
0.000677102
0.000340804
0.000781633
0.00045345
0.000889945
0.00861865
0.000575903
0.00354488
0.000945806
0.00100162
0.00104847
0.000375746
0.000789374
0.000310634
0.000359214
0.00134197
0.000363133
0.000305379
0.000335216
0.000338554
0.0110596
0.00189413
0.000675581
0.000726699
0.00042187
0.00018853
0.00121859
0.000337516
0.00024725
0.000725734
0.000196227
0.000440648
0.000504076
0.0002704
0.000131585
0.000501033
0.000614721
0.000264251
0.00038083
0.0021401
0.000430568
0.00047689
0.000689931
0.000660382
0.000315229
0.000794915
0.000875868
0.000163277
0.000320888
0.000169824
0.00031988
0.000292347
0.000341046
0.000773172
0.000443054
0.00025453
0.000822489
0.000360588
0.000498311
0.000576394
0.000533268
0.000257704
0.000575053
0.000545611
0.000232936
0.00261422
0.00103363
0.000854522
0.000816179
0.000260203
0.000281504
0.0010659
0.00103739
0.000366142
0.000190951
0.000642498
0.000191547
0.000204367
0.000307331
0.000216967
0.000530949
0.00163852
0.000531767
0.000255453
0.000600551
4.18566e-05
0.000332384
0.000511867
0.000491284
0.000707586
0.000252271
0.000146015
0.000325265
0.000239322
0.000228838
0.000416755
0.000961352
0.000836897
0.000623414
0.000601663
0.00168319
0.000439049
0.000222585
0.000760877
0.000478674
0.000419355
0.000334351
0.000561089
0.000576939
0.00091626
0.000168868
0.000577711
0.000398328
0.00035683
0.000182689
0.00037682
0.000241398
0.000490217
0.000648462
0.000533833
0.00072034
0.000483166
0.000524304
0.000491443
0.00061735
0.000761813
0.000987999
0.000456449
0.000289448
0.00705587
0.0162063
0.000572534
0.00090028
0.000206922
0.00024655
3.65653e-05
0.000690056
0.000462683
0.00124728
0.00088511
0.000375805
0.000295144
0.000487191
0.000564511
0.00090352
0.000859906
0.000377636
0.00111148
0.000252955
0.000300703
0.000320255
0.000390485
0.000968046
0.000585989
0.000534796
0.00045672
0.000156493
0.000725613
0.000453646
0.000367289
0.000500866
0.000107529
0.000185366
0.000858073
0.000114943
0.0160643
0.000305282
0.000201379
0.000480652
0.000349296
0.000537784
0.00033757
0.000522753
0.00101683
0.000312694
0.00021664
0.000345265
5.55488e-05
0.000155305
0.000279911
0.00038696
0.0004953
0.00152994
0.000412614
0.000522319
0.00215555
0.000872916
0.000418827
0.000537964
0.000133496
0.000416389
0.000174234
8.64444e-05
0.000469147
0.000926285
0.000411349
0.000525946
0.000305271
0.000267158
0.00194133
0.000278057
0.000539723
0.000349881
0.000233318
0.000481471
0.000339635
0.000584142
0.000699655
0.000294604
0.000162808
0.000621619
0.000302161
7.72765e-05
0.000132477
