6.29925e-05
0.000439302
6.38022e-05
0.000490501
7.93077e-05
0.000103381
0.000316299
4.54213e-05
0.000109874
0.000159756
0.000252166
0.000171898
6.79878e-05
0.000265966
0.000204046
0.000243187
9.38113e-05
0.000156969
7.66007e-05
0.000533106
0.000314903
5.04191e-05
0.000182621
0.000205184
0.000110798
0.000503831
0.000104109
0.000169134
0.000230687
0.000165227
0.000311169
0.00218888
1.46313e-05
2.06716e-05
0.000123911
0.000122228
0.000327887
0.000190534
0.000224132
0.000109415
0.000315956
0.000158708
6.71088e-05
0.000228919
0.000129535
0.000136785
0.000967793
6.34015e-05
0.000498117
0.000157184
0.000943149
0.00020439
0.000724877
0.000219436
5.4198e-05
0.000358421
0.000143723
0.000230368
0.000127865
8.79643e-05
0.00011686
0.000219627
0.000122466
4.59616e-05
0.000100897
0.000166355
6.22697e-05
0.000203318
7.12101e-05
8.08261e-05
0.000260272
7.82449e-05
0.000553908
0.000152955
0.000172219
4.6792e-05
0.000115742
0.000229558
0.00116562
5.28391e-05
0.000131503
1.59163e-05
0.000436573
0.000952183
0.000557739
0.000161901
0.0029733
0.000186491
0.000266694
0.000118153
0
0.000186975
0.000391744
0.000123545
0.000152779
9.22013e-05
0.00126438
0.00115767
0.000260919
0.00014545
0.000146209
0.000205162
9.73536e-05
0.000556812
0.000750081
3.11367e-05
8.96341e-05
0.000116804
0.000193703
0.000225608
0.000195524
0.000336073
9.50735e-05
7.10927e-05
0.000350749
0.000186939
0.000106798
0.000144307
0.000139933
0.000434164
0.000166899
0.000230509
5.17731e-05
4.16701e-05
0.000189215
0.294124
0.000114792
0.000234647
0.000104981
7.4943e-05
5.21126e-05
0.000193675
0.000166904
0.000167886
7.63704e-05
0.000117293
6.78099e-05
0.000116187
0.00032586
0.000118146
0.000241554
0.000117802
0.000138546
0.00013621
0.000169565
0.000136222
0.000190185
9.34467e-05
0.000136438
0.000133297
0.000582247
0.000202406
5.59245e-05
0.000379858
0.000454853
8.34983e-05
8.65245e-05
0.000114063
0.000284182
0.000282398
0.00038872
0.000107946
0.000165171
5.9843e-05
4.94988e-05
0.00223386
4.81571e-05
0.000115732
0.00020816
4.15167e-05
0.000119944
0.000165915
0.000188178
0.000267459
9.28553e-05
6.54035e-05
8.4513e-05
0.000276616
0.000267729
0.000243355
0.000291562
5.80726e-05
0.00016568
3.43107e-05
0.00011211
0.000276504
0.00019619
0
6.09156e-05
0.00011322
5.02791e-05
0.000288338
0.000219818
0.000295795
0.000340339
9.41999e-05
0.000156388
0.00224377
0.000137925
0.000193445
3.78829e-05
0.000112711
0.000410915
0.00012382
0.000164991
4.94527e-05
5.29845e-05
0.000142767
7.65539e-05
6.73048e-06
9.10684e-05
0.000162115
0.000112307
0.000124639
0.000167673
0.000208956
8.02306e-05
0.000153945
0.000138812
0.000119959
0.000336859
0.000264268
0
0.000102482
7.4035e-05
0.000110496
0.000238606
8.23897e-05
1.38385e-05
0.000212274
0.000535819
0.000103484
1.24548e-05
9.11752e-05
0.000201565
0.000659909
0.000129972
6.88849e-05
0.000150112
0.00026478
0.000370469
9.15941e-05
7.39468e-05
0
0.000149322
0.000222288
6.03566e-05
0.000111649
7.20262e-05
4.32923e-05
0.000103424
5.84641e-05
0.000128566
0.000222445
6.76145e-05
0.00012867
9.4262e-05
0.000116405
0.000162126
0.000235631
4.9521e-05
0.000181423
0.000215228
0.000127588
0.000206116
0.000265312
0.00061883
0.0102885
0.000152098
0.000457355
0.000245609
0.000150418
0.000565449
9.51823e-05
0.000255102
0.000233042
0.000213619
0.00018945
0.000132839
0.000310829
2.36843e-05
0.000180784
0.000221794
0.000761566
4.82471e-05
0.000376463
0.000426025
0.000292326
0.00035439
0.000398972
0.000156951
0.000250423
0.000316138
0.000165995
7.27704e-05
0.000351026
7.4764e-05
0.000218679
0.000123445
7.6554e-05
0.000110331
3.8402e-05
0.000131426
0.000115176
0.000124506
4.02204e-05
7.05713e-05
2.01723e-05
0.00049618
0.000274117
0.000116528
4.03464e-05
0.000230905
0.000651359
0.000100151
0.00018455
0.00022595
0.000319022
0.000263954
4.68098e-05
0.000330611
0.000115702
0.000160211
0.000127215
0.000356393
0.000142861
0.000479443
0.000270073
0.000436186
0.000116054
8.95403e-05
0.000193575
0.000122074
3.6863e-05
3.05462e-05
0.000177663
8.96911e-05
0.00016443
0.000151643
4.9296e-05
0.000106285
0.000185481
0.000100789
0.000532521
0
0.000209652
0.000216745
0.000733889
0.000263149
0.000814412
0.00015335
6.23373e-05
0.000196999
5.19894e-05
0.000366891
0
0.0002896
9.23492e-05
0
2.37131e-05
0.00017285
0.0057383
0.000105238
0.000107333
1.54828e-05
0.000418652
0.000103263
6.62488e-05
8.82204e-05
9.85968e-05
0.000172083
0.000119681
0.000219717
0.00012041
0.000163795
0.00063375
4.27813e-05
0.000459797
6.34688e-05
0
0.000444943
3.1644e-05
0.000389048
0.000121472
8.67689e-05
8.13801e-05
1.2802e-05
0.000157002
0.000119464
0.000206227
0.000219812
0.000100513
0.000138973
0.000184039
5.42245e-05
0.000272971
8.59933e-05
0.000282461
7.9172e-05
0.000207625
0.000111863
5.46897e-05
0.000140848
9.62253e-05
0.000146253
0.000105366
0.000207668
0.000589378
0.000166702
0.000400857
0.00019961
0.000145111
7.23377e-05
0.000638451
0.000196499
9.60834e-05
0.000303719
0.000188236
0.000118428
0.00139663
0
0.000212848
0.000132653
0.000108053
0.000306548
0.000484021
6.89642e-05
0.000191381
2.88055e-05
0.000219876
5.61033e-05
9.53181e-05
2.83404e-05
0.00010795
0.000106508
2.86873e-05
0.00017276
7.28912e-05
7.64738e-05
0.000311511
0.000129104
0.00011461
0.000397829
0.000153679
0.000217873
9.87216e-05
0.000190881
0.000108604
0.000173272
0.000178201
6.23561e-05
0.000204652
6.69934e-05
7.60527e-05
0.000215057
3.19364e-05
5.98016e-05
0.000548704
4.30463e-05
6.47304e-05
0.00027987
0.000114053
3.94994e-05
0.00023467
0.00021136
7.20251e-05
7.4152e-05
0.000570225
0.000359357
2.84439e-05
0.000207412
0.000140145
5.60645e-05
9.4616e-05
0.000271211
8.70115e-05
0.000892561
0.000264097
0.000123688
5.35072e-05
8.38195e-05
0.000198411
2.38011e-05
0.000505411
0.000143561
2.03698e-05
0.00677969
7.43348e-05
1.38137e-05
0.000248199
0.000239288
0.0018879
0.000205354
0.000147402
5.50749e-05
7.72921e-05
4.13502e-05
0.000110132
9.61187e-05
0.000238592
0.000137887
0.000155103
0.000103375
6.31073e-05
8.0047e-05
0.000166679
0.00015873
0.000133993
0.00127824
0.000134965
6.73016e-05
0.000136183
0.000186322
0.000230727
4.78565e-05
3.12522e-05
0.00108963
0.000126348
0.000130352
0.000288934
0.000158328
0.00013596
0.000121136
7.4423e-05
0.000169705
0.000474051
0.000254214
7.57937e-05
0.00246125
0.000232333
0.00012684
0.000104845
5.28644e-05
0.000117459
0.0025624
0.000244861
9.79007e-05
0.000471039
5.94351e-05
0.000618859
0.000132184
0.000219056
0.000180309
0.000136625
0.000271493
5.35937e-05
1.22666e-05
0.00798115
0.000354989
0
0.000265512
0.000348691
0.000259339
0.00011971
0.000243509
0.000152907
4.13377e-05
2.41781e-05
2.11492e-05
0.000100213
0.000241405
8.36987e-05
0.00019361
0.00116246
0.000507631
0.000106435
7.66322e-05
7.51545e-05
0.000151139
0.000296011
4.42041e-05
0.000122267
0.000128973
0.000100268
0.000149821
0.000191647
0.000247373
7.34941e-05
3.4629e-05
0.000136251
4.32414e-05
0.000316466
4.43493e-05
3.19532e-05
0.000161912
8.69925e-05
0.000620218
0.000388815
0.000411014
0.00117214
0.00017244
8.04907e-05
0.0004135
5.45699e-05
0.000123307
0.000147045
7.96829e-05
3.55597e-05
0.0001122
7.45227e-05
4.62565e-05
0.000154936
0.000497677
0.000114972
0.000132774
3.39427e-05
0
0.000221009
0.000264433
0.000212658
0.00041586
8.57675e-05
0.00019996
0.000100725
0.000106176
0.00275533
2.83052e-05
0.000316913
0.000393749
7.96375e-05
0.000172548
0.000719573
0.000482142
0.000755706
0.000536753
0.000396579
0.000177851
0.000122407
0.00025508
0.000896082
0.000182508
0.000186507
0
0.000153853
0.00016851
9.58258e-05
6.60542e-05
0.000232482
0.000133141
0.00029696
0.0003692
0.00685528
0.000148163
8.36747e-05
0.000118097
0.000269055
0.000115951
0.000140294
0.000932746
0.000214698
6.69337e-05
0.000180627
0.000121246
4.66567e-05
0.000484474
4.24623e-05
0.00018585
5.15594e-05
0.000152048
0.000129811
8.3043e-05
0.000167329
0.000254683
0.000702032
0.000157568
0.000350649
7.8057e-05
9.77953e-05
0.000310149
2.46559e-05
9.15368e-05
0.000286602
0.000153873
0.00018156
0.000114518
7.52833e-05
6.70359e-05
0.000117566
0.000176685
0.00026348
1.91721e-05
0.000100381
0.000230674
0.000118341
0.000214685
0.000203266
0.000405257
3.25722e-05
8.39714e-05
0.000355624
0.000167493
5.65445e-05
0.000189506
0.000313047
0.000125049
0.000223762
3.97147e-05
1.7886e-05
5.17157e-05
0.000445046
0.000456623
0.000222876
0.000115037
0.00039681
4.74656e-05
8.98606e-05
0.000297128
0.00012808
0.000193263
0.00108697
0.000138459
0.000145855
0.00042988
8.78084e-05
0.000329112
0.00012726
0.000300028
5.97813e-05
4.71334e-05
9.27626e-05
2.11332e-05
0.000203947
0
0.000162037
4.49286e-05
0.000273187
0.000275417
0.000268192
0.000129842
9.49581e-05
8.54095e-05
6.27046e-05
9.99329e-05
0.000291812
0.00012174
0.000119935
0.00014836
7.74995e-05
9.94472e-05
0.000329978
0.000241268
5.33328e-05
0.000186316
0.00282262
0.000154117
5.39682e-05
0
8.06885e-05
0.00042916
0.000170987
0.000195665
0.000147475
0.000147965
0.000233024
0.00021517
0.000137636
0.000106207
0.000329054
8.6035e-05
9.75233e-05
0.00161131
0.000217081
4.71218e-05
0.000154104
0.000234649
0.000107178
5.40127e-05
0.000185043
6.72522e-05
0.000286728
5.20323e-05
9.81717e-05
0.00504319
0.00044513
0.000133282
0.00016089
0.000226698
7.21867e-05
0.000195416
0.000349694
8.33878e-05
0.000136442
0.00289486
9.92754e-05
0.000308619
0.000444736
0.000419378
0.000186369
9.31503e-05
0.00048618
0.000115141
0.000197735
0.000176502
0.000111059
7.3484e-05
0.000150616
0.000822415
0.000101077
0.000199042
0.000273482
9.03012e-05
0.000198981
0.000222257
0.000184748
9.65627e-05
0
0.00020859
0.000190819
0.00027308
4.18551e-05
8.22153e-05
0.000157724
0.000175826
0.000139406
0.000148224
0.000296114
0.000237164
0.000112941
0.000243809
8.82766e-05
0.000135274
6.40795e-05
3.1902e-05
0.000178976
0.000198493
0.000105314
0.000213441
0.000120233
0.000204119
7.52033e-05
0.000154742
0.000158573
0.000131906
2.67463e-05
0.00023911
3.72888e-05
0.000217314
0.000131765
0.000104884
0.000121581
0.000284664
3.41032e-05
0.000331944
0.0023187
0.000168705
0.000742261
6.12685e-05
5.50935e-05
7.61312e-05
5.88004e-05
0.000224489
0.000213778
0.000112808
6.17191e-05
0.000116351
0.000171647
0.000295489
4.15909e-05
3.35797e-05
0.000249642
0.000109096
7.76355e-05
0.000150137
0.00016119
0.000103309
8.59345e-05
9.64002e-05
0.000219446
0.000229212
0.000319586
0.000490786
8.31447e-05
0.000142602
9.48263e-05
0.000136341
5.40155e-05
0.000141033
0.000102433
0.000124457
0.00043599
0.000187802
0.000180149
0.000765633
7.42525e-05
0.000284831
0.000162467
5.51079e-05
0.000318534
0.000223922
0.000111091
0.000676206
0.000158
0.000225961
0.000204931
0.000383996
0.000218464
3.33705e-05
3.71369e-05
4.92303e-05
0.000397563
6.82844e-05
0.000191643
0.000112184
0.000161369
0.000143684
0.000139905
0.000206445
7.41054e-05
7.84907e-05
0.000232296
0.000211519
3.787e-05
0.000287289
0.000196274
0.00011259
0.000136096
0.000194053
4.74956e-05
0.00010708
0.000254252
0.000212815
5.84942e-05
0.00080657
4.56431e-05
4.29253e-05
0.000129251
0.000187071
6.61714e-05
0.000205223
6.20731e-05
5.68291e-05
6.43483e-05
0.000139154
9.89287e-05
0.000243384
0.00164976
8.8837e-05
0.000306101
0.000384105
0.000264808
0.000112736
0.000134768
0.000106679
0.000232807
8.00202e-05
0.00023294
6.04419e-05
0.000177424
0.00012979
0.000767002
3.69298e-05
0.000184125
0.000124157
0.000137228
0.000108864
0.00120353
0.000433049
5.83028e-05
0.00106821
6.40489e-05
0.000271515
0.000305106
0.000225709
0.000203313
0.000239751
0.00017077
0.000311799
0.000158327
0.00024442
0.000178966
0.000168745
0.000374114
9.72812e-05
0.000141724
0.000225582
0.000203569
9.26571e-05
0.000133906
4.46184e-05
0.000124058
0.000372235
0.000247145
8.19641e-05
0.00033786
0.000151215
7.78682e-05
0.000199818
0.000385667
9.50318e-05
9.22803e-05
0.000244863
3.19985e-05
0.000218245
0.000951916
0.000164535
6.30886e-05
2.44371e-05
0.000248271
0.000394345
6.39779e-05
0.000174686
0.000306033
0.000168347
2.53042e-05
6.82853e-05
0.000196909
0.000102284
2.54928e-05
0.000272843
0.000172907
0.000365224
8.51452e-05
0.000144978
0.00029639
0.00020783
0
0.000209394
2.53922e-05
0.000290783
0.000153915
0.000213101
9.90748e-05
0.000106945
0.000116665
0.000180446
0.000138878
6.93278e-05
0.000680191
0.000111719
0.000123909
9.26893e-05
2.2592e-05
0.000254133
3.46958e-05
0.000161665
0.000103968
0.000230048
0.000285711
0.000295854
0.000178233
0.000371459
0.000345017
0.000233969
0.000147674
0.000199605
0.000114662
0.000169193
0.000483002
0.000286425
9.99441e-05
0.000672237
6.82977e-05
0.000182106
0.000119826
0.000191982
9.14926e-05
0.000150301
0.00029624
0.000121567
0.000276333
0.000417195
0.000173957
4.40534e-05
8.74366e-05
7.2753e-05
0.000252058
0.000106792
0.000222037
0.000279417
4.87176e-05
0.000115359
0.000198781
6.89726e-05
0.000209517
0.000118491
7.97152e-05
0.000113436
0.000104307
2.87305e-05
0.000119089
0.000109742
0.00109585
0.000125091
0.000364243
0.000115284
0.000144016
0.000144649
0.00031673
0.00038625
9.89572e-05
0.000905671
9.95618e-05
0.000830723
0.000153554
8.33753e-05
4.31358e-05
0.000223662
0.000160547
5.13661e-05
5.13667e-05
8.43421e-05
8.12203e-05
0.000403157
6.2626e-05
4.97959e-05
0.00166694
0.000195493
0.00014993
0.000135589
0.000355071
0.00314038
8.768e-05
0.000195148
0.00028409
0.000167855
9.04015e-05
0.00028344
0.000635084
9.36002e-05
7.45432e-05
0.000350682
0.000206713
9.74239e-05
0.000702316
7.14068e-05
0.00300044
0.000345244
1.16567e-05
0.000197414
0.000144336
9.96588e-05
0.000515686
0.000263347
0.00010531
0.000156334
6.08045e-05
0.000270336
0.00157067
1.46444e-05
0
7.44562e-05
5.21926e-05
1.78415e-05
9.77018e-05
0.000120258
0.00015276
7.56904e-05
0.000205788
1.31878e-05
0.000171199
3.32944e-05
0.00036973
0.000231296
5.69767e-05
0.000171848
7.70397e-05
0.000152677
4.87952e-05
0.000417013
0.000112635
0.000232249
7.57809e-05
2.09985e-05
0.000153291
6.85098e-05
8.13826e-05
0.000153725
0.000327079
0.000291942
0.000310035
0.000176303
9.04364e-05
0.000193092
0.000254138
0.000125226
0.000132049
0
0.000197562
9.70204e-05
0.00348259
7.39844e-05
0.00013712
0.000110251
0.000519782
0.000226486
0.000125087
0.000106706
0.000183053
0.000115135
0.000142567
0.000300296
7.31289e-05
0.000211708
0.000141462
0.000316187
0.000251954
0.000354715
0.000120705
5.60482e-05
0.000110723
0
0.00016899
9.20749e-05
0.000238107
0.000109823
7.52124e-05
2.83377e-05
0.000201078
0.000138896
0.000176072
0.000142329
9.8555e-05
0.000195519
0.000194485
0.000141465
4.69951e-05
6.04115e-05
0.000301328
0.000185191
8.0327e-05
6.90214e-05
0.000124692
0.00011933
4.36748e-05
9.8168e-05
8.49667e-05
0.000218451
0.000276916
0.000135223
8.68633e-05
0.000178459
0.000732069
0.000163898
0.000356316
0.00126718
0.00018467
0.00468145
0.000105248
6.63068e-05
7.19726e-05
5.44906e-05
0.000248567
0.000152989
0.000263435
0.000133285
7.30498e-05
0.0002075
0.000226661
0.000170812
0.000198526
0.00031529
3.70168e-05
0.000166332
0.00048638
0.000328178
0.000156241
0.000127242
6.32776e-05
0.000108541
0.000293998
0.000160932
7.36118e-05
0.00014341
6.7428e-05
5.87509e-05
8.57807e-05
0.000252359
2.52984e-05
9.72669e-05
0.000108683
4.38758e-05
0.000256814
0.000153528
0.00019864
0.000195714
0.000355017
9.2653e-05
0.000297837
0.000428411
1.83276e-05
0.000257199
7.13065e-05
0.00014354
0.000278065
0.000140085
0.000124202
0.000175755
0.000130502
4.3225e-05
0
0.000148541
0.000334666
0.000211655
0.000327985
0.000175489
0.000236168
0.000427937
0.000704736
0.000133244
0.000203176
0.00074691
0.000246642
0.00011093
0.000392321
0.000125758
0.000175213
0
0.000220435
8.57157e-05
0.00447537
2.2816e-05
0.000220661
0.000254261
8.25487e-06
0.000189171
2.23195e-05
4.2197e-05
9.96393e-05
0.000158002
0.000913993
0.000513866
8.60196e-05
0.0001873
0.00013312
9.4975e-05
8.86609e-05
0.000179135
0.000174607
0.000183221
0.000630276
0.000147565
9.28703e-05
9.21966e-05
0.000165075
0.000171872
0.000228706
0.000102333
9.5607e-05
7.03706e-05
0.000268765
8.29185e-05
4.81492e-05
0.000304432
0.000159357
6.37768e-05
9.25309e-05
0.000676492
3.95982e-05
0.000158848
0.000124159
0.000139849
4.24204e-05
9.52649e-05
0.000149074
8.94739e-05
0.000155934
0.000204451
0.000279464
5.63888e-05
0.000120418
0.000135626
2.24004e-05
0.000376103
0.000112916
0.00215286
0.000240596
0.00014555
0.00010287
0.000102647
0.000400452
0.000412124
0.000251411
2.52939e-05
9.56539e-05
0.000152701
7.57026e-06
0.000114883
0.000298019
0.000126332
9.15445e-05
0.000133403
0.000300649
0.000137494
6.77425e-05
0.000110749
3.74067e-05
0.000210104
0.00121414
4.42022e-05
0.000159322
0.0001751
6.64567e-05
0.000115185
2.33914e-05
0.00010181
0.000180798
8.20829e-05
0.000253506
0.000118241
0.000111112
0.000168111
0.000104578
9.40394e-05
6.69168e-05
9.40465e-05
9.51094e-05
2.57441e-05
0.000181408
0.000353527
0.000308133
0.000616076
0.00011852
5.06022e-05
0.000386473
0.000554927
0.000322373
9.72469e-05
0.000100494
0.000120849
9.26949e-05
0.000156097
0.000114898
8.73354e-05
3.72002e-05
0.000164742
0.000141969
0.000137085
0.00011973
0.000314635
0.000160484
0.000236922
1.72564e-05
0.000122389
0.000170378
0.000239225
0.00026335
0.00282157
0.000163639
5.26661e-05
0.000162475
0.000114742
0.000767249
6.43945e-05
0.000181918
0.000239162
0.000127171
0.000173647
0.00109157
0.00030679
0.000127795
0.000367641
0.000164959
0.000161515
3.7751e-05
0.000103363
0.000542749
0.000794852
0
0.000206622
6.17038e-05
0.000158227
0.000164239
0.000129846
0.000352294
0.000266276
0.000330725
0.000157459
0.000382286
0.000631389
0.000334681
0.000199475
0.000139094
0.000393994
0.000199283
1.00367e-05
0.000102574
0.00023747
0.000108318
0.000221684
9.38171e-05
0.000132018
0.000111048
7.93223e-05
0.000121624
0.000866891
0.000101937
0.000197529
0.000123971
0.000545459
0.00107235
0.000272495
0.000248244
8.91079e-05
6.40991e-05
0.0001714
0.000152747
0.00304081
0.000595806
0.000247628
7.3936e-05
0.0001078
6.05418e-05
0.000656087
9.34777e-05
0.000335499
6.20621e-05
0.000176979
0.000121526
0.000270049
0.00034471
0.00020445
2.1035e-05
0.00019338
0.000409211
0.000204378
0.00017933
0.000172958
0.000121772
0.000387337
0.000149312
0.000173446
0.000102538
1.36172e-05
7.36851e-05
0.000183439
3.04275e-05
0.000198634
0.0002489
8.23751e-05
6.15675e-05
0.000131526
0.000105032
5.87412e-05
7.8698e-05
0.000221785
6.11178e-05
0.000270343
0.000141329
0.000103429
0.000134175
0.0003335
0.0001048
5.35347e-05
0.000241897
0.000220334
4.3601e-05
0.000117385
0.000215916
0.000215078
0.000104193
0.00267764
9.67646e-05
0.000198127
0.000164075
0.000126662
4.54494e-05
0.000113075
0.000111562
0.000310096
0.000178937
0.000302115
6.26942e-05
6.83893e-05
0.000110284
0.000141312
8.9351e-05
0.000203169
6.01141e-05
1.91008e-05
2.03296e-05
0.000123722
9.7356e-05
9.13276e-05
0.000150848
0.000341024
0.000296363
0.000147562
7.01196e-05
0.00016069
0.000178453
0.000102732
7.44258e-05
0.000178128
0.000213992
7.48344e-05
0.000119407
0.00023995
6.94366e-05
1.92248e-05
8.72679e-05
0.000745543
0.000113215
3.55814e-05
0.0015603
0.000236428
9.52567e-05
8.7838e-05
0.000164101
0.000171128
9.49595e-05
3.12666e-05
5.56218e-05
0.000220189
7.64339e-05
0.000138815
8.66564e-05
0.000169154
0.000150922
0.000198645
0.000323496
0.000166564
0.000119247
0.00048242
7.60703e-05
0.000142352
0.00195793
2.86767e-05
0.000107556
0.000373649
0.000177844
0.000302816
0.000266518
8.01475e-05
0.000613834
0.000610376
0.000142518
0.000205098
0.000621464
0.000274823
0.000142083
0.00170559
0.000105068
0.000131048
0.000282088
2.70662e-05
0.000278733
0.000163011
0.000227108
0.00016168
8.88919e-05
3.81273e-05
0.000235198
0.000191145
0.000226461
5.67472e-05
0.000298466
7.24417e-05
0.000408913
8.06339e-05
0.000162389
0.000224908
0.000131088
0.000249728
0.000458519
0.000139014
0.000110525
0.000709288
0.000112418
0.000303463
1.64413e-05
0.000105914
8.70143e-05
8.02227e-05
0.000161314
0.000157559
3.02674e-05
8.36446e-05
0.000219536
0.000209282
0.00030434
4.40295e-05
0.000437082
0.000182209
0.000159883
0.000147435
7.10837e-05
0.000552543
0.000180972
0.000135951
0.000200378
0.000118298
0.000413397
0.000354277
0.000146342
0.000286812
0.000168178
9.72816e-05
6.88271e-05
0.0002298
0.000224885
0.000188112
0.000212406
0.00262645
0.000183448
0.000134329
0.000151854
0.000212964
0.000230446
9.38787e-05
1.29538e-05
0
0.000252336
0.000208268
6.42738e-05
4.84195e-05
0.000157749
0.000180754
0.000123768
0.000209336
0.0001181
0.000157454
8.83649e-05
9.42485e-05
0.0160835
0.000238632
0.000352482
0.000141039
3.38978e-05
0.000104481
6.72043e-05
0.00163811
0.000181234
0.000110968
0.000149667
5.91139e-05
0.000271737
0.000750977
0.000370636
0.000162122
0.000175168
0.000208142
0.000103012
0.000215397
9.11744e-05
9.12774e-05
0.000341892
0.000396039
0.000173799
0.000513305
0.000133308
0.000113166
7.26003e-05
9.48612e-05
0.000299718
0.0002772
0
0.000253693
0.000148527
0.000119513
7.35458e-05
0.00027592
0.000518727
0
0.000187382
0.000197683
7.20666e-05
0.000178005
2.84002e-05
0.000275188
0.000437299
0.000119883
0.00165571
8.81843e-05
7.5956e-05
0.000150408
0.00014598
0.000128631
0.00611809
9.0234e-05
6.26312e-05
9.61589e-05
7.11421e-05
5.96873e-05
0.000252934
0.000159254
0.000139298
0
0.00013822
4.27229e-05
0.000258595
0.000176388
0.000109998
0.000257073
0.000113689
0.000232329
0.000156096
0.000119142
0.000274158
0.000126402
9.83644e-05
0.00017933
7.43659e-05
6.25236e-05
0.000158949
0.000136867
0.000217504
5.67014e-05
0.000178986
0.000237721
0.000171326
0.000146848
0.000205397
0.000438772
0.000189527
0.000533141
0.00014205
8.38024e-05
0.000111669
0.000176339
0.000185578
0.000246968
0.000374982
0.000327229
6.58476e-05
0.000224774
0.000217681
5.03626e-05
7.24215e-05
0.000380027
5.33947e-05
0.000242606
0.00033205
0.00963297
0.000166081
0.000280607
0.000192861
0.00155063
7.21731e-05
0.000162342
0.000268153
0.000258536
8.56003e-05
4.36112e-05
0.000218821
6.69742e-05
0.000506247
4.4178e-05
0.000469736
0.000484053
0.000252589
5.49801e-05
0.000109127
4.6215e-05
0.000117795
0.000607682
0.000126592
3.10238e-06
0.000422356
0.000179212
0.000326374
3.9009e-05
0.000149357
6.00942e-05
3.68502e-05
0.00013661
8.83758e-05
0.000170559
7.52499e-05
0.000148697
5.40555e-05
0.000611092
0.000181268
0.000165445
0.000101306
2.80744e-05
0.000224165
0.000151881
0.00025315
0.000583215
0.000280903
0.000538425
0.000436844
0.000107126
0.00149064
0.00107651
0.00022345
0.000102301
0.000426157
2.15304e-05
0.000277173
0.000311392
0.000158298
0.000212724
6.11626e-05
0.00023856
9.11121e-05
0.000122215
0.000150877
9.00886e-05
0.000350323
0.000294508
0.00163927
0.000348576
0.000171539
5.54305e-05
0.000174131
0.000252682
0.000142332
0.000174222
0.000132426
0.000177934
0.000133714
0
0.000555553
0.000185677
0.000281784
0.000126515
9.44875e-05
0.000206009
9.94027e-05
6.19543e-05
2.51921e-05
8.5748e-05
9.38367e-05
0.000221952
0.000418257
9.01272e-05
0.000112683
0.000358257
0.000274139
0.000118612
9.68524e-05
0.00101416
5.83312e-05
0.000237958
2.04559e-05
8.53505e-05
0.000127584
0.000120291
8.83496e-05
0.000235749
0.000121815
0.000204711
0.000212904
0.000169123
0.000149266
0.000193139
0.00020458
0.000229448
0.000180904
0.000222712
0.000231135
6.38852e-05
0.000235178
5.97049e-05
0.000437735
0.000122814
8.35569e-05
0.000668687
5.51231e-05
0.000123349
0.000114078
0.00042539
9.01329e-05
0.000128311
0.000154993
0.000171671
5.42897e-05
0.000460901
0.000121632
0.000403559
0.000176932
4.73568e-05
0.00018944
0.00059018
0.000260006
0.0005968
0.000617213
3.41599e-05
9.80358e-05
2.26547e-05
6.41133e-05
0.000170698
0.000186817
0.000165753
8.40499e-05
2.13511e-05
0.000800341
0.000128336
7.76228e-05
5.80619e-05
9.33732e-05
0.000355044
0.000285213
0.000234582
7.59049e-05
0.00015665
0.000122169
0.000160338
0.00043377
0.000103402
9.62234e-05
0.000257119
0.00010879
2.57048e-05
2.9526e-05
9.77951e-05
0.00078078
0.000169152
0.00167169
5.52444e-05
0.000437261
0.000672664
8.36835e-05
1.11251e-05
9.07587e-05
0.000349398
9.10334e-05
0.000131855
0.00027449
5.57927e-05
0.000128538
0.0024652
4.7829e-05
0
6.55408e-05
2.65422e-05
3.85459e-05
0.000329259
0.000523014
0.000117458
0.000244754
0.000132861
9.1489e-05
0.000427649
0.000147106
0.000154198
7.96246e-05
0.000131502
0.000353361
0.000109979
0.000220255
0.000433552
1.50389e-05
0.000125871
0.000150102
0.000523563
0.000268562
0.000150559
7.28989e-05
0.000180723
0.000318639
8.53761e-05
0.000403317
0.000306603
0.000222597
0.00013458
0.00468035
0
9.44506e-05
0.00210003
0.00017061
0.000227801
3.68625e-05
0.000480805
0.000268697
0.000541835
0.000615131
0.000263056
7.31838e-05
0.000197749
5.53734e-05
0.000279539
0.000179601
0.000121563
0.000132796
0.000121188
0.000204227
0.00014673
0.000105874
5.26467e-05
0.000421322
4.79269e-05
1.53482e-05
0.00050966
0.000210542
0.000316408
0.000237402
0.000164493
0.000310143
0.000112917
0.000159146
0.000196742
0.000107078
0.000177204
5.93722e-05
0.000281266
0.000235291
8.05245e-05
6.78349e-05
0.000128687
5.0587e-05
0.000213091
0.00360441
8.64517e-05
0.000206669
0.000191165
0.000309567
6.51817e-05
0.000100742
0.000160782
0.000263734
0.000227213
5.15766e-05
0.000153698
0.000200669
0.000414578
0.000230403
0.000205863
0.000222227
0.000454043
0.000378519
0.00139389
0.000265197
3.25554e-05
3.77935e-05
0.000188384
6.5084e-05
7.79263e-05
0.000147805
9.19104e-05
0.000241891
0
0.000990101
0.000161933
0.000323783
0.000104723
3.00274e-05
8.91102e-05
0.000186069
0.000274066
0.00010799
0.00010269
0.000535953
3.01388e-05
0.000105313
0.000422574
0.000322613
0.000162783
0
0.000166536
0.000312229
0.000108383
0.000102527
6.96681e-05
0.000297096
4.76566e-06
0.000364817
0.000157496
0.000189875
0.000129336
0.000142798
2.48223e-05
0.000192186
0.000386836
0.000155096
0.00010476
0.000385612
0.000195542
0.000271569
7.15315e-05
0.000208548
8.65954e-05
0.000127834
0.000104363
0.000505726
0.000134155
4.45075e-05
4.72174e-05
9.0932e-05
5.97759e-05
0.000694439
0.000404315
0.000111581
0.00020452
0.00125291
0.000370178
5.03812e-05
0.000332867
6.99558e-05
0.000201007
0.000126723
2.35162e-05
0.000187919
0.000164751
0.000165876
7.04699e-05
0.000300455
0.000189286
0.000160251
0.000422302
0.000357486
0.000283039
0.000132443
0.000286634
0.000297562
7.55604e-05
0.000275252
6.00436e-05
0.000195328
6.67875e-05
0.000105972
0.000249913
0.000231531
0.00012791
5.44317e-05
2.32093e-05
0.000207765
0.000188949
0.000287931
0.00011285
3.33541e-05
0.000175591
0.000537527
1.04839e-05
0.000110531
0.000396199
1.97649e-05
0.000190006
0.000234876
0.00036166
0
0.000175523
7.40385e-05
0.000201501
0.0105897
0.000156082
3.18882e-05
6.85014e-05
0.000133821
0.00011486
0.000449057
0.000247772
0.000291629
0.00779207
0.000119536
0.000132621
4.81401e-05
0.000391804
0.000153929
0.000121492
0.000180352
5.84596e-05
0.000141033
0.000147583
7.10726e-05
0.00109308
0.000161242
7.27592e-05
0.000169918
0.000112589
0.000104531
0.000259865
0.0001163
2.71946e-05
0.00014448
0.000368654
0.000671067
7.57023e-05
9.09004e-05
9.37722e-05
0.000668104
0.000461644
0.000233967
0.000122346
8.84122e-05
0.000195597
0.000189753
0.000159801
0.000151813
0.000280493
0.000181776
0.000232432
0.00023329
0.000181204
0.000265537
7.03964e-05
0.000195333
9.92333e-05
0.000140284
0.000511277
0.000366321
0.000193573
0.000138133
0.00025645
0.000103511
0.000164004
0.000233543
0.000307709
0
7.25309e-05
0
0.000113087
0.000121678
4.12861e-05
0.000193844
0.000790307
0.000336001
9.50825e-05
0.000167692
0.00313565
3.09509e-05
0.000155978
4.61434e-05
0.0003289
0.000210583
0.000122851
0.000111943
9.06154e-05
0.000242764
0.000385505
4.28167e-05
0.000103622
0.000218698
7.16174e-05
0.000128158
0.000132318
0.000153186
0.000515973
0.000672393
0.00010541
0.000271295
0.000251345
0.000372098
0.000110907
2.40105e-05
1.86462e-05
7.76753e-05
0.000241743
0.000257414
0.000295171
0.000347396
3.57116e-05
0.000123696
0.00023083
0.000863551
2.99915e-05
0.000160657
0.000269534
2.21953e-05
0.000127846
0.000192037
0.000197137
0.000392829
0.00808299
0.000180823
0.000143327
0.000136886
0.000274858
0.000264364
0.000332037
0.000292755
2.6358e-05
3.65155e-05
0.00099554
0.000179487
0.000258527
0.000678417
0.000265436
0.000123041
9.51519e-05
0.000111667
0.000270442
6.66923e-05
0.000101852
0.000644335
0.000177243
4.17439e-05
0.000214364
0.000146018
0.000122704
7.99281e-05
0.000649272
0.000110283
0.000336603
0.000135116
9.64393e-05
0.000188916
0.00126346
0.000284698
0.000358311
4.7838e-05
7.98308e-05
8.67484e-05
0.000156688
7.52059e-05
0.000380211
6.64935e-05
0.00033056
0.000133755
0.000177235
0.000149579
0.000456052
0
0.000317038
0.000404824
0.000165564
0.000820878
0.000167723
0.000162103
0.000187245
0.000201537
0.000205508
0.000221741
5.99406e-05
0.00020289
0.000413672
3.15307e-05
0.000131603
0.00267393
8.74992e-05
0.000157725
4.94154e-05
5.99237e-05
0.000183505
0.00013145
6.69969e-05
0.000141227
2.99498e-05
0.000216633
0.00017199
0.000261402
0.00012631
3.4519e-05
7.41832e-05
0.000143757
0.000318341
0.000157792
0.000226066
0.000165649
0.000131033
0.000161364
0.000126922
0.00040296
0.000252984
0.000389648
0.000137215
0.000116212
0.000109935
0.000476578
0.000111847
0.000113812
0.000144535
0.000204643
0.000136886
0.000273537
0.000105184
9.51481e-05
0.000482189
0.000124227
0.000195336
2.41615e-07
0.000128654
0.000437718
0.000215964
0.000141151
0.000196857
0.000105249
0.00023332
0.000166974
0.000332293
6.08621e-05
0.000105482
0.000367069
0.000231774
0.00026993
0.000459037
0.000234258
0.000189901
0.00022367
0.00016979
0.000187997
0.0001579
0.00031022
7.99158e-05
0.000148062
0.000377627
5.75457e-05
0.000142672
0.000190378
4.45389e-05
9.85219e-05
8.32206e-05
0.000905437
0.000199144
0.000220428
0.000116023
0.000189783
0.000576753
8.4644e-05
0.000197372
0.000150413
0.000210237
4.61459e-05
0.000142527
0.000132144
7.4734e-05
0.000144526
8.14816e-05
1.18385e-05
0.000100938
0.00010652
3.32147e-05
0.000121257
0.000305365
8.39907e-05
0.00010012
0.000172814
0.000186003
0.000485468
0.000277723
0.000108843
0.000785398
9.85704e-05
5.87104e-05
5.94605e-05
0.00013499
0.000400808
0.00018637
0.000324876
0.000206131
4.13066e-05
3.95084e-05
0.000102254
0.000106152
0
0.000529475
0.000193157
7.30925e-05
0.000183701
8.87519e-05
1.81491e-05
5.90562e-05
0.000331398
0.000149044
0.00018327
0.000131127
0.000114119
0.000120518
0.00586755
0.000359345
9.51026e-05
0.000240213
3.87601e-05
0.000313654
0.000137033
0.000358586
0.00016416
8.49017e-05
0.000133067
0.000204262
0.000168721
2.23529e-05
0.000101623
8.66454e-05
0.000111007
0.000245957
0.00011166
9.2713e-05
0.000107655
0.000462946
9.72878e-05
0.000175553
0.00124952
0
0.000135282
0.000216078
0.000139435
0.000109905
0.000302262
0.000107134
3.57065e-05
0.000174748
0.00052289
0.000107398
0
8.6641e-05
0.000737517
0.000197327
8.68975e-05
0.000199721
0.000636501
0.000134926
0.000139574
0.000203456
0.00011454
0
7.15199e-05
0.000159098
0.00017642
0.000878972
9.22226e-05
7.53266e-05
1.74691e-05
0.000133752
7.73253e-05
7.36506e-05
0.00016306
9.6658e-05
0.00012736
5.99876e-05
4.28451e-05
0.000165979
0.000414785
0.000121835
0.000259358
0.000345682
0.000123089
0.000127759
0.0003674
6.37119e-05
0.00011869
8.4829e-05
0.00150709
7.06011e-05
0.000183181
0.00039404
0.000447729
5.85324e-05
0.000129799
2.03583e-05
0.000177634
0.000208541
0.000236455
0.000220676
0.00190137
0.000375684
0.00023673
0.000223978
0.000228012
0.000330103
5.87863e-05
8.06024e-05
0.000835911
0.000284625
3.13577e-05
3.36727e-05
0.000133248
0.00134882
0.00011939
0.000109423
0.000153031
0.000110625
0.000185522
0.00018996
9.37246e-05
0.00037907
0.000131727
0.000426376
0.000278176
0.000127929
8.3014e-05
0.00105471
8.59147e-05
0.000309726
0.000286769
0.0001639
0.000120269
0.000148652
0.000486886
0.000145797
0.000359617
0.000636747
0.00119639
0.000127247
8.49953e-05
0.000264407
5.16811e-05
6.59167e-05
0.000127586
0.000143435
0.000133439
0.000468255
0.000156283
0.000148369
8.72218e-05
0.000141751
0.000171715
0.00015772
0.00132166
0.000162816
2.7414e-05
0.000449702
5.63583e-05
0.000240227
0.000149108
8.32155e-05
0.000201121
7.70013e-05
0.000114929
0.00013258
3.28441e-05
4.6337e-05
3.07578e-05
1.88718e-05
9.99486e-05
0
0.000197804
0.00016415
0.000200994
0.00025757
0.000327547
1.49664e-05
0.000161314
0.000179196
0.000102389
0.000140044
0.000115168
0.000207891
0.000132847
0.000212344
0.000199431
7.9472e-05
0.000121413
0.00110632
0.000139058
1.74856e-05
0.000865013
0.000211413
0.000198467
0.000125089
0.000113189
0.000174639
8.89499e-05
0.000779979
3.80969e-05
0.000167119
0.000455975
0.000341739
0.000274631
0.000275694
0.000103686
0.000307295
0.000143367
0.000283104
0.000211806
0.000185458
0.000112607
0.000783444
0.000149262
0.00121707
0.000119394
0.000134539
0.000226363
0.000373217
0.000631433
0.000312574
0.000141539
7.15852e-05
6.95447e-05
0.000344767
0
9.37562e-05
0.000231594
0.000380068
0.00103244
0.000118765
2.06951e-05
7.27415e-05
0.000168238
8.20676e-05
0.000624643
8.11925e-05
9.78666e-05
1.09196e-05
0.0033056
1.31531e-05
0.00015276
0.000282256
0.00237408
0.000100371
0.000144207
0.000111515
0.000138985
0.000157717
0.000166459
9.05257e-05
7.75104e-05
4.12389e-05
0.000233361
0.000671657
0.000103037
3.92809e-05
5.93611e-05
7.00127e-05
7.65284e-05
0.000181976
0.000140538
9.45053e-05
0.000286465
0.000141122
0.000117677
0.000148542
0.000227929
0.000203754
8.13886e-05
3.34189e-05
0.000224936
0.000365625
0.000290059
0.000209359
0.000131586
0.000130692
0.000290433
0.000241535
0.000223399
0.000777078
0.000243694
0.000483335
0.000132752
0.000607868
7.71058e-05
