0.000134644
6.65309e-05
0.000336202
0.000223996
0.000245354
0.000780883
0.000396386
7.68131e-05
0.000133278
0.00133383
2.2585e-05
6.06523e-05
0.000221543
3.76282e-05
9.69919e-05
7.80077e-05
0.000137363
0.00486443
0.00061407
0.000413752
7.69074e-05
0.000259718
0.000157675
6.60286e-05
8.33994e-05
5.29715e-05
0.000123134
0.000269133
0.00020268
2.20554e-05
4.20846e-05
8.43321e-05
0.000113767
0.000217134
0.000194023
0.000143832
0.000102006
0.000205946
0.000172496
2.92999e-05
8.62663e-05
0.000111618
9.66283e-05
0.000605796
0.000150338
0.000180354
6.02145e-05
0.000257728
0.000957705
4.60272e-05
0.000187912
0.000210021
6.36163e-05
0.00014842
0.000101294
0.000166696
5.02433e-05
9.27923e-05
0.000320913
0.00010073
0.000466571
0.000335675
0.000283171
0.000202864
6.07278e-05
7.78369e-05
0.000196385
0.000182675
0.00011815
0.000165982
0.000282043
6.64161e-05
0.000181336
8.5697e-05
0.000168452
0.000182276
0.000179168
5.62359e-05
0.00239016
0.000159483
4.67126e-05
0.000117153
0.000116855
0.000541255
0.000216303
0.000403929
0.000123783
0.000401514
0.000104247
0.000210672
0.000160989
0.00025472
0.000978137
0.000195765
1.47177e-05
0.000135806
0.000272634
0.000125613
0.000135866
0.00157456
0.000343207
0.00347446
9.23526e-05
0.00020131
0.000239678
6.85357e-05
0.000241925
0.000225529
0.000157032
0.000154473
0.000196556
9.04612e-05
0.000122155
0.000157251
0.00012234
0.000550881
0.000155356
0.000109797
0.000351855
0.000190067
0.000626585
5.29006e-05
0.00015936
0.000191181
0.000221837
0.000100356
5.2797e-05
2.02971e-05
5.30035e-05
0.000293373
0.0001287
0.000204356
2.40234e-05
0.000354175
1.45501e-05
0.000227134
0.00024052
0.000349981
0.000216489
0.000422562
4.95954e-05
0.00165697
0.000224065
0.000139476
0.000167809
0.000501571
0.000191551
0.000340289
0.000286745
0.000426199
0.000145021
0.000271682
0.000216187
0.000144223
0.000191176
4.0399e-05
4.844e-05
0.00223153
0.000161312
0.000166514
0.000211048
5.04185e-05
0.000175572
5.52557e-05
2.86532e-05
7.83474e-05
1.07065e-05
0.000151888
0.000177231
7.09671e-05
4.68717e-05
0.000255434
5.26997e-05
0.000525676
0.000202357
0.000593095
0.000177074
0.000210913
0.000439004
0.00030157
4.8189e-05
0.000287286
0.000158558
8.28051e-05
0.000451692
9.28728e-05
4.00548e-05
0.00101352
0.000557461
0.000123278
0.000364426
3.40828e-05
2.7218e-05
0.000161123
0.000124924
0.000208507
0.00026325
0.000152814
0.000477912
0.000169789
0.000147819
0.000270697
0.000284639
7.46835e-05
0.000187367
0.000175343
6.474e-05
0.000117816
0.000169393
0.000214636
0.000421524
0.000201036
0.000170049
0.000105274
0.000194707
0.000124221
0.000294324
0.000170198
5.19562e-05
8.06956e-05
5.90339e-05
0.000167395
0.00013185
0.000125579
0
0.000125552
0.000370716
0.000192147
0.00160859
0.00015393
5.83163e-05
0.00040645
0.000343623
4.84533e-05
0.000131223
0.000365844
0.00016443
0.000127031
0.000186942
0.00219424
7.38116e-05
0.000124954
9.65857e-05
0
0.000145992
0.000683364
0.000172607
0.000197916
0.000219115
6.66298e-05
0.000170367
5.01074e-05
4.83967e-05
0.000127851
6.32808e-05
0.000101413
3.99712e-05
8.3971e-05
0.000249898
0.000179088
9.37681e-05
0.000227947
0.000149025
6.98513e-05
6.54162e-05
0.000117093
0.000270985
4.03497e-06
0.000155857
0.000220521
0.000101321
0.000611278
9.69896e-05
0.000137946
0.000211589
0.000477953
0.000123225
0.000236439
3.99576e-05
0.00023096
9.13569e-05
2.22974e-05
0.000133224
0.000249622
0.00054949
0.00144065
0.000136867
0.000288056
7.33585e-05
0.000183007
0.000374186
0.00034289
0.000182748
0.000120676
6.85476e-05
0.000556977
0.000114743
0.000116664
0.000161318
0.000122417
2.8603e-05
7.53755e-05
0.000307205
0.000253299
0.00053116
0.000161191
0.000294055
0.000378959
0.000253333
5.877e-05
0.000159936
0.000191278
0.000167775
0.000460573
0.000186341
4.06324e-05
9.26081e-05
0.000114771
0.000234289
9.46891e-05
0.000275055
0.000238139
0.000350254
0.000131269
0.000235506
8.8668e-05
0.000192409
0.000258564
0.00015196
0.000291731
0.000128066
0.000196829
0.000119071
0.000222456
0.000224493
3.43039e-05
0.000128915
0.000177366
0.000484409
0.000315536
0.000262137
0.000276066
0.000119152
0.000968242
0.000812841
0.000103987
0
2.16484e-05
0.000167654
9.96712e-05
0.000129218
0.000252235
0.00018695
0.000442499
0.000191858
0.000256633
0.000289372
5.53543e-05
0.000346745
0.00027017
0.000156885
0.00023262
0.000242621
0.000118031
0.000226348
0.000158411
0.00012666
0.000223545
0.000374679
0.000153277
0.000263809
0.000170771
0.000119749
0.0155125
0.000115675
0.000204294
0.000229156
0.000324035
0.000156841
9.22284e-05
0.000234935
3.14887e-05
0.000574915
0.000744766
2.58226e-05
0.000167059
0.000321148
0.000168725
0.000368022
0.000241515
7.25843e-05
8.56879e-05
3.87011e-05
9.76336e-05
0.00177323
0.000167386
0.000209802
0.000141395
4.64225e-05
0.000110703
0.000231279
0.000173092
0.000228819
0.000104095
0.000198736
0.000214826
0.00020299
0.00048679
2.15803e-05
0.000432193
0.000139817
0.000480197
0.000103615
0.000130662
0.000160088
0.000138963
0.000299187
0.000145761
4.92348e-05
0.000165459
0.000194224
0.000316425
0.000162208
0.000295628
0.000422204
9.55053e-05
6.20623e-05
0.000139134
9.51229e-05
0.000107889
0.000272032
0
7.07706e-05
0.000117057
0.00015174
9.53966e-05
9.76823e-05
0.000227959
0
0.000232706
3.96301e-05
0.000418843
0.000187427
0.00023925
0
0.000175229
0.000279984
9.71978e-05
0.000322225
0
0.000206585
0.000484049
0.000290329
7.4446e-05
0.000225179
4.3387e-05
0.000421568
0.000138204
0.000133229
0.000301594
3.98945e-05
0.00041844
0.000245365
0.000198461
8.72101e-05
9.81434e-05
0.000182217
0.000174481
5.08537e-05
0.000121398
7.34704e-05
0.000184426
6.89578e-05
0.000136862
0.000702211
5.72091e-05
0.000242875
0
8.39921e-05
7.70425e-05
0.000165272
0.00028179
0.000137736
0.000582242
0.000302378
0.000117205
0.000265706
0.000817925
2.96798e-05
0.000157843
0.000458186
0.000306672
0.000368305
0.000942959
0.000254161
5.0211e-05
5.74424e-05
0.000322418
0.000201667
0.00172978
7.77918e-05
0.000296745
6.50144e-05
0.000153477
0.000105971
0.00176728
0.000184923
0.000160713
0.000224786
4.51073e-05
8.2768e-05
0.000249755
0.000294865
0.000124795
0.000173404
6.63762e-05
0.000351945
0.000194191
6.56992e-05
8.67723e-05
0.000110946
0.000797282
0.000186146
0.0003339
0.000206867
0.00019546
7.67137e-05
0.000417321
0.00158437
0.00130038
0.000336336
0.000115757
0.000138528
0.000176125
0.000147562
0.000259212
0.000129435
8.50099e-05
0.00213472
0.000229448
0.000109538
6.45777e-05
7.62045e-05
0.000150817
0.000266861
4.21018e-05
1.47529e-05
0.000223283
0.00022297
0.000186513
5.73499e-05
0.000503471
0.000167917
0.000150087
7.082e-05
7.94462e-05
1.59001e-06
9.09478e-05
7.26054e-05
0.000169813
0.000170889
0.000187072
0.000137542
0.000745927
0.000198333
0.00024064
0.000223423
0.00335492
0.000179819
0.00326346
8.93383e-05
0.000221616
0.000157225
0.000468522
3.71932e-05
0.000244842
0.000255297
8.37992e-05
1.91743e-05
4.90459e-05
0.000165715
0.000106009
0.000239196
2.36854e-05
3.23358e-05
9.21474e-06
8.88357e-05
0.000165733
8.72761e-05
0.000160389
0.000132172
0.000764939
0.00022111
0.000134022
0.000223975
7.689e-05
9.03591e-05
0.000261948
0.000814967
0.00038962
0.000137335
0.00031862
0.000112894
0.000301812
0.000290013
0.000192881
0.000134746
0.000104257
1.03969e-05
0.000382567
0.000202926
8.57302e-05
0.000308748
0.000149187
8.30408e-05
9.13799e-05
0.000188133
8.7501e-05
9.96886e-05
0.000553201
0.000170807
0.000105213
0.000171751
0.000178497
5.97315e-05
0.000142745
0.000294669
0.000191412
0.000596274
6.48739e-05
0.000193456
0.000152644
3.36083e-05
0.000116868
0.000161037
0.000512067
0.000192538
8.74511e-05
0.000358416
0.000227562
0.000232389
0.000110436
0.000556819
0.000295806
0.000390709
0.000120678
0.000260209
0.000324056
0.000102722
0.000221976
0.000121807
3.79892e-05
0.000275077
0.000110108
0.000121033
0.000118304
0.000310118
0.000109479
0.000445403
0.000298337
0.00140597
0.000128509
0.000151712
0.00020536
0.000183162
0.000178713
0.000125586
0.000421855
0.000204512
0.000171808
0.000352106
5.10679e-05
0.000218332
7.01878e-05
0.000284036
0.000648802
0.000146858
9.01323e-05
0.000400305
0.000218453
0.00202485
9.6501e-05
0.000229015
9.06753e-05
0.000151926
0.000148862
9.23131e-05
9.97292e-05
7.26521e-05
0.000215594
3.65278e-05
8.8687e-05
0.000176596
0.000288168
9.95549e-05
0.000595123
0.000115955
0.000152744
0.000225815
0.000242819
0.000266638
0.00026531
0.000195332
