0.00133106
0.000966684
0.00120675
0.000203336
0.000778233
0.00100878
0.00189762
0.000474315
0.00129093
0.00080601
0.00143591
0.0012199
0.00200173
0.00208403
0.00217148
0.00106418
0.000960322
0.00201622
0.00159327
0.00106498
0.00150933
0.00176651
0.00349509
0.00109607
0.000495518
0.00504642
0.000867917
0.00155518
0.00123938
0.00140051
0.00212327
0.000853089
0.00920142
0.00227048
0.00115482
0.00368956
0.00122012
0.00269976
0.00164262
0.00115843
0.00153626
0.00166948
0.00107228
0.00229564
0.0011688
0.000977407
0.00062645
0.00317107
0.0013573
0.000487035
0.00265623
0.000941909
0.00122912
0.00228991
0.00168175
0.00116649
0.00121799
0.00102448
0.00125642
0.00113802
0.00226079
0.00123933
0.000831198
0.00123032
0.00143634
0.000729582
0.00147044
0.000686782
0.00118619
0.00144085
0.000654977
0.000949941
0.0018159
0.00113872
0.00124107
0.00100963
0.00178267
0.000972264
0.00121701
0.000925718
0.00118254
0.000262101
0.00214477
0.000308141
0.000560083
0.000912176
0.00127445
0.00450166
0.00160247
0.00157091
0.000933126
0.00105313
0.000911826
0.000280551
0.00112656
0.00160146
0.0015805
0.00138365
0.0015445
0.000570717
0.00157148
0.00148058
0.00069281
0.00120948
0.000689926
0.00112012
0.00150151
0.000798909
0.0016465
0.00120186
0.0016798
0.00123377
0.00117742
0.00162315
0.00133334
0.00066302
0.00118833
0.000584744
0.00136055
0.000797245
0.000601934
0.00100989
0.00102241
0.00112875
0.00309599
0.000729513
0.00157474
0.00121244
0.0012964
0.000848321
0.000453233
0.000661427
0.00137374
0.000630518
0.00277042
0.000662573
0.000817292
0.00108815
0.00133946
0.00108769
0.00077348
0.00110629
0.00119493
0.00121751
0.00135213
0.0116739
0.0425034
0.00265037
0.00161854
0.000334341
0.000729768
0.000476824
0.00751709
0.000724249
0.00137115
0.00141393
0.00115742
0.00197033
0.00122205
0.0140221
0.00110971
0.0014391
0.000689331
0.000940722
0.000890139
0.00169924
0.00158234
0.000902971
0.00160474
0.000467593
0.00185418
0.00105096
0.00127271
0.000968587
0.00122809
0.000970195
0.000776797
0.000834389
0.00185428
0.00119083
0.000817026
0.00108615
0.000831197
0.00142884
0.00152768
0.00119139
0.000947339
0.00122343
0.00145736
0.00122481
0.00281815
0.00963238
0.00117713
0.000591766
0.00138652
0.000928477
0.000785411
0.00600777
0.000865652
0.00070536
0.00148668
0.00113467
0.00122769
0.00114976
0.000993173
0.000422638
0.00107951
0.00142335
0.000875574
0.00172804
0.00856234
0.000610848
0.00141304
0.000274964
0.000784927
0.00110062
0.0079967
0.0014601
0.000980325
0.000417142
0.000792468
0.00287817
0.000866349
0.00104337
0.00129134
0.00207123
0.00116568
0.000911081
0.000758097
0.00198766
0.00155288
0.000589891
0.00128449
0.00180649
0.00103889
0.00089332
0.00118801
0.001708
0.00102295
0.000442362
0.000683985
0.0021888
0.000887942
0.000554693
0.000753075
0.0008639
0.00191809
0.000694207
0.00091026
0.00102165
0.00157727
0.00126634
0.0005473
0.000905506
0.000528948
0.00271129
0.00178117
0.000692438
0.00158673
0.00110946
0.00163503
0.000644149
0.00114332
0.000618548
0.000879261
0.00127739
0.00128245
0.00172519
0.000875991
0.000893771
0.000933255
0.00096924
0.000465414
0.00134875
0.000695397
0.00113941
0.000855103
0.0014896
0.00252358
0.00541773
0.00115621
0.000883862
0.00485595
0.00102035
0.00117045
0.00101753
0.00107799
0.00126247
0.0013015
0.00468732
0.000781469
0.00065389
0.00129001
0.00138287
0.000556227
0.000747341
0.00798126
0.000490365
0.00143279
0.00114609
0.00214444
0.000573462
0.00055311
0.00111137
0.000475277
0.0013142
0.0014788
0.00257288
0.000571417
0.00126386
0.00437175
0.00304456
0.00232525
0.00103048
0.000554735
0.000750178
0.00137452
0.00130419
0.000932061
0.00160482
0.000995417
0.00523002
0.00257797
0.00217942
0.000562524
0.00149746
0.000814067
0.00148125
0.00132154
0.000872915
0.000910789
0.000983105
0.00042753
0.00140203
0.00144911
0.00197228
0.00886452
0.00299382
0.000402383
0.000846654
0.00144167
0.00135507
0.00114351
0.00132057
0.00210767
0.00058687
0.00157579
0.000771246
0.00124538
0.000898193
0.00111835
0.000387991
0.00128308
0.000780922
0.00102882
0.000813785
0.000741914
0.00121331
0.00220525
0.000715728
0.00161645
0.00205371
0.00101662
0.00129158
0.00144624
0.000608196
0.00040904
0.000807967
0.000883175
0.000422706
0.0021271
0.0012461
0.0012584
0.00163686
0.00119491
0.00111847
0.00951034
0.00094202
0.00140145
0.00104492
0.00158463
0.00129642
0.00104033
0.0017819
0.00161418
0.000883921
0.00251251
0.000833526
0.000954317
0.000889394
0.000624251
0.000618794
0.00235754
0.00152346
0.00200414
0.00129268
0.00118114
0.00109669
0.00117797
0.000842715
0.00121564
0.000941083
0.00230302
0.000704483
0.000697217
0.000949507
0.00122032
0.00391117
0.000484804
0.00165801
0.00151518
0.000676393
0.00164198
0.00115087
0.00487976
0.00342872
0.000762839
0.000756358
0.000676386
0.000533644
0.000733557
0.00058064
0.000783319
0.000785689
0.00378551
0.00100376
0.000935563
0.00111153
0.000383885
0.000836981
0.00232992
0.00145983
0.00143898
0.00046575
0.000765653
0.000329843
0.00184152
0.00251061
0.000616103
0.0019855
0.00157901
0.00179381
0.000835717
0.00103712
0.00254225
0.00144271
0.000768487
0.00115405
0.00192885
0.000950222
0.00136084
0.00121159
0.000771893
0.00053881
0.000721478
0.000190019
0.00113954
0.00388465
0.00637536
0.00136486
0.00091314
0.00574043
0.000543713
0.000774806
0.000787945
0.00105116
0.00103184
0.00153427
0.000940681
0.000902783
0.00115279
0.000988201
0.000355813
0.0250869
0.00101378
0.00117795
0.00023763
0.00073391
0.00295413
0.00354959
0.00151005
0.00409843
0.00704274
0.000931482
0.000468653
0.00174731
0.0014787
0.0041034
0.00094325
0.00198446
0.00118144
0.000784125
0.00239348
0.00399852
0.00100167
0.00124219
0.000957065
0.00142485
0.00114259
0.00087869
0.000444939
0.00118478
0.00146906
0.000462937
0.000465629
0.00240013
0.00149147
0.00103719
0.000462609
0.000805049
0.00165264
0.000423479
0.0014602
0.00190643
0.00216999
0.000841873
0.00429291
0.000955219
0.00196307
0.00102701
0.000654458
0.00118438
0.000528468
0.00290056
0.0048151
0.000735576
0.00193509
0.000963848
0.000843495
0.0011555
0.0051876
0.00108971
0.00282967
0.00108542
0.00159987
0.00133701
0.00639211
0.000808568
0.00239294
0.00185497
0.00150002
0.00193535
0.000791905
0.000415662
0.00101596
0.00110353
0.000713309
0.00156405
0.000824596
0.000745258
0.00117324
0.000864499
0.000425335
0.00195449
0.000318257
0.000743514
0.000812834
0.00058388
0.00105851
0.000832932
0.000786428
0.00268055
0.000324441
0.000996426
0.00406135
0.000398516
0.0016251
0.000397843
0.00156177
0.000506716
0.00102866
0.00116696
0.000364764
0.00165363
0.00159416
0.00176369
0.00189846
0.00196384
0.00059454
0.0167189
0.0015589
0.00215351
0.00127587
0.00130866
0.00151315
0.000618792
0.00156837
0.0198391
0.00117922
0.000922699
0.000832343
0.00079065
0.0011943
0.000606068
0.00139054
0.00107816
0.000402461
0.00207522
0.00151422
0.00064561
0.00137017
0.000882158
0.00167803
0.000889663
0.000475154
0.00102432
0.00100591
0.00192714
0.00114624
0.000820373
0.000657989
0.00191807
0.00319236
0.00130351
0.00147515
0.00100569
0.00148994
0.00185005
0.00075398
0.000725929
0.0144269
0.00170678
0.000893374
0.000436835
0.000810097
0.00128656
0.000986531
0.00134481
0.00106694
0.000738253
0.00153929
0.00124183
0.000798169
0.000822149
0.00272901
0.001479
0.000460658
0.000799733
0.000964655
0.000366736
0.00113554
0.000894342
0.000738496
0.00169362
0.000651825
0.00104259
0.00122194
0.000377835
0.00115908
0.00103175
0.00116124
0.000952561
0.00073429
0.00194396
0.00108161
0.000982121
0.00081049
0.0012348
0.000731846
0.00191213
0.00115461
0.00374249
0.000462322
0.000929692
0.000871002
0.0025078
0.0008307
0.000940413
0.000646468
0.000325243
0.000851721
0.00156992
0.0101134
0.00236353
0.000753373
0.000696389
0.000544485
0.00154237
0.00776249
0.001218
0.000513174
0.000974762
0.00163486
0.00159813
0.000657348
0.0368069
0.00178165
0.00171802
0.00116732
0.00327547
0.00195606
0.000906461
0.000324043
0.00160464
0.00114253
0.000554717
0.00130283
0.00126374
0.00136702
0.000800299
0.000882728
0.00071117
0.000410454
0.000966673
0.00105015
0.000547729
0.00271403
0.000696833
0.00744727
0.0019174
0.0010323
0.000995736
0.000531854
0.00172337
0.000933881
0.00150221
0.00136761
0.00102794
0.0011971
0.000441351
0.00123416
0.00224549
0.000927651
0.00126324
0.00358416
0.00215297
0.00264083
0.00130691
0.00149058
0.00151612
0.00120071
0.000390855
0.0017249
0.000935804
0.00598042
0.00200889
0.00176627
0.000477661
0.000561553
0.000575967
0.000780647
0.00239698
0.000856786
0.000957847
0.00171804
0.00156214
0.000920456
0.00151969
0.00106061
0.000545001
0.00203438
0.00103273
0.00193617
0.000843534
0.00153592
0.00140302
0.00137683
0.000502402
0.000852949
0.00137015
0.00735203
0.00174144
0.00160621
0.000904721
0.000601546
0.00173742
0.000708176
0.00117473
0.000710254
0.00175539
0.00107717
0.00120349
0.00154419
0.000610868
0.00194987
0.00129418
0.000682397
0.00135194
0.000529724
0.00270478
0.00140023
0.00121308
0.000912522
0.00159055
0.00106759
0.00184376
0.000881711
0.00222971
0.000664493
0.000957356
0.00239201
0.00141629
0.000843648
0.00104108
0.00105952
0.000290667
0.00252709
0.000739978
0.00100044
0.00134759
0.00136061
0.000907013
0.0013299
0.00122559
0.0016707
0.000751079
0.000624233
0.000863091
0.000813894
0.0010281
0.000542153
0.00151235
0.00074619
0.00116253
0.000827826
0.000960173
0.000951267
0.000756474
0.00106052
0.000187326
0.00144892
0.0015595
0.000375862
0.00240436
0.00240652
0.0015918
0.000890018
0.00169735
0.000425224
0.0040977
0.00155364
0.0010346
0.00202172
0.00145612
0.000691867
0.0016351
0.00160721
0.000765295
0.00131107
0.00158143
0.000433247
0.0018389
0.000653971
0.000395187
0.00161647
0.000885159
0.000318704
0.00188093
0.0016943
0.00228126
0.0013354
0.00102967
0.00823999
0.00129165
0.0021203
0.000842744
0.000707055
0.000739335
0.00107751
0.00141102
0.000424047
0.00150382
0.00105709
0.00134448
0.000540034
0.00103563
0.000698128
0.00132237
0.00158961
0.000433608
0.00155966
0.000864461
0.00103325
0.00148286
0.0016524
0.0003083
0.00142957
0.002223
0.00131565
0.000726678
0.000275392
0.00160305
0.000167031
0.00106519
0.000524157
0.00449928
0.00099618
0.000304501
0.000981916
0.00161604
0.00121447
0.00302536
0.00100882
0.00111807
0.00279183
0.00145274
0.00433788
0.00101895
0.000464427
0.000598105
0.000750121
0.000952219
0.00226957
0.00107818
0.000974461
0.00189965
0.00129807
0.000881418
0.000982997
0.00120693
0.000853639
0.00118606
0.000706063
0.000965161
0.00125416
0.000293237
0.000252194
0.00170326
0.00111013
0.000728296
0.00147508
0.010896
0.00170663
0.00101042
0.00151429
0.00090964
0.000945875
0.00187236
0.00101523
0.000601976
0.00156669
0.00153246
0.00260799
0.000596349
0.0012526
0.00274263
0.00437662
0.00180693
0.000769966
0.00100543
0.00231014
0.000929452
0.000389735
0.00116251
0.000601821
0.000619453
0.000999828
0.000615976
0.00165327
0.00100179
0.00139857
0.00214746
0.000977788
0.00237583
0.00138378
0.00122858
0.000802416
0.00154338
0.000927335
0.00215615
0.000756853
0.000908498
0.00236077
0.00147409
0.00125341
0.00249337
0.0039422
0.000840828
0.00224755
0.000891912
0.00241383
0.00865078
0.00219835
0.00100417
0.00162525
0.00651082
0.00139747
0.00111726
0.00138666
0.00328633
0.000948447
0.000650705
0.000819219
0.00163384
0.00143399
0.00109439
0.00128282
0.00100071
0.00109805
0.0034306
0.000599314
0.00162542
0.00315085
0.00106507
0.000789046
0.00217433
0.00102598
0.000801677
0.00128352
0.00144395
0.000407952
0.00153618
0.00181508
0.00109202
0.000982295
0.00113008
0.00929268
0.00109851
0.00157549
0.00121623
0.00266894
0.000949617
0.000665588
0.00111154
0.000863462
0.000968034
0.00188433
0.000763274
0.0013883
0.000114596
0.000983032
0.00120235
0.000473431
0.00144133
0.00153677
0.000583811
0.00104294
0.00198512
0.00112064
0.000635114
0.000658145
0.00181033
0.000513085
0.00167384
0.000786871
0.000641945
0.00275792
0.00152932
0.00241456
0.00150397
0.00107
0.00115121
0.004906
0.00086689
0.00128603
0.00187578
0.00102155
0.00268232
0.000602419
0.00148961
0.0014089
0.00113887
0.00131035
0.00264929
0.00121088
0.00156379
0.00390889
0.0135761
0.00120429
0.00082432
0.000914348
0.00188992
0.00313282
0.00117477
0.000693718
0.00120739
0.00172004
0.0016203
0.00150556
0.000626075
0.00129462
0.00120535
0.00205402
0.00531906
0.000638975
0.0013699
0.000976323
0.00141105
0.00153589
0.000891072
0.00149709
0.000887918
0.000983759
0.00194259
0.00262975
0.00128243
0.000853824
0.00128215
0.00111761
0.00120463
0.00160582
0.0128213
0.0030376
0.00126438
0.00432925
0.00110541
0.000871337
0.00110375
0.00125083
0.0010364
0.0015048
0.00601803
0.00125252
0.00100847
0.00181841
0.00794251
0.000835017
0.000804912
0.00100521
0.00347682
0.000809101
0.00148022
0.00110263
0.00203205
0.000628859
0.000683085
0.000351697
0.000687027
0.000752356
0.000681554
0.00116983
0.000926749
0.000989771
0.000943315
0.000945252
0.00123209
0.000798793
0.00185626
0.00182715
0.00142757
0.000755534
0.000779704
0.00149945
0.00323883
0.000765147
0.00138226
0.001702
0.000922482
0.001234
0.0010019
0.00186639
0.000807178
0.00151073
0.00206566
0.00208509
0.00208528
0.000431
0.0179936
0.000978164
0.00122984
0.00086041
0.00116213
0.000710326
0.000506832
0.00081199
0.000744114
0.000504316
0.0021802
0.00636798
0.00206695
0.0108546
0.000536251
0.00166181
0.00131164
0.00199147
0.00116587
0.00534347
0.000445844
0.0010499
0.00232961
0.00143197
0.00132428
0.00111852
0.000106285
0.00131697
0.00152348
0.00133392
0.00148367
0.00126286
0.00540973
0.00454878
0.00146287
0.00193763
0.00159711
0.00152033
0.00106816
0.00442741
0.0018611
0.000634439
0.000527959
0.000327322
0.00182975
0.000876361
0.0098834
0.00178824
0.00135066
0.000956791
0.000825782
0.00775454
0.000914639
0.00304635
0.000697176
0.00121678
0.00125209
0.00326944
0.00105535
0.000840713
0.0092518
0.0016704
0.000640482
0.000775875
0.000947586
0.00139377
0.000680095
0.00128154
0.000920508
0.000650048
0.00143599
0.00070492
0.00169443
0.00119411
0.000485632
0.00311272
0.00180912
0.00131482
0.00150954
0.00198707
0.00125977
0.00116689
0.00437197
0.00145952
0.00196847
0.000708554
0.00417046
0.00261076
0.00108363
0.000391903
0.00154117
0.00118408
0.00120157
0.000863361
0.00189934
0.0023775
0.000555012
0.00165338
0.000890547
0.00166958
0.00124626
0.00288234
0.00375092
0.0013397
0.00544271
0.00099003
0.000475772
0.00152481
0.00240623
0.0190687
0.000728499
0.00232796
0.000623062
0.00129016
0.000770284
0.00124903
0.00213226
0.0016686
0.0019662
0.00122776
0.000491316
0.00191281
0.000979031
0.00188472
0.00119903
0.00120052
0.00140337
0.00117176
0.00090267
0.00156109
0.000666638
0.000644112
0.000373404
0.00876452
0.00376642
0.00101543
0.000665409
0.000729008
0.000852074
0.00117987
0.00185855
0.00132765
0.000530679
0.000978956
0.000838229
0.000412079
0.001493
0.00152929
0.00102537
0.000793007
0.00104009
0.00073531
0.00127853
0.000996088
0.00119054
0.00144932
0.0017382
0.000543123
0.000752181
0.00151892
0.000663177
0.00278733
0.00108768
0.00207025
0.000223613
0.00143618
0.00105968
0.000906274
0.00120003
0.00166279
0.0020809
0.000919944
0.0012764
0.00457242
0.00115397
0.00164818
0.000775517
0.000918781
0.00148799
0.00105344
0.00071333
0.000810318
0.00227796
0.00113861
0.000489903
0.00078157
0.000553216
0.000504095
0.000583319
0.000737378
0.000762697
0.00299082
0.00178956
0.00071714
0.00101025
0.00072746
0.00147452
0.00177581
0.00115757
0.00227157
0.000465117
0.00173089
0.00127402
0.00133397
0.000950871
0.00125676
0.00252414
0.000975361
0.00106202
0.00124651
0.00098541
0.00241612
0.000676738
0.000449217
0.000916157
0.00383606
0.0012076
0.000840257
0.00101125
0.000807782
0.000980193
0.000892139
0.00046433
0.000799062
0.00103055
0.00259496
0.00123849
0.000905002
0.00125999
0.00108976
0.000920259
0.00131901
0.00154475
0.00145653
0.000683352
0.00160126
0.00694052
0.00253783
0.000575371
0.0012176
0.000709992
0.00459111
0.00131216
0.0012885
0.00132588
0.00102568
0.00108105
0.00106258
0.000738548
0.000331679
0.00022513
0.00188131
0.00113118
0.00285101
0.000583203
0.000832787
0.00207586
0.00138229
0.00227313
0.000716746
0.00174984
0.000643245
0.00491103
0.00130503
0.000717238
0.00264229
0.000818902
0.00179451
0.00137277
0.00190951
0.00125332
0.000913298
0.00252448
0.00108758
0.000382572
0.00178664
0.00158977
0.00154236
0.000357661
0.00197549
0.00249575
0.000561149
0.0012707
0.00117521
0.00271413
0.00129644
0.000548908
0.00118613
0.000457232
0.00111884
0.00136755
0.00210527
0.000938185
0.000806959
0.000958921
0.00139295
0.000829764
0.00176548
0.00062133
0.00173555
0.00101655
0.00101797
0.00118454
0.00143456
0.000814403
0.00254633
0.00245588
0.00121847
0.00104803
0.000853025
0.000922157
0.000697714
0.00146943
0.00117221
0.000989088
0.00612146
0.000977991
0.00181226
0.000873317
0.00154788
0.0012021
0.00255223
0.00741296
0.00144186
0.00132651
0.00121598
0.00051734
0.000985534
0.000590758
0.00233979
0.00130057
0.0011839
0.00156337
0.00122163
0.000653237
0.000319251
0.00659992
0.00282182
0.00154225
0.00179671
0.00121686
0.00149042
0.000544807
0.00143463
0.00065805
0.000672112
0.00286568
0.00100258
0.00603339
0.000788847
0.00113201
0.00116125
0.000678023
0.000637369
0.00143343
0.00103932
0.000889484
0.00145229
0.0013726
0.000587412
0.00206003
0.00119863
0.00105088
0.00035785
0.000989264
0.000753979
0.506272
0.000530511
0.00142195
0.00132568
0.00140613
0.00060114
0.00106404
0.000384271
0.00134813
0.00182609
0.00176603
0.000954532
0.000708755
0.000969417
0.000779518
0.0016168
0.00241382
0.00103409
0.0284618
0.00120689
0.00078936
0.000912088
0.000948148
0.00135024
0.0015084
0.000824405
0.00107975
0.00335885
0.000808593
0.00168612
0.000805046
0.00190015
0.0012357
0.001584
0.00168366
0.00132484
0.00128438
0.000889379
0.00103559
0.00183282
0.00130602
0.000727606
0.000879813
0.000680197
0.00134022
0.000986875
0.000797567
0.0130863
0.00147121
0.00149833
0.000997569
0.000745476
0.000435012
0.000649461
0.0159591
0.000832743
0.00134266
0.00125129
0.00145826
0.0012523
0.00224119
0.00105279
0.000905609
0.00279938
0.00202967
0.00139924
0.00144495
0.000865752
0.000709476
0.000770685
0.00116639
0.00121369
0.00116349
0.000699349
0.000930955
0.00186927
0.00103422
0.00126736
0.0083598
0.0010178
0.00205837
0.00116285
0.000933822
0.000975023
0.000824306
0.00164249
0.00163437
0.000695578
0.000748423
0.00216258
0.0188077
0.000787962
0.000639356
0.00131029
0.00352888
0.00094688
0.00148667
0.00130582
0.00146466
0.000452264
0.000486741
0.00121276
0.00106907
0.00101678
0.000564522
0.000585639
0.00122865
0.00139324
0.000318337
0.000545065
0.00786885
0.00374543
0.00739115
0.00386642
0.00106898
0.0027624
0.00118284
0.000560478
0.00134052
0.000842835
0.000334405
0.000787907
0.000851067
0.031156
0.00157422
0.00189458
0.000845535
0.00149845
0.00182318
0.00107143
0.00125939
0.000326519
0.00202934
0.000639198
0.000567203
0.00134748
0.00125982
0.000726208
0.00105972
0.00132823
0.000677079
0.00156188
0.000882698
0.00164215
0.00113397
0.0012187
0.00131842
0.000799194
0.00158219
0.00125598
0.0014059
0.000262276
0.00200625
0.000572548
0.0015316
0.00167722
0.000974189
0.00136538
0.000377179
0.000597941
0.00103551
0.00131484
0.00125331
0.0016999
0.0117618
0.000771258
0.00131809
0.000808095
0.00150147
0.00144531
0.00229714
0.0127029
0.000758034
0.0152662
0.00171123
0.00101017
0.00172585
0.00114592
0.00100901
0.000348181
0.00140568
0.000992451
0.000959042
0.00075638
0.000672637
0.00148374
0.00423892
0.0013331
0.000668866
0.00133656
0.00134867
0.00201926
0.00200324
0.000740776
0.00242678
0.002162
0.00236288
0.00124803
0.00150376
0.00175131
0.000680216
0.00027668
0.00239677
0.00107357
0.00117622
0.000558034
0.000459202
0.000733542
0.00104143
0.00132663
0.000720043
0.000547525
0.00298425
0.000692623
0.00119226
0.00136293
0.00112362
0.000793801
0.00174596
0.000729061
0.00119708
0.0023055
0.00113306
0.000914841
0.00111381
0.00149324
0.00040098
0.000441064
0.00121795
0.00158605
0.000863547
0.00219982
0.000524977
0.0036197
0.0013471
0.000435115
0.00119008
0.000852863
0.000518581
0.00106849
0.000572201
0.000968274
0.000845593
0.000814258
0.00111507
0.00103409
0.00279217
0.000956345
0.00112936
0.000129778
0.00140295
0.000570434
0.00134867
0.000686231
0.000833456
0.000982811
0.0163432
0.000575394
0.000871194
0.000653198
0.000962085
0.000964089
0.00151182
0.000856546
0.00122542
0.00296584
0.00122542
0.00149304
0.0024607
0.00101148
0.00147158
0.00140395
0.000700382
0.00103572
0.0158899
0.00134748
0.000765669
0.0012983
0.00145261
0.00200607
0.00211621
0.0007289
0.000698453
0.00109568
0.00219185
0.00104758
0.000392712
0.00207213
0.000762666
0.000432571
0.000775916
0.00133984
0.00114823
0.00131421
0.00182917
0.00100887
0.000484325
0.00110787
0.00120958
0.00639827
0.00209584
0.00544425
0.0011475
0.00419201
0.000994204
0.000522243
0.00173335
0.00102378
0.00160307
0.00103192
0.00115132
0.00231682
0.000292121
0.00948312
0.00112832
0.000757436
0.000678614
0.00175617
0.00118085
0.00160669
0.00133619
0.00182409
0.000809598
0.00103029
0.00248914
0.00281413
0.000536418
0.00136187
0.000226181
0.000730374
0.00173774
0.00163227
0.00213218
0.000906925
0.000706106
0.00166555
0.00260354
0.0144659
0.0017098
0.00311787
0.000789309
0.00123039
0.00115145
0.000937166
0.00114915
0.00184128
0.00176857
0.00135912
0.00185633
0.00105061
0.00164199
0.00100656
0.000873682
0.000853732
0.000859544
0.00111082
0.00110353
0.00126275
0.00182761
0.000364732
0.00134706
0.000667644
0.00128219
0.00103355
0.0014328
0.000837198
0.000899307
0.000909985
0.00142078
0.00334923
0.00154663
0.00105487
0.000225203
0.00162529
0.0010691
0.000716536
0.00311336
0.003479
0.00187245
0.000646305
0.00159891
0.00133479
0.000952316
0.00116654
0.00168764
0.0060202
0.00124782
0.00197741
0.000782193
0.00130188
0.0017921
0.00196804
0.000606812
0.000652175
0.0010348
0.00150807
0.001958
0.000671601
0.00134731
0.000919216
0.00121843
0.000796887
0.00132963
0.00143908
0.00194903
0.00202297
0.00106286
0.00165212
0.00160366
0.00273299
0.00592417
0.000846657
0.000854229
0.000961125
0.00125417
0.00367979
0.00142398
0.00055021
0.00141935
0.00122193
0.00182089
0.006339
0.00108038
0.00144659
0.00125356
0.00109814
0.0463428
0.000889274
0.000986143
0.00140865
0.00127256
0.0011613
0.000660819
0.00219147
0.00161753
0.00113379
0.00334488
0.00105671
0.000945706
0.00106221
0.00170654
0.00129544
0.00093186
0.000672553
0.000787723
0.000532677
0.0021453
0.00178518
0.00132303
0.00129692
0.00102669
0.00114542
0.000874129
0.00344831
0.00103788
0.000843061
0.00116469
0.0005057
0.000563743
0.000512625
0.00240983
0.000825706
0.00140214
0.00284929
0.00113573
0.00132468
0.00151248
0.00690348
0.000694304
0.00150243
0.00122219
0.000810744
0.0020463
0.000875327
0.000823253
0.00146892
0.00124542
0.00276509
0.000959691
0.0102264
0.00134627
0.000845315
0.00144382
0.000954223
0.000824384
0.00148174
0.000843156
0.0012276
0.00200422
0.000256633
0.000662061
0.00136414
0.000683716
0.00114308
0.000817622
0.000511796
0.000898609
0.000782719
0.00022523
0.00200776
0.00813498
0.00157851
0.00128449
0.00413982
0.000620123
0.00056486
0.00103126
0.00505257
0.000780575
0.000962824
0.00153697
0.0016196
0.00131779
0.00392622
0.000585328
0.00102369
0.00115764
0.000625792
0.000712223
0.000828703
0.0010474
0.00281872
0.00135385
0.0012203
0.000668138
0.000623942
0.00111719
0.00163714
0.000867515
0.00163046
0.00257228
0.000313103
0.000564215
0.00116597
0.000809954
0.00131213
0.000770578
0.00136666
0.00188081
0.00138804
0.00498308
0.000847778
0.00100192
0.00111106
0.00401579
0.00101087
0.00197255
0.00104127
0.00130366
0.000801556
0.00457572
0.000706575
0.00761105
0.00146539
0.00103194
0.00130491
0.00130164
0.000521425
0.00106626
0.00439666
0.000709257
0.00105047
0.000723949
0.00100306
0.00103128
0.00110655
0.000589868
0.000916654
0.00293618
0.00116113
0.00283132
0.000547774
0.00194065
0.000957898
0.000932988
0.00716525
0.000584644
0.000647825
0.00136302
0.00115509
0.000518625
0.000987022
0.00169692
0.000589946
0.000760192
0.000774181
0.000556666
0.00139351
0.00060243
0.000977695
0.00130626
0.00100149
0.00140354
0.000909302
0.00165998
0.00082268
0.000928278
0.0010436
0.000232668
0.00100668
0.000920577
0.00153058
0.00130727
0.00134885
0.000994054
0.000719539
0.00417716
0.000645835
0.00146726
0.0018394
0.00104475
0.00140603
0.00200193
0.000795774
0.00100363
0.00440915
0.000917981
0.000652886
0.00139456
0.00183105
0.0010387
0.00111473
0.00119329
0.00112523
0.000993442
0.0014974
0.000871527
0.00161887
0.00110785
0.000675778
0.00466875
0.00105071
0.00171858
0.000796033
0.000739835
0.00364521
0.000563162
0.00110547
0.00124411
0.000495394
0.00176885
0.000909515
0.00104629
0.00224089
0.000663711
0.00120324
0.0007015
0.0010954
0.000814721
0.00399814
0.000518183
0.00164795
0.00171405
0.00234668
0.00150596
0.00123654
0.000826984
0.00117914
0.00146779
0.00121181
0.00353347
0.000676346
0.000872199
0.00163121
0.00400746
0.000871184
0.0013892
0.000296932
0.000740008
0.00140117
0.000867312
0.00239517
0.00150106
0.000942252
0.000722046
0.000997174
0.00104746
0.000383798
0.000857292
0.000636012
0.00164113
0.000721934
0.000495928
0.0010859
0.00116316
0.00381482
0.000713316
0.000884722
0.00105374
0.00329489
0.00109551
0.00273409
0.000473522
0.000600868
0.000623835
0.000723475
0.000725696
0.00124953
0.000941259
0.000361143
0.00190237
0.00106553
0.00116305
0.000808694
0.00104037
0.00260873
0.00109932
0.00156535
0.00110042
0.000560308
0.000466557
0.000712604
0.000694454
0.000675758
0.000838754
0.0022349
0.000664803
0.00184055
0.00158921
0.00116468
0.00113571
0.000536757
0.00151986
0.00119233
0.00112248
0.00120863
0.000967237
0.000799017
0.00111913
0.00400234
0.0055701
0.000800314
0.000835089
0.00260507
0.000804444
0.00119338
0.00122506
0.00156873
0.0013572
0.00137755
0.00084421
0.000350805
0.00104558
0.000775184
0.00114166
0.00482052
0.000856708
0.00939729
0.000960529
0.00100613
0.00137836
0.000906416
0.00127259
0.00210908
0.00102814
0.00110872
0.00041286
0.000839866
0.00123018
0.00289319
0.000320937
0.00311193
0.00153338
0.00178598
0.0011597
0.0154703
0.00151925
0.00111668
0.000444606
0.0114504
0.00060797
0.00112709
0.00544914
0.000913577
0.00186848
0.00091757
0.00111102
0.000571843
0.0010723
0.000704425
0.00101478
0.000665919
0.0100922
0.000898315
0.000846139
0.000888859
0.00334868
0.00247299
0.00199292
0.00124366
0.000814594
0.000898455
0.000896088
0.000865546
0.000880848
0.000799226
0.00070525
0.00112356
0.000636743
0.000572339
0.000222127
0.001671
0.000846481
0.00115386
0.00096963
0.00103193
0.000902536
0.000536704
0.00209356
0.00113975
0.00153081
0.00161542
0.00140802
0.00147965
0.000696026
0.00133912
0.00520656
0.00143212
0.000570275
0.00125468
0.000948621
0.00134129
0.0120442
0.00111453
0.00269964
0.00204123
0.00126266
0.00321156
0.000717869
0.00138182
0.000920977
0.00172393
0.00259423
0.000835909
0.000993375
0.000759054
0.00190427
0.00103254
0.00685468
0.00287393
0.00206887
0.001133
0.000899062
0.00414396
0.00106401
0.00135079
0.000931258
0.000493065
0.00116864
0.00194293
0.000627828
0.00138328
0.00067305
0.000625716
0.00114383
0.00134567
0.0196174
0.00162881
0.000678168
0.00141692
8.89749e-05
0.00150521
0.00064128
0.00114866
0.00144158
0.00209716
0.00161075
0.00184997
0.000784095
0.00119278
0.000975744
0.000718651
0.000993514
0.000601297
0.000878216
0.00076901
0.000727519
0.00125235
0.00115705
0.00113297
0.000913846
0.000872888
0.00218907
0.000774715
0.00115898
0.00129367
0.00100255
0.0012177
0.000946352
0.00807786
0.000813409
0.000344128
0.000901462
0.000791618
0.000960114
0.000815203
0.00100885
0.00121395
0.00104399
0.00177002
0.0445981
0.00199193
0.00118484
0.00140699
0.00326881
0.00088577
0.00133231
0.00102828
0.00160979
0.00207914
0.0265156
0.000898768
0.00137559
0.00078699
0.00134187
0.000539577
0.000370323
0.00078112
0.000840337
0.00101714
0.00122856
0.0009788
0.000836276
0.000806127
0.000984804
0.00433464
0.00180021
0.0013145
0.000888762
0.000683257
0.000476692
0.00223423
0.0030662
0.000790115
0.00113538
0.000951312
0.00056167
0.0631719
0.000860286
0.000590739
0.00128837
0.000623685
0.00117158
0.0010563
0.000885448
0.0003898
0.000684323
0.00496147
0.000894195
0.000724062
0.00136642
0.000888456
0.00125064
0.00193863
0.000764839
0.00172003
0.000502752
0.000802212
0.00107266
0.000657369
0.00118344
0.00112333
0.000635354
0.00141264
0.000956068
0.00130612
0.000975489
0.00193028
0.00278034
0.000735737
0.000277277
0.00145066
0.00360217
0.00089478
0.000688175
0.000624493
0.000317546
0.00318973
0.000762542
0.00261298
0.0010661
0.00083861
0.00154953
0.00124026
0.00158543
0.00121465
0.0006808
0.000890299
0.00152876
0.003637
0.00112095
0.000738885
0.0110061
0.000690786
0.000824069
0.00143403
0.000879801
0.000725425
0.00144348
0.000637844
0.000724007
0.000259087
0.00308683
0.00161691
0.00699894
0.0025102
0.0002248
0.00152577
0.000695711
0.00111855
0.00119491
0.00594254
0.00136317
0.00123002
0.00196629
0.000873682
0.000672319
0.000667013
0.000846926
0.0010307
0.00210149
0.00032569
0.00158217
0.00123561
0.0120544
0.000811815
0.000564707
0.000680651
0.000803945
0.00106064
0.000361435
0.00130674
0.00108281
0.00215056
0.00168849
0.000716436
0.000598841
0.0014407
0.000810091
0.00336344
0.00130476
0.00174068
0.00122138
0.00133984
0.00217692
0.000760135
0.00523496
0.000674459
0.00118132
0.00161913
0.000644379
0.000951579
0.00119676
0.000796221
0.00107638
0.000946877
0.00149817
0.00342596
0.00160474
0.000881012
0.000423636
0.00149193
0.00141246
0.000954336
0.00348689
0.000724919
0.00235851
0.00137978
0.00223713
0.00101401
0.00105623
0.000610641
0.000757353
0.000956572
0.000799143
0.000724152
0.000999903
0.0221499
0.00102153
0.00111517
0.00270666
0.000687251
0.00190109
0.00174995
0.000753196
0.0111637
0.000742031
0.00176518
0.000614946
0.000370744
0.00135155
0.00115627
0.00298728
0.000959605
0.00100789
0.000823128
0.00115616
0.00125869
0.000842566
0.00185866
0.00193544
0.000897395
0.00342563
0.00168662
0.00134527
0.000751434
0.00059429
0.00147515
0.00352675
0.000669889
0.000843011
0.00106741
0.00152751
0.000811046
0.000969161
0.00117543
0.000608847
0.00133234
0.000638909
0.00204517
0.00139587
0.00279643
0.0016369
0.00117236
0.000969672
0.000556732
0.00158214
0.000854849
0.000929029
0.000845151
0.0029524
0.00249921
0.000896072
0.00111449
0.001251
0.00172703
0.00111526
0.00142246
0.00563043
0.0012652
0.00142681
0.000990552
0.0022806
0.00154251
0.00791964
0.00117591
0.000998997
0.000507534
0.00131649
0.000807753
0.000855397
0.00163888
0.001247
0.000720993
0.000463651
0.000461216
0.00621662
0.00545783
0.00103374
0.00140357
0.000809284
0.000928672
0.00109166
0.00110481
0.00257493
0.0345996
0.00134455
0.00129418
0.000791511
0.000797989
0.000605982
0.00251514
0.0016448
0.00218046
0.00167482
0.00188635
0.00107929
0.0013686
0.00119869
0.00137141
0.00119517
0.000465697
0.00240841
0.00140603
0.000821381
0.000784955
0.00101707
0.00160055
0.00110611
0.00198955
0.00088185
0.000962773
0.000842062
0.00105229
0.00644594
0.000938714
0.00237354
0.00121708
0.0013072
0.00111224
0.00179673
0.00163783
0.00131485
0.000753062
0.00074604
0.000604646
0.00287694
0.00519245
0.000681632
0.00148576
0.00452769
0.00153699
0.000926874
0.000733596
0.0021069
0.000714383
0.00161893
0.00109059
0.000675585
0.000765808
0.000760538
0.000649196
0.00136821
0.000826354
0.00151334
0.000984366
0.00798252
0.000509842
0.00141988
0.00130447
0.000925059
0.00142721
0.000435633
0.00274553
0.000998649
0.00193676
0.0122238
0.0007112
0.001233
0.00103327
0.00110612
0.000666943
0.00295727
0.00151468
0.000432329
0.00113813
0.000835434
0.00116994
0.00211182
0.00216194
0.00108563
0.0340924
0.000562973
0.00100548
0.00106273
0.00076463
0.0011908
0.000926118
0.00117444
0.00529294
0.00137041
0.00530903
0.000640636
0.00107656
0.00111946
0.0069354
0.00126358
0.000472998
0.00193144
0.00152657
0.00188502
0.00145263
0.00189622
0.000829425
0.00110401
0.00172582
0.00933092
0.0016769
0.00415116
0.00723316
0.000713051
0.000736521
0.000548979
0.0140848
0.00153356
0.00124644
0.0010606
0.0011338
0.000668539
0.00251254
0.00207019
0.00204928
0.00262598
0.00194321
0.00124288
0.000549184
0.000281417
0.000759599
0.000603594
0.00114327
0.00112691
0.00116091
0.00154333
0.00139625
0.00140189
0.00148348
0.00121583
0.0110785
0.000774634
0.00148489
0.000383661
0.00100466
0.00123895
0.000772776
0.00122921
0.00324427
0.00610855
0.00120861
0.000786075
0.0032543
0.000910453
0.00154369
0.00106028
0.00101648
0.00100128
0.00200782
0.000984358
0.000552391
0.00174942
0.00145165
0.00122551
0.00106536
0.000854528
0.0010674
0.000680814
0.010161
0.000905249
0.000828447
0.00141463
0.00100037
0.00126811
0.000637355
0.000702945
0.000730651
0.000859707
0.00142213
0.000991253
0.00201668
0.00140461
0.00301487
0.00186139
0.00044856
0.00113223
0.00198098
0.00322042
0.000626022
0.00069389
0.00170424
0.000897447
0.00148292
0.00165707
0.000993383
0.00109918
0.00075083
0.000939387
0.0010428
0.00233156
0.00125589
0.00150783
0.00200229
0.00115474
0.000676321
0.000711689
0.000969712
0.00206776
0.00155404
0.00218685
0.000887626
0.00185537
0.000739837
0.000724241
0.00141687
0.00174841
0.00151928
0.000395294
0.000856489
0.000760876
0.00118638
0.001132
0.00119708
0.00198
0.00143377
0.000999793
0.00084072
0.00151124
0.000826411
0.00526213
0.000597571
0.000843434
0.000497367
0.000969131
0.00143401
0.000760692
0.000818359
0.00223009
0.00051855
0.000718746
0.00209185
0.0013376
0.000542736
0.00104903
0.000416593
0.00304013
0.000749634
0.00174393
0.00123111
0.00210523
0.000368232
0.00108464
0.00110635
0.00109296
0.0051208
0.0030082
0.000899567
0.0026608
0.00150265
0.000585839
0.00154314
0.00209941
0.000638027
0.000920988
0.000933269
0.000628579
0.00136028
0.000839039
0.000955357
0.000909311
0.000461255
0.00107117
0.00115183
0.0010981
0.00110094
0.00103908
0.00104056
0.00101866
0.000507144
0.00131761
0.000995264
0.00124442
0.00159343
0.00208752
0.000913656
0.00234974
0.00134946
0.00191993
0.000490566
0.00211052
0.00180227
0.000329924
