0.00100973
0.00384947
0.00197459
0.00691137
0.00250045
0.00173492
0.00129951
0.000930836
0.000805968
0.00144865
0.000913418
0.00236427
0.00632675
0.00139807
0.00125066
0.00149012
0.00134586
0.00181239
0.00125223
0.00113854
0.00126248
0.00131569
0.00209791
0.00175567
0.00105666
0.00101149
0.000984683
0.0012922
0.0009276
0.00108018
0.00112734
0.00202907
0.00873641
0.00061022
0.000685798
0.00238129
0.0054322
0.00108296
0.00219419
0.00152485
0.00236587
0.00122267
0.00133913
0.00156007
0.000833854
0.000834575
0.00892113
0.00064853
0.0011016
0.00123747
0.00140066
0.000646518
0.00107483
0.00169283
0.00140032
0.00388821
0.00115904
0.00127864
0.00822539
0.00173544
0.00187694
0.00112784
0.00122837
0.00116568
0.00041985
0.000874935
0.00150539
0.00190595
0.000980716
0.00709231
0.00166004
0.0015747
0.028725
0.00128407
0.00198534
0.00181361
0.00172533
0.00130131
0.00191112
0.00105808
0.00136655
0.00361824
0.00127792
0.00489636
0.00108712
0.000910761
0.0005245
0.00171564
0.000605291
0.00192369
0.00122093
0.000611969
0.000793684
0.00114678
0.00253313
0.00139698
0.00122737
0.000725067
0.00158517
0.0013281
0.00178334
0.005595
0.0016155
0.00300327
0.0016406
0.00123923
0.000974894
0.00183439
0.00204158
0.000882707
0.00134981
0.00156427
0.000949235
0.00286203
0.0019335
0.00167404
0.0015322
0.00372893
0.00109952
0.0012905
0.000935719
0.000648807
0.00124522
0.001214
0.000869334
0.000818587
0.000591649
0.0090813
0.000545634
0.000340914
0.000430891
0.0010498
0.00201336
0.00101737
0.00229659
0.00113542
0.0014195
0.000909584
0.00125701
0.00120307
0.00133336
0.00211389
0.00148071
0.0102823
0.00193309
0.00134529
0.00178225
0.00215839
0.000687435
0.0010442
0.00705275
0.00122767
0.00196896
0.00108934
0.000467211
0.00200473
0.00149576
0.00143517
0.000769375
0.00122662
0.000835827
0.00105895
0.00063499
0.00183024
0.000600602
0.00248773
0.000901062
0.001162
0.000282737
0.0349513
0.0017457
0.00115179
0.0014436
0.00602437
0.00112468
0.00104264
0.000682769
0.000990815
0.00134115
0.00078701
0.00145909
0.00688296
0.000993357
0.00359613
0.00187415
0.00236676
0.00165302
0.00121339
0.000795952
0.00102903
0.00058642
0.00123665
0.000922399
0.00131822
0.000820797
0.00657106
0.00127555
0.000632171
0.00097849
0.00101586
0.000581295
0.000760378
0.00169774
0.0213528
0.0014839
0.0010708
0.00111644
0.000914969
0.00185043
0.00108852
0.000715612
0.00172608
0.000653494
0.00665712
0.0012445
0.00104079
0.00075376
0.001374
0.00212836
0.00159478
0.000942907
0.00192621
0.000689898
0.00259627
0.00113777
0.00158962
0.00152025
0.00142181
0.00032646
0.00100565
0.00170751
0.00123282
0.00198093
0.00151706
0.000855498
0.00115986
0.00396405
0.00161464
0.00085305
0.00100228
0.0016658
0.00199339
0.0053183
0.0010151
0.00093827
0.00212311
0.00116168
0.000994029
0.00381516
0.00131089
0.00248872
0.00125174
0.00206983
0.00186816
0.0012814
0.000633401
0.003953
0.000421913
0.00196452
0.00159487
0.0012214
0.000835338
0.00148582
0.000967281
0.00157958
0.00113107
0.00206089
0.00106836
0.0024622
0.000923978
0.000974274
0.00111158
0.00159626
0.000951131
0.0117475
0.000936091
0.00291659
0.00184068
0.00170142
0.00180927
0.00143427
0.000927088
0.00348953
0.00339565
0.00158337
0.00108991
0.00158724
0.000962358
0.00212081
0.000943755
0.0016498
0.00138286
0.000747322
0.0006169
0.000902877
0.00206548
0.00120252
0.000372763
0.00195713
0.00147159
0.000827215
0.000983814
0.0025265
0.000669004
0.00127571
0.00760158
0.00536264
0.00121684
0.00139949
0.00188712
0.00132286
0.00104334
0.000362876
0.00102487
0.00192648
0.000934039
0.0012273
0.000882281
0.00141906
0.00125076
0.00271297
0.00159454
0.001426
0.00594386
0.00124323
0.00162121
0.000726163
0.0032022
0.00123005
0.00145592
0.00147793
0.000954886
0.0011962
0.00988587
0.00173026
0.00153056
0.00135374
0.00107403
0.00104129
0.00184487
0.00109331
0.00101344
0.00126271
0.00153818
0.0019667
0.0025013
0.000657421
0.000988806
0.00315543
0.000952291
0.00147893
0.000621167
0.00912135
0.00108885
0.00106768
0.00200277
0.00192347
0.000488151
0.00089743
0.00297122
0.001104
0.00110134
0.00152719
0.00145087
0.00119414
0.000884217
0.00223344
0.000495945
0.00121339
0.00145537
0.00114282
0.00050945
0.00541501
0.0019011
0.000312808
0.00123007
0.000647957
0.00128538
0.000485697
0.000751544
0.00129908
0.00125277
0.00138661
0.00298809
0.00021832
0.00151559
0.00100538
0.00131667
0.00250171
0.00143799
0.00107124
0.00107774
0.00154987
0.00184279
0.00195734
0.000332371
0.0129847
0.00114026
0.00263605
0.000871989
0.00199958
0.00167239
0.00141471
0.00105961
0.00147261
0.00130044
0.00101897
0.000717206
0.00221601
0.000780932
0.000904514
0.00116117
0.00155001
0.00158579
0.00271408
0.00285611
0.00163574
0.00194937
0.00110786
0.00147732
0.00114664
0.00193161
0.000776374
0.00143353
0.00127369
0.00337386
0.000527174
0.00285518
0.00109121
0.000836846
0.00149472
0.000741885
0.00120233
0.000543949
0.000598826
0.00210205
0.00120723
0.00214793
0.00250564
0.00115066
0.00146239
0.000637801
0.00411599
0.00131824
0.00173927
0.00171979
0.00109274
0.00145433
0.000945393
0.000518674
0.00151418
0.000992585
0.002744
0.00114298
0.00126528
0.000995888
0.00067808
0.00128631
0.00119667
0.00187741
0.00200534
0.000893895
0.000690759
0.0042045
0.00175463
0.0031242
0.000897515
0.0238914
0.001106
0.00172742
0.00147427
0.000955556
0.00126006
0.00142462
0.00175284
0.00110524
0.00413851
0.00149746
0.00106225
0.000750239
0.00132162
0.00117829
0.00124133
0.00118326
0.00274792
0.00282315
0.00158635
0.00124788
0.00191689
0.00101328
0.00310516
0.00126308
0.00123069
0.000909575
0.0015404
0.00109465
0.00187437
0.000227559
