0.000314749
0.000270043
0.000392147
0.000398806
0.000488392
0.00021906
0.000376971
0.000568523
0.000453019
0.000469536
0.000280369
0.000419884
0.000570468
0.000188293
0.000526019
0.000542965
0.000159323
0.000348615
0.000312347
0.000158304
0.000224316
0.000625053
0.00039984
0.0110876
0.000564559
0.000349505
0.000301698
4.64348e-05
0.00078515
0.000205944
0.000443295
0.000448902
0.000242193
0.000222674
0.000334301
0.000555727
0.000477376
0.000371119
0.00015078
0.000258471
0.00128711
0.000435647
0.000483843
0.000975846
0.000521378
0.000401184
0.000210113
0.000224773
0.000418452
0.00151481
0.000269848
0.00102203
0.000242997
0.000176212
0.000221866
0.000657852
0.0012593
0.00034303
0.000290626
0.000410489
0.000170274
0.000203696
0.000197445
0.000296063
0.000262395
0.000263513
8.5433e-05
0.000242715
0.000282045
0.000271294
0.00238564
0.000275329
0.000297324
0.00045274
0.000312612
0.000270351
0.000322851
0.000662919
0.000220062
0.000316745
0.000685126
0.000569557
0.000504687
0.000491271
8.12826e-05
0.0109248
0.000322781
0.000267683
0.000241303
0.0010161
0.000282394
0.000490918
0.000238261
0.00131502
0.000427248
0.000246694
0.000515932
0.000211162
0.000439578
0.000242763
0.000740724
0.000313835
0.000838256
0.000310444
0.000193196
9.16512e-05
0.000236119
0.000615715
0.000191185
0.000281681
0.000270999
0.0002067
0.000456019
0.000431613
0.000407902
0.000943419
0.000276675
6.93525e-05
0.00100946
0.000220931
0.000356522
0.0014452
0.000309697
8.4982e-05
0.00025128
0.000644207
0.000592886
0.000281817
0.000753211
0.000303902
0.000203358
0.000369987
0.000319697
0.00016509
0.000278852
0.000295507
4.80727e-05
0.000251743
0.000483551
0.0038715
0.000597371
0.000399264
0.000293819
0.00034181
0.000481536
0.00020391
0.000471164
0.000626917
0.000169078
0.000549114
0.000351834
0.000511161
3.09409e-05
0.000146403
0.000254178
0.000391728
0.000330099
0.000304394
0.00018492
0.0025823
0.000295681
0.00044684
0.000393055
0.000100939
0.000298343
0.000246771
0.000474792
0.000524322
0.000323109
0.000188434
0.000543338
0.000774904
1.99681e-05
0.000204233
0.000435265
0.000319395
0.000646076
0.00050795
0.000275189
0.000301323
0.000248254
0.000341127
0.00016954
0.000501379
0.000162348
0.000257557
0.000222622
0.000241812
0.00112754
0.000776461
0.000492226
0.000542806
0.000938081
0.000203598
0.000401418
0.000126528
0.000431761
0.000788768
0.00021319
0.00036828
0.000331597
0.000348682
0.000443973
0.000651192
0.00030989
0.000424418
0.000459643
0.00039355
0.000324493
0.000525622
0.000180566
0.000132391
0.000181398
0.000285031
0.000360168
0.000285071
0.000369202
0.000140301
0.000829464
0.000346604
7.82127e-05
0.00075549
0.000200844
0.000663522
0.000191575
0.000110675
0.000345742
0.0003951
0.000625172
0.000589349
0.000213085
0.000487146
0.000317008
0.00275407
0.000275578
0.000165742
0.000166594
0.000508369
0.000304811
0.000266552
5.8425e-05
0.00170069
0.000282536
0.000303776
0.000357507
0.000367554
0.000143663
0.00394258
0.00022792
0.00252501
0.000225263
0.00105197
0.000122372
0.000549359
0.000488201
0.000240506
0.00019874
0.000207297
0.000249592
0.000153133
0.00105864
0.000543223
0.000198612
0.000193328
0.00616185
0.000347998
0.000205714
0.000142305
0.000279806
0.000358966
0.000600313
0.000510076
0.000308707
0.000267713
0.000427429
0.000382932
0.000254972
0.00101031
0.000550156
0.000404158
0.000117315
0.00021586
0.00225521
0.00260222
0.000524557
0.000122009
0.000424928
0.000732734
6.22533e-05
0.000530698
0.000421185
0.000210454
0.000208718
0.000110571
0.000120237
0.000804438
0.000360598
0.000242561
0.000308327
0.000116492
0.000672192
0.000285067
0.000303461
0.000259187
0.000166095
0.00019558
0.000665138
0.000361628
0.000178938
0.000186959
0.000282224
0.000277079
0.000143693
0.00230014
0.000362154
0.000138319
0.000273253
0.0016691
0.000191595
0.000453395
0.000202192
0.000314086
0.00196907
0.00195578
0.000418686
0.000436422
0.000129267
0.000695966
0.00121881
0.000809671
0.000357782
0.000352563
0.000457286
0.000391222
0.00316392
0.000420136
0.000370392
0.000417941
0.000265441
0.000261108
0.00018928
0.000159425
0.00054614
4.72604e-05
0.000318909
0.000170026
0.000204218
0.00168688
0.00028328
0.000223831
0.000150456
0.0017357
0.00119275
0.00105546
0.000874181
0.000164906
0.000473827
0.000723647
0.000544236
9.29686e-05
0.000373588
0.000413403
0.00019913
0.000166975
0.000271493
0.001726
0.00293422
0.000305325
0.000290069
0.000207575
0.000346943
0.000232731
0.000392199
0.00010472
6.087e-05
0.000781753
0.000399816
0.000233526
0.000395464
0.000299506
0.000779428
0.000229884
0.000140193
0.000289695
0.00118729
0.000281919
0.000288338
0.000408282
0.000501204
0.000917539
0.000274397
0.000131936
0.000316239
0.000130523
0.00026802
0.000132715
0.00042136
0.000538136
0.000186657
0.000131919
0.000694767
0.00049043
0.000593292
0.000482726
0.000247972
0.00022311
0.000438217
0.000187171
0.000473758
0.000246239
0.000578682
0.000246662
0.00053207
0.00030126
0.000190619
0.000317942
0.00022258
0.000475451
0.00052793
0.000405492
0.000594747
0.000316996
0.000540195
0.000239585
0.000618797
0.000159085
0.000247411
0.00194871
0.000373705
0.00145963
0.000158962
0.000595014
0.000507189
0.000141647
0.000146072
0.000335587
0.000174266
0.00134632
0.00653146
0.000923623
0.000344173
0.000707439
0.000311557
0.000274628
0.000209129
0.000690316
0.000260193
0.000269661
0.00019798
0.000552058
0.000590674
0.000297459
0.000384879
0.000898764
0.000307792
0.000228689
0.000534244
0.0001989
0.000402238
0.000226346
0.000399741
0.000178405
0.00017705
0.001274
0.00135337
0.000650647
0.000159612
0.000543463
0.000279407
0.000185484
0.000323852
0.000174185
0.000159393
0.000183723
0.00048059
0.000235532
0.000176217
0.000322828
0.000235835
0.000281996
0.000209168
0.000447089
0.000390915
0.000627699
0.000265493
0.000708358
0.000574667
0.00049746
0.00036231
0.00019371
0.000426697
0.000271059
7.64742e-05
0.00296318
0.000900767
0.000406881
0.000244161
0.00014522
0.000335723
0.000586117
0.000442213
0.000219293
7.91893e-05
0.000315079
0.00032155
0.000438103
0.000118701
0.000291491
0.000263261
0.000502759
0.000334367
0.000507102
0.000205419
0.000412697
0.000783913
0.000388942
8.81918e-05
0.000201542
0.000368241
0.000311065
9.83868e-05
0.000542568
1.32136e-05
0.000308307
0.000378118
0.00129752
0.000211877
0.00017946
0.000150938
0.000245703
0.000178282
0.000443015
0.000427335
0.00219704
0.000769756
0.000497912
0.000157103
0.00299632
8.36966e-05
0.000105583
0.000139433
0.000178799
0.000166903
0.000427479
0.000170489
0.000680226
0.000338146
0.000319166
0.000420459
0.0041401
0.000129789
0.000358533
0.000386042
0.000178071
0.0173141
0.000610164
0.000591945
0.000308926
0.000543707
0.000150848
0.000374892
0.000311946
0.000396359
0.000252216
0.00131983
0.000442135
0.000182356
0.000355874
0.000316782
0.000164397
9.16463e-05
0.000723331
0.000319039
3.37451e-05
0.000377204
0.00021276
0.000198792
0.000797189
0.000136841
0.000735815
0.000750996
0.000352549
0.000674601
0.000347336
0.000341732
0.000147829
2.84956e-05
0.000256155
0.000153267
0.000482345
0.000349937
0.000103038
0.000307684
0.000304698
0.000262857
0.000272806
0.0010528
0.000435643
0.000680685
0.000162287
0.000474887
0.000281997
0.000306775
0.000132645
0.000965424
0.000599274
0.000397284
0.000671772
0.000258258
0.000376824
0.000314805
0.00109155
0.000293656
0.000186839
0.00052027
0.00114271
0.00114266
0.00299128
0.000175914
0.000230871
0.000492053
0.000100824
9.65936e-05
0.000255131
0.000493724
0.000410918
0.000351014
0.00122096
0.000569563
0.000270707
0.000300348
0.000283589
0.000530514
0.000585183
0.000608364
0.00417905
0.000192172
0.000188069
0.00037668
0.000158671
0.000296752
0.000226387
0.000647171
0.000293945
0.000348089
0.00013143
0.000422786
0.000172869
0.000125446
0.000404567
0.00022654
0.000278568
0.000837289
0.000201475
0.000376323
0.000710889
0.00032937
0.000569513
0.000325019
0.000227094
0.000400096
0.000112995
0.000448342
0.000395715
0.000191031
0.000869143
0.000398235
0.000278084
0.000378668
0.000512634
0.000131845
0.000135749
0.000555162
0.000341943
0.000454248
0.000877421
0.000332429
0.000467902
0.000355404
0.000339752
0.000396132
0.000468992
0.000409281
0.000521843
9.66256e-05
0.000189822
0.000525486
0.000187268
0.000145441
0.000391207
0.00060901
0.000477141
0.000173648
0.00070147
0.000301369
0.000321099
0.000289994
0.000166224
0.000467689
3.63831e-05
9.50479e-05
0.000426946
0.000260617
0.000357801
0.00019147
0.000131911
0.000391446
0.000835643
0.000175638
0.00288482
0.000224172
8.48038e-05
0.000259499
7.43242e-05
0.000741324
0.00208972
0.000764114
0.000227796
0.000262959
0.000265999
8.66937e-05
0.000273813
0.000312641
0.000293137
0.000285536
0.000323361
0.00114801
0.000193304
0.00023869
0.000260615
0.000335117
0.00055476
0.000119256
0.000205531
0.00055204
0.000924171
0.000156557
0.000267885
0.000601141
0.000230363
0.000237893
0.000551155
0.000301648
0.000707586
0.000218478
0.00264465
0.000564703
0.00018598
0.000148991
0.000214002
0.000293353
0.000220999
0.000276789
0.000735014
0.000441206
0.000224313
0.000538233
0.000103783
0.000305912
0.000340536
0.000276194
0.000196922
0.000104564
0.0005214
0.000194455
0.000235482
0.000794603
0.00043204
0.000447882
0.000339656
0.000434379
0.00040841
0.000728602
0.000150355
0.00042127
0.000238539
0.000484811
5.18619e-05
0.000275778
0.000328349
0.000401902
0.000778872
0.00014896
0.000184576
0.000426824
0.000151869
0.00759215
0.000454732
0.000108688
0.00144308
0.000462949
0.000239875
0.000855025
0.000469243
0.000336916
0.000179499
0.000396924
0.000245465
0.000473467
0.00081323
0.000555388
0.00156592
0.000454727
0.00043584
0.000548629
0.00277466
0.000555437
0.00032597
0.000548212
0.000224666
0.000241256
0.00047113
0.000218395
0.000645209
0.000306023
0.000262742
0.000366882
0.000286615
0.000285317
0.000444334
0.000153108
0.000396056
0.000868649
0.000744498
0.000521597
0.000384108
0.000775514
9.8447e-05
0.000217058
0.000288539
0.000167542
0.000285647
0.000992377
0.000288952
0.00045055
0.000193714
0.000489403
0.000661715
0.000214164
0.000339148
0.000933311
7.11935e-05
0.00107856
0.000490531
0.000312268
0.000540772
0.000308916
0.000832918
7.0993e-05
0.000251899
0.000357734
0.000348071
0.000865639
0.000184807
0.000506881
0.0006734
0.000164282
0.00126402
0.000900979
0.000109886
0.000402092
0.000331923
1.62313e-05
0.000168326
0.000392665
1.18342e-05
0.000208803
0.00108755
0.000637144
0.000267473
0.000608029
0.000990387
0.000286001
0.000393912
0.000470245
0.000242022
0.000502276
0.000169667
0.000365499
0.000185552
0.000342701
0.00048554
0.000273449
0.000442356
0.000922287
0.000457346
0.00301776
0.000544631
0.000203837
0.000248365
0.000345823
0.000438992
0.000357481
0.00029126
0.00142559
0.000437384
0.000675253
0.000222461
6.27039e-05
0.000295639
0.000439172
0.000200836
0.000494454
0.000252185
0.000339123
0.000159704
0.000197342
0.000798486
0.000957248
0.000384363
0.000301687
0.000329233
0.000631068
0.000651103
0.000297004
0.00105477
0.000451274
0.000275505
0.000457602
0.000386044
0.000216478
0.000112382
0.000529785
0.000207473
0.000415827
0.000244191
0.00167555
0.000225743
0.000175412
0.000330545
0.000802775
0.000252896
0.000447219
0.000294749
0.000264315
6.6684e-05
8.19955e-05
0.000491138
0.000222893
9.75977e-05
0.000212368
0.000536095
0.000517069
0.000838068
0.000159383
0.000415809
0.000279542
0.000327727
0.00196815
4.87913e-05
0.00030565
0.000298259
0.00170167
0.000243062
0.000356731
0.000133361
0.000525286
0.000595261
0.000127249
0.000922749
0.000375884
0.00029659
0.000328608
0.000204023
0.000952198
0.000138238
0.000288087
0.000445655
0.000413562
0.000780996
0.00021429
0.00548311
0.000153138
0.000167515
0.000138467
0.000979605
0.000452219
0.000196511
0.00036785
0.00101373
0.00109916
0.000149866
0.000310019
0.000248996
0.000632167
0.000355548
0.000409593
0.000560781
0.000169261
0.000469912
0.000295194
0.000761438
0.000244772
0.00193395
0.000135793
0.000523242
0.000252081
0.000620585
0.000406371
0.000381895
2.85837e-05
0.000470589
0.000334641
0.000237692
0.000263274
0.000244646
0.00182609
0.000643027
0.000314033
0.000235585
0.000268739
0.000114366
0.000166114
0.000130234
0.00027247
0.000276703
0.000303133
0.00370578
0.000248645
0.000293946
0.0004179
0.000455677
0.000318953
0.000492882
0.000360221
0.000775277
0.000302135
0.000428414
0.000248346
0.000755915
0.00054267
0.000416108
0.00068719
0.000479612
0.000239247
0.000330105
0.000296908
0.000201469
0.000114469
0.000291219
0.000303406
0.000284492
0.000303163
0.000308251
0.000199699
9.51393e-05
0.000176808
0.000965966
0.00393405
0.000266194
0.000187818
0.000251761
0.00016534
0.000481375
0.000246079
0.000312097
0.00027067
0.000318978
0.00041961
0.000317107
0.000524939
0.000157023
0.000435364
0.00176414
0.00027336
0.000240742
0.000373968
0.000523645
0.000201535
6.14997e-05
0.00142795
0.000242782
0.00324987
0.000328596
0.000353173
7.49996e-05
0.000422258
0.000249661
0.000346363
0.000316045
0.000414684
0.000332759
0.000289597
0.0002039
0.000350892
0.000876753
6.33193e-05
0.000389116
0.000344839
0.000256757
0.00039767
0.000177703
6.45841e-05
0.000258497
0.000281023
0.000145042
0.000215691
0.000198436
0.000398822
0.00025512
0.000200008
0.000387619
0.000151522
0.000153859
0.000593889
5.53854e-05
8.86963e-05
5.4369e-05
0.000364104
0.000276764
0.000317498
0.000296096
0.000265632
0.000368098
0.000302316
0.000367612
0.000633873
7.11496e-05
0.000345113
0.000441826
0.000390699
0.000496967
0.00017661
0.000271479
0.000342482
0.00357183
0.000731653
0.000875415
0.000234394
0.000265507
4.75334e-05
0.00050948
0.000240286
0.000104444
0.000209191
0.00050195
0.000108466
0.00115034
0.000152527
0.000334428
0.000293911
0.000625941
0.000547271
0.000508032
0.000182276
0.000616462
0.000168792
0.000385771
0.000340213
0.000331294
0.000416942
0.000352113
0.000251572
1.50264e-05
0.00126862
0.00045979
0.000785213
0.000273605
7.21718e-06
0.00030179
0.000216465
0.000259525
0.000272194
0.000430449
0.00024567
0.000406108
6.99024e-05
0.000444952
0.000250015
0.00022915
3.08224e-05
0.000330345
0.000305136
0.000114057
0.000249479
0.000592975
0.000237577
0.000237042
0.000290554
0.000302904
0.000362772
0.00027369
0.000569752
0.000604862
0.0022176
0.000257332
0.000116091
0.00038322
0.000282397
0.000114026
0.000125038
0.000160082
0.000438426
0.000407798
0.000360108
0.00046333
0.000509299
0.000365647
0.000277575
0.000151208
0.000355978
0.000519915
2.41454e-05
0.000269161
0.000808935
3.03492e-05
0.00214803
0.000837264
0.000489262
0.000305913
0.000223813
0.00035209
0.000501558
0.000267642
0.000286372
0.000704136
0.000151101
0.000373811
0.000116814
0.000230922
0.000162507
0.000397394
0.000393056
0.000349001
0.000499411
0.000411821
0.000241255
0.000232021
0.0403966
0.000636791
0.000712627
0.000275022
0.000351969
0.00029933
0.0004269
0.000387127
0.000817517
0.000228088
0.000233761
0.000220426
0.000319963
0.00916238
0.000616472
0.000435286
0.000187479
0.000926277
0.000435858
1.02523e-05
0.000879945
0.000267352
0.000840668
0.00029112
0.000780226
0.000125324
0.000221624
0.000214048
0.00829859
0.000443492
0.000596698
4.82745e-05
0.00050335
0.00039152
0.000283047
0.000197206
0.000254809
0.000200808
0.000174555
0.000291252
0.000170656
0.000290769
0.000228636
0.000395131
0.000439557
0.000770609
0.000180247
0.00024117
0.000361242
0.000642452
0.000161811
0.000477889
0.000372414
0.000271124
0.000774062
0.000449471
0.000176172
0.000760246
0.000317611
0.000264631
7.38267e-05
0.00024947
8.53728e-05
0.000413555
0.000773011
0.00317537
0.000181684
6.93638e-05
0.000199408
0.00101413
0.000407059
0.000531008
0.000291237
0.000995093
0.000472707
0.000813609
0.000918593
7.48015e-05
0.000476586
0.000350669
0.000386849
0.000242371
0.00118386
0.000228192
0.000165718
0.000853923
0.000343863
0.000236004
0.000171033
0.000192415
0.000486221
0.000321318
0.000356631
0.000424359
0.000264606
0.000707003
0.000537383
0.000251747
0.00070153
0.000305185
0.000140586
0.000256441
0.000210814
0.000561039
0.000394755
0.000351808
0.000219158
0.0111555
0.000210972
0.000119542
0.000424137
0.000294453
0.000751726
0.000225088
0.000251981
0.000130459
0.000500807
0.000316888
5.42974e-05
0.000403651
0.000233084
0.000258822
0.000227517
0.000168892
0.000809582
0.000186278
0.00093749
0.000287115
0.000320285
0.000534498
0.000475176
0.000186775
0.000637168
0.00056535
0.000489506
0.000246105
0.000494614
0.000104664
0.000764945
0.000242326
0.00196526
0.00252143
0.000761227
0.000628372
0.00015308
0.000164462
0.000190568
0.000294622
0.000389547
0.000287802
9.3907e-05
0.000352459
0.000698165
0.000122438
0.000498166
0.000437244
0.000385003
0.000551356
0.000923731
7.69015e-05
0.000719163
0.000327407
0.000232499
8.10941e-05
0.000307977
0.000185058
0.000481113
0.000332892
0.000376207
0.000414492
0.000324392
0.000518331
0.000174066
0.00016806
0.000138519
0.000547133
0.000200101
0.000483343
0.000825906
0.000408129
0.000999711
0.000366225
0.00523523
0.000364421
0.000257418
0.000336002
0.00019273
0.000141879
0.000934586
0.0002155
0.000279849
0.000353462
0.00198813
0.000772828
0.000443382
0.000356494
0.000429901
0.000315346
0.000128255
0.000153556
0.00213489
0.000602287
0.000579403
0.00270983
0.000274783
0.000251231
0.000268199
0.000202947
0.000532293
0.000152687
0.00224948
9.10122e-05
0.000335047
0.000121406
0.000224173
0.00080111
0.00034099
0.000193499
0.000526019
0.000228527
7.1058e-05
0.000315948
0.000459488
0.000258652
0.000250592
0.000307961
0.000253623
0.000305879
0.000115281
0.000371524
0.000208545
0.00269086
0.000268324
0.00017042
0.000557733
0.000154259
0.000366423
0.00015861
0.000351376
0.000498873
0.000708177
0.000203985
0.000374333
0.015282
0.000266952
0.00176209
0.000885715
0.000311897
0.00018742
0.000376317
0.000289403
0.000296397
0.000415298
0.000177256
0.000206795
0.000179302
0.000133312
0.00123032
0.000144761
0.000460466
0.000292445
0.000405847
0.000363319
0.000299416
0.000147418
0.000288299
0.000242096
0.000885381
0.000101175
0.000489681
0.000134262
0.000380679
0.000199943
0.000297535
0.00022859
0.000317421
0.000361962
9.58951e-05
0.000239798
0.00022263
0.000127384
0.000312403
0.00026317
0.000441795
0.00339977
0.000186333
0.000491005
0.000171993
0.000318485
0.000614702
0.000336172
0.000706394
0.000245123
0.000717625
0.00120131
0.00105466
3.44471e-05
0.000389053
0.000623366
0.000334864
0.000928794
0.000325664
0.00119011
0.000233134
1.03954e-05
0.000233164
0.000153138
0.000710708
0.000878591
4.97461e-05
0.000380801
0.000184283
0.000323816
3.14487e-05
0.00201569
0.000301087
0.000231973
0.000416144
0.000267127
0.000355065
0.000249709
0.000239669
0.000198605
0.000423552
0.000424186
0.000246006
0.000217327
0.000338316
0.000543435
0.000166517
0.000194827
0.000319031
0.00217999
0.000505611
0.000270234
0.000141638
0.000182066
0.000849651
0.000260396
0.000257458
0.000609739
0.000907287
0.000424184
0.00178071
0.000696
0.000323603
0.000486952
0.000999862
0.000888435
0.00017194
9.66767e-05
0.000134277
0.000419568
0.000114643
0.00114718
0.000238092
0.000294229
1.09415e-05
0.000247191
0.000333273
0.000740025
0.00415807
0.000277779
0.000250813
0.000156315
0.000332862
0.000462948
0.00073727
0.000470427
0.000853133
0.000203904
0.000332685
9.06294e-05
0.000134215
0.000687372
0.000317625
0.000355407
0.00027621
0.000530512
0.00022537
0.000231418
0.000624092
0.000246065
0.00029926
0.000649074
0.000314201
0.000424356
0.000929836
0.000695948
0.00044052
0.000596245
0.000219337
0.000270891
0.000566288
0.000210934
0.000787531
0.00104888
0.000234832
0.000260704
0.00026661
0.000170289
0.000873149
0.000247375
0.00327767
0.000294006
0.00028308
0.000468848
0.000674963
0.000331649
0.000103657
0.000861106
0.000236133
0.000412537
0.000369692
0.000248817
0.00015529
0.000443281
0.000380517
0.000563158
0.00063876
0.000215744
0.000285376
0.000305341
0.000330445
0.000363606
0.000159918
0.000279617
0.00137286
0.000231797
0.000353939
0.000326662
0.000222251
0.000492417
0.00037723
0.000345451
0.000400786
0.000424988
0.000242794
0.000662034
0.000285826
0.000130363
0.000278516
0.000459423
0.00089805
0.000785121
0.000356457
0.000710704
0.000306799
0.000204037
0.000135429
0.000221064
0.000162286
0.000384562
4.29134e-05
0.00036831
0.00100716
0.000324749
0.000419345
0.000618694
0.000316265
0.000636405
0.000487488
0.000561662
0.000411838
0.000433175
7.9099e-05
0.000263601
0.000344559
0.000323248
0.000346752
0.000170306
0.000127502
0.000256872
0.00021734
0.000152378
0.00230568
0.000759508
0.000323389
0.000313727
0.000369998
0.00055533
0.000533933
0.000169258
0.000175259
0.000201101
0.000198657
0.000268929
0.000357905
0.000277463
0.000477548
0.000155979
0.000200728
0.000246551
0.000539245
0.000324396
0.000479976
0.000149596
0.000467757
0.000818521
0.000257414
0.000352706
0.000205301
0.000584676
0.000320881
0.000274345
0.000135258
0.000104562
0.000512995
0.000161566
0.000161195
0.000312001
0.000596142
0.00043743
0.000542961
0.00484293
0.00041246
0.000386908
0.000250197
0.000237447
0.000103228
0.00035988
0.000418106
0.000351121
0.000210308
0.000296833
0.000402429
0.000265475
0.00027911
0.000292036
0.000414641
0.000286763
0.000354096
0.00214601
0.000104554
0.000891669
0.000138995
0.000689918
0.000365315
0.000204908
0.000635737
7.59945e-05
0.000549811
0.000745856
0.000279621
0.000205551
0.000472751
0.000302158
0.00107857
0.000384561
0.000630963
0.00085054
0.00124844
0.000165407
0.00073157
2.30519e-05
0.000222187
0.000560513
0.000830265
0.000220459
0.0142205
0.000223738
0.00030349
0.00021552
0.000350893
0.00116405
0.000801901
0.000204539
0.000311724
0.000432094
0.000402069
0.000477662
0.000147714
0.000241604
0.000708726
0.000171125
0.000620596
0.000866001
0.00115369
0.000146997
0.000190411
6.61829e-05
0.00072724
0.000581729
0.00075805
5.47673e-05
0.000223652
0.000152587
0.000133721
0.000553308
0.00051315
0.000204289
0.00014738
7.04345e-05
0.000194112
0.000196071
0.000851879
0.000124659
0.000208206
0.000362961
0.000508193
0.000421176
0.000163845
0.000340932
0.000252438
5.57214e-05
0.000412434
0.00188461
0.000147028
0.000518231
0.0045072
0.000419106
0.000491872
0.000180882
0.000107281
0.000441397
0.000309743
0.00108581
0.000183433
0.000558774
0.000898436
0.000481447
0.000319357
0.000599929
0.000338305
0.00063058
0.000189918
0.000461791
0.000579353
0.000108805
0.000488003
0.000294953
0.000482046
0.000464991
0.000351511
0.000120456
0.000105916
0.000284725
0.000315908
0.000192123
0.000368787
0.000315955
0.000270984
0.000326772
0.000494865
0.00139038
0.000351349
0.000213062
0.000245061
0.000327536
0.00152856
1.29874e-05
7.09803e-05
0.000130233
0.000360417
0.000335602
0.000187174
0.000394815
0.00023724
0.000133376
0.000274145
0.00337289
0.000154063
0.000321382
0.000357169
0.000269147
0.00224173
2.7024e-05
0.000604652
0.00129161
0.000197623
0.000302547
0.0115043
0.000254014
0.00437772
0.000288487
0.000215246
0.000376158
0.000152439
0.000292324
0.0103001
3.86502e-05
9.11414e-05
0.000500419
0.000193083
9.21808e-05
0.00121465
0.000592875
0.000293819
0.000295872
0.000302085
0.000207886
0.000274998
0.000101578
0.000119287
0.000330093
0.000320186
0.000337812
0.000174731
0.000156451
0.000411813
0.000538002
0.000479886
0.00028188
0.00385386
0.000191191
0.000457344
0.000211025
0.000757312
0.000104756
0.00024337
0.000529474
0.000158118
0.000307143
0.000367657
0.000161108
0.000203007
0.00010959
0.00062561
0.000162165
0.000123512
0.000468848
0.000157848
0.000477524
0.000155249
0.000150958
0.000487533
0.000145499
0.000723596
0.000325404
0.000184002
0.000292598
0.00455496
0.000293521
1.14558e-05
0.000301794
7.43568e-05
0.000335686
0.000272545
0.000142708
0.000746879
0.000433153
0.000414242
0.00018041
0.000318631
0.000118507
0.000156801
0.00151895
0.000354113
0.0003515
0.000352602
0.000421792
0.00157039
0.000264349
0.0001572
0.000264844
0.000351102
0.000560483
0.000392017
0.000466963
0.000408461
0.000216044
0.000659753
0.000240055
0.000352045
0.000179156
0.000237379
0.000837757
0.000275522
0.000300853
0.00021827
0.000352602
8.62506e-05
0.000485913
0.000570341
0.000182734
0.000102842
0.000118027
8.37303e-05
0.000462483
0.000375588
0.000559217
0.000196721
0.000341082
0.000327475
0.000288941
0.000544542
0.000443996
0.000411903
0.000806527
0.00112678
0.00018284
0.000866516
0.000196658
9.77678e-05
0.000196377
0.000130357
0.000211694
0.000200678
0.000176456
0.00066379
0.0003449
0.000950838
0.000373345
0.000269251
0.00137003
0.00138554
0.000885155
0.000378954
0.000249425
0.00045266
0.000916102
0.000684152
0.000399455
0.000219068
0.000279137
0.000282266
0.000172028
0.000313931
0.000968777
0.000196699
0.00192446
0.00011433
0.000532647
0.000275862
0.000428286
0.000114331
0.000198199
0.000141267
6.90606e-05
0.000190653
0.000552948
0.00257511
0.000241788
0.000232418
0.000222023
0.000342952
0.000180705
0.000381069
0.00208456
8.70939e-05
0.000230678
0.000623663
0
0.000366952
0.000216741
0.000808894
0.00366128
0.000170215
0.000231117
0.000236983
0.00021859
0.000225971
0.000434477
0.000334801
0.000435467
0.000593942
0.000192606
0.000366074
0.00050022
0.000739878
0.000322832
0.000256069
0.00024848
0.0032562
0.000405718
0.000165398
0.000321877
0.000233433
0.000270603
0.000160461
0.000455692
0.000211032
0.000747976
0.000419513
0.000269634
0.000150996
0.000309388
0.000272217
0.00015081
0.000333511
0.000296893
0.00129611
0.000311251
0.000225654
6.32528e-05
0.000944997
0.000295134
0.000197701
0.000368083
0.000243534
0.000718616
0.000511625
0.000164966
0.000402178
0.00189475
0.000254831
0.000429435
0.000268633
0.000327818
0.000688017
0.000513879
0.000416467
0.00052649
0.000371032
0.000285724
0.000588968
0.000331374
0.000264958
0.000466821
0.00042603
0.000614069
0.000233548
0.00070457
0.000192459
0.000125057
0.000242461
0.00752919
0.000552609
0.000279854
0.000414288
0.000126153
0.000164005
0.000473636
0.000203391
0.000163083
3.64844e-05
9.53397e-05
0.000620018
0.000251333
0.000249741
0.00015712
8.53024e-05
0.000408621
0.000291387
0.000123724
0.000232058
0.000148194
0.000151541
0.00013684
6.12996e-05
0.000346269
0.000177486
0.00030227
0.000381476
0.000249595
0.0101056
0.000240909
0.000410411
0.000364138
0.000374652
0.0105594
0.000313745
0.000247098
0.000221432
0.000188523
0.000274809
0.000526947
0.000117093
0.00050545
0.00019452
0.000399876
0.000258891
0.000767386
0.000275701
0.000122124
0.000126403
0.000738527
0.0004178
0.000384836
0.000438948
0.000221357
0.000381784
0.000193004
4.42458e-05
0.000739825
0.000368672
0.000520029
0.00960281
0.000375389
0.00064586
0.000207354
9.62873e-05
0.000201722
0.000334816
0.000837024
0.000337964
0.000363358
0.000434767
0.000404867
0.000223129
0.000133952
0.000173554
0.000306001
0.000374241
0.000528075
1.38211e-05
0.000313137
0.000535511
0.000396707
0.000205016
0.000411192
0.00039876
0.000388525
0.00018087
0.000540407
0.00140496
0.000867691
0.000257435
0.000406294
0.000511909
0.000259353
0.000233195
0.000493767
0.00173677
0.000295599
0.000362731
0.000330685
0.000275568
0.000356811
0.000342475
0.000377478
0.0022436
0.000334892
0.000102082
0.000448273
0.00145223
0.000201592
0.00037943
0.000372556
0.000382339
0.000150392
0.000123965
0.000521147
0.000158349
0.000103817
0.000352776
0.000671231
0.000214567
0.000900563
0.000330776
0.000310116
0.000126891
0.00103432
0.000201163
0.000348652
0.000322737
0.000794484
0.000146431
0.000188481
0.000189667
0.000963321
0.000289194
0.000318323
0.000292193
0.000361977
0.0003067
0.000153725
0.000329363
0.000561546
0.00168295
0.000454187
0.000317537
0.000422338
0.000307997
0.000323579
0.000217516
0.000154816
8.00438e-05
0.000154877
0.000211238
0.000454993
0.000320809
0.000280525
0.000229206
0.000613577
0.000591481
0.000340658
0.000217925
0.000144446
0.000238882
0.000326364
0.00153132
0.00060509
0.000658875
0.00025573
0.000223527
0.000329962
0.000269043
0.000429666
6.30349e-05
0.00033575
0.000418444
7.72301e-05
0.000275322
0.000223739
0.000563266
0.000275818
0.000450389
0.000389892
0.000342638
0.000538834
0.000283227
0.00861976
6.94369e-05
0.000141929
5.94428e-05
0.000215725
0.000255202
0.00448454
0.000383487
0.000417939
0.000293919
0.000354179
0.00107259
0.000125481
0.000460459
0.000279825
0.000269401
0.000197902
0.000376881
5.63354e-05
0.0015197
0.000297492
0.000313725
0.000277535
0.00065593
0.000396221
0.000294568
0.000351707
0.00058386
0.000630947
0.000338933
0.000234396
0.000389222
0.000216958
0.00025919
0.000603575
0.000237261
0.00039594
0.000311907
0.000277638
0
0.000471228
0.000458511
0.000358652
0.000727585
0.00075908
0.00021798
0.000177509
0.000271065
0.000376069
0.000228227
0.00037109
0.000541353
0.000124669
0.000413574
0.0013417
0.000365275
0.00045119
0.000617545
0.000779492
0.000275399
0.000331432
0.000953222
0.00070186
0.000249951
0.000575802
0.000213891
0.000502257
0.000253535
0.000238803
0.00117628
0.000254199
0.000343528
0.000273478
0.0003497
0.00154351
0.000233211
0.000170778
0.000300182
0.000218956
0.000385449
0.000284139
0.000569369
0.000532344
0.000240537
0.000116273
0.000309468
2.26371e-05
0.000173214
0.000237846
0.000645216
0.000556536
0.000211569
0.000261593
0.0013935
0.00131949
0.000280603
0.000252278
0.00105383
0.000235208
0.000255888
0.000325695
0.000238235
0.000488214
0.000170752
9.3849e-05
0.000385564
0.000601365
0.000195389
0.000314574
0.00107866
0.000420691
0.000239384
0.000494728
0.000363173
0.000194581
7.88542e-05
0.000263909
0.000314882
0.00420751
0.000288061
0.000178537
0.00021614
0.00228864
0.000405915
0.000427952
0.000419177
0.000355392
0.000156475
0.00119115
0.000244909
0.000143742
0.000483644
0.000390579
6.11252e-05
0.000538359
0.000416967
0.000293218
0.000568988
0.000263865
0.000343855
0.000563304
9.10511e-05
0.000178431
0.000356451
6.01859e-05
0.00029282
0.000209092
0.00347293
0.000291326
0.00101507
0.000743686
0.00125835
0.00028782
0.000782747
0.000666216
0.000368899
0.000338619
0.000131651
0.000372821
0.000485809
0.00019507
0.000614946
0.000676988
0.000351014
0.000476049
5.85099e-05
0.00100595
0.000131356
0.00027411
0.000148382
0.000539998
0.000611695
0.000359762
0.0003188
0.000282962
0.000469772
0.000549583
5.48757e-05
0.000438834
0.000518934
0.00116645
0.000420775
0.000297192
0.000190962
0.000210345
0.000283237
0.000396981
0.000205922
0.000473451
0.00026752
0.000275626
0.000268973
0.00038774
0.000398941
0.00494127
0.000103102
0.000479687
0.000717021
0.000314229
0.000192755
0.000449794
0.0001039
0.000800622
0.000332603
0.000271197
0.000465701
0.000380845
0.000208983
0.000285836
0.00113964
0.000200173
0.000221633
0.000143278
0.000268434
0.000297042
0.00019515
0.000266036
0.000239011
0.000464787
0.000365925
0.00045923
0.000343476
0.000243574
0.000244422
0.000252002
0.00050756
0.000698274
0.000176507
0.00482489
0.000264878
0.000171639
0.00038086
0.00139239
0.000255844
0.000278975
0.000515547
0.000857539
0.000384303
0.000178509
0.000628206
0.000236976
0.000401078
0.00029209
0.000155994
0.000441123
0.00039613
0.000712005
0.000547421
0.000315941
3.32504e-05
9.78024e-05
0.000189727
0.00187839
0.000622599
0.000373056
0.00057338
0.000407781
0.000403671
0.000258594
0.000386504
0.000490088
0.00034066
0.000517334
0.000525701
0.000833395
0.000296454
0.00022268
0.000337146
9.06335e-05
0.000646261
4.76191e-05
0.000245286
0.000234027
0.000340034
0.000917287
0.00229048
0.00598521
0.000301364
0.000274437
0.000371308
0.00210229
0.000761514
0.000232411
0.000526932
0.000385614
0.000811835
0.0289227
0.000304948
0.000363657
0.000830253
0.00032085
0.000556474
0.000780342
0.000148345
0.000123185
0.000119232
0.000278933
0.000329541
0.000844959
0.000307629
0.000443644
0.000394011
0.00456134
0.000198946
0.000342451
0.000218434
0.000253841
0.000811601
0.000229022
0.000641901
6.99631e-05
0.000410921
0.000574406
0.000487752
0.000524823
0.000360115
0.00129518
0.000119846
0.000403099
0.000155743
0.000310995
0.00114844
0.00045187
0.000196501
0.000626327
0.000534601
0.00023222
0.00193502
0.00165549
0.000128409
0.000391455
0.000160918
4.55702e-05
0.000241831
0.000222484
0.000267405
0.000436153
0.000289595
0.000314071
0.00102617
0.00015356
6.49478e-05
0.000354779
0.000153506
0.000410001
0.000264702
0.000377933
6.98172e-05
0.000266732
0.00135376
8.27153e-05
0.000897267
0.000367493
0.000304559
0.000353856
0.00041339
0.00030992
0.00039653
0.000351935
0.000312966
0.00121884
0.000312123
1.94799e-05
0.000212064
0.000214017
0.000512154
0.000205205
0.000283537
0.000307216
0.000491593
0.000623742
0.00024972
0.000146537
0.000811438
0.000287201
5.26891e-05
9.58553e-05
0.000546319
0.000316927
0.00030752
0.000626445
0.000435216
0.000401492
0.000615796
0.00105871
0.000208662
0.000295123
0.000300196
0.000463945
0.000595635
0.000398169
0.00063837
0.000741627
0.000481539
0.000161814
0.00058081
0.000595389
0.00047545
0.00159635
0.000131329
0.000336583
0.000232865
0.00241234
0.000233013
0.000599409
0.000150632
0.000735279
0.00100394
0.000316431
0.000454285
0.000498723
0.000451982
0.000527245
0.000330796
0.000278984
0.000464028
0.000316167
0.000445055
0.000330648
0.000266487
0.000631272
0.000314094
0.000868968
0.000454479
0.000371266
0.000317574
0.000933627
0.000293422
0.000416979
0.000182149
0.00031925
0.000451958
0.000333377
7.861e-05
0.000381129
0.000642152
9.88763e-05
0.00427587
0.000507699
3.40484e-05
0.000407446
2.98031e-05
0.00018686
0.000167599
0.000268634
0.000184069
0.000241009
0.000243448
0.000199265
0.000319408
0.000589026
0.00104708
0.000678977
0.000470619
0.000343204
0.000391359
0.000205847
0.000563144
0.000193611
0.000126925
0.00263786
0.000112037
0.000230035
0.000138244
9.3345e-05
7.9838e-05
0.000265813
0.00100955
0.000337965
0.000808972
0.000463846
0.000625713
0.00123626
0.000472427
0.000248902
0.00023603
0.000181182
0.000212355
0.000209038
0.000212749
0.00032579
0.000411995
0.000614476
0.000839938
0.000355002
0.000251373
0.000579606
0.000225668
0.000208951
0.000373959
0.000621299
0.000547775
0.000427156
0.00036221
0.000141535
0.000172462
0.000267484
0.000161372
0.000306573
0.00042871
0.000398386
0.000222196
0.000284242
0.000359398
0.000154641
0.000414248
0.000164998
0.00040106
0.000147753
0.000457293
0.000114391
0.00063003
0.000233455
0.00129728
0.000362827
0.000223918
0.000243018
0.000365919
0.000201304
7.9545e-05
0.000166605
0.000353574
0.00030382
0.00116718
0.000438517
0.000852666
0.000853619
0.0006627
0.000148803
0.00030992
0.000512126
0.000448176
4.01495e-05
0.000401352
0.000449263
0.000163056
0.000431605
0.000438648
0.00083258
0.00065227
0.000351167
0.000207006
0.00330029
0.000210941
0.000384689
0.000412753
0.000298931
0.00112215
5.89279e-05
0.000334914
0.000340319
0.000502119
0.000199791
0.000459657
0.000472774
0.000529935
0.000129918
0.0012715
0.000111136
0.00128721
0.000551065
0.00049725
2.60655e-05
0.000531988
0.000301188
0.000157084
0.000208446
0.000443563
0.000523248
0.000134891
0.000281085
0.0002009
0.000260982
0.000810519
0.000459039
0.000662087
0.000657793
0.000150485
0.00028339
0.000316878
8.3783e-05
0.000585391
0.000179831
0.000263944
0.0002268
0.000823683
0.000213654
0.000660062
0.000180213
0.000235961
0.000192397
0.000487224
0.000480892
0.000654496
0
0.000525072
0.000388552
0.00112519
0.000660026
0.000215545
0.000244846
0.00101751
0.000409227
0.000307926
0.00112717
0.000194632
0.000903677
0.000586001
0.000203003
0.000273061
8.60583e-05
0.000287204
2.50121e-05
0.00182142
0.000284257
0.000203276
0.000692414
0.000274686
5.1267e-05
0.000118674
0.000369269
0.00046871
0.000216437
0.000853608
0.00017807
9.1342e-05
0.0035068
0.000649691
0.000347258
0.000320501
0.000739327
0.000356346
0.000499527
0.000239494
0.00048126
0.000341685
9.95208e-05
0.000369492
0.000966011
0.000357286
0.000293933
0.00277734
0.000556724
0.000275314
0.000342095
0.000584454
0.000374867
0.000199291
0.000226544
0.000244896
0.000601058
2.0313e-05
0.000537412
0.000299449
0.000263148
0.000356175
0.000334277
0.000211575
0.000232561
0.000556391
0.000708064
0.000129678
0.000434991
0.000396044
0.000912783
0.000160786
0.000198069
0.000361848
0.000864988
0.000115024
0.000210844
0.00020042
0.000339031
0.000179516
0.00016063
0.000165954
0.000227839
0.000325356
0.000282297
0.000132138
0.000201677
0.00138424
0.000604548
0.000152239
0.000149902
3.4341e-05
0.000319157
0.000252549
0.000407669
0.000183509
0.00435694
0.000638106
0.000474133
0.000490541
2.7603e-05
5.56278e-05
0.000549125
0.000207428
0.000175339
0.000239455
0.000421917
0.000147441
0.000243748
0.000780339
0.00120506
0.00024589
0.000216109
0.00101024
0.000735265
0.00217996
0.000228903
0.000189794
0.00034963
0.000493997
0.000665856
0.000300279
8.45334e-05
0.00038149
0.000292023
0.000465113
0.000433461
0.000160739
0.000245545
0.000179266
0.000167723
0.000471992
0.000179891
0.000926777
0.000335138
0.000134012
0.000160017
0.000522458
0.000229281
0.000139728
0.00100219
0.000144494
0.000149821
0.000232752
0.000257309
0.000338412
0.000314766
0.000340386
0.00031526
0.000166504
0.00012723
0.0001515
0.00198323
0.000385918
0.000158495
0.00035773
0.000346134
0.000400851
0.00035538
0.000107199
0.000579694
0.000224514
0.000184044
0.000324842
0.000597383
0.000355831
0.000103325
0.000229383
0.000963377
0.000711508
0.000281873
0.000206139
0.000499173
0.00589497
6.70373e-05
0.000314186
0.000216868
0.00137014
9.53412e-05
0.000451166
0.000301218
0.00425534
0.000236039
0.000344493
0.000254023
9.72623e-05
0.00221291
0.00027798
0.000380469
0.000114968
0.0016687
0.000382774
0.000552831
0.00359634
0.000180026
0.000193663
0.000114638
0.000224902
0.000423687
0.000256152
0.000342311
0.000441984
0.00038102
0.00040934
2.63231e-05
0.000171641
0.000327833
0.00049925
6.09382e-05
0.000380324
0.000346552
0.000154335
0.000158431
0.000340939
0.000469302
0.000235683
0.00025032
0.000373183
0.000314102
0.000302869
0.000229976
0.000714339
0.000365885
8.70095e-05
0.000988642
0.000277659
0.000256727
0.000262765
0.000467727
0.000710814
0.000213703
0.000437887
0.000155665
0.000223622
0.000156625
0.00136046
0.000734045
0.000431595
0.000127328
0.000185166
0.000354261
0.000660027
0.000127112
0.000361457
0.000357363
0.000772983
7.52868e-05
0.000627145
0.000227467
0.000345309
0.000272629
0.000272154
0.000363205
0.000996642
0.00039357
0.000601779
0.000154594
0.000326813
0.00024497
0.000270047
0.000508777
0.000442504
9.64943e-05
0.000102119
0.00022067
0.000602099
3.88859e-05
0.000655498
0.000212356
0.000209371
0.000218876
0.00111055
0.000116691
0.000241403
0.000100549
0.000328409
0.00026309
0.000102214
0.00109609
4.25318e-05
0.000140611
0.00077883
0.000162986
0.000864919
0.000120729
0.000221021
0.000437187
0.000468974
0.000300535
0.00011062
0.000514813
0.000287221
0.0010183
0.000256528
0.000241693
0.000251935
0.000744808
0.00230951
0.000630589
0.000259344
0.000421806
8.69086e-05
7.10997e-05
0.000357135
0.000454935
0.000416451
0.000321389
0.000232307
0.00018477
0.00022979
0.000220827
0.000332729
0.000303081
0.000130197
0.000623258
0.000396551
0.000433898
0.00121572
0.000726038
0.000389313
0.0010746
0.000221771
0.000282459
0.000255687
0.000902598
0.000316284
0.000990794
0.000705501
0.00040284
0.000257636
0.000382528
0.000704526
0.000362924
0.000220028
0.000769758
0.000505553
0.000824819
0.000183182
0.00388716
0.000210319
0.000710614
0.000222648
0.000743466
0.000114568
0.000140604
0.000727337
0.000852351
0.000197522
0.000181636
7.96796e-05
0.000519211
0.000145408
0.000431009
0.000385377
0.000935592
0.000342206
5.43493e-06
0.000187738
0.000305483
0.000370752
0.000420705
0.000355522
0.00268654
0.000279278
0.000332379
0.000177871
0.000295374
0.00191544
0.000327002
0.000301576
0.000414334
0.000220382
0.000839423
0.000410346
0.000264223
0.000356242
0.000200862
0.000278355
0.000229584
0.000162281
0.00452472
0.000508493
0.00041012
0.000191136
0.000339157
0.000170397
0.000241843
0.000616849
0.000594978
0.00038209
0.000763357
0.00029794
0.00158811
0.00032459
0.000466584
0.00106127
0.000822277
0.000346342
0.000263155
0.000310758
0.000172505
0.000329768
0.000252812
0.000261878
0.00114067
0.000359256
0.00047765
0.000385201
0.00017764
0.000314407
0.00038043
0.000446039
0.000230295
0.000179242
0.000937726
0.00292237
0.000289282
0.000179987
0.000308308
0.000284275
0.000233025
0.000117214
0.000380131
0.000176082
0.000221833
0.000328489
6.2044e-05
0.000504102
0.000335914
0.00105971
0.000572401
0.000266342
0.000431154
0.00045774
0.000219042
0.000474638
0.000455974
0.000112507
0.000472598
0.000135373
0.000129923
0.000491331
0.000593526
0.000155749
0.000543865
0.000196803
0.000263908
0.000447287
0.000274042
0.000454871
0.000346594
0.000359193
0.000309261
0.000512547
0.000458111
0.000167824
0.000495376
0.000257249
0.000271379
0.000102409
2.84228e-05
0.00113575
0.000204248
0.000196057
0.000274432
0.000249211
0.000321755
0.000713957
0.000269759
0.000991782
0.000180036
0.000552109
7.76863e-05
0.000136741
0.00028287
0.000361991
0.000350086
0.000585116
0.000268456
0.000123713
0.000313104
0.000489541
0.000301585
0.0003793
0.000257876
0.000475985
0.000234794
0.00075767
0.000237004
0.000533688
3.56895e-05
0.000339051
0.000467325
0.000421209
0.000351663
0.00108247
0.000482015
0.000337426
7.22746e-05
0.000579521
0.000360758
0.000274337
0.000549612
0.000111757
0.000481183
0.000416642
0.000377004
0.000715128
0.000275412
0.000298142
0.000477773
0.000173542
8.60915e-05
0.000239653
0.000223337
0.000304972
0.000322368
0.00080636
0.000232341
0.000260431
0.000127077
0.000366965
0.000360396
0.000811324
0.000416557
0.000230652
0.000390805
0.000200197
0.000280941
0.000409523
0.000393653
0.000116588
0.00178533
0.000350822
0.000241862
0.000309264
0.000202306
0.000726254
0.000669444
0.000166104
0.00021792
0.000602408
0.000207401
0.000307558
0.000108732
0.000205245
0.000127539
0.000417104
0.000374197
0.000916061
0.000389153
0.000239538
0.000277443
0.000345401
0.000696044
0.000131251
0.000236577
0.00156009
0.000316387
0.000397373
0.00019381
0.000231539
9.62158e-05
0.000194844
0.00042951
0.000985055
0.00100522
0.000227265
0.000139205
0.000517943
0.000185553
0.000457418
0.000400074
0.00113096
0.00253697
0.000673196
0.000181668
0.000245344
0.000530438
0.00026551
0.000529189
0.0003759
0.000473854
0.000164861
0.000128302
0.000442213
0.00247261
0.000682334
0.000238465
0.000215789
0.000859003
0.000445626
0.000201719
0.000203687
0.000419931
0.000279827
0.000333759
0.000939157
0.000223076
0.000258616
0.00023327
0.000388137
0.00094511
0.000255552
0.00059022
0.000390991
0.000128869
0.000378383
0.00062631
0.000406663
0.000281888
0.000195807
0.000719877
0.000371257
0.000634166
0.000328907
0.000186224
0.000451721
0.000741794
0.000651556
0.000216576
0.000100817
0.000332178
0.000441678
0.00023852
0.000722528
0.000325986
0.000502353
7.1133e-05
0.000127987
0.000265889
0.000666608
0.000493131
0.00011498
0.00041683
0.000364726
0.000227756
0.00058525
0.000776709
0.000115981
0.000685253
0.000574583
0.000492738
0.000386237
0.00065314
0.000388972
0.000404757
0.000267549
0.000128499
0.000280527
0.00016051
0.00702977
1.40554e-05
0.000170609
0.000927577
0.000141805
0.000248016
0.000323474
0.000729208
0.000826271
0.000594902
0.000739859
0.00028846
0.000325243
0.000474528
0.000231435
0.00154107
0.000368209
0.000426939
0.000153424
0.000313249
0.000247685
0.000396195
0.000110032
0.000518572
0.000544201
0.0005737
0.000534671
0.000158394
0.000623837
0.000140993
0.00141867
0.00032091
0.000341425
0.000423621
0.000214933
0.000235089
0.000247009
0.000245712
0.00100004
0.00133016
0.000602261
0.000373079
0.00027797
0.000529271
0.000209175
0.00076989
0.000367773
0.000872463
0.000224549
0.000121288
0.000467238
0.000224776
0.00422506
0.000163469
0.000319527
0.000533427
0.000212492
0.000327153
0.000106265
0.000464419
0.000395597
0.000253506
0.00136306
0.000296472
0.00105985
0.000492705
0.00108938
0.000196544
0.000448862
0.000312184
0.00474611
0.000194384
0.000175528
5.95978e-05
0.000236462
0.000357203
0.000324046
0.000976279
0.0334252
0.000409425
0.000331121
0.000194891
0.000668137
0.000380664
0.000281023
0.000330325
0.000250961
0.000255054
0.000858208
0.000134724
0.000402517
0.000103642
0.000428705
0.00102139
0.000381752
0.000416698
0.000562683
0.000282061
0.000428052
0.000199559
0.000471309
0.000202103
0.00152416
0.000450749
0.000548719
0.000126126
0.000287139
0.000228964
0.000237704
0.000425368
5.19009e-05
0.00054794
0.000460279
0.000469002
0.000296042
0.000351502
0.00130639
0.000348112
0.000132534
0.000192694
0.000210335
0.000343787
4.29954e-05
0.000230112
0.000302661
0.000294776
0.000444905
0.00188991
0.000659737
0.000315549
0.000242893
0.000375391
0.000257309
0.000122173
0.000571841
0.00011508
9.79458e-05
0.000286889
0.000274106
0.000186077
0.000765781
0.000508057
0.000327755
0.000393354
0.000243325
6.55737e-05
0.00108688
0.000296222
0.000499125
0.000133716
0.000278509
0.000103139
4.33477e-05
0.000156026
0.000312607
0.000305691
0.000153913
0.000446878
0.000162272
0.000246076
0.000458027
0.0002336
0.000342803
0.000470521
0.000326188
0.00018457
0.000342437
0.000327859
0.000251543
0.000102792
0.000329107
0.00108446
0.00024407
0.000787595
0.000268419
0.000265636
0.000359743
0.000891174
0.000290935
0.000282668
0.000293846
0.000339286
0.000176147
0.000120698
0.000448171
0.00021822
0.000299521
0.000240579
0.00179988
0.000382765
0.000517424
0.000348092
0.000140068
0.000101359
0.000445887
0.00023321
0.000199625
0.00010028
0.000546414
0.000319544
0.00017609
0.000572731
0.000223954
0.000599391
0.0143072
0.000441748
0.000139798
0.000258832
0.000222675
0.000367037
0.000428843
0.000295682
0.000296633
0.00030287
0.000430202
0.000698538
0.000547416
0.00027363
0.000147666
0.000247781
0.000146765
0.000303429
0.00140157
0.000281405
0.00105515
0.000736369
0.000636387
0.000380431
0.000455329
0.000362205
0.000194353
0.00026374
0.000240993
0.000286677
0.000463844
0.000330616
0.000364597
9.89432e-05
0.000497945
0.000382986
0.000238421
0.000257736
0.000491764
0.000266957
0.000252863
0.000164806
0.00045852
0.000197085
0.000231033
0.000266247
0.000921313
0.000582647
0.000662867
0.00270921
0.000371704
0.000716518
0.00011174
0.000105041
0.000184474
0.000366975
0.000837899
0.000593098
0.000301676
0.000449361
1.54786e-05
0.000353912
0.000187427
0.000415723
0.00018152
0.000477673
0.000361793
7.07116e-05
0.000686305
0.000290038
0.000650608
0.000249606
0.000105276
0.000332881
0.000328585
0.000155377
0.000579618
0.000600755
0.000750306
0.000404197
0.000574944
0.000221742
0.00064669
0.000470873
0.000373841
0.000497726
0.000177079
0.000342642
0.000981679
0.000129705
0.00149535
0.000872846
0.000272887
0.000267805
0.000230078
0.0002978
0.000246633
0.00144103
0.000322598
0.000111092
0.000475132
0.000393714
0.000907414
0.000517084
0.000166797
0.0054802
0.00026248
0.000492358
0.000248082
0.000221334
0.000399712
0.000281622
0.000329797
0.000269229
0.00342221
0.000397284
0.000310403
0.000264618
0.000172901
0.000389887
0.000598212
0.000195419
0.000858209
0.000269481
0.000273635
0.000387129
0.000496305
0.000142231
0.000305801
0.000291183
0.000628232
0.000350778
0.000357745
0.000889732
0.000157248
0.000524786
0.000430782
6.76837e-05
0.000310602
0.000826793
0.000429593
0.000419079
0.000253985
0.000994238
0.0012579
0.000602695
0.000111502
0.000394101
0.000175893
0.000266292
0.000487484
0.000475603
0.000277507
0.000266944
1.18263e-05
8.18214e-05
0.000584468
0.000236379
0.000814894
0.00052056
0.000131186
0.000391382
0.000261556
0.000255446
0.000201062
0.000490759
0.000472022
0.000319903
0.000188726
0.000152024
0.000419889
0.000297736
0.000157379
0.000645868
0.00565334
0.00038347
0.00138094
0.000468875
0.000762624
0.000647988
0.000258936
0.000357307
0.000393808
0.0004151
9.72597e-05
0.000126927
0.00031184
0.000620259
0.000343862
0.00097463
0.000272396
0.000224278
0.000193684
0.000200851
0.000205336
6.64974e-05
0.000216321
0.0014696
0.000243095
0.000326743
5.44283e-05
9.55186e-05
0.000109561
0.000108781
0.000406383
0.0004879
0.000166642
0.000486519
0.00028772
0.00232984
0.000287215
0.000424898
0.000185116
0.000326081
0.000988301
0.000208211
0.000637755
0.000179186
0.000187615
0.000197799
0.000351067
0.000514559
0.000357531
0.000204003
0.000409416
0.0002765
0.0003709
0.000723596
6.3812e-05
0.000297615
7.13623e-05
0.0159527
0.000366537
0.000521554
0.000193691
0.000387681
2.21585e-05
0.00042228
0.000267536
0.000413946
0.000459888
0.000653899
0.000256519
0.000955594
9.14445e-05
0.000156408
0.000409524
0.000202604
0.000194961
0.000236231
0.000237238
0.000344254
0.00032117
0.0002725
0.000598488
0.000463665
0.000251173
0.000806418
0.000334592
0.00131479
0.000348633
0.000295456
0.000189047
0.000383302
0.000502672
0.000189271
7.71097e-05
4.31209e-05
0.000468708
0.000971797
0.000101728
0.000243229
0.000308311
0.0002848
9.12604e-05
0.000291403
6.10119e-05
0.000187455
0.000345082
0.000276714
0.000269424
0.000209706
8.96183e-05
0.000128266
0.000376667
0.000491099
0.000101411
0.000363498
0.00014738
0.000158549
0.000377922
0.00030913
0.00219097
0.000264043
0.000305224
0.00234028
4.48208e-05
0.000361785
0.000923245
0.00150113
0.000544688
0.000332565
0.00022761
0.0003458
0.000766951
0.000234095
0.000269598
0.000393757
0.000658143
0.00038073
0.000827728
0.000157924
0.0218625
0.000195198
0.000223996
0.000367525
0.000564467
0.000606682
0.000489522
0.00054421
0.000452707
0.000255579
0.000190616
0.000496169
0.00019063
0.000637428
0.000793833
0.000221834
0.000239247
0.00872708
0.000164908
0.000494339
0.000240831
0.000372252
0.000497843
0.000129778
0.000177845
0.000214263
0.0024373
0.00055359
0.00055942
0.000280908
0.000391553
0.000309861
0.00039973
0.00697086
0.00108885
0.000228892
0.000220061
0.000625008
0.000444774
0.000577482
0.000302476
0.000228958
0.000209899
0.00023044
0.000604172
0.000500713
0.000143007
0.000634012
0.000561972
4.43927e-05
0.000846784
8.32222e-05
0.0187747
0.000299107
0.000582906
0.000335322
0.000375289
0.000166417
0.000408352
0.00033151
0.000213732
0.000227736
0.000372436
0.00425177
0.00174152
0.000209023
0.000417865
0.000190815
0.000269963
0.000425596
0.000898222
0.00208199
0.000169818
0.000515012
0.000432835
0.000554554
0.000228595
0.00029545
0.000417117
0.000575616
0.000482543
0.000735532
0.000297197
0.000427175
0.000765741
0.000436571
0.000118803
0.00121492
0.000271822
0.000258416
0.00150694
6.24896e-05
0.000234033
0.000701237
0.000550042
0.000394682
0.000329921
0.000385887
0.000324282
0.000422659
0.00101492
0.000363893
0.000183231
0.000122774
0.000378786
0.00129729
0.000597744
0.000193786
0.000295948
0.000222703
7.29061e-05
0.000295705
0.000237924
0.0050793
0.0003101
0.000764559
0.000195634
0.000332835
0.000429552
0.000965172
0.000421548
0.00412425
0.000346809
0.000530815
0.000568472
0.000498905
0.000484189
0.00147365
0.00439269
0.00432334
0.00131548
0.000321271
0.000914807
5.06851e-05
5.46043e-05
0.000431399
0.000606816
0.000658492
0.000379318
0.000326111
0.000235274
0.000286511
0.000147905
0.000239031
0.000293354
0.000275084
0.000846984
0.000378131
0.000660287
0.000249529
0.000232951
0.000257403
0.000514358
0.000821792
0.000119649
0.000299868
0.000430093
0.000215269
0.000880121
0.000566492
2.26486e-05
0.000126949
0.000305716
0.000356433
0.0003453
0.00097581
0.000379412
0.000300421
0.000107464
0.000364344
0.000258809
0.000312106
0.000159773
0.000377065
0.000291344
0.00031325
0.000526782
0.00183117
0.000233828
0.000286855
0.00186801
0.000758392
6.20129e-05
0.000331244
0.000651472
0.000246611
0.000172151
0.000460539
0.000310817
0.000165174
0.000186912
0.000249833
0.000585387
0.000219855
0.000182982
0.00037324
0.000222611
0.000807191
0.0002888
0.000512618
0.00042331
0.00157916
0.000378486
0.000450511
0.000189177
0.0124197
0.00018176
0.000177933
0.00149075
0.00021041
0.000244583
0.0012512
0.000916433
0.000243897
0.000153162
0.000381422
0.00177253
0.000586099
0.000192529
0.00019298
0.000476721
0.000805804
0.000407543
0.00020617
0.000500438
0.000488352
0.000192777
0.000261347
0.000254615
0.000889039
0.000160569
0.000117301
0.000386105
0.000302509
0.046125
0.000652425
0.000255699
0.000411754
0.00031747
0.000249677
0.000280457
0.000726548
0.000657805
0.000963826
0.000432347
0.000307649
0.000706937
0.000276698
0.000113132
0.000739678
0.000373158
0.000308649
0.000217682
0.000192849
0.00101861
6.26793e-05
0.000392861
0.00311596
0.000237365
0.000711634
0.000363447
0.000115202
0.000205633
0.000686184
0.000214223
0.000137738
0.000669041
0.000486908
0.000371082
9.60449e-05
9.94264e-05
0.000103883
0.00139733
0.000330297
0.000295646
0.000262947
0.000649072
0.000304746
0.000145897
0.000257185
0.000161325
0.000191977
0.00118844
0.000163686
0.000618027
