8.41421e-05
0.000520256
0.000232215
0.000182867
0.0002558
0.000134205
0.000287889
0.000225642
0.000559987
0.000299525
0.000794009
0.000159539
0.000329514
0.00017652
0.000227448
0.000952841
0.000723116
0.000236423
0.000277422
0.000228726
8.93818e-05
0.000298375
0.000431479
0.000162978
0.00118736
0.000288651
0.000296518
0.000425286
0.000312787
5.20647e-05
0.000205122
0.000438472
0.000388476
0.000194388
0.000121702
0.000311616
0.00032517
0.000535972
0.000133884
0.000551731
0.000208111
0.000175769
0.000938551
0.000243772
0.000163385
0.000168884
0.000381041
0.000652878
0.000212969
3.50434e-05
0.000111669
0.00027447
0.000345441
0.000141562
0.000255347
0.000193614
0.000251369
0.000427277
0.000261353
0.000345015
0.000598751
1.83985e-05
0.00111102
0.000218926
0.00010494
7.50407e-05
0.000286533
0.000296533
0.000125835
0.000217708
0.000346445
0.000335479
0.000387528
0.00174824
0.000228181
0.00035595
0.00026343
0.000111326
0.000171152
0.0002481
0.00015185
0.00018527
0.000212475
0.000616114
0.000280088
0.000283688
0.000108123
0.000309969
3.32e-05
0.000379102
9.35651e-05
0.000839833
0.000157599
0.000265485
0.000199621
0.000575174
0.000313307
0.000204121
0.000490581
0.000216204
0.000417822
0.000139416
0.000139224
0.000330595
0.000490025
0.000111496
0.000277148
0.000474278
0.000421478
0.000363001
0.000369767
0.000381923
0.000422111
0.000513998
0.00111774
0.000178382
0.000348549
0.000199283
0.00104907
0.000252832
0.00019726
9.15419e-05
2.79213e-05
1.1618e-05
0.000115566
0.000227238
0.000526122
0.00152966
0.000156234
0.000997824
0.000138441
9.48835e-05
0.000264865
0.000355695
0.000390606
0.000207819
0.000119341
0.000121566
0.000260691
0.000268951
0.000332686
0.000804994
0.000501266
0.000405425
6.2301e-05
0.000236254
0.000150155
0.000184541
0.000735161
0.000253933
0.000250932
0.000259416
0.000278741
0.000230753
0.000440378
0.000392844
0.000234664
3.00511e-05
0.000176242
0.000180361
4.42931e-05
0.000359417
0.000752504
0.000301491
0.000256043
0.000975665
0.000743739
0.000233035
0.000761325
0.000592574
0.000215676
0.000393246
0.00045381
0.000418013
0.000421954
0.00165293
0.00072947
0.000532067
0.000729224
0.000168062
0.000210633
0.00026516
0.00044552
0.000402714
0.000928056
0.000216227
0.000185486
0.000294768
0.000200524
0.000308409
0.0171133
8.46913e-05
0.000811662
0.000234456
0.00022766
0.000134789
0.000275589
0.000364916
0.000461991
0.000642358
9.7999e-05
7.45514e-05
0.000298555
0.000283533
0.000152748
0.000911279
0.000402836
0.000199065
0.00034878
0.000345499
0.000274305
0.000148156
0.000582712
0.000117181
0.000176174
0.000110013
0.000926277
0.000296748
0.000277215
0.000541087
0.000164615
5.32755e-05
0.000237484
0.000338222
0.000278876
0.000107367
0.000266336
0.000353912
0.000192046
0.00069707
0.000280333
0.000428335
0.000290933
0.000193126
0.000399125
0.000418756
0.000864432
0.00627471
0.0001677
0.00147209
0.00563839
0.000302134
0.000382589
0.000199253
0.000420491
0.000122754
0.00230595
0.000278869
6.04044e-05
0.000257116
0.000408037
0.000165726
0.000450643
0.000249441
6.19009e-05
0.000192785
0.000234042
0.000349454
0.00028808
0.000176145
0.000295528
0.000176027
0.000744389
0.000272079
0.000166234
0.000133068
0.000246333
0.000193134
0.000332115
0.00036246
0.00312595
4.68159e-05
0.000271811
0.000655431
0.000593937
0.000919097
0.000108473
0.00050022
0.000651944
0.000279325
0.000265344
0.000632088
0.000285924
0.000519991
0.000399331
0.00107802
0.000170875
0.00028357
0.000246089
0.000317193
0.000304879
0.000273071
8.4052e-05
0.000129244
0.000301853
3.45914e-05
0.000133222
0.000352443
0.00022927
0.000492591
0.000287633
0.000363712
0.000412425
0.000322455
0.000669722
0.000229712
0.000262442
0.00109344
0.000832388
0.00025405
0.000169121
0.000298925
0.000126191
0.000200919
0.000482798
0.000316776
0.000223236
0.000349058
0.000236939
0.000274089
0.00017898
0.000241125
0.000497699
0.000464517
0.000764796
0.000599511
9.9709e-05
0.000142351
0.000299551
3.57948e-05
0.000186315
0.000167707
0.000199173
0.000411269
0.000336963
0.00057445
0.00129576
0.000175558
0.000217431
0.00109503
0.000132587
5.00307e-05
0.000392667
0.00035137
0.000166502
0.000385942
0.000277798
0.000317602
0.000301031
0.000188799
0.000427877
0.00153532
0.000189697
0.000332812
0.000195377
0.000400422
0.000264479
0.000101378
0.00023315
0.000202769
0.000297462
0.000452043
0.000150227
0.000259296
0.000227858
0.00021793
0.000136179
0.000240101
0.000157568
0.000607544
0.000298098
0.000274276
6.5941e-05
0.000209159
0.000243013
0.000178444
0.000630929
0.000255138
0.000219566
0.000444467
7.96051e-05
0.000248882
0.000681734
0.00021196
0.000674375
0.00040155
0.000225046
0.000120623
0.00131702
0.000122712
0.000159406
0.000508528
0.000527856
0.000154872
0.000498612
0.000525438
0.000169045
0.000597628
0.000185859
0.000122308
0.000381522
0.000207218
0.000324644
0.00019132
0.00220456
0.000480526
4.12481e-05
0.000701331
0.000188711
0.000276971
0.000414818
0.00026962
0.000487421
0.000237127
0.000206302
0.000499505
0.000268197
0.00142342
0.000482766
0.000195345
0.0006266
0.00037567
0.000531536
0.000302648
0.000220384
0.00022903
0.000281033
0.000213498
0.000201778
0.000212455
0.000205131
0.000605047
0.000279936
0.000304836
6.15456e-05
2.4963e-05
0.000437893
0.000293618
0.000222255
0.000545753
0.000431864
0.000596952
0.000157481
0.000386867
0.000517088
0.000745125
0.000249462
9.29333e-05
0.000222355
0.000386946
0.000373842
0.000227104
0.00051533
0.000243845
0.000343309
0.000145422
0.000236003
0.000110546
0.00029817
0.000170933
0.000392834
0.000358392
8.76445e-05
0.000893168
0.000578768
0.000171176
0.000340275
0.000760611
0.000144255
0.000141947
0.000213743
0.000843137
0.000332324
0
0.000248874
0.000340624
0.000177827
0.000186643
0.000379036
0.000410627
0.000142207
0.000169749
0.000375115
0.00109088
0.000272402
9.85217e-05
0.000240104
0.000239945
0.000349309
0.000158116
0.000351424
0.000260499
0.000309413
0.000549344
0.000377465
0.00105317
0.000550039
0.000230152
0.000366583
0.000156912
0.00191761
0.000143508
0.000714924
0.000303162
0.000184359
0.000264486
0.000287612
0.000417249
0.000288223
0.000519587
0.000891629
0.000840984
0.000499025
0.000177234
0.00026631
0.000139971
0.000411831
0.000217336
0.000323351
0.000337922
0.000158025
0.000545918
0.000387746
0.000237502
0.000301065
0.00025975
6.90748e-05
0.000228277
2.1058e-05
6.89149e-05
0.000422723
0.000352134
0.000601417
0.00090847
0.000536084
0.000506508
0.000482306
0.000302488
0.000551751
0.000281073
0.000230484
7.53747e-05
0.000419318
0.000208788
4.77078e-05
0.000496617
0.000442483
0.000297159
0.000516925
0.000231422
8.06995e-05
0.000372991
0.00212045
0.001631
0.000417572
0.000488217
0.00032639
0.000452962
0.000247567
0.00120996
3.58373e-05
9.97228e-05
0.000385304
0.000751643
0.000168022
0.000108911
0.000440689
0.000118964
8.30154e-05
0.000147674
0.000359621
0.000264925
0.00142083
0.000551383
0.000114594
0.000212638
0.000472225
0.000227533
7.27539e-05
0.000106225
0.000371891
0.000162159
0.000291257
0.000338393
0.00014347
0.000327565
0
0.000221637
8.46595e-05
0.000293028
0.000280488
0.000188369
0.000380826
0.000296007
0.000364219
0.00031031
0.000293061
0.000744387
0.000183117
0.000178168
0.00032937
0.000205461
0.000106924
0.000120851
0.000482817
0.000243204
0.00137449
9.85572e-05
0.000297688
0.000549134
0.00019917
0.000307435
0.000155338
0.000445831
0.000349694
0.000138677
0.000410803
0.000418481
0.000341931
0.000142098
0.000526185
0.000769118
0.00038723
0.000175501
0.000420456
0.00013994
0.000260242
0.000183296
0.00038717
7.71189e-05
0.000183617
0.000167678
0.000410683
9.62509e-05
0.000251374
0.000360553
0.000466106
0.00023449
0.000555865
7.45879e-05
0.000344915
0.000644186
0.000317221
0.000454843
0.000826947
0.000353413
2.31962e-05
0.000226253
0.00541174
0.000305645
0.000173336
0.000331568
0.000336718
0.000409708
0.000122634
0.000377466
0.00159382
0.000476267
0.000305555
0.000181588
0.00107228
0.000455617
0.000123799
0.000513524
0.00100192
0.000383598
0.000266487
0.000372016
0.000459895
0.000519458
0.000240492
0.000148367
0.000245205
0.000330831
0.000206948
0.000253748
0.000238675
0.000243359
0.000233749
0.000249597
4.127e-05
0.00035307
0.000627597
0.000147764
0.000504997
0.000293457
0.000214425
0.000262587
0.000386072
0.000226307
0.000177598
0.00038666
0.000326863
9.82466e-05
0.000149419
0.000212889
0.00032667
0.000626216
0.000108254
0.000520133
0.000126856
0.000171761
3.73616e-05
0.000255627
0.000322889
0.000305996
0.000476817
0.00022339
0.000452998
0.000369188
0.000460081
0.000184373
0.000220077
0.000812826
0.000458294
0.00358082
0.000145095
0.000474466
0.000230215
9.29587e-05
0.000299948
0.00027059
0.000423848
0.000491681
0.000727083
9.16089e-05
0.000437621
0.000151343
0.000291177
5.95126e-05
0.000339616
0.000237725
0.000266495
0.00047451
8.07832e-05
0.000382759
0.000300092
0.000315425
0.00036863
0.000476454
0.00241215
0.000321269
0.000207977
0.000454587
0.00016883
0.000439227
0.000526498
0.000679394
0.000317138
0.0006975
0.00108172
0.000612326
0.000146722
0.00030492
0.000581969
0.000342894
5.34014e-05
5.42023e-05
0.000156846
0.000357949
0.00109496
0.000386218
0.000111669
0.000146806
0.000131069
7.94504e-05
0.000234358
0.000173712
0.000107104
0.000127638
0.000484825
0.000581731
0.000494199
0.000363051
0.000268721
0.0114574
0.000542391
0.000376105
0.00117606
0.000407227
0.000259689
0.000962845
0.000246307
0.000140945
0.000378573
0.000325769
0.000537407
0.000531946
0.000274342
0.000197567
0.000338361
0.000170952
0.000329316
0.000290803
0.000196191
0.000275411
0.000270076
0.000259227
0.0056314
0.000261705
0.00035701
0.000606446
0.000245777
0.000150102
0.000431854
0.000402304
0.000317423
0.000667145
0.000330836
0.00234303
0.000261022
0.000139579
9.8815e-05
0.00044378
7.22118e-05
0.000263429
0.00267336
0.000554957
0.000402199
0.00017979
0.000319563
0.000198476
0.000710202
0.000225987
0.000260735
0.000207443
0.000627219
0.000134684
0.000418883
0.000157885
0.000430352
0.000114203
0.000184853
0.000319349
0.000248165
0.000582734
0.000177726
0.000268961
0.000423783
0.000445259
0.000181293
0.000323514
0.000214955
0.000186427
0.000612187
0.00135413
0.000142266
0.000210865
0.000292013
0.00041207
0.000298596
0.000397893
0.000290889
0.000258266
0.00026306
0.00101994
0.000120668
0.000264186
0.000220254
0.000426347
0.000822402
0.000143522
0.000629488
0.000577125
0.00100174
0.000107625
0.000617301
5.21634e-05
0.00154598
0.000404511
0.00183974
0.000273073
0.000462446
0.000508615
0.000429319
0.000245798
0.000366846
0.000255066
0.000153317
0.000224463
0.000169826
0.000578082
0.00011133
9.4421e-05
0.000550984
0.000280158
0.00914615
0.00140314
0.000258485
0.000220946
0.000421908
0.000202959
0.000684303
0.000207974
0.000142901
0.00386374
0.000385049
0.00019514
0.000235414
0.000368668
0.000371303
0.000283173
0.000538405
0.000485806
0.00013043
0.000311506
0.000300411
6.33445e-05
0.000500682
0.000224745
0.000228534
0.000803435
0.00030325
0.000184069
0.000342542
0.000174671
0.000235459
0.000122483
0.000174469
0.000270458
0.00028412
0.000616562
3.21693e-05
0.000451813
0.000262351
0.000233138
0.000429125
0.000916059
0.000269598
0.00103047
0.000424935
0.000477289
0.000213073
0.000215437
0.000463989
0.000107094
9.22795e-05
0.000364502
0.000213681
0.00381164
0.000724584
0.000130936
0.000359736
4.28583e-05
0.00394866
0.000242474
0.000841032
0.00121471
0.000272937
0.000590943
0.00014264
0.000608659
0.00021254
0.000335456
0.000145186
0.00015231
0.000179449
0.0001575
0.000112839
0.000126557
0.000167383
4.79555e-05
0.000546224
0.000552313
0.000126376
0.000128254
0.000830745
0.000153012
0.00253945
9.48756e-05
0.000748229
0.000178568
0.000279722
0.000128926
0.000147056
0.000371027
6.86344e-05
0.000189391
0.000328957
0.000892442
0.000228702
0.000112232
0.000596921
0.000224255
0.000281531
0.000291801
0.00248004
0.00086166
9.72264e-05
0.000172371
0.000258014
0.00084625
0.000975937
0.000354862
0.000102185
0.00140766
0.000569617
0.000354467
0.000212769
0.000325241
0.000448027
0.000176549
0.000135134
0.00110179
0.000332834
0.000115698
0.000402684
0.000439308
0.000133066
9.73222e-05
6.74296e-05
0.000392707
0.00015932
0.000296992
0.000299376
0.00708924
0.000560555
0.000611861
0.000353538
0.000319395
0.000138367
0.000258246
7.09296e-05
0.000342369
0.000294616
0.000248465
0.000103505
0.000296024
0.000164347
0.000340747
0.000304199
0.000460583
0.000190122
0.0001418
0.000425991
0.000167301
0.000328431
0.000476202
4.49525e-05
0.000198378
0.000201206
0.000111114
0.000111738
0.00390994
0.000378259
0.000335168
0.000222246
0.0003109
0.000214708
0.000140399
0.000445173
0.000498362
0.000301493
0.000217711
0.000278968
0.000295426
0.000541736
0.000301362
0.000231266
0.000354352
0.00174051
0.00018252
0.000126352
0.000225429
0.000266705
0.000446996
0.000294753
0.000312078
0.00246385
0.00102007
0.000173408
0.000276147
0.000219327
0.000639616
0.000327087
0.000327781
0.000253023
0.000300847
0.000311122
0.000238189
0.000148702
0.000852474
0.000217672
0.000117684
0.000216204
0.000263426
0.000383836
0.00037613
0.000278466
0.000155692
0.000486033
0.000160979
0.000166329
0.000222447
0.000491566
0.000367432
0.000353578
0.000202053
0.000380301
0.000512768
0.000445115
0.000539311
9.23082e-06
0.000508085
0.000695072
0.000289279
0.000220941
0.000658761
0.000109851
0.000247978
0.00015601
0.00018681
0.000124474
0.000716176
0.000366506
0.000165753
0.000149123
0.000245111
0.000193426
0.00041841
0.000271519
8.85564e-05
0.000316278
0.000448328
0.000373115
0.000308357
0.000420164
0.00108381
0.00461588
0.000226824
0.000167288
0.000771551
0.000394657
2.34616e-05
0.000374697
0.00019782
0.00263519
0.000459074
0.000423166
0.000304638
0.000201278
0.000178887
0.000639167
0.000397735
0.000638397
0.000214331
0.00541496
0.000181389
0.000298852
0.00365337
0.000296094
0.000300758
0.000287669
0.000185872
0.000242563
0.000126958
0.000439468
0.000298918
0.000905535
9.18379e-05
0.000425647
0.000363929
0.000153834
0.000312402
0.000170726
0.000363933
0.00045073
0.000233184
0.00289078
0.000243989
0.000180843
0.000332479
0.00157581
0.000100012
0.000538429
0.000130506
0.0006737
0.000215517
0.00033317
0.000682222
0.000204595
0.00029888
0.000253013
0.00030322
0.000309067
0.000149842
0.000407319
0.000427303
0.000132231
0.000216353
0.000588192
0.000298424
0.000443053
0.000609619
0.00030344
0.00017568
0.000293029
0.000512644
0.00011774
0.000181818
0.00066426
0.000419031
0.000331431
1.03261e-05
0.000470745
0.000123192
0.000446082
0.00026608
0.000520166
0.000362553
0.000284192
0.000162973
4.22125e-05
0.000232027
0.000185647
0.000463221
0.000416099
0.000360415
0.000159306
0.000314155
0.000184422
0.000195035
0.000480472
0.000111352
0.000230507
0.000755047
0.000318029
0.00112155
0.000130724
0.000282188
0.000146751
0.000196803
0.000316719
0.000371446
6.13963e-05
0.00088411
0.000150856
0.000191934
0.000187049
0.000381322
0.000277226
0.000117889
0.000165411
0.000254321
0.00019941
0.000461031
0.000513029
8.23847e-05
0.000222415
0.000170702
0.000263739
0.000458867
0.000599504
0.000480152
0.0003112
0.000206567
0.00033986
0.000145008
0.000402042
0.000529453
0.00033817
0.000666479
0.000439387
0.000195692
0.000148372
0.000399876
0.000441071
0.000224055
0.000725689
0.000257391
0.00042122
0.000386984
0.000144179
0.000765349
5.70049e-05
0.000217529
0.000387714
0.000200556
0.000396453
0.000176187
0.000416504
0.00272734
0.000112632
0.000671224
0.000234449
0.00066891
0.000313268
0.000248625
0.000210695
0.000650189
0.000289765
8.16604e-05
0.000486814
0.000391951
0.000494677
0.00013413
0.00147856
0.000210915
0.000684915
0.000291058
0.000406525
0.000198064
0.000351628
0.000582221
0.000233079
0.000164719
0.000228742
0.000868199
0.00011709
0.000338283
0.000435279
0.000523123
0.000316805
0.000229586
0.000184029
4.8233e-05
0.000553027
0.000528563
0.00051634
0.00037559
0.000362356
6.03114e-05
0.000322851
7.49685e-05
0.000208932
0.000389271
0.000247482
7.63997e-05
0.000400823
0.000509696
0.000235439
0.000281666
0.00863165
0.000200987
0.000146217
0.000312002
0.000272022
6.90917e-05
0.000366355
5.77396e-05
0.000308052
0.000716696
0.000810239
0.000444266
0.000355
0.000377165
0.000442299
0.000429372
0.000786604
0.000122336
3.27113e-05
0.000338086
0.000262095
0.000282778
4.67075e-05
0.000227356
0.000375254
0.00018255
0.000253896
0.00112439
0.000285373
0.000556636
2.46739e-05
0.000255722
0.000223275
0.000589532
0.000366839
0.00049967
0.000624445
0.000392102
0.000407239
0.000519041
0.000586558
0.000459032
0.000230186
0.000328265
0.000226028
0.000183904
0.00102334
0.000193327
0.000335683
0.000322799
0.000850617
0.000166721
9.47513e-05
0.000223011
0.00131142
0.000458541
0.000782649
0.000171807
0.000604854
0.000819907
0.000331827
6.7166e-05
0.00167339
0.00109262
0.000241812
0.000162809
0.000565862
0.000599619
0.000259581
0.000395184
0.000489218
0.000235127
0.000249551
0.00764689
0.000225513
0.00151763
0.000658345
0.000303468
0.000300459
0.000120684
7.13724e-05
0.000341569
0.000294887
0.000167293
0.00331291
0.000167614
0.000186343
0.000940005
0.00411687
0.000163674
0.000276719
6.744e-05
0.000163848
0.00040453
8.48239e-05
0.00026544
0.000389282
0.00018237
0.000211633
0.000122861
0.000384912
0.000135446
0.000311171
0.000143797
0.000299954
0.000263458
0.000449951
0.000321195
0.000206078
0.000252212
0.000148728
0.000374248
0.000281288
0.000379375
0.000280738
0.000180453
0.000742257
0.000765926
8.47866e-05
0.00430674
0.00031416
0.000406337
0.000334982
0.00167684
0.000287565
0.000136632
0.000345364
0.000444327
0.000282016
0.000163587
0.000115848
0.000330566
0.000397218
0.00047487
9.94286e-05
0.00027584
0.000115594
8.30851e-05
0.000278157
0.000534496
6.70414e-05
0.000135019
0.00011838
2.90523e-05
0.000509971
0.000339647
0.00027187
0.000287409
0.00025481
0.000475226
0.000299757
0.000279495
0.00034579
0.000156498
0.000239192
0.00149655
0.000279269
0.000295714
0.000167481
0.000157342
1.31099e-05
0.000760139
0.000331129
0.00016259
0.000312041
0.0019665
0.000194764
0.000270463
0.00110769
0.000252612
0.000327106
0.000416563
0.000157252
0.000157421
0.000171804
0.000278807
0.000319059
0.000367078
0.000130165
0.000366491
0.000406284
8.1065e-05
0.000163352
0.000145287
0.00138255
0.000302052
0.000484106
0.000520663
0.000297316
0.00491459
0.000463745
0.000405367
0.000449964
0.000919278
0.000322539
0.000210443
0.000360735
0.00146138
0.00025294
0.000209439
0.000263122
0.000191916
0.000576779
0.000886554
0.000535121
0.000338999
0.000454785
0.000407278
0.000435055
0.000209152
1.69234e-05
0.000391808
0.00211835
0.00148229
0.00298426
0.00089743
0.000207118
0.000421165
0.00044855
0.000505468
0.00022287
0.00025739
0.000410697
0.0170979
0.000188298
0.000347532
0.000546471
0.000277582
0.000211828
0.000424278
0.000494653
0.000404756
0.000294336
0.00168188
0.000221299
0.000199024
0.000799878
0.000214704
3.72535e-05
0.000489066
0.000208008
0.000218508
0.000227518
0.000637175
0.000101242
0.000146836
0.000517096
0.000365703
0.000484745
0.00026319
6.53193e-05
0.000500203
8.52845e-05
0.000128817
5.41637e-05
0.000599988
0.000385113
0.000264344
0.000414783
0.000932855
0.000712134
0.000787548
0.000439219
0.000396777
0.000296716
0.0015653
0.000367163
0.000353311
0.000119475
9.86809e-05
0.000185789
0.000448321
0.000197877
0.000164882
0.000600304
0.00121336
0.000598484
0.000467869
0.000215485
0.000166022
0.000820802
0.000132276
0.000203677
5.9166e-05
0.000150126
0.000305829
0.000187545
0.000651793
0.000165403
0.000168916
0.000354324
0.000345657
0.000549316
0.000386385
0.000560515
0.000237409
0.000203857
0.000277754
0.000933732
0.0002326
0.000637197
0.000544638
0.000277118
0.000254974
0.000362166
0.00110685
0.000363477
0.00295641
0.000328849
0.000309628
0.000235228
0.000441278
0.000586862
0.000280041
0.000417872
0.000203108
0
0.000178428
0.000311987
0.000719634
0.00147675
0.000780277
0.000167099
0.000296713
0.000811819
0.000198097
0.000465695
0.000255601
0.000361478
0.000267329
0.000381835
0.000323135
0.000657872
0.000273641
0.0028359
0.000106972
0.000122998
0.00034996
0.000977085
0.000139461
0.000182469
0.000148322
0.000304505
0.000377493
0.000637492
0.00218119
0.00173903
0.000559286
0.00010366
0.00027768
0.000629452
0.000148622
0.00028791
0.00054508
0.000439246
4.37908e-05
0.000249602
0.000442016
0.000275635
0.000211966
7.38937e-05
0.000311828
0.000173897
0.000312406
0.000477735
0.000644699
0.000613562
0.000198631
0.000146769
9.04828e-05
0.000204568
0.000232393
0.000751289
0.000354718
0.000348079
0.00010104
0.00201813
0.000153707
0.000467367
0.000447626
0.000746486
0.000451136
0.000484564
0.000405005
0.000121836
0.000436788
0.000284042
0.000631729
0.0034215
0.000253332
9.09135e-05
0.000293985
0.000429379
0.000164741
0.00024414
0.000349048
0.000411822
0.000254716
0.000806242
0.000302323
0.000456021
0.000527755
0.000450512
0.000162979
9.90263e-05
0.000178033
0.000211589
0.00029334
0.000461075
0.00147207
8.95036e-05
0.000411632
0.000274771
0.00062766
0.000329235
0.000768358
0.000108438
0.000159445
0.000392776
0.000283524
0.000275985
0.00010091
0.00155961
0.000656784
0.000640755
0.000180032
0.000194123
0.000149487
0.000427412
0.000241035
0.000627708
0.000105293
0.000197579
0.000518728
0.000338008
0.00036924
0.000238683
0.0004659
0.000526525
0.000222611
0.000287778
0.000389398
0.000414601
0.000495209
0.000351853
0.00809637
0.000326664
0.000132858
0.000392801
0.000193303
0.00011192
0.000561095
0.000315718
0.000233789
0.000202884
0.000488196
0.000322264
0.000290655
0.000366289
0.000648647
0.000157093
0.000150498
0.000136337
0.000431547
5.66092e-05
0.000343719
0.000570099
0.000262761
0.000311541
0.000126054
0.000307451
0.00160808
0.000388436
0.00024496
0.000315022
0.000373998
0.000297888
0.00113837
0.00020683
0.000285923
0.000136164
0.000392251
0.000257001
0.000594774
0.000591907
0.000407372
0.000141993
0.000230768
0.000572786
0.000322926
0.000245642
0.000340935
0.000128682
0.000269716
0.000149641
0.000310353
6.66712e-05
0.000155437
0.000133207
0.0004094
0.000826959
0.000423342
0.000722203
0.00240229
0.000288479
0.000481032
0.000164502
0.000318754
0.000176154
0.000120368
0.000232549
0.000341394
0.000389804
0.000364311
0.000395489
6.36361e-05
0.000136494
0.000192222
0.000197731
0.000101847
0.000119638
0.000336404
6.1244e-05
0.0004026
0.000118091
0.000140789
2.54102e-05
0.000924356
0.000498057
0.000855403
0.000312151
0.000348321
0.000526975
0.000421207
0.000389106
0.000529095
0.000350614
6.08162e-05
0.000114209
0.000403711
0.000395704
0.000119484
0.000424336
0.000367405
0.000288971
4.45536e-05
0.000165527
0.000370287
0.000283897
0.000193528
5.30597e-05
0.000329374
0.000442044
0.000273639
6.51748e-05
0.000550242
0.000151045
0.00051164
0.000416936
0.000223283
0.000241494
0.000811575
0.000128836
2.8202e-05
0.000210019
0.000351252
0.000101242
0.000321288
0.000792403
0.000280921
0.000211379
0.000171276
0.000284524
0.000434966
0.000338328
0.000287865
0.000188943
0.000175095
0.000300005
0.000419987
5.5708e-05
0.000152788
0.000723472
0.000328993
0.000131376
0.000289247
7.40993e-05
0.000293309
0.00012619
0.000256539
5.81529e-05
0.000239219
0.000594441
0.000288497
0.000419598
0.000104368
0.000349502
0.00027076
0.000465041
0.000334551
0.0004478
0.000361484
0.000353269
0.000162687
0.000243297
0.000344414
0.000391277
0.000215065
0.000483583
0.000368082
0.000187454
0.000111007
0.000294984
0.00030989
0.000360668
7.13707e-05
0.000228676
0.000274814
0.000129692
0.000309352
0.00022079
0.000103503
0.000372812
0.000297059
0.00106717
0.00045972
0.000268688
2.57161e-05
0.000423282
0.000154935
0.000377091
0.000292013
0.000296205
0.000539861
0.00023822
0.000145775
0.000291735
0.000330936
0.000309144
0.000478516
0.000417526
0.00104924
0.000438264
0.000119337
0.00258344
0.000466101
0.000262487
0.000456012
0.00021501
0.000235188
0.000394106
0.000211942
0.000308075
0.000305972
0.000447534
0.000244458
0.000582067
0.00024065
0.000444467
0.000445426
0.000354496
0.000130628
0.000952597
0.0012268
0.000703803
3.09735e-05
0.000412444
8.39382e-05
0.000649929
0.000488068
0.000701847
0.000182287
0.000203077
0.000301959
0.000146778
0.000273244
0.000468645
0.000624464
0.000288666
0.000534904
5.5254e-05
0.000437104
0.000228063
0.000393161
0.000442919
0.000233226
0.000250619
0.000290521
0.000244175
0.000453178
0.00014347
0.000365586
0.000381718
0.000214112
0.000103528
0.00014472
0.000647139
0.000401595
0.000277927
0.000368302
0.000132656
6.88666e-05
0.00131593
0.000395861
0.000174355
0.000686041
0.000120992
0.000257845
0.000432014
0.000454788
0.000551727
0.000341719
0.000337725
0.000239741
0.000615703
5.80912e-05
0.000109573
0.00024327
0.000346181
0.000230591
0.000267881
0.00112933
0.000336459
0.000122672
0.000299597
0.000208366
0.000134812
0.000244314
0.000367647
0.000700289
7.35282e-05
0.000201044
4.72255e-05
0.000106238
0.000172369
0.000400234
0.000351208
0.000197581
0.000504725
0.00019898
0.000412137
0.00016611
0.00157638
0.00067386
0.000474142
0.000260932
0.00162513
0.000932189
0.000279694
0.000430797
0.000112287
0.000981699
0.000276632
0.000205428
0.000718455
0.000189585
0.000473679
0.00019007
0.000100663
0.00032014
0.000336172
0.000792234
0.000109891
0.000116182
0.000987388
0.00027819
0.000301099
0.000404832
0.00041807
0.000290854
0.000224028
0.0001586
0.000448731
0.000147998
0.000236661
0.000510443
0.000333407
0.000700265
0.000219896
0.000282735
0.000317946
0.000110697
0.000129409
0.000175379
0.000262024
0.000932388
0.000261924
0.000155667
0.000145018
0.000127218
5.99591e-05
0.000492825
0.000640717
0.000345468
0.000127839
0.000265524
8.24535e-05
0.000436641
0.000163015
0.000387924
0.000243734
0.000220927
0.000241599
0.000281252
0.000304803
5.5812e-05
0.000202205
0.000321693
0.000351334
0.000391715
0.000286252
0.000236199
0.000679551
6.45381e-05
0.000164011
0.000470853
0.00126366
0.000938194
0.000177005
0.000353692
0.000335251
9.99722e-05
0.00015211
0.000322869
0.000128467
0.000163206
0.000202761
0.000125052
0.000171331
7.48937e-05
0.000177717
0.000400597
0.000305682
0.000206472
0.000613628
0.000214825
0.000868681
0.000270617
0.000391548
0.000320846
0.000160264
9.83354e-05
0.000501396
0.000594221
0.000227751
0.000356817
0.000383045
0.000419553
0.000339113
0.000328227
0.000145531
0.00021559
0.00036746
0.000146494
0.000212465
0.000325422
0.000361751
0.00026406
0.000347559
0.000417673
0.0019069
0.000232387
0.000183176
0.000797872
0.00029619
8.22111e-05
0.000267226
0.00153087
8.03958e-05
0.000334621
7.34616e-05
0.000197528
0.000179338
0.000220231
0.000150267
0.000501655
3.14588e-05
0.00166656
0.000276576
0.000177582
0.000151404
0.000356926
1.3711e-05
0.000193847
0.000220285
0.000733456
0.000303374
0.000385905
0.00024237
0.000127181
0.000314987
0.000276389
0.000344107
0.000196424
0.000554341
0.00032749
0.000216663
0.000210602
8.41583e-05
0.000223029
0.000110508
0.000442239
5.81123e-05
0.000231851
0.000423846
0.000156842
0.000121544
0.00018296
0.000149039
0.000478853
0.000681476
0.000259274
0.000551056
0.000182987
0.000117105
0.000764344
0.00134883
0.00044506
0.000137264
0.000286216
0.000374148
0.000551709
0.00027442
0.000759572
0.000524769
0.000249964
0.000151477
0.000458176
0.000297999
0.000265762
