0.000703523
0.00100195
0.000623623
0.00124554
0.000431804
0.000716351
0.000563109
0.000807338
0.000171834
0.000276381
0.000365608
0.00206149
0.000678247
0.00175087
0.00039033
0.00126064
0.0011618
0.000560805
0.000268397
0.000355865
0.000738891
0.000815203
0.00194366
0.00120125
0.000437208
0.0015167
0.000865954
0.0100606
0.00135162
0.000698229
0.000705293
0.00283975
0.000426214
0.000515582
0.00083683
0.00158028
0.00116977
0.00189483
0.00033183
0.000553634
0.000861661
0.0139763
0.00222846
0.000397782
0.000500905
0.00089157
0.000560643
0.000699072
0.000566469
0.000523919
0.000666485
0.0010011
0.000632725
0.00057227
0.000962727
0.000794928
0.000297394
0.00011611
0.000246327
0.000595408
0.000522675
0.000297488
0.00146055
0.000847882
0.000790734
0.000523451
0.000706831
0.000825969
0.00177146
0.00066621
0.000260453
0.000599049
0.000340358
0.000816996
0.00102638
0.000567228
0.00102508
0.00100947
0.000434942
0.000799284
0.00119384
0.00129807
0.000736242
0.000456264
0.000484174
0.000358866
0.000266581
0.00031643
0.000644039
0.000535393
0.000843497
0.000409233
0.000511903
0.000210708
0.00158711
0.000737854
0.000533828
0.00418152
0.000614335
0.000334499
0.000910659
0.000637207
0.000763127
0.000419232
0.000581996
0.000830924
0.000602333
0.00914772
0.000557849
0.000474365
0.00086851
0.00117171
0.000764783
0.0011898
0.000544993
0.00457183
0.000550658
0.000951823
0.0004957
0.00123262
0.000864539
0.000633707
0.000476048
0.000811352
0.000623428
0.000985695
0.000248987
0.00101665
0.000792847
0.00141321
0.000739211
0.000334835
0.00143158
0.000512228
0.000719212
0.000417619
0.000847661
0.000624725
0.00108367
0.000447121
0.00147164
0.000987827
0.000706885
0.000806625
0.00904754
0.000964604
0.000647263
0.00035684
0.00025251
0.000686691
0.00504265
0.000923357
0.00125297
0.00132755
0.000576305
0.000969072
0.000356768
0.00037005
0.000300393
0.000648469
0.000426251
0.000636043
0.000557773
0.000596826
0.000521508
0.000745052
0.000918245
0.00251142
0.00165816
0.00233549
0.000382702
0.00121011
0.00555673
0.000385598
0.0008856
0.0012071
0.000634809
0.000228632
0.00300645
0.0036476
0.00115638
0.000504186
0.0013296
0.00122125
0.000317889
0.000853953
0.000677896
0.000881974
0.00109051
0.00247799
0.00169899
0.000413289
0.00537978
0.000507029
0.000553028
0.000233947
0.000368715
0.000832723
0.00297372
0.00109691
0.0007224
0.00658889
0.000522409
0.0038162
0.000968857
0.000869923
0.000794183
0.00131679
0.00140417
0.000403308
0.000617181
0.000988772
0.00102256
0.000558434
0.000573033
0.00276353
0.000500491
0.000178363
0.000746172
0.000703721
0.000425906
0.00074223
0.000494515
0.000315976
0.00095259
0.003541
0.00052342
0.000891011
0.000534873
0.000548128
0.00270351
0.000304731
0.000536976
0.00106182
0.000209773
0.00151312
0.000635134
0.000559184
0.00138061
0.00163773
0.00342507
0.00037132
0.0005779
0.000531013
0.000437125
0.000620911
0.000783561
0.000188878
0.000832556
0.000711521
0.000982531
0.000220464
0.000972583
0.0010903
0.0055551
0.00107546
0.000525736
0.000815323
0.00882789
0.000490365
0.00133305
0.000697269
0.00109254
0.000603268
0.00661013
0.000486893
0.000264846
0.00113995
0.000747397
0.000515175
0.00033425
0.000595115
0.000800354
0.000622013
0.000464884
0.000857695
0.000595871
0.000584949
0.00101338
0.000635919
0.000749623
0.00100488
0.000701531
0.00045634
0.00106047
0.0012755
0.000304008
0.00101795
0.00104275
0.000637935
0.00693634
0.000786578
0.000490053
0.000816403
0.00329044
0.000737432
0.00449627
0.00352136
0.000471113
0.000868472
0.00126352
0.000893559
0.000541125
0.000644406
0.000705589
0.000630707
0.015235
0.00260166
0.000851927
0.000320872
0.00029297
0.000715426
0.00294432
0.000479168
0.00048706
0.000813869
0.00108119
0.00111419
0.000526771
0.000617281
0.0011163
0.000327453
0.000256739
0.000770397
0.000511535
0.000942353
0.000657813
0.000998218
0.000321558
0.000691241
0.000278498
0.000899803
0.000710201
0.00159392
0.00298237
0.000506892
0.000547797
0.000781996
0.000586822
0.000280423
0.000888568
0.000425167
0.000678699
0.000880462
0.000599693
0.000846893
0.000625102
0.000683698
0.000437663
0.000514157
0.000683967
0.000497718
0.000562697
0.00020885
0.00123064
0.00125376
0.000780629
0.000911608
0.000923769
0.000556099
0.000375372
0.000466552
0.00148739
0.00061138
0.0013822
0.00114311
0.00164645
0.000474831
0.00184614
0.00188731
0.000688399
0.000309423
0.00013696
0.000560997
0.00212923
0.000432027
0.000700684
0.00157795
0.00100469
0.00449011
0.0014479
0.00123
0.000587213
0.000890579
0.00288132
0.000566687
0.000639517
0.000875549
0.000938238
0.00110603
0.00265222
0.0013556
0.000630669
0.000712042
0.000640428
0.00142515
0.00120725
0.000517218
0.00168736
0.000598596
0.00355225
0.000938119
0.000378953
0.000667328
0.000945913
0.000704528
0.000865097
0.000851362
0.000420287
0.000530178
0.000658559
0.000550231
0.000190949
0.000591406
0.000788644
0.000827901
0.000621357
0.000976393
0.000610534
0.000503657
0.00127851
0.000717867
0.000388744
0.000365555
0.00172736
0.000480834
0.000929845
0.00145158
0.000323197
0.00213858
0.000918688
0.00104863
0.000458814
0.000315861
0.00078553
0.000569564
0.000747689
0.000428992
0.00077798
0.00358124
0.000626699
0.000553941
0.00085196
0.000285543
0.000490124
0.000478043
0.00272221
0.00128715
0.000704994
0.000968464
0.000402544
0.000518597
0.000298138
0.00139248
0.000395881
0.000465178
0.000516097
0.000785426
0.000413717
0.00125562
0.000839649
0.00934921
0.000509645
0.000865841
0.0016132
0.00160772
0.000525159
0.000859709
7.94134e-05
0.00257036
0.00617134
0.00106146
0.000930647
0.000792847
0.000688256
0.000830257
0.000920748
0.000819115
0.000709115
0.000446685
0.000732136
0.00103379
0.00110621
0.000328939
0.00237857
0.00227981
0.000775253
0.00131807
0.000103749
0.000416568
0.000900242
0.000337541
0.00284367
0.00362875
0.00186302
0.000864684
0.00100384
0.000614701
0.00156289
0.000670714
0.000796192
0.000853982
0.0012466
0.00123119
0.0012364
0.000475465
0.00120709
0.00123567
0.00110519
0.000420963
0.00164699
0.00171356
0.00252745
0.000622748
0.000885402
0.000281554
0.000960782
0.000930493
0.000576607
0.00066879
0.000450484
0.000950473
0.000920651
0.00636409
0.000775209
0.000592717
0.000729666
0.000366258
0.00082099
0.000542021
0.000373187
0.000790113
0.00252606
0.000761661
0.0010328
0.000274443
0.000222196
0.00121311
0.0010482
0.00109166
0.00068509
0.000520607
0.000361472
0.00053209
0.000643203
0.000528724
0.000373608
0.000847143
0.00466178
0.000837581
0.000236536
0.000706395
0.000365282
0.000231472
0.000445977
0.00086625
0.00052778
0.000546487
0.00172775
0.000642956
0.000342136
0.00154789
0.000644986
0.000722727
0.000835173
0.00099007
0.000430213
0.000986987
0.00152251
0.000332699
0.00062533
0.00044963
0.000597124
0.000588371
0.00013855
0.00414309
0.00119745
0.000283392
0.000498561
0.000796966
0.000669872
0.000860157
0.000642396
0.000434606
0.000821844
0.00177218
0.00133317
0.00131691
0.00151715
0.00300732
0.00103962
0.00106608
0.000476418
0.000532465
0.000557164
0.000786581
0.00214848
0.00133519
0.000538449
0.00071683
0.000431734
0.00387013
0.00183455
0.000706237
0.00111634
0.000446544
0.00174046
0.000391784
0.000553145
0.00104554
0.000172493
0.00128162
0.00123673
0.000993016
0.00200483
0.00064445
0.000871027
0.00034375
0.000980979
0.000576202
0.00130386
0.000505217
0.000557808
0.000682073
0.000900419
0.000876917
0.000661732
0.0015447
0.00576385
0.000177503
0.00129891
0.000594202
0.00065504
0.000885858
0.000332076
0.00179804
0.00119319
0.000491668
0.000335871
0.000406337
0.00160819
0.000621769
0.000647425
0.00131318
0.000460822
0.000758353
0.000430817
0.002172
0.000526149
0.000413784
0.00139139
0.000457171
0.000587804
0.00325317
0.000736245
0.00102983
0.000821454
0.000475791
0.000751859
0.00053731
0.0012049
0.000575741
0.00136932
0.00188524
0.00128519
0.000454113
0.00350104
0.00105221
0.00185489
0.00183513
0.000859841
0.00174249
0.00153765
0.000264084
0.000584306
0.000989926
0.000302668
0.000428493
0.000799952
0.00124598
0.00111391
0.000729318
0.000630944
0.000788205
0.000415132
0.000444031
0.000728206
0.00076688
0.000565959
0.000744518
0.000905938
0.000361993
0.000932162
0.000529729
0.00031606
0.000287961
0.000251562
0.00399546
0.00079304
0.000815393
0.000569413
0.00113798
0.000923744
0.00124245
0.000374416
0.000533606
0.000540767
0.0047026
0.00064894
0.000779265
0.000681044
0.000499618
0.000708675
0.000818271
0.40006
0.000930816
0.000579851
0.00118147
0.000817318
0.000340541
0.00067853
0.000583797
0.000861683
0.000851471
0.000556093
0.000185426
0.000480262
0.000382781
0.000926823
0.000851384
0.0012821
0.000763981
0.00173248
0.000780563
0.00104852
0.000490396
0.000571999
0.00328615
0.00075173
0.00122985
0.00137653
0.000976077
0.00339146
0.000620759
0.000626126
0.000248955
0.00109536
0.000346255
0.00142399
0.000751899
0.000951448
0.0087294
0.000201877
0.00106481
0.000486012
0.000469766
0.000466005
0.000403143
0.000420856
0.000770506
0.000854006
0.000790699
0.000524081
0.00096059
0.00106194
0.00108681
0.000932095
6.90636e-05
0.00359477
0.000481982
0.00088418
0.000738071
0.000957572
0.000574788
0.000157806
0.00058764
0.000291502
0.00115253
0.000587469
0.00171945
0.00125843
0.000651463
0.00108851
0.000576203
0.000575059
0.000898036
0.00818519
0.000886576
0.000754769
0.000143892
0.000897058
0.0516153
0.000511506
0.0012416
0.000880842
0.000410632
0.00046206
0.000988208
0.000800971
0.000319751
0.00115684
0.00065503
0.00131845
0.000876198
0.00107396
0.000815736
0.000173876
0.00121868
0.000566333
0.000683504
0.000454349
0.000538911
0.000559493
0.000539529
0.000490572
0.000704201
0.002684
0.00166483
0.000353661
0.000263493
0.000724135
0.00112658
0.000462728
0.000774489
0.00109257
0.00104359
0.00198947
0.00085396
0.000774045
0.000308917
0.000755044
0.00222947
0.000253184
0.00164037
0.000829099
0.000476189
0.000607809
0.00102035
0.000330572
0.000534997
0.00079622
0.000713405
0.000652786
0.000553207
0.000345633
0.000499698
0.000439837
0.00054646
0.000776533
0.00594312
0.00131788
0.000473597
0.00124605
0.000303842
0.00166729
0.000661627
0.000523825
0.00052055
0.000381317
0.00151029
0.000980463
0.000260185
0.00103365
0.00107179
0.000605596
0.000288221
0.000808165
0.00137615
0.000281655
0.000754592
0.000261012
0.00013628
0.00100384
0.00052828
0.0006418
0.000441959
0.000597448
0.000626533
0.000221984
0.000432809
0.000720983
0.000435014
0.00130331
0.000592036
0.000743828
0.00127435
0.000588303
0.00068929
0.0011165
0.000351434
0.000382469
0.00322105
0.000794551
0.000935003
0.000915911
0.00244182
0.00114835
0.00156758
0.00254964
0.000412929
0.000820547
0.000739096
0.000388873
0.000493731
0.000319285
0.000358915
0.000714659
0.000486769
0.000519719
0.000257004
0.000466568
0.000569284
0.000743225
0.00130321
0.00117255
0.000444446
0.000393355
0.000685964
0.000708665
0.000524783
0.000483771
0.000438687
0.000792772
0.00012248
0.00052881
0.000386794
0.000864671
0.000629913
0.000161388
0.000664731
0.000783411
0.00126752
0.000605806
0.000647462
0.016615
0.000731307
0.000730019
0.000965961
0.000656344
0.000925815
0.000508468
0.000305462
0.000736386
0.000712409
0.00123708
0.00132188
0.000231245
0.000275926
0.000793481
0.000582134
0.00119212
0.00126313
0.000973046
0.000538028
0.000490994
0.000596473
0.000584968
0.000493119
0.000780188
0.000435381
0.00069727
0.000326533
0.000739583
0.000390627
0.000524839
0.00052399
0.000690801
0.000491939
0.0110726
0.000667262
0.00079563
0.000589355
0.000502786
0.000382041
0.00032014
0.000567729
0.00114636
0.00117104
0.00103537
0.00113708
0.000185734
0.000851529
0.000606309
0.000949044
0.000589537
0.00156509
0.000233684
0.000942188
0.000457992
0.000282616
0.000320814
0.000649329
0.000789145
0.000600643
0.000463816
0.00669276
0.00074981
0.00252348
0.000500333
0.000529234
0.000575068
0.000774396
0.000534616
0.00057818
0.00734946
0.000556671
0.000816465
0.000670259
0.00143036
0.000532609
0.000410609
0.00263662
0.00220772
0.000496595
0.000360131
0.0016907
0.000952306
0.000420203
0.000771552
0.000919581
0.000464554
0.000753554
0.000562773
0.00017328
0.000908473
0.000678759
0.000768756
0.000556881
0.000581106
0.00143457
0.0003854
0.0490375
0.00185216
0.00109239
0.000453857
0.000538851
0.000541921
0.00150073
0.000845408
0.000850864
0.00433594
0.000583882
0.000688825
0.000595426
0.000876739
0.000707228
0.000437333
0.00111408
0.0012006
0.000640104
0.0010009
0.00040119
0.00105886
0.000781417
0.000519347
0.000624522
0.000427774
0.000927768
0.000488066
0.000336747
0.000439528
0.000825987
0.000729425
0.00103031
0.000675276
0.00194687
0.000626767
0.00108212
0.000604914
0.000651279
0.00103068
0.000976681
0.000465383
0.000106356
0.000483974
0.000879957
0.000644233
0.000366373
0.0013045
0.00116396
0.00089511
0.000542913
0.00050892
0.00125245
0.0003033
0.000651938
0.000320227
0.000877086
0.000114203
0.000765973
0.00109986
0.000863011
0.000208646
0.000649158
0.000551547
0.00140298
0.000421503
0.00186899
0.00100529
0.000593958
0.000714997
0.00107021
0.000869023
0.000180923
0.000694645
0.00171338
0.00147205
0.000106218
0.000521637
0.00157069
0.000330945
0.000578349
0.000665684
0.00114646
0.000415046
0.000360261
0.000538983
0.000805415
0.000552434
0.00383159
0.000394958
0.000755387
0.00935025
0.000316428
0.000181945
0.000545002
0.000334862
0.0010002
0.000567847
0.000881369
0.000398832
0.00048635
0.00736885
0.00283626
0.000427934
0.000565697
0.000453162
0.000688261
0.00031759
0.000255098
0.000289177
0.00143255
0.000568233
0.00097021
0.000563563
0.000860215
0.000524239
0.000579378
0.000150484
0.00067673
0.000598306
0.00051241
0.00126163
0.000396562
0.000621323
0.000511143
0.00229741
0.000653287
0.00026507
0.00124175
0.000474952
0.00443205
0.000176824
0.000764289
0.000869561
0.000462093
0.000378864
0.000895186
0.000759177
4.75303e-05
0.000443898
0.00155131
0.00079338
0.000748071
0.00114393
0.000612436
0.000594638
0.000697869
0.000321786
0.000188066
0.00076684
0.000620161
0.000281693
0.000786731
0.000768974
0.000463325
0.000474001
0.000609391
0.00026929
0.000417121
0.000814201
0.00101539
0.000607837
0.000608572
0.00889121
0.00144605
0.000307707
0.000769258
0.000932593
0.00135793
0.000508749
0.0241402
0.000644681
0.00100995
0.00100593
0.000679308
0.00092012
0.0006437
0.00053762
0.000763117
0.000632282
0.000309555
0.000606917
0.000257513
0.000769216
0.00258967
0.000537134
0.00134808
0.000847435
0.000733524
0.000548893
0.000968504
0.000482527
0.000639856
0.00449432
0.000778293
0.000226133
0.000239298
0.00427893
0.000852048
0.000720429
0.00101986
0.00138214
0.000833559
0.00110146
0.00108084
0.000860903
0.000316187
0.000665517
0.000750953
0.00100807
0.000696911
0.000548616
0.000252956
0.000570128
0.000525607
0.000624292
0.00198559
0.000133083
0.000540293
0.000934915
0.00329822
0.000484944
0.000717568
0.000804198
0.000494262
0.000649063
0.00046612
0.000557024
0.000735708
0.000868304
0.000418742
0.000912953
0.000631925
0.000823345
0.000908582
0.000718031
0.000734457
0.000396923
0.00101248
0.00103302
0.00042786
0.000322675
0.000881773
0.00127157
0.000276245
0.000615284
0.000573914
0.0013917
0.000856539
0.000636598
0.000599839
0.00139168
0.000978298
0.000248163
0.000547822
0.000629439
0.000863642
0.000258139
0.000773118
0.000145564
0.000838935
0.00141518
0.00116134
0.000954408
0.000674643
0.000731015
0.000294697
0.000566029
0.00114753
0.000629213
0.000484202
0.000938739
0.000978866
0.0040517
0.000548182
0.000665454
0.000720521
0.000639782
0.000824194
0.000951164
0.00140658
0.00199016
0.0007851
0.000405818
0.000302943
0.000698635
0.000911464
0.000486407
0.000547689
0.000418265
0.000728487
0.00102254
0.00134238
0.000221012
