0.000364111
0.00145518
0.000551128
0.000496101
0.000568121
0.000544689
0.000850421
0.000912777
0.000911402
0.00148126
0.000533635
0.000623434
0.000467128
0.00121027
0.00101972
0.000476008
0.00110013
0.00118197
0.000679307
0.00091844
0.000695189
0.000545889
0.000364243
0.00157198
0.000359176
0.00130335
0.000624136
0.000776147
0.00300466
0.000773366
0.000685331
0.000803945
0.000439696
0.00190753
0.000541357
0.0004081
0.00090705
0.000928876
0.000283434
0.000248183
0.000374785
0.000269786
0.00114745
0.000540572
0.000675381
0.000448901
0.00123695
0.000420616
0.000840861
8.84463e-05
0.000394986
0.00136523
0.00145385
0.00140267
0.000923494
0.00080887
0.00181765
0.000489245
0.000233219
0.000970382
0.0032377
0.00184507
0.0019174
0.000593275
0.000908915
0.000715847
0.000389934
0.00072951
0.000135802
0.000915377
0.000293233
0.000396129
0.000510299
0.000567908
0.000421421
0.000372573
0.00229912
0.00220691
0.000592252
0.00107404
0.00163885
0.00326111
0.000323912
0.00125946
0.000740651
0.00156071
0.00147552
0.000988687
0.000818266
0.000251115
0.00161563
0.000576435
0.00316166
0.000716977
0.000563974
0.000574437
0.000566243
0.00422587
0.000349131
0.00107013
0.000696849
0.00131434
0.00598096
0.000635589
0.00049672
0.000775255
0.00067197
0.000731241
0.000183969
0.000612191
0.000818387
0.000749596
0.00098602
0.00102611
0.000666996
0.000898697
0.00064254
0.000657868
0.000707543
0.000368437
0.00064539
0.000775765
0.000729851
0.000529789
0.000711718
0.00124693
0.000295711
0.00128295
0.000821
0.000408971
0.000654646
0.000575544
0.00078796
0.00088546
0.000344823
0.000700011
0.00147406
0.000656605
0.000755694
0.000775905
0.000522195
0.000779337
0.000449687
0.00118679
0.00166307
0.000516214
0.00126529
0.00095467
0.00163925
0.000618151
0.000615411
0.00164914
0.000369183
0.00152557
0.000490479
0.000986828
0.0004665
0.00112746
0.000566953
0.000512421
0.000971578
0.000887496
0.000831351
0.0022399
0.000820086
0.00128062
0.000756104
0.00128607
0.00116743
0.0139797
0.000528698
0.000629928
0.000171831
0.000271402
0.00115959
0.000565722
0.000596217
0.000480444
0.000508622
0.00111317
0.000752507
0.00058588
0.000714382
0.000243505
0.000344482
0.00175455
0.000619024
0.0016762
0.00227458
0.00756942
0.000605876
0.000857834
0.000338734
0.000566686
0.000617011
0.00100915
0.000723333
0.000561785
0.000416533
0.000245954
0.00110871
0.00106631
0.000775023
0.00134541
0.000486073
0.000510686
0.000678632
0.000757649
0.00109708
0.000200426
0.000848478
0.000577776
0.000594039
0.000477375
0.00058892
0.000677797
0.000532433
0.000616068
0.00221062
0.000950516
0.000771988
0.000369101
0.0010716
0.000535316
0.000453863
0.000603995
0.00546573
0.000458538
0.000690499
0.000264064
0.000711194
0.00120866
0.00130188
0.000879345
0.000518975
0.000330233
0.000251932
0.000270402
0.000782816
0.000344223
0.00123972
0.000224444
0.000725371
0.000869539
0.000916195
0.00101742
0.001388
0.00051203
0.000783532
0.000272128
0.000329321
0.000849771
0.000823458
0.00188056
0.000336996
0.000973836
0.000615011
0.00112937
0.00113897
0.0004331
0.000693881
0.00155122
0.000632621
0.00263263
0.000485068
0.000124038
0.00124945
0.000734103
0.000711519
0.00107105
0.000528602
0.000345634
0.00529799
0.000928826
0.000757024
0.00113459
0.000755672
0.00183614
0.000694486
0.000537601
0.000390532
0.000482662
0.000580918
0.000680736
0.00113819
0.000223034
0.00143482
0.00126559
0.000324907
0.00113347
0.000712925
0.00103932
0.000814795
0.000555918
0.00138054
0.000813645
0.00134849
0.00076923
0.000985165
0.000510644
0.00101309
0.000659691
0.000479853
0.000495638
0.000649083
0.00104954
0.000786465
0.000823953
0.00300718
0.00129344
0.000684459
0.000587697
0.000721092
0.000581611
0.00143599
0.00104107
0.00045094
0.000916343
0.000418329
0.00102802
0.000434679
0.0227962
0.00668558
0.000598826
0.000392697
0.000395294
0.000538747
0.000740245
0.000524786
0.000630795
0.000404698
0.000762944
0.00137252
0.000970681
0.00113805
0.000547125
0.00107308
0.00036128
0.00141149
0.000993165
0.000582546
0.00124354
0.000612038
0.00068676
0.000526544
0.00122654
0.000478328
0.000560232
0.00270528
0.00025267
0.00040151
0.000471583
0.000517222
0.00178117
0.00186076
0.000592588
0.000621752
0.000798113
0.00113493
0.000818871
0.000930636
0.000773177
0.000753594
0.00106739
0.00074891
0.000685934
0.000824403
0.00312102
0.00142295
0.000831242
0.000800937
0.000732992
0.00043407
0.000917701
0.000517746
0.000904583
0.00103308
0.000523855
0.000354258
0.00899849
0.000992424
0.000753474
0.000368738
0.000720272
0.000644968
0.000386368
0.00108861
0.000283107
0.000604324
0.000383463
0.0192653
0.000848007
0.000803036
0.00093242
0.00117475
0.000788397
0.000459759
0.000875655
0.000607248
0.00646063
0.000980059
0.000250541
0.000898045
0.000778059
0.000803319
0.000785141
0.00053831
0.000466287
0.000758474
0.000543154
0.000295308
0.000265871
0.000616402
0.00215837
0.00104098
0.000830855
0.00123199
0.000675651
0.0134961
0.000613033
0.000971616
0.000394279
0.000973359
0.000368084
0.000296596
0.00113366
0.00200358
0.000551641
0.000870807
0.00106161
0.00129991
0.00184866
0.000893836
0.000936103
0.000242097
0.000510765
0.00051776
0.000645826
0.000353824
0.00157205
0.001994
0.000531744
0.000735587
0.000443195
0.00285026
0.000464681
0.000784575
0.000828465
0.00156026
0.000745092
0.000556965
0.00571878
0.000696795
0.00117651
0.000831922
0.000979023
0.00111688
0.00040114
0.000586196
0.000633018
0.0010631
0.000841933
0.000505406
0.000634635
0.000638737
0.000519001
0.000282654
0.000575377
0.00118344
0.000361224
0.000928946
0.00133532
0.000704884
0.000575219
0.00130625
0.000425543
0.000928285
0.000598371
0.00087233
0.000218857
0.000562179
0.000453659
0.000341811
0.000403925
0.000637437
0.00048937
0.000957927
0.00071311
0.00105783
0.000315392
0.000673402
0.000647214
0.000539326
0.00492283
0.00129771
0.000673153
0.00117055
0.000813304
0.000891402
0.000390066
0.00466437
0.00272957
0.000551609
0.000720014
0.000925705
0.00059585
0.000147838
0.000415157
0.000124808
0.000515426
0.000791621
0.00113364
0.00138524
0.000635142
0.00105348
0.000615891
0.00166642
0.000525222
0.00031366
0.000598753
0.000609363
