0.00286482
0.00254014
0.00128985
0.00313542
0.00138865
0.00112871
0.00183854
0.00281611
0.00205668
0.0128152
0.00292997
0.00111789
0.00598989
0.00145218
0.00141821
0.00142551
0.00758565
0.00195184
0.00142034
0.0017357
0.000680137
0.00195256
0.00221148
0.00198631
0.00172938
0.00107336
0.00183278
0.00265788
0.00138872
0.00219544
0.0018749
0.00165807
0.00242504
0.000881396
0.00172097
0.00148964
0.00268699
0.000973262
0.00724508
0.00063521
0.00224762
0.00317662
0.00124098
0.00426574
0.00174362
0.000987865
0.00149399
0.00108903
0.00185273
0.00149516
0.0018548
0.0020714
0.00130988
0.0016289
0.00120831
0.00108949
0.00148894
0.00403413
0.00187671
0.00250128
0.00254582
0.00148345
0.00191808
0.00172452
0.00172657
0.00758471
0.00169451
0.00271449
0.00142639
0.00224976
0.0259193
0.00171842
0.000804743
0.00179897
0.00160802
0.00272548
0.00140191
0.000768445
0.00120846
0.00121104
0.0019135
0.00164441
0.00257449
0.00118946
0.00156376
0.00145411
0.00320936
0.00260234
0.00295403
0.00120347
0.00163524
0.00443389
0.00264991
0.00087414
0.0010574
0.00235605
0.00130072
0.00141433
0.00168007
0.00164781
0.00248223
0.00192272
0.0025036
0.00123732
0.00107566
0.00195969
0.0013794
0.00141091
0.00161997
0.001984
0.0022191
0.00110053
0.00490302
0.00173585
0.00118769
0.0018397
0.00164475
0.00187643
0.00178353
0.00117593
0.00172703
0.00254056
0.001214
0.00166052
0.00305935
0.00129473
0.00238678
0.00143274
0.00198858
0.00123457
0.00201478
0.0027153
0.00196913
0.00140626
0.00256773
0.0017237
0.00191228
0.00174397
0.00115872
0.0015544
0.00239326
0.00131578
0.00177044
0.00704406
0.00137909
0.00233569
0.00145342
0.00145665
0.00184227
0.00151393
0.00200768
0.0021321
0.000856901
0.001604
0.00271166
0.00211279
0.00104666
0.00511036
0.00532199
0.00141196
0.000909844
0.00177295
0.00100217
0.00205498
0.0009191
0.00577836
0.00120823
0.00194731
0.00108468
0.0355025
0.00130597
0.00180131
0.00145253
0.00267408
0.00119821
0.00197667
0.000915821
0.00230754
0.00315204
0.00206272
0.00133269
0.00176415
0.000889965
0.00179322
0.00156718
0.00230322
0.00292895
0.00304177
0.0019873
0.00173706
0.00156784
0.00190935
0.00326965
0.00197063
0.00746073
0.00122347
0.00190441
0.00180232
0.00206515
0.0033643
0.00154866
0.00167897
0.000858707
0.00239263
0.00254879
0.00248665
0.00154566
0.000809657
0.00202892
0.00116872
0.00398619
0.00192342
