0.000677974
6.0549e-05
0.000161887
0.000134713
0.000163182
0.000503315
0.000104493
0.000112654
0.000156811
0.000159617
0.000182151
0.000389272
0.000277893
0.000165815
0.000597665
0.000260105
0.000114184
0.000639665
4.56097e-05
0.000352184
0.000249895
0.000413635
0.000344224
0.000407254
0.000675244
0.000341892
0.000673124
6.57525e-05
0.000275375
0.000201458
8.28856e-05
0.000261429
0.000200751
0.00016412
0.00588859
0.000345084
0.000350044
0.000169857
0.000110851
0.000131491
0.000557895
0.000204742
0.000120283
0.000347597
0.00021129
0.00107065
0.000504667
0.000200949
9.93154e-05
0.000266171
0.000230728
0.000228362
0.000235016
0.000946038
0.000194005
0.000586014
0.000367247
0.000442648
0.000140547
0.000184243
0.00291748
0.000207259
8.70012e-05
0.000171984
0.000255517
0.000338291
0.00056526
0.000283226
0.000338003
4.07483e-05
0.000489385
0.000245748
0.000309513
0.000325305
0.000463441
0.000186367
0.000628427
0.000145798
0.000329409
0.000511295
0.000227276
0.000205017
0.000624703
0.000319425
7.31021e-05
0.000188118
0.000377469
0.00117766
0.000424152
0.000158435
0.00135707
0.000932872
0.000116531
0.000197923
0.000379969
6.07552e-05
0.000180628
1.28641e-05
9.20362e-05
0.000127925
0.000499222
0.000467854
0.000508616
7.83312e-05
0.000430465
0.000162851
0.00021712
0.000255351
8.0725e-05
0.000692192
0.000201715
0.000201467
0.000271874
0.000209344
0.000522523
0.000122667
0.000159038
0.0024842
0.000245319
8.81403e-05
0.00199395
0.000283359
6.91383e-05
0.000304414
0.000712131
0.000219682
0.000124767
0.00022227
0.000403871
0.00030985
0.000205409
0.000255808
0.000377677
6.84693e-05
0.000743814
0.000221384
0.000233019
0.00025777
0.000264166
6.04632e-05
0.000115134
0.000211397
0.000111274
0.000183812
0.000289854
0.000440722
0.000180641
0.000170081
0.000252953
0.000526144
0.00038357
0.000150989
0.000646615
8.59281e-05
0.000172444
0.000152067
0.000268183
0.000197514
0.000209472
0.00016843
0.000407801
0.000198439
0.000111915
0.000471806
0.000126693
0.00010959
0.00297665
8.31241e-05
0.00020052
0.000103348
0.00034296
0.000163108
0.000234356
0.000241626
0.000479162
0.000213199
0.000172647
0.000156742
0.000210203
0.00024046
6.19976e-05
0.00016749
0.000605079
0.000209235
0.0004773
0.000811408
0.000170451
0.000872716
0.000196171
0.00819653
0.000302632
0.000107143
0.000173575
0.000245351
0.000304923
0.00114872
0.000233355
0.000197727
0.00321024
0.000222108
0.000105748
0.00175465
0.000851959
0.000390631
0.000175564
0.000761425
0.000460245
0.000109698
0.000221236
0.000177552
0.000124457
0.000467281
0.000228117
4.55537e-05
3.31694e-05
0.000108693
0.000192663
0.000153707
0.000297699
0.000204221
0.000276417
0.00031604
0.000180071
0.000188707
0.00012126
0.000126419
8.89959e-05
8.0637e-05
0.000335435
0.000322172
0.000339155
0.000189337
2.99332e-05
8.16568e-05
0.000367024
0.000430162
0.000181088
0.000144834
0.000114385
0.000178695
2.51207e-05
0.000106364
0.000192573
0.000652632
0.00017127
0.000211503
0.000103147
0.000687147
0.000338056
0.00444138
0.000464232
0.000164636
0.000185517
0.000184647
0.000205044
0.000478285
0.000125263
0.000283751
0.00107361
0.000457477
0.000191641
0.000145387
0.00031039
0.000158704
0.000111853
0.000249981
0.000119831
0.000214118
0.000148369
0.000435338
0.000112462
0.000363597
0.000123373
4.4006e-06
1.75992e-05
0.000282367
0.000221127
0.000296899
0.000373525
0.000190407
0.00146091
0.000144733
0.000236411
0.000313856
0.000380998
0.00102253
0.000502346
0.000227861
0.000356965
0.00026126
0.000217805
0.000249227
0.00025684
0.000650298
0.000157912
0.000173727
0.000256273
0.000346331
0.000328548
0.000158075
9.59397e-05
0.000168972
0.000228506
0.00034215
0.000348881
3.68791e-05
0.000338138
0.000206843
0.000249406
0.000286055
0.000290645
9.47496e-05
0.000150029
0.000305449
0.000258526
6.2807e-05
0.000103399
0.00149758
7.16763e-05
0.000558121
0.000178449
0.000171166
0.00017797
0.000206841
0.000247419
0.000556597
0.000460588
0.000206405
0.00086319
0.000119316
9.76099e-05
0.00030556
0.000352773
8.66264e-05
0.000777339
0.000274649
0.00016502
0.00110675
0.00114178
0
9.2429e-05
0.000242457
8.61618e-05
0.000252289
0.000224623
0.000121829
0.00023098
8.89095e-05
0.00031292
0.000127112
0.000184547
0.000490293
0.000583489
8.25833e-05
0.000142391
0.000138986
0.000118167
0.00026825
9.58492e-05
0.000229532
0.000125269
0.000264388
0.000195617
0.00111145
4.65745e-05
0.000179716
9.77217e-05
0.0002834
0.000368165
0.000163259
0.00032724
8.87402e-05
0.00125355
0.000163846
0.000205492
0.000164844
0.000183869
0.000280458
0.000138581
0.000289579
0.000485967
0.00280975
0.000182661
0.0018741
0.00025567
0.000163525
0.000175355
0.000425935
0.000548793
0.000157237
0.000511731
0.000234834
0.000325008
0.000204297
0.000232907
0.000346384
0.000177766
0.000157577
0.000203663
0.000173403
0.000280811
0.000160913
0.000263677
0.000161355
0.000147459
0.000465827
0.000476716
0.000505674
2.718e-05
0.000325512
0.000188831
0.000532762
0.000826071
0.000152316
0.00027775
0.000130959
0.000158492
0.000273286
0.000162706
9.09853e-05
0.000155472
0.000298972
0.000186525
7.72666e-05
0.000184011
0.000139601
0.000240285
0.000164158
0.000396128
2.81382e-05
0.000133323
0.000844228
0.000430325
3.47731e-05
0.000151449
0.000196396
0.000249689
4.83471e-05
9.83929e-05
0.000195955
0.000856177
0.000312253
9.86296e-05
0.000165411
0.000345661
1.62795e-05
0.000414084
0.000272504
0.000165342
0.000224842
0.000453267
0.000429174
9.98173e-05
0.000794819
0.000200799
0.000466179
0.000167305
0.000314676
0.000671098
0.000632135
0.000242516
0.000271985
0.000228263
0.000277976
0.000135927
0.000146304
0.00073336
0.000356559
0.000226083
0.000364422
6.63297e-05
0.00022303
0.000196276
0.00040951
0.000820901
0.000112743
0.000297415
0.000104202
9.30081e-05
0.000296704
6.56271e-05
0.000332318
0.000750192
0.000338391
0.0004431
0.000378623
0.000109854
0.000345302
0.00022846
0
0.00021274
0.000225161
0.000172879
0.00187889
0.000241913
0.000175336
0.00010666
0.000344663
0.00042926
0.000265879
0.000931471
0.000629211
0.000337336
3.30989e-05
0.000286578
6.08283e-05
0.000125829
0.000115671
0.000529522
0.000178548
0.000759005
0.000309951
1.26117e-05
0.000146506
7.35797e-05
0.0001472
0.000276275
0.000113683
7.85762e-05
0.000168279
0.000148901
0.000203644
0.000183081
0.000201867
0.000448272
0.000316725
0.000422769
0.000406451
4.56337e-05
9.56893e-05
0.000306216
4.76769e-05
0.000702244
0.000138007
0.000252162
0.000201469
0.000154673
0.000444215
0.000133026
0.000206479
0.00011407
0.000183026
0.000879839
0.000313988
0.000235507
0.00124383
0.000268642
0.000306053
0.000439813
0.000113809
0.000366253
0.000281619
0.000146975
0.000173605
0.000503403
0.000246353
0.000428264
0.000638587
0.000160102
0.000349326
7.79895e-05
0.000178598
0.000175141
8.1209e-05
4.86352e-05
0.000231325
0.000223482
0.000347434
0.000239357
0.000421837
0.000135052
0.000132516
8.83511e-05
0.000135265
0.000173585
0.000224438
0.000459649
4.36284e-05
0.000161009
0.000290634
0.000196806
0.000314732
0.000219675
0.000416338
0.000146777
0.000177445
0.00200825
0.000637603
0.000275199
0.000383596
7.77832e-05
0.000209289
6.14744e-05
0.000306184
0.000148846
0.000195116
0.0005607
0.000265705
0.000336246
0.000227107
0.000790746
0.000258414
0.000271852
0.000178863
0.000317306
0.000138967
0.000104613
0.000353764
0.000263309
1.28227e-05
0.000141715
0.000185615
4.11807e-05
9.76285e-05
0.000112346
0.00017892
0.000143537
0.000443971
0.000283972
0.000324322
0.000108025
0.000537884
0.000231008
2.61091e-05
0.000519245
3.36169e-05
0.00024263
0.00050729
0.000117959
0.000275442
0.000170711
0.000282295
0.000175337
0.000393109
0.000399365
0.000145014
0.000198528
0.000106087
0.000527002
0.000217685
0.000205512
0.000459747
0.000166796
0
0.000469666
0.000168384
0.000200916
0.000170125
0.000118827
0.000730703
7.33927e-05
0.000441495
0.000173675
0.000842263
0.000206636
4.08322e-05
0.000461416
0.000129705
0.000200583
0.000310054
0.00302212
0.000507666
0.00019534
0.000174919
1.62195e-05
0.000449172
0.000355289
0.000397354
0.000122458
7.61816e-05
0.000146922
0.00018018
0.000276712
0.000288613
0.000117973
0.00014227
0.00017461
0.000415417
0.000165916
0.000142504
0.00177641
0.000164269
0.0003868
0.000141752
0.000409003
0.000540394
0.000827611
0.000139322
0.00062623
0.000170805
0.000126287
0.000488224
0.000286737
0.000383424
4.39101e-05
0.000288985
0.00020815
0.000515113
6.85694e-05
0.000182217
0.000247309
0.000147777
0.0022208
0.000331658
6.75542e-05
8.05478e-05
0.000218711
0.000208108
0.000325411
0.000277312
0.000115192
0.000218727
0.000316726
0.000351899
0.00030296
0.000104615
0.000166145
0.00024242
0.00282259
0.000199055
0.00021185
0.0051875
7.87362e-05
0.00787723
0.000199365
0.000321771
0.000401042
0.000596366
0.000457555
6.27851e-05
0.0003109
0.000138518
0.000104343
8.98392e-05
0.000293362
0.000266872
0.000393011
9.78683e-05
0.000355769
0.000153033
0.00019349
0.000228345
0.000162983
0.000257109
0.000337264
0.000144547
0.000180431
8.26994e-05
0.000225229
0.000459468
0.000187013
0.000146021
0.00534176
0.000525608
0.000116328
6.93369e-05
0.000250153
0.000110684
0.000261518
0.00076608
0.00106089
8.28835e-05
0.000945156
0.000125986
0.000258193
0.000157352
7.87065e-05
0.00013988
0.000225645
0.000130525
0.00047371
0.000187813
0.000104704
0.000437693
0.000193468
2.30747e-05
0.012022
0.000447625
0.000187055
0.000125142
0.000592263
0.000171875
0.00015141
0.00029275
0.00134041
0.000160117
0.000215553
0.000152419
0.000415833
0.0001331
0.000252455
0.000114771
0.000342696
2.57446e-05
0.000114563
0.000149059
0.00030568
0.000541412
0.000147935
0.000332897
0.00026113
0.000323363
0.000167126
6.46911e-05
0.000256228
0.000275843
0.00024936
0.000395755
0.000299722
0.00104619
6.16475e-05
0.000206799
5.32688e-05
0.00262622
0.000245446
0.000346317
0.000311317
0.000183259
0.000350826
0.000486946
7.49801e-05
0.000298092
6.08341e-05
0.000476422
0.00486426
0.000241548
0.000283972
0.000286206
0.000422823
0.00013861
0.00016687
0.000417183
0.000234241
0.000102575
0.000349783
0.000675142
0.000130162
0.000284089
0.000145413
0.000236267
0.000445806
0.000378383
0.000301662
0.000171545
0.00118534
0.000278576
0.14909
0.000516215
0.000281756
0.000418368
0.000212262
0.000449734
0.000120983
0.00046454
0.000150711
0.000203241
0.00105169
0.000893203
0.000657849
0.000166296
0.000135683
0.000307732
0.00261833
0.00328481
0.000232017
0.000104313
0.000155598
0.000225279
0.000722182
0.000261836
0.000364835
0.000226984
0.000147826
0.000435167
0.00072537
0.000203261
9.42514e-05
0.000277597
0.000198562
0.000318145
0.000258381
0.000140971
0.00038646
0.000177632
0.000167809
0.000188381
0.000314374
0.00244303
0.000231425
0.000290081
0.000204727
0.000369429
3.65761e-05
0.000312825
2.01517e-05
0.000179757
0.000164936
0.000162648
2.46343e-05
9.15035e-05
0.00017306
0.000133122
0.000387357
0.000180107
3.22891e-05
0.000210989
0.000269459
0.000303198
0.000193951
4.67418e-05
0.00129285
0.000207225
0.0026876
0.000129357
0.000318251
0.000382765
0.000324656
0.00022393
0.000490931
0.000173027
0.00037666
6.78609e-05
0.000112607
0.000192741
0.000311871
0.000472419
5.44429e-05
0.0016203
0.000119994
0.000840252
0.00021655
0.000239013
6.28745e-05
0.000900787
3.98367e-05
0.000316788
0.000272093
0.000193015
0.000384995
0.000596208
0.000297445
0.000110516
0.00016051
0.000353607
0.000103642
0.000335699
0.000187746
0.00027408
0.000471769
0.000400056
0.000669615
0.00307252
0.000304226
0.000142394
0.000657522
0.000114857
0.000566743
0.000199138
0.000237927
0.000188062
0.000545054
0.000151364
6.1534e-05
0.000285966
0.000448882
0.000321436
0.0115023
0.000286761
0.000244464
0.000225658
0.000447971
0.000405653
5.2008e-05
0.000277412
0.000428211
0.000295617
0.000267498
9.32019e-05
0.000271834
0.00040935
0.000128543
0.000197343
0.00014553
8.92954e-05
0.00085001
0.000377498
0.000146889
0.000113931
0.000192776
0.000321965
0.000371904
0.00022153
0.000508118
0.000152115
0.000228755
0.000410595
0.000249096
0.000183476
8.33363e-05
0.000272237
0.000344841
0.000267063
0.000517086
0.000336051
9.38877e-05
0.000529858
0.000230485
3.90275e-05
0.000288129
0.000271589
0.000298343
0.000184628
0.000285291
0.000458133
9.07548e-05
9.87055e-05
0.000266481
6.8432e-05
0.000749546
0.000159305
0.000215576
0.00069125
0.000820312
0.000245088
0.00091802
7.742e-05
0.000154404
0.000334401
0.000250783
0.000157303
8.92894e-05
0.000123723
0.000379833
0.000146024
0.00353608
0.000122516
0.000439766
0.0010556
0.000361221
4.2537e-05
0.000160778
0.000204935
0.000518417
0.000516636
0.000130147
0.000549416
4.93585e-05
0.00017226
0.000137195
0.000673891
0.000262515
0.00050502
0.000162341
6.78751e-05
0.000156215
0.000248073
0.000222044
0.000250044
0.000238304
0.0019721
0.000489205
0.000302287
6.09198e-05
0.00015803
6.581e-05
0.000108496
1.06824e-05
0.000194586
5.94731e-05
0.00128042
0.000402418
0.000241657
0.000216096
0.000190304
0.000463069
0.000214408
4.59262e-05
0.000475742
7.58855e-05
0.000431357
0.000279289
0.000128179
0.000611849
0.000136415
6.99876e-05
0.00047416
0.000118897
0.000230213
0.000189658
0.000475043
0.000462239
7.96741e-05
0.000243895
0.000111337
0.000163662
8.72995e-05
0.000113182
6.8194e-05
0.000278303
0.00430634
0.000116618
0.000285319
0.000239102
4.48184e-05
0.000323313
0.00040494
0.000796394
0.000206014
9.30934e-05
9.85828e-05
0.0002169
0.000721341
0.000932729
8.3296e-05
0.000920127
0.000135257
0.00012995
0.000214606
0.000506119
0.000451149
0.000154053
0.000229247
3.12814e-05
0.000140135
0.000201012
0.000197137
0.000317784
0.000147954
0.000477325
0.000240507
0.000172876
9.58699e-05
0.000171129
0.00028217
0.00013342
0.000223538
9.21851e-05
0.000284823
4.02267e-05
9.75264e-05
0.000437024
0.00019632
0.000323392
0.000295334
0.000100283
0.000340955
0.00135345
0.00015676
0.00117048
0.000572124
0.000302107
0.000232971
0.000832607
0.000234987
0.000150499
0.000109535
0.00046023
0.00039991
0.000328722
0.00011394
0.000217513
0.000249827
