0.00170811
0.000602517
0.000326032
0.00467321
0.00170993
0.00098762
0.00126275
0.00143852
0.000880759
0.00092458
0.00432242
0.00101986
0.0010874
0.00100393
0.000410445
0.000443516
0.000882244
0.00105563
0.00154595
0.000669827
0.0010203
0.00345875
0.00137931
0.000915885
0.000911332
0.000417447
0.00111518
0.00670921
0.000799322
0.00120436
0.00831264
0.000915744
0.000931258
0.000821772
0.000671363
0.000865593
0.00102491
0.000821587
0.000522311
0.00104701
0.000694825
0.000893254
0.00200685
0.0046857
0.00103533
0.00099658
0.000934377
0.000493718
0.000401535
0.000815429
0.00068098
0.00087261
0.00166611
0.00183996
0.000836829
0.00123012
0.00148637
0.000346919
0.000664175
0.00215432
0.000512177
0.00149702
0.0010969
0.00103919
0.000780514
0.00155735
1.26297e-05
0.000466526
0.000273044
0.000773696
0.00159392
0.000837649
0.000801824
0.000826493
0.000661181
0.000904444
0.000954747
0.0013514
0.00151484
0.00142272
0.000628193
0.000945752
0.00144668
0.00169119
0.000779086
0.00118357
0.000754043
0.00134468
0.0023361
0.000901712
0.000971632
0.00230306
0.00141447
0.000716515
0.00138231
0.000442122
0.000701925
0.000409884
0.00332864
0.000622047
0.000709414
0.00179236
0.00168204
0.000913229
0.00404588
0.000663727
0.000581691
0.000737328
0.00146722
0.00110707
0.00114064
0.0011042
0.00113339
0.00180738
0.00102153
0.00169971
0.00148129
0.000791457
0.000410147
0.00223036
0.00102538
0.00155657
0.000927194
0.00102575
0.0015629
0.000857426
0.000826105
0.000330348
0.000220364
0.00083906
0.000412212
0.00563855
0.00109005
0.000614219
0.00099529
0.00126354
0.000713007
0.00197844
0.00157298
0.000743726
0.000830402
0.00117111
0.000646376
0.000720172
0.000567905
0.000576173
0.000819312
0.00370845
0.000810033
0.00118519
0.000838994
0.000666526
0.000848801
0.000392242
0.000561238
0.000795626
0.000704879
0.000583965
0.000624724
0.000807081
0.000848064
0.00135721
0.000634063
0.00217135
0.000779473
0.000934203
0.000922759
0.000678395
0.000863147
0.00208039
0.000545692
0.00143952
0.00149261
0.0148586
0.00107722
0.00126154
0.00230056
0.00165874
0.00166864
0.000846212
0.000722314
0.00104047
0.000683626
0.000808225
0.000981847
0.000624622
0.00084883
0.000974272
0.000591043
0.000943536
0.00292598
0.00114529
0.000675018
0.00110085
0.00141338
0.000201701
0.00054662
0.000333499
0.00125405
0.00122776
0.000512759
0.00174934
0.00043876
0.000814466
0.00126498
0.00140401
0.00102536
0.00110335
0.00131997
0.00352345
0.000559537
0.000328488
0.00168286
0.000491655
0.00125334
0.000579335
0.000906705
0.000963132
0.000694894
0.00115191
0.000333775
0.000690971
0.000876763
0.000978723
0.001608
0.00180725
0.00042322
0.000572092
0.00176564
0.000978527
0.00099303
0.00100582
0.000870899
0.00842712
0.00158653
0.00129664
0.000829384
0.00102841
0.000973761
0.000722754
0.000838789
0.000737451
0.000769751
0.000536775
0.000799458
0.000657537
0.000121531
0.000834972
0.000625049
0.00216176
0.000318631
0.00129351
0.00119
0.000713935
0.000441512
0.00119229
0.000448906
0.000488903
0.000743144
0.00103422
0.00104621
0.000780325
0.000720857
0.000428547
0.00174795
0.000576328
0.00063734
0.00104581
0.00216128
0.00157401
0.000943274
0.000358151
0.000890794
0.000324375
0.000644937
0.000602799
0.00104317
0.00055719
0.0016955
0.000228262
0.000628767
0.00103639
0.000588221
0.00138745
0.000427498
0.000797729
0.00186432
0.00101398
0.00142777
0.00158225
0.00165367
0.00112174
0.00140638
0.00100335
0.00039407
0.000713707
0.000738702
0.00073964
0.00219092
0.000730592
0.000475856
0.00105314
0.00149393
0.00278435
0.00604026
0.000747786
0.00043742
0.000767841
0.000686499
0.00121848
0.000837339
0.00109692
0.0012838
0.000963853
0.00264744
0.000527367
0.000436071
0.000602249
0.000383349
0.0020173
0.000706412
0.0035383
0.00118212
0.000785851
0.00172761
0.00149173
0.00125781
0.000809347
0.000337862
0.000517944
0.000470529
0.000636385
0.00267869
0.00065351
0.00151404
0.000931716
0.00118187
0.00184416
0.000950617
0.000877698
0.000989265
0.000689335
0.00101872
0.00127262
0.00128356
0.00120076
0.00111149
0.0279694
0.000630751
0.00136904
0.000645645
0.000870633
0.00117977
0.00133174
0.000851039
0.000862526
0.00127129
0.00130086
0.000906972
0.000504533
0.00125308
0.00053641
0.000858235
0.000730843
0.00142307
0.00784595
0.00050108
0.000462338
0.000583315
0.00239566
0.0012221
0.000451486
0.000742443
0.000876629
0.000904874
0.00222614
0.000766884
0.00078072
0.00314561
0.00485615
0.00223238
0.000936327
0.000652416
0.00239589
0.00129626
0.00135921
0.000746861
0.000548356
0.00134779
0.000954529
0.00495994
0.00154034
0.000654059
0.000943795
0.000874189
0.00143315
0.000737247
0.00165419
0.00114733
0.000405432
0.00117674
0.0011063
0.000323813
0.000990843
0.000830835
0.000846973
0.000254558
0.00110852
0.00115529
0.00123828
0.000767784
0.00136487
0.00287205
0.000144776
0.000559467
0.000708888
0.00176608
0.000843628
0.00038454
0.00200659
0.000827421
0.000336744
0.00133091
0.00564415
0.00106717
0.000332049
0.00050059
0.00100737
0.000757319
0.000716836
0.00102024
0.000652316
0.000687025
0.00160175
0.00144197
0.00123722
0.000533706
0.000695583
0.000958299
0.000361369
0.00341155
0.00174075
0.000867317
0.000703989
0.000457562
0.00098749
0.00716204
0.000832839
0.00068974
0.000535947
0.0011731
0.00117447
0.000785887
0.00635752
0.00108933
0.00114819
0.000805971
0.000625913
0.000273381
0.000550657
0.000842682
0.00129063
0.000249075
0.000767057
0.00062094
0.000843794
0.000944274
0.000654679
0.0011442
0.00104927
0.000255083
0.00057427
0.000896063
0.00400338
0.000862945
0.000901629
0.000686367
0.000787281
0.000613158
0.00111135
0.000917304
0.000625097
0.00105763
0.00067024
0.000204501
0.000796121
0.000442861
0.00140948
0.00115655
0.00129963
0.0032906
0.000948912
0.00105698
0.000715712
0.00180215
0.000780069
0.00460803
0.00156741
0.00227896
0.000547467
0.00100799
0.000430308
0.00150993
0.00055794
0.000659564
0.000565931
0.000518789
0.000436098
0.000838776
0.000884909
0.00159798
0.00115338
0.00128456
0.000939403
0.000540035
0.000689514
0.00406536
0.0170216
0.000532698
0.000313489
0.000248348
0.0020764
0.00226546
0.000712231
0.00124957
0.00122993
0.000672837
0.00296484
0.00257691
0.000676313
0.00039984
0.00132014
0.000728022
0.000757431
0.00108232
0.000788091
0.00291657
0.000820683
0.000396584
0.0010501
0.000770285
0.000609669
0.00358839
0.00102868
0.000630729
0.00580782
0.000513222
0.000679314
0.000306833
0.000787421
0.00212435
0.000731659
0.00144069
0.000471691
0.00100567
0.00366986
0.00176086
0.00102229
0.000809671
0.0012311
0.00112796
0.000914739
0.000949435
0.000602776
0.000858304
0.000873346
0.00080937
0.000931455
0.000755461
0.00070024
0.0021842
0.00040732
0.00147621
0.000647971
0.000715016
0.000494713
0.00107429
0.000871654
0.000844055
0.000619257
0.00097697
0.000976323
0.000413882
0.00146484
0.00104562
0.00083726
0.000683104
0.000770362
0.000976552
0.00436502
0.00953067
0.00106185
0.00154588
0.0010994
0.000714336
0.00120726
0.0013648
0.00071747
0.000836192
0.000732722
0.00112825
0.00065078
0.000509237
0.000547952
0.000609013
0.000456246
0.000493461
0.000528197
0.00532316
0.00064442
0.000888669
0.00134911
0.000400489
0.000274101
0.000562957
0.00282634
0.00192376
0.000312473
0.00148161
0.00134915
0.000714387
0.00163508
0.00124015
0.00143353
0.000486082
0.00107934
0.00497573
0.000959198
0.00108157
0.00119127
0.00101633
0.00161004
0.000460994
0.000930175
0.000752549
0.000645953
0.000383478
0.00105394
0.000408779
0.00305451
0.00187864
0.000600627
0.000655112
0.000865301
0.000789014
0.000843221
0.000438368
0.000666142
0.000732869
0.000964724
0.00101573
0.00156993
0.000594459
0.00107144
0.00104151
0.00140703
0.000898427
0.00127036
0.000220744
0.000787778
0.000794075
0.000506912
0.000458134
0.000463527
0.0016548
0.00101773
0.00132787
0.00285551
0.00123177
0.000263892
0.000502774
0.00128642
0.00040506
0.00171243
0.000932332
0.000279956
0.00126365
0.000982253
0.000681587
0.00120802
0.000731209
0.00263691
0.0019251
0.000672516
0.00221449
0.000661703
0.000802757
0.000640487
0.000528211
0.0275722
0.000450003
0.000870239
0.000690118
0.000998781
0.000273988
0.00065665
0.000795108
0.00122084
0.00342401
0.000881046
0.00157047
0.00119701
0.00085467
0.00105625
0.000551861
0.000921061
0.000967798
0.000464392
0.00580265
0.0015884
0.00065327
0.00269282
0.00140464
0.000512835
0.00109685
0.000497835
0.00105367
0.00119089
0.00155814
0.000943011
0.000902287
0.0204403
0.00094524
0.0028421
0.001415
0.00136387
0.00216514
0.00165896
0.00219696
0.00139743
0.00140713
0.00115005
0.000743245
0.00041303
0.00141824
0.000972488
0.000621789
0.0025702
0.00110579
0.000765162
0.00735989
0.00115105
0.00121221
0.00128753
0.000515554
0.00140473
0.000726608
0.00329546
0.000645108
0.000529974
0.000379608
0.00100001
0.00090663
0.000950198
0.00154195
0.000472049
0.00175494
0.000514013
0.00843083
0.00105044
0.000910031
0.00110966
0.000874978
0.000462444
0.00119209
0.00119654
0.00094571
0.000844976
0.000526541
0.00129016
0.000896926
0.000914724
0.000735076
0.000880422
0.00102859
0.00137813
0.000835089
0.00143738
0.00123628
0.00191207
0.000644636
0.0011582
0.000746071
0.00782435
0.000957689
0.0200204
0.00142306
0.000946034
0.000896238
0.000984537
0.00116794
0.000934037
0.000695739
0.0014074
0.000358111
0.000923593
0.00040089
0.000582128
0.00128382
0.000689621
0.000846133
0.00124919
0.000776651
0.000815776
0.0012441
0.00161481
0.000958896
0.000573032
0.000437323
0.000770382
0.00126769
0.000614306
0.000856802
0.000526908
0.00104758
0.0251403
0.000972304
0.0292917
0.00171518
0.00073355
0.001183
0.00035449
0.00279817
0.000974317
0.00279361
0.000788003
0.000532422
0.000786089
0.00105542
0.00128062
0.00136851
0.00218591
0.000489699
0.000689299
0.000259751
0.000858839
0.00276061
0.0063453
0.00180145
0.000814707
0.00148505
0.00127509
0.00125712
0.000705189
0.0013367
0.00304169
0.000598343
0.000504484
0.000908721
0.000746749
0.000566719
0.000472063
0.000916224
0.000174305
0.000533573
0.000742929
0.000615727
0.000987132
0.00309691
0.000682785
0.00144063
0.000544862
0.000925489
0.00118406
0.000626082
0.00129626
0.000911192
0.000669239
0.00279051
0.000637864
0.000876524
0.00249086
0.000753118
0.00128223
0.00481821
0.000680411
0.000396554
0.000939061
0.000733747
0.000455452
0.000667097
0.00071808
0.000463453
0.000473121
0.0014538
0.00153179
0.000818071
0.000759343
0.00104421
0.0013031
0.000578429
0.000415662
0.000864608
0.000675045
0.000822611
0.000694879
0.000234949
0.00118814
0.000698821
0.000450308
0.00982718
0.000897476
0.000232206
0.000581122
0.000636213
0.00129643
0.00108172
0.000689502
0.000560319
0.000966838
0.000852578
0.000643475
0.000623386
0.000915801
0.000270257
0.000695012
0.000960926
0.000896607
0.00109812
0.00276257
0.000348751
0.0014915
0.000722537
0.000933796
0.000785684
0.000625507
0.0024844
0.00129527
0.000982576
0.00135634
0.00158135
0.00129418
0.0012446
0.00117976
0.000965994
0.00165167
0.000799999
0.00274412
0.00059896
0.000673687
0.00121734
0.000518555
0.000702575
0.000636252
0.00128316
0.0012499
0.00104349
0.000715208
0.00177091
0.000688009
0.00110341
0.000673946
0.00161165
0.00107605
0.000811712
0.00152128
0.000698844
0.000676387
0.00199932
0.000502735
0.00246391
0.00321597
0.000554951
0.000607684
0.000716355
0.00108517
0.00144972
0.00066222
0.00114982
0.000149054
0.00144563
0.000843565
0.00080462
0.000951263
0.00117413
0.000772668
0.00318234
0.000228941
0.000160433
0.000589113
0.000626139
0.00139746
0.000939689
0.000746279
0.00520693
0.000806569
0.00128128
0.00119785
0.000391955
0.000847229
0.00135354
0.00168965
0.00100452
0.00098217
0.000814793
0.000927148
0.000925829
0.000855369
0.000921358
0.000838881
0.00128959
0.000628068
0.00143584
0.000973215
0.00100094
0.00118387
0.000515093
0.00028811
0.000952955
0.000568186
0.00103511
0.000831655
0.00070452
0.000985321
0.00317399
0.00157202
0.00339113
0.0007188
0.00147326
0.00117532
0.000661421
0.00056585
0.00131032
0.000891881
0.00050024
0.00100696
0.000589201
0.0004794
0.0062232
0.0011927
0.000639465
0.000519156
0.00068037
0.00069131
0.00110265
0.000590051
0.000844409
0.000869146
0.00065888
0.00501755
0.000799822
0.000634269
0.000837034
0.00112625
0.00121526
0.000597636
0.00109829
0.00076219
0.00048611
0.00109023
0.000781543
0.00078933
0.000614017
0.0012149
0.000984184
0.00123984
0.00157146
0.00247373
0.000646993
0.00127937
0.000369573
0.000633416
0.00132715
0.000874355
0.00205004
0.000610096
0.000735201
0.00123002
0.00194463
0.00122189
0.000737357
0.000914866
0.000413353
0.00160333
0.000607743
0.000813419
0.000682065
0.000827994
0.00213454
0.00121619
0.000167789
0.000547792
0.000770531
0.000777432
0.00124367
0.00120969
0.0203185
0.000260021
0.00125063
0.000672746
0.00121056
0.00196841
0.00422857
0.000954887
0.000567753
0.000567771
0.00417431
0.000733405
0.000642948
0.000824271
0.000683744
0.00116911
0.000661847
0.00102909
0.00275697
0.00164916
0.000615505
0.000680625
0.000581186
0.00225058
0.00709944
0.000697792
0.000227724
0.000759862
0.0120772
0.00191763
0.000435659
0.000979401
0.00407327
0.000633085
0.000944283
0.00106984
0.000346305
0.00061754
0.000852035
0.0035118
0.000697075
0.00050196
0.000681137
0.000659528
0.000904592
0.00117784
0.000722556
0.000648115
0.000852925
0.000430188
0.000644555
0.000959126
0.000954362
0.00325838
0.000772117
0.00182499
0.00127921
0.00188092
0.000570078
0.000869304
0.000797347
0.00140048
0.00501223
0.00122725
0.00308776
0.000924214
0.000914853
0.000333404
0.00125287
0.00079198
0.000803307
0.000870302
0.00180654
0.000478698
0.000867953
0.000785338
0.000658811
0.000647064
0.0112788
0.000494935
0.000955917
0.000388676
0.00103079
0.00034597
0.000395036
0.00077221
0.000694718
0.000587657
0.000560657
0.000786601
0.000429797
0.000466515
0.00484814
0.00069245
0.000498747
0.000568192
0.00192026
0.000361888
0.000792257
0.00416554
0.000281624
0.00127617
0.000461642
0.00632111
0.000361969
0.0010057
0.000910877
0.00112583
0.000690579
0.00202715
0.000897027
0.00045295
0.00198082
0.000513146
0.0021774
0.00101734
0.000597667
0.000456135
0.0729571
0.000714065
0.000510179
0.000428215
0.000849478
0.000873009
0.000908063
0.000788133
0.000494751
0.000811249
0.000638368
0.000950882
0.000438151
0.000549447
0.00258298
0.000550735
0.000121641
0.00066386
0.00137522
0.00112835
0.000919727
0.000775238
0.000748598
0.000465649
0.000670778
0.00106823
0.000639163
0.00126695
0.000755775
0.000761405
0.00103182
0.00105362
0.000715704
0.000686149
0.00130916
0.000846493
0.000968354
0.000720044
0.00539465
0.000316241
0.000598841
0.000769875
0.00158521
0.00114793
0.000929273
0.00154657
0.00258473
0.000590455
0.000536188
0.00133044
0.00137267
0.000906465
0.00226599
0.00119765
0.000699798
0.000917666
0.000909474
0.00137866
0.000885137
0.00112687
0.00138347
0.000765435
0.000852579
0.000762782
0.000717836
0.000434042
0.00108591
0.00184584
0.00120591
0.000812107
0.000330291
0.000811198
0.00119364
0.000654385
0.0006064
0.000975588
0.00149113
0.000523888
0.00156068
0.0013267
0.00109202
0.00106121
0.000981344
0.00387437
0.00104837
0.00160855
0.000763944
0.000857737
0.000825984
0.00136867
0.00158212
0.000717976
0.000768143
0.00116552
0.00172996
0.000263249
0.00138347
0.000435325
0.00126741
0.00134054
0.00455058
0.000812222
0.00150563
0.000477969
0.00117924
0.0055349
0.000216102
0.00238882
0.000595769
0.000226277
0.000992654
0.000679127
0.000471369
0.000652885
0.000976254
0.00202561
0.000858326
0.0012183
0.00551945
0.00104502
0.000707693
0.000971006
0.000516369
0.0495169
0.0022294
0.00128898
0.00105819
0.000452606
0.000561827
0.00439157
0.000613549
0.00137314
0.000985275
0.000917173
0.000832554
0.0008781
0.00072816
0.00162001
0.00149225
0.000792973
0.00126422
0.00164325
0.000753571
0.00162754
0.000664
0.000931319
0.000677079
0.00145418
0.00102327
0.000893358
0.000681419
0.00292983
0.00123301
0.000958753
0.000656442
0.000628319
0.000895777
0.0011405
0.000844709
0.000598367
0.000662482
0.0010722
0.00157459
0.00152128
0.0007741
0.00121184
0.000488769
0.000633119
0.000729539
0.00106321
0.000763312
0.000942417
0.000928224
0.000583759
0.000553977
0.000910123
0.000434083
0.000601952
0.000897956
0.000414932
0.000807951
0.000811997
0.000748756
0.000888544
0.00128752
0.00135381
0.00068833
0.000905615
0.00115852
0.0015131
0.000381269
0.000495015
0.00748049
0.000651248
0.00156569
0.00167452
0.00333194
0.00128874
0.000749559
0.00123169
0.000638743
0.00114816
0.000307219
0.00128205
0.001159
0.00108971
0.00200659
0.000591324
0.00128145
0.000529235
0.000591601
0.00116338
0.000553952
0.00075759
0.00137674
0.00257638
0.000588695
0.000287634
0.000583316
0.00133684
0.00415278
0.000983419
0.000660236
0.00060814
0.000535535
0.00109223
0.00093579
0.00193621
0.0012636
0.000585834
0.000578498
0.00328979
0.000708953
0.000576501
0.000502782
0.00117427
0.000888345
0.00335052
0.000442041
0.000481784
0.000904145
0.000588192
0.000523388
0.0010318
0.000523188
0.000667618
0.000924331
0.00146201
0.000489806
0.000895641
0.000895929
0.00023108
0.00574599
0.00398005
0.00254134
0.00103611
0.00264851
0.00143265
0.0012468
0.00132274
0.000481011
0.00128237
0.00234595
0.000950876
0.000946394
0.00140631
0.00113803
0.000471024
0.000744044
0.0012742
0.000503244
0.000678252
0.00101745
0.00065784
0.000832981
0.000910125
0.00112558
0.000650638
0.000448419
0.00137901
0.000747938
0.00116767
0.000553432
0.000695387
0.000579416
0.000484531
0.00150399
0.00307118
0.000926439
0.00143737
0.00117817
0.0016571
0.000701663
0.00162248
0.0030013
0.00293122
0.00372786
0.0022658
0.00421692
0.000866411
0.00096912
0.000665297
0.000961132
0.000734077
0.000553827
0.000850915
0.000432894
0.000351141
0.00131065
0.00118337
0.000688701
0.00063678
0.00225827
0.000448702
0.000977931
0.00155921
0.00432896
0.00121794
0.000676094
0.00105664
0.000859804
0.000733273
0.000961511
0.000956806
0.0021112
0.000646878
0.00097849
0.000929744
0.000516075
0.000772441
0.000436402
0.00118886
0.000455141
0.000897271
0.00124286
0.00138504
0.00108323
0.000738649
0.000972239
0.00060628
0.00102398
0.000865148
0.00146387
0.000373655
0.000716026
0.00225346
0.000791522
0.000498805
0.000908973
0.00103244
0.000377826
0.00715496
0.000178757
0.00202611
0.000517328
0.00105423
0.00173386
0.00978026
0.00106613
0.000662799
0.00140375
0.000729437
0.000709887
0.000705089
0.00326836
0.000947458
0.0041602
0.000804292
0.00116855
0.00136665
0.000657844
0.00146812
0.0014953
0.000671511
0.00110875
0.000438267
0.000937191
0.0217784
0.0016803
0.000813463
0.000585337
0.000802814
0.00544276
0.00082323
0.000455121
0.00439076
0.000704773
0.000706685
0.000384814
0.00323514
0.000992646
0.000998962
0.000912976
0.000673726
0.000977778
0.00650872
0.00107278
0.00105285
0.00113633
0.000347433
0.00155712
0.000380624
0.00116883
0.00594791
0.000719399
0.00156132
0.00279836
0.000678307
0.00166424
0.000774609
0.000420475
0.00160733
0.0136928
0.00108187
0.000920211
0.00110848
0.00121989
0.00187585
0.000951369
0.00185999
0.00375228
0.00100303
0.00151453
0.00097489
0.00115676
0.00181003
0.000633006
0.000841494
0.000634927
0.000386182
0.00105422
0.000749893
0.000681892
0.00221465
0.000907993
0.00103058
0.00119609
0.0010284
0.000831204
0.000739641
0.00110537
0.000498769
0.00091657
0.00652103
0.00141369
0.00263295
0.00573523
0.000889198
0.000442402
0.00132185
0.00114661
0.00169996
0.000837119
0.000513635
0.000584109
0.00164862
0.000365375
0.000299394
0.00055285
0.000830042
0.00145137
0.000833903
0.000869331
0.000719773
0.0011768
0.00229157
0.000648473
0.00104744
0.00146867
0.00104093
0.0016025
0.000388548
0.00205617
0.00521583
0.0016957
0.00406107
0.00142338
0.00319464
0.000767341
0.000878655
0.00138683
0.000743959
0.00150665
0.00087849
0.00285399
0.00122058
0.0014522
0.000890176
0.000529749
0.00146736
0.0015829
0.000782812
0.000695916
0.00113532
0.000968364
0.00102026
0.000400822
0.000459657
0.000496953
0.0008428
0.000502797
0.0003308
0.000612283
0.000635434
0.00957539
0.00109825
0.000483448
0.00072215
0.00146035
0.000599307
0.000335802
0.000482734
0.00161029
0.000534336
0.000925346
0.000814626
0.000781067
0.00843335
0.000335517
0.00176235
0.000385171
0.00116095
0.000670327
0.000807729
0.00114276
0.00101874
0.00099819
0.00125498
0.00207464
0.0023702
0.000907838
0.000983422
0.00110962
0.00154763
0.00116352
0.00249416
0.000458076
0.000862176
0.000231306
0.00187338
0.0010088
0.000615162
0.00108777
0.00113484
0.000966385
0.00155806
0.000574587
0.00168234
0.00107031
0.00135832
0.00119509
0.000654391
0.000718317
0.000446864
0.000636024
0.000706032
0.00197783
0.000410247
0.000647369
0.000254774
0.0011644
0.000738601
0.00621127
0.000689933
0.0012698
0.0018698
0.000507171
0.000383193
0.00338671
0.00130008
0.00633612
0.00162031
0.0016762
0.00106191
0.000713652
0.000949865
0.0016156
0.00102748
0.00178879
0.00146083
0.000823908
0.000525424
0.000886667
0.000398436
0.00421368
0.000903097
0.000271523
0.000723527
0.00062169
0.000973698
0.000612481
0.00546358
0.000325695
0.000606351
0.00062501
0.0012413
0.00174697
0.00440157
0.00070476
0.000880048
0.00479113
0.000390125
0.000751974
0.00167804
0.00118748
0.000700458
0.00130685
0.000741162
0.000700664
0.000345617
0.00021559
0.00274664
0.000237392
0.00086442
0.00733442
0.00163642
0.00102195
0.000484345
0.00103261
0.00209767
0.000588509
0.000654829
0.000967551
0.00200068
0.00102166
0.000918876
0.000211861
0.00117744
0.000975386
0.00066455
0.00160201
0.000801045
0.000806475
0.00108534
0.00104533
0.000768405
0.00108827
0.000489282
0.00096213
0.000482704
0.000751537
0.000834037
0.000174485
0.00321109
0.000181713
0.00328559
0.000847289
0.00161794
0.00118151
0.00158119
0.000447708
0.0031015
0.001235
0.000597952
0.00128355
0.000529264
0.000694037
0.00816929
0.000748374
0.00109461
0.000821545
0.000803716
0.000189157
0.00110814
0.00552052
0.00253526
0.00116543
0.000800751
0.00996501
0.000200882
0.000199167
0.00278815
0.000568269
0.00135344
0.00736705
0.000961178
0.000843634
0.000653981
0.000660877
0.000615436
0.00125599
0.00100454
0.000545724
9.74495e-05
0.000558363
0.00124642
0.0010354
0.000465789
0.00276809
0.000875189
0.000960463
0.000746756
0.000687993
0.000413486
0.000746511
0.000346368
0.000538168
0.000778101
0.00162786
0.00155617
0.000988168
0.00232445
0.000484982
0.00112944
0.000794331
0.00302585
0.00269974
0.000512003
0.00130142
0.00108101
0.000717761
0.000973515
0.000639568
0.00316761
0.00135227
0.000861444
0.000779128
0.00216684
0.000361455
0.00199408
0.000699992
0.00150623
0.000316482
0.000324625
0.00087608
0.00246372
0.00352969
0.00102435
0.000499683
0.000389384
0.00084421
0.000839885
0.000817839
0.00105849
0.000771789
0.000516439
0.00039588
0.00125981
0.00180244
0.0218003
0.00078773
0.000617627
0.00115433
0.00114246
0.000780649
0.000590508
0.000906271
0.00102687
0.000724518
0.000590149
0.000602938
0.000727989
0.00194603
0.000353665
0.000311923
0.00159596
0.00147146
0.00257106
0.00151763
0.000991423
0.000651578
0.00180985
0.00074507
0.00138615
0.00227372
0.000936857
0.0060346
0.000862931
0.000524794
0.000827887
0.000981558
0.000580148
0.000955084
0.000838439
0.000790112
0.00242028
0.00180783
0.00101343
0.000657222
0.000488231
0.00106728
0.000665566
0.000591442
0.000710902
0.000966897
0.000695532
0.000719179
0.00079581
0.00146038
0.000617711
0.00136169
0.00140356
0.000513996
0.00136307
0.00115566
0.000613092
0.0096823
0.00102603
0.00111707
0.000968565
0.00100655
0.00102331
0.000852191
0.001624
0.000954566
0.000626921
0.000397584
0.00118273
0.000799693
0.000652487
0.0015948
0.000580871
0.000739346
0.00239935
0.00282216
0.00150096
0.0013851
0.000660745
0.000531437
0.000774787
0.00191777
0.00121521
0.00191196
0.00376065
0.00128537
0.00121039
0.000616832
0.00109539
0.00151401
0.000549981
0.000675796
0.000571611
0.000827261
0.00134001
0.00161589
0.000550946
0.000499549
0.00111803
0.0013316
0.00354383
0.000678545
0.00113664
0.000882953
0.000938497
0.00108948
0.000595785
0.00101466
0.00168393
0.00150178
0.000378892
0.000611011
0.000389781
0.000915267
0.000629452
0.000774602
0.000782947
0.00152285
0.00128186
0.000852661
0.00113778
0.000775856
0.000814155
0.000491595
0.00061361
0.000326581
0.00141173
0.000690149
0.000651656
0.00185413
0.000693407
0.000421281
0.00233497
0.000907862
0.00157662
0.00132008
0.000879662
0.000871706
0.000774104
0.000992418
0.000632342
0.000364346
0.00052696
0.00110076
0.00137899
0.00075559
0.00105263
0.000684052
0.00138453
0.000831966
0.00137904
0.0144586
0.000559941
0.00113856
0.00162887
0.000681641
0.00704465
0.000972147
0.000861002
0.000609941
0.00124881
0.00185576
0.00121325
0.00109872
0.000699481
0.000827438
0.000298254
0.00106943
0.000789828
0.000831537
0.00114975
0.00109381
0.000612657
0.00252561
0.00177419
0.00202024
0.00105294
0.000970104
0.00275533
0.00186578
0.000932733
0.00129297
0.000483734
0.00108346
0.00173049
0.00154661
0.000744803
0.000534773
0.00242189
0.000836754
0.00114058
0.00197542
0.000584757
0.00120123
0.000595011
0.000631732
0.000858592
0.000406548
0.000545802
0.000248495
0.000863089
0.003353
0.000982162
0.000838552
0.000494068
0.000914803
0.000876232
0.00111373
0.00104526
0.000567105
0.00115685
0.00121411
0.00106111
0.00163589
0.00111126
0.000615753
0.000651536
0.00128039
0.00270311
0.0112189
0.000937073
0.000653929
0.000623813
0.000418381
0.000771727
0.00272778
0.000805932
0.00137434
0.001209
0.000317478
0.000838426
0.000691067
0.00116953
0.00255762
0.000955329
0.000816369
0.000851183
0.000752268
0.000940543
0.000283967
0.000830801
0.000927165
0.00717823
0.000655758
0.00111071
0.000622739
0.00334274
0.00532488
0.000648399
0.000468717
0.00108247
0.000563189
0.000725073
0.000637645
0.00193587
0.0006653
0.000385516
0.00752209
0.000813334
0.00558578
0.000727138
0.000887451
0.000521597
0.00120143
0.000603546
0.00331923
0.000844597
0.000788047
0.00126054
0.00131751
0.00144819
0.000674277
0.00146791
0.000709098
0.000485886
0.00126062
0.000430394
0.000348648
0.00368596
0.000887768
0.00100709
0.000784683
0.000435939
0.000921137
0.00165674
0.000773861
0.000139612
0.000693404
0.00135751
0.00110418
0.000605114
0.00276141
0.000790193
0.00335483
0.000575491
6.5844e-05
0.000549809
0.000554379
0.000811776
0.00282944
0.00137914
0.000719047
0.00116275
0.00045169
0.00142007
0.00263472
0.000536902
0.00146903
0.000582749
0.000648748
0.00149311
0.00153118
0.000849393
0.000904061
0.000621349
0.00245012
0.000800921
0.00104407
0.0014844
0.000934847
0.000901575
0.000511843
0.000570926
0.00101883
0.000802663
0.00075406
0.000856725
0.000882022
0.000827438
0.00111528
0.000211364
0.000887436
0.000634512
0.00134746
0.000427814
0.000516817
0.000724483
0.000936383
0.000725006
0.00179836
0.000697513
0.00499605
0.000671153
0.000281911
0.000511677
0.000766575
0.00431517
0.000484416
0.00458732
0.000904302
0.000427149
0.00146712
0.000675977
0.0009809
0.00096221
0.000643849
0.00370936
0.000592865
0.000987428
0.000225562
0.00110382
0.000572357
0.00135192
0.000301345
0.00178867
0.00158284
0.000880799
0.00121195
0.00153738
0.000765349
6.2132e-05
0.00101718
0.00342381
0.000969186
0.000762463
0.000564497
0.00156026
0.000812632
0.0019025
0.00117271
0.000996554
0.000696004
0.000902772
0.000698741
0.00153315
0.000979629
0.000754923
0.00520178
0.00142218
0.000668798
0.00107799
0.00161677
0.00041086
0.000576727
0.00183439
0.00137255
0.000908172
0.000762087
0.000888889
0.000968586
0.000999869
0.00130932
0.000705651
0.00211446
0.000937544
0.000864326
0.000633912
0.00175238
0.000431861
0.00109869
0.000558668
0.00103991
0.00062074
0.00104418
0.00165272
0.00108647
0.0018543
0.000895693
0.000839311
0.00102927
0.000851577
0.00122128
0.000782836
0.00229517
0.00158985
0.0012226
0.000692132
0.00130702
0.00100946
0.00120728
0.00174975
0.00290388
0.00192801
0.000855518
0.00141455
0.000901867
0.00187994
0.000276519
0.00423351
0.00139731
0.000965367
0.000879618
0.00128281
0.000399365
0.00161296
0.000389405
0.00106419
0.000638461
0.00230758
0.00133888
0.000861755
0.000380658
0.000650451
0.00131117
0.000386254
0.00101622
0.00104753
0.000695819
0.000934021
0.000309327
0.00896011
0.00215793
0.00138047
0.000907952
0.000950257
0.00185181
0.00607025
0.000866277
0.000643229
0.00424787
0.000943029
0.00155039
0.000607609
0.00167516
0.000947873
0.000592326
0.00159197
0.000586593
0.00106559
0.00159386
0.00117542
0.00111389
0.000389205
0.000377765
0.00265459
0.000673481
0.000872949
0.000949637
0.000625781
0.000499424
0.000391537
0.00122793
0.00090953
0.000878039
0.000491551
0.000490399
0.00157074
0.000805733
0.00223346
0.000886988
0.00180101
0.000988835
0.000916281
0.000530174
0.00123833
0.00058879
0.000907128
0.00104855
0.000612375
0.000342445
0.00114965
0.00175645
0.000525638
0.000812918
0.000763895
0.000582225
0.00109791
0.000819746
0.00221841
0.000820843
0.000520549
0.000776549
0.000597006
0.00141371
0.00543855
0.000791276
0.00197419
0.00118813
0.00112841
0.00125096
0.00045012
0.000957669
0.000448504
0.00128955
0.000863416
0.00262306
0.000535429
0.000656138
0.000747155
0.0371747
0.000806245
0.000740581
0.000921295
0.000894428
0.000772156
0.00110091
0.00112645
0.00178068
0.00142248
0.000313981
0.0012066
0.000538975
0.000451264
0.000653055
0.00088803
0.000802562
0.0402072
0.000801984
0.000759664
0.00222635
0.00109104
0.000877583
0.000527014
0.000802497
0.00159293
0.000482563
0.00112782
0.00119827
0.000630327
0.000669825
0.000689154
0.00433323
0.00039992
0.000699952
0.00129843
0.00586173
0.000686587
0.00248725
0.000722971
0.0011194
0.00105599
0.000552974
0.00053545
0.000213849
0.00115807
0.000502883
0.0058146
0.000488542
0.000749336
0.00265698
0.00105805
0.0005382
0.00187893
0.000561315
0.00112888
0.00056987
0.000783643
0.00457386
0.000566968
0.000927429
0.000831662
0.00105177
0.000941912
0.000858863
0.000924163
0.00353407
0.000972702
0.000835847
0.00167888
0.000898497
0.000486625
0.000412079
0.000972948
0.000641697
0.083616
0.00125194
0.000848145
0.00151845
0.00121911
0.0014852
0.000905676
0.000493246
0.00124491
0.000969758
0.000483179
0.00145548
0.00169912
0.00119122
0.000989348
0.00290891
0.00182348
0.00124846
0.00113381
0.000164527
0.00130857
0.000736265
0.000900385
0.00193027
0.000926977
0.000754954
0.00224859
0.000911749
0.000703009
0.000472207
0.00100672
0.00039251
0.00108202
0.000288946
0.00121638
0.00034085
0.00108266
0.00083549
0.000878592
0.000644903
0.00127415
0.000790588
0.00114935
0.00068274
0.00205711
0.00106462
0.000843577
0.00155521
0.00890477
0.00159508
0.00751343
0.00116457
0.000914139
0.00076483
0.00087092
0.000541434
0.000269907
0.00109571
0.0014341
0.00119042
0.000956007
0.000857471
0.000326568
0.00111732
