0.00218889
0.00108646
0.00102538
0.000795896
0.00173184
0.00134879
0.00164967
0.00174039
0.000969974
0.00513442
0.000811012
0.00127353
0.00294507
0.00105174
0.00096542
0.00076581
0.00270457
0.00103366
0.00122553
0.00148696
0.00553749
0.00614743
0.00518005
0.00114394
0.00209882
0.00178386
0.00121095
0.00130427
0.0121001
0.00313389
0.000597123
0.00126241
0.00147986
0.0029483
0.00191518
0.0021884
0.000415956
0.00223959
0.00314224
0.00170534
0.00132621
0.000913702
0.000605057
0.00220483
0.00769395
0.000609842
0.00142072
0.00129898
0.00116555
0.000594276
0.000579209
0.000856641
0.0592276
0.00169407
0.00035893
0.0008669
0.00170925
0.0210827
0.000893221
0.00100344
0.00127123
0.000919347
0.00185029
0.00353766
0.0035642
0.00170128
0.0020952
0.000826995
0.000657644
0.000585713
0.00237822
0.00104114
0.00175921
0.00138261
0.00107083
0.00189701
0.00134713
0.00197848
0.00181152
0.00103989
0.0246313
0.0011296
0.00171277
0.00841273
0.000362479
0.00168651
0.000288167
0.000773323
0.00699481
0.00224863
0.00122719
0.00144675
0.000959746
0.00104113
0.000566463
0.00263485
0.00175064
0.000847822
0.000927384
0.00117195
0.00116568
0.00239746
0.000992334
0.00101621
0.00239695
0.00136479
0.00160328
0.000680062
0.00129442
0.000720912
0.00113147
0.000776356
0.00324195
0.000756694
0.00158007
0.000871973
0.00133363
0.000743111
0.000545785
0.00199897
0.00174362
0.000721517
0.00115018
0.000983576
0.00101982
0.00101816
0.00142899
0.00221458
0.00143991
0.00108277
0.00142084
0.00109376
0.000821268
0.00069083
0.000915121
0.00119481
0.000616399
0.00131231
0.00106526
0.000640569
0.00199532
0.00106348
0.00199784
0.000791227
0.0011443
0.000935306
0.00029862
0.00149415
0.000615044
0.000598817
0.00145466
0.00165694
0.000837407
0.00193289
0.000777437
0.000565897
0.193885
0.00120189
0.00170236
0.00170347
0.000978401
0.0015683
0.0012661
0.00101551
0.00144793
0.00186148
0.00198944
0.00164806
0.00115298
0.000707135
0.0016538
0.001859
0.000903455
0.00220633
0.000737526
0.00274506
0.00144341
0.00167421
0.00818015
0.00109068
0.00101855
0.000907784
0.00165853
0.000903541
0.00100014
0.00103298
0.00171691
0.00107601
0.00127362
0.00288089
0.000664525
0.00292087
0.000939634
0.00105407
0.000888343
0.00119159
0.00129344
0.00121307
0.00192076
0.011701
0.00130799
0.000796694
0.00236192
0.000699784
0.00263069
0.0031668
0.000861231
0.00148713
0.000867134
0.000975923
0.000865891
0.000916601
0.00115223
0.00194482
0.00116698
0.00107939
0.00330358
0.000945695
0.00424522
0.00232803
0.00092827
0.00147281
0.00176269
0.0011407
0.000316379
0.000633193
0.00617477
0.000575196
0.00141643
0.00122663
0.000698255
0.00202987
0.00137655
0.00156215
0.00122713
0.000847837
0.00134568
0.00159875
0.00182807
0.00192876
0.00237916
0.00132038
0.00122763
0.000666604
0.00276048
0.00225619
0.000743021
0.00414569
0.000998053
0.00606728
0.00133364
0.000949869
0.00161015
0.00207019
0.00180914
0.0013351
0.00314051
0.00045245
0.00100223
0.000953225
0.00103076
0.00102027
0.00108
0.00237179
0.00138424
0.00305302
0.000934541
0.00115825
0.00143969
0.000735192
0.000506988
0.000920718
0.00134433
0.000974599
0.00708924
0.00159648
0.000867878
0.00115526
0.000256493
0.00226671
0.000937209
0.00255236
0.00107691
0.00422064
0.00095034
0.0016285
0.000969819
0.000961503
0.00184486
0.00292789
0.000662335
0.0028927
0.00176709
0.00165333
0.00141322
0.000946648
0.00107928
0.00270863
0.00162334
0.0028617
0.00435647
0.000781422
0.000495689
0.00193567
0.000981199
0.00277603
0.00311405
0.00532795
0.00142088
0.000913251
0.00118988
0.000577763
0.0110865
0.00254852
0.000820457
0.00186706
0.000864531
0.000945103
0.000863349
0.00259517
0.000873212
0.00310718
0.0010213
0.00139032
0.0014975
0.000612185
0.0031372
0.00163429
0.000586748
0.00207986
0.00116478
0.00105504
0.0011805
0.00104178
0.000757853
0.00130758
0.00192316
0.00153688
0.000904005
0.00110185
0.000949134
0.00102535
0.00229002
0.0011111
0.00151083
0.000540718
0.00211556
0.00493428
0.00191571
0.00204157
0.00109162
0.00194218
0.00210561
0.00147762
0.00144819
0.000298582
0.00121734
0.00173759
0.00142476
0.00178372
0.00142655
0.000996405
0.00119896
0.00198933
0.0011783
0.000924282
0.00115968
0.00201079
0.00134692
0.00438992
0.00188059
0.000299876
0.00115998
0.000677471
0.00152561
0.00165887
0.0031565
0.00191209
0.000641506
0.00201508
0.00260949
0.000956442
0.00168954
0.00148284
0.000723611
0.000571197
0.00172367
0.00140481
0.00184972
0.00152952
0.00132456
0.00101419
0.00136544
0.000924647
0.00188335
0.00550587
0.000702928
0.00141278
0.00235953
0.00200873
0.00127855
0.000704852
0.000967095
0.000784758
0.00732765
0.00112697
0.00138189
0.000723722
0.00454128
0.000783171
0.00169388
0.000824942
0.00368756
0.00120248
0.000380184
0.000369786
0.00155707
0.000674941
0.00245653
0.0243214
0.000975502
0.00228881
0.00178708
0.000594867
0.000511889
0.00198123
0.00673541
0.00127194
0.00257198
0.000275709
0.00114686
0.00228634
0.000926694
0.0031867
0.00516156
0.00130072
0.000216913
0.000921226
0.00130417
0.00094721
0.0044458
0.00121222
0.00210108
0.00446966
0.0011159
0.00564612
0.00120469
0.00100647
0.00129891
0.00186353
0.00104169
0.0169156
0.00162743
0.00187173
0.00191137
0.000666453
0.00421372
0.000813137
0.0031873
0.00209614
0.00298355
0.00188396
0.000411491
0.000816353
0.00122943
0.00117043
0.000886285
0.000399198
0.000463002
0.00228061
0.000623928
0.00106725
0.00126689
0.00301641
0.00181682
0.000886634
0.00129732
0.000935893
0.00146286
0.00117059
0.000306612
0.000799697
0.00131419
0.00160247
0.00349528
0.00130461
0.00112756
0.000452178
0.0023539
0.00527882
0.00506676
0.000967793
0.00173747
0.00050718
0.00065535
0.000874215
0.00125868
0.00132425
0.000668383
0.00332362
0.00106732
0.00304895
0.00125113
0.00152306
0.00130191
0.00076176
0.00476884
0.000675482
0.00109599
0.00179783
0.00094439
0.0243792
0.00207078
0.00107359
0.000877507
0.000689553
0.000623467
0.0105831
0.00143192
0.000875353
0.000634757
0.00210477
0.00162054
0.00120675
0.00144742
0.00587675
0.00132112
0.00156594
0.00112461
0.00129456
0.000581161
0.001865
0.000786798
0.00092102
0.000886844
0.00102893
0.00491679
0.000571398
0.00175435
0.00212216
0.00584691
0.00212177
0.0180613
0.00112541
0.00274866
0.00216173
0.00301584
0.000931239
0.000609121
0.00133922
0.000476697
0.00118541
0.000619356
0.00134452
0.00138386
0.000700897
0.00114016
0.00527507
0.00107884
0.000768416
0.00156613
0.00135426
0.0012672
0.000492899
0.00116815
0.00114515
0.00138865
0.00119177
0.0306453
0.000883959
0.0127446
0.000860313
0.000851996
0.000978101
0.00126555
0.0013777
0.00140051
0.00167177
0.00713722
0.00122093
0.00086736
0.00102211
0.00179839
0.000972493
0.00106597
0.00681851
0.000965318
0.000708496
0.000862781
0.000884279
0.00124098
0.000651395
0.00125407
0.00135196
0.000383327
0.000883811
0.00082605
0.00128627
0.00220711
0.000521615
0.00221529
0.00461817
0.00056354
0.00115216
0.00143829
0.00123018
0.00254067
0.0012419
0.000920968
0.000408309
0.000925588
0.00145497
0.000765593
0.00132864
0.00102146
0.00184666
0.00228216
0.000703673
0.000878236
0.00101959
0.0011332
0.00115024
0.0016315
0.00126222
0.000473467
0.00104563
0.00186074
0.000983253
0.00159226
0.00166522
0.00221872
0.00798199
0.00085239
0.00103506
0.00150627
0.00139548
0.00242085
0.000807624
0.000846603
0.00232259
0.00775611
0.00156488
0.000800864
0.000964363
0.00084334
0.00152966
0.00137191
0.00229453
0.00122458
0.00155171
0.00102025
0.00168966
0.000650441
0.000970718
0.000972426
0.0120824
0.0015465
0.00165925
0.00153917
0.0261343
0.00107673
0.000681781
0.00107173
0.000950823
0.00134216
0.000747477
0.00117661
0.00254054
0.000403892
0.00110704
0.000897753
0.000903256
0.00327007
0.00134895
0.00169894
0.000482312
0.00205662
0.00141828
0.0010574
0.00120553
0.00522847
0.00145157
0.000980766
0.000625381
0.000786577
0.000989529
0.000783356
0.000817967
0.00166183
0.00120494
0.000817691
0.000991689
0.000653363
0.00263747
0.000245066
0.00430688
0.00191291
0.00140876
0.00404158
0.000972193
0.00153434
0.00139759
0.0019693
0.00172841
0.000975364
0.00482898
0.000936192
0.000766549
0.00351877
0.00124317
0.000874537
0.00229609
0.000999348
0.00221668
0.000898325
0.00106158
0.00156887
0.00164864
0.00083139
0.000946243
0.00162063
0.00130221
0.000965804
0.00202584
0.00543286
0.000415568
0.000415989
0.000650355
0.000846309
0.00119822
0.000998312
0.00137723
0.000572615
0.000428687
0.000618223
0.00105575
0.000584291
0.0234326
0.001936
0.000909232
0.00163615
0.00194557
0.00133944
0.0195327
0.00220175
0.00106912
0.001238
0.000619668
0.0011208
0.000152754
0.0016773
0.00137617
0.00100447
0.000332803
0.00131972
0.000806392
0.000917296
0.00145144
0.000965498
0.00186574
0.00100026
0.000898292
0.00222248
0.00177973
0.00077361
0.00113284
0.00105047
0.00128986
0.00150679
0.000751421
0.0018019
0.00151488
0.000976603
0.000685297
0.00309818
0.0011088
0.00709482
0.00213806
0.00167322
0.000759477
0.00230605
0.000833729
0.00119996
0.000417273
0.00167462
0.00104681
0.000884971
0.002425
0.00249999
0.00292257
0.00123907
0.00209487
0.000780329
0.00231423
0.00204093
0.000759113
0.000978906
0.00108678
