0.00119688
0.00894141
0.000658078
0.000793132
0.000439739
0.000900986
0.000846056
0.00138307
0.00107996
0.00122611
0.00146526
0.000170655
0.000359
0.00071484
0.00119002
0.000548266
0.000465424
0.00146914
0.000552276
0.00134609
0.00054046
0.00043248
0.00124382
0.0010308
0.00605363
0.000831099
0.00114138
0.00114951
0.000399044
0.000199073
0.000620682
0.000603458
0.00047348
0.00203078
0.00101011
0.000835392
0.000933349
0.0087598
0.00129399
0.00126276
0.000542901
0.000530057
0.000644822
0.00144046
0.000851826
0.00120008
0.000400268
0.000687111
0.000757636
0.00173665
0.000434313
0.000422156
0.000497895
0.000537195
0.000630698
0.000650569
0.00826268
0.000733769
0.000607798
0.000447187
0.00022165
0.000378411
0.00065421
0.000727967
0.000614549
0.00108024
0.00145756
0.000916696
0.000484423
0.000577985
0.000786982
0.00148534
0.000472105
0.000464425
0.00042719
0.000311942
0.000777067
0.000443457
0.000668157
0.000347134
0.000686536
0.000621392
0.00115602
0.000391093
0.00048808
0.000264298
0.005533
0.000682236
0.00092483
0.00111549
0.000426875
0.000421455
0.000683157
0.000111519
0.000569876
0.00125212
0.000452898
0.000388445
0.000885312
0.000405036
0.000447752
0.00089929
0.000857528
0.000887823
0.00058719
0.00225798
0.000550068
0.00127978
0.000337794
0.000491168
8.78477e-05
0.000543728
0.000389803
0.000611316
0.000379966
0.000396374
0.000573747
0.000379307
0.000650979
0.000570757
0.00070088
0.0015039
0.000915902
0.00117869
0.000852171
0.000393596
0.00112994
0.000571052
0.000853544
0.000686321
0.000248505
0.00666969
0.000789364
0.000532617
0.000309501
0.000834763
0.000625153
0.00230699
0.000483988
0.00164134
0.000702781
0.00457781
0.00041773
0.00122543
0.000372741
0.000687449
0.00119674
0.000912515
0.000768787
0.000737811
0.000376756
0.000215475
0.000397326
0.00123271
0.000871834
0.000857052
0.00128888
0.000691085
0.00131262
0.000917151
0.000436472
0.000480149
0.00478073
0.00149778
0.00302738
0.00147696
0.000583948
0.00036611
0.000519275
0.000927181
0.000322631
0.000171618
0.000358612
0.000542476
0.000521305
0.000150248
4.16016e-05
0.000689757
0.000384801
0.000401388
0.00201627
0.00036382
0.0016576
0.000503821
0.000482281
0.000646535
0.000150927
0.000482931
0.000737999
0.000453265
0.000584604
0.00150044
0.0016748
0.00248636
0.00046196
0.00444617
0.00148802
0.000433419
0.000583274
0.000506709
0.000512329
0.000561125
0.00024833
0.000462343
0.00045545
0.00216454
0.000431969
0.000177237
0.000496305
0.000206805
0.000512777
0.000341733
0.00040918
0.00113894
0.00156646
0.00128131
0.000602318
0.00124684
0.000972238
0.000531328
0.000174843
0.00071333
0.000861754
0.000394246
0.000546853
0.00105206
0.000666385
0.000322133
0.000432581
0.000798443
0.000417831
0.000865346
0.000571477
0.00248356
0.000589125
0.000575645
0.00104626
0.000812429
0.000192159
0.00173579
0.000558348
0.000544121
0.000261725
0.000929318
0.000433845
0.000745672
0.000786164
0.00124567
0.00104776
0.00114972
0.000808746
0.000276997
0.000682996
0.000599673
0.00043044
0.000553407
0.000926207
0.000931941
0.000917686
0.000762182
0.000809607
0.000910382
0.000959563
0.000837465
0.000568233
0.000337932
0.000416242
0.000518055
0.000317442
0.000284204
0.000704035
0.000826943
0.000959502
0.00226408
0.00111677
0.000362659
0.000741906
0.000480733
0.000766965
0.000680668
0.000335004
0.00064756
0.000356585
0.000371107
0.000563255
0.00096991
0.000838039
0.000164572
0.000267643
0.000804007
0.0024322
0.00064285
0.000676262
0.000863216
0.00139204
0.000526646
0.000292594
0.00578072
0.00095377
0.00133186
0.000901052
0.000769858
0.000728222
0.000479948
0.000456938
0.000661612
0.000350931
0.000449056
0.000901273
0.000864128
0.00054362
0.000529498
0.000564275
0.00103876
0.000213391
0.000557745
0.000869407
0.000766981
0.00234816
0.000755305
0.000778699
0.000475976
0.000221519
0.000564991
0.000795379
0.00115291
0.000474223
0.00141435
0.000528411
0.000951939
0.000693749
0.000397709
0.00276733
0.000489307
0.00539713
0.000476011
0.000840941
0.00688502
0.00034397
0.00110079
0.000784094
0.000522518
0.000341679
0.000980845
0.000368022
0.000654082
0.000580778
0.00216499
0.000633188
0.000279199
0.00051161
0.000587174
0.000886408
0.000445934
0.00149841
0.00450834
0.00151097
0.00031675
0.000729035
0.000776481
0.000741927
0.000535527
0.000375112
0.00024903
0.000662913
0.000527368
0.0013302
0.00112713
0.000903994
0.000467955
0.00521938
0.000572546
0.00216719
0.000659886
0.000402695
0.000533185
0.000611157
0.000662218
0.00377505
0.000373284
0.000367505
0.000352988
0.00967801
0.00222877
0.000381846
0.000346228
0.00055772
0.000586899
0.000338605
0.000945113
0.000208378
0.00509107
0.0013831
0.000421251
0.000523601
0.00182073
0.00163597
0.000772318
0.000469195
0.000987053
0.000249593
0.000627424
0.000794818
0.000533327
0.000989517
0.000605958
0.000507873
0.000813548
0.000798982
0.000470599
0.000709479
0.000477606
0.000739427
0.000731418
0.000778656
0.000770333
0.00131993
0.00118376
0.000483465
0.00165446
0.000755267
0.000860814
0.00113912
0.00112567
0.00120608
0.00060157
0.000662166
0.00112762
0.00528066
0.000221027
0.00319857
0.00161754
0.000673512
0.000549236
0.000569296
0.00120277
0.000682905
0.00482008
0.000353859
0.000831439
0.00213665
0.000184968
0.000982152
0.000951823
0.000411337
0.000399284
0.000581277
0.000493595
0.00050003
0.00299343
0.000704641
0.00120803
0.00152632
0.000391421
0.000660221
0.000442908
0.000880773
0.000408166
0.000276654
0.000654549
0.00803181
0.000629586
0.000737959
0.00214354
0.000862992
0.000335425
0.000619567
0.00770584
0.000483473
0.000494486
0.00105661
0.00115105
0.000336404
0.000586851
0.000453979
0.000423018
0.000400078
0.00193934
0.000611812
0.00113406
0.000476721
0.000512246
0.000386166
0.000809656
0.00114972
0.0160003
0.00067552
0.000234928
0.000409207
0.000293629
0.000322175
0.000750826
0.000763503
0.0023394
0.00039875
0.00141238
0.00045889
0.000933381
0.00121925
0.000746263
0.000922594
0.000443424
0.0015966
0.000857943
0.00051476
0.00380423
0.000588081
0.00105727
0.00248958
0.000426175
0.000901073
0.000108893
0.000715098
0.00178701
0.0026974
0.000615008
0.000570491
0.00038355
0.000521835
0.00131536
0.000536204
0.00214659
0.00469043
0.00099034
0.0175581
0.000549821
0.000304175
0.000267128
0.000788661
0.00125571
0.000379181
0.000254616
0.000906224
0.000519958
0.000764458
0.000440683
0.00176888
0.00102231
0.000792376
0.000202298
0.000830166
0.000247936
0.000813752
0.000479932
0.00113649
0.000612157
0.00131635
0.000278892
0.000874657
0.00100276
0.00148629
0.000721779
0.00032309
0.000747548
0.000397421
0.000235324
0.000722665
0.000694307
0.00225556
0.000345538
0.000759864
0.000611898
0.000495365
0.000656071
0.000184202
0.00501848
0.00119764
0.00076604
0.00282397
0.00116098
0.000736132
0.000820685
0.000548018
0.000662388
0.000663846
0.00112483
0.000558062
0.000570377
0.00116289
0.000726167
0.000908089
0.000638848
0.000597077
0.000874624
0.000648928
0.000645265
0.00105088
0.00112365
0.000734551
0.000815901
0.000553841
0.000408648
0.00177734
0.00074958
0.000283519
0.000569472
0.00106598
0.000868322
0.000844001
0.000612492
0.000815909
0.000940296
0.000830435
0.000404333
0.000526429
0.000580118
0.000272629
0.000804972
0.00243623
0.000432712
0.000735084
0.000936094
0.000366194
0.000594768
0.000351448
0.000703884
0.000479832
0.000929757
0.0012393
0.000387911
0.000783669
0.000187953
0.00531797
0.000660255
0.000503014
0.00211658
0.0042705
0.000805456
0.000466463
0.000646064
0.000373871
0.00182475
0.00120342
0.000736178
0.00914378
0.000708199
0.000495875
0.000940967
0.000351098
0.00283565
0.000888876
0.00405148
0.000354779
0.00171761
0.000994468
0.000781813
0.000422166
0.00101731
0.000667648
0.000724372
0.000850694
6.01373e-05
0.000820676
0.000669785
0.00101814
0.00119464
0.000400537
0.000456523
0.000891695
0.00126341
0.000746986
0.000559457
0.00126859
0.0018754
0.000631492
0.000349932
0.00072524
0.000689529
0.000672441
0.000754958
0.000823989
0.000619513
0.000583314
0.0014349
0.000541645
0.000383879
0.000257031
0.000903368
0.000566179
0.000304914
0.00052581
0.00081451
0.000769236
0.00065848
0.000463834
0.000468495
0.000511808
0.000346729
0.000300558
0.000292682
0.000360925
0.000747939
0.000266244
0.000576542
0.000311422
0.000543584
0.00283175
0.000616272
0.000579183
0.000801901
0.000750755
0.00171662
0.000421648
0.00100657
0.000472881
0.000836639
0.00023583
0.00170424
0.000869636
0.000806746
5.06971e-05
0.000388925
0.000695199
0.000451639
0.000638736
0.00080034
0.000477166
0.00345494
0.000652358
0.00108267
0.000914164
0.000704674
0.00164086
0.00162833
0.00138487
0.000978752
0.000447645
0.00049812
0.000328086
0.000710913
0.000307304
0.00177372
0.00179363
0.000250103
0.000539433
0.00091652
0.000624176
0.000880263
0.000750279
0.000662446
0.000661616
0.00074172
0.000263216
0.000446542
0.00104467
0.000782766
0.000316115
0.000842937
0.00244072
0.000503644
0.000807082
0.000298644
0.000260251
0.00118494
0.00149162
0.000992244
0.00316013
0.000338331
0.000357264
0.00016072
0.000857875
0.000704694
0.000776758
0.000499878
0.00086201
0.000917295
0.000612653
0.000668315
0.001386
0.000880245
0.000679875
0.00118387
0.000530939
0.000350762
0.000493982
0.000522693
0.000632178
0.000388486
0.00119316
9.62126e-05
0.000386349
0.000397344
0.000731608
0.00112458
0.000549371
0.000677857
0.000531874
0.000473375
0.00115357
0.000308563
0.00071385
0.000786537
0.000300362
0.00126467
0.00286854
0.000399284
0.00411346
0.000756241
0.000655174
0.00079391
0.000540333
0.000628193
0.000937051
0.000405634
0.000770173
0.016182
0.000441251
0.000532738
0.00107963
0.000757171
0.00089459
0.000771922
0.000764068
0.000519532
0.000941413
0.000318406
0.000653657
0.00057311
0.00175219
0.00198575
0.000759194
0.000818406
0.000745659
0.000160606
0.00038162
0.00043739
0.00330403
0.00161968
0.000296492
0.000156588
0.00061206
0.000482099
0.00162336
0.000796413
0.0013452
0.000286562
0.000374422
0.000585322
0.000136732
0.000425145
0.000641663
0.00108896
0.00132323
0.000605161
0.00060968
0.000600675
0.000564926
0.000884966
0.00175113
0.000697883
0.000345732
0.000385745
0.000443104
0.000918382
0.000492062
0.000293376
0.000896903
0.00133121
0.000389324
0.00107022
0.00103704
0.0140601
0.000738317
0.000501875
0.000794375
0.00111937
0.000554006
0.000691856
0.00104581
0.0013356
0.00137085
0.000644493
0.000498762
0.000354835
0.0010621
0.000783629
0.00088984
0.000513323
0.000552066
0.000513402
0.00666233
0.000807102
0.000475653
0.000331178
0.00128105
0.000853735
0.000896157
0.000529018
0.000402796
0.00211641
0.000490034
0.000866274
0.000640229
0.0111377
0.000682992
0.000457147
0.000178969
0.000518615
0.000708425
0.000170628
0.00104309
0.00167769
0.000512588
0.000440408
0.000411595
0.00043431
0.000506425
0.00105434
0.000923906
0.000852303
0.00160609
0.000200511
0.000650621
0.000391426
0.000418355
0.000514499
0.000396873
0.00116289
0.000718768
0.000640293
0.00174894
0.000703085
0.000623388
0.000258396
0.000387246
0.000454507
0.000661407
0.000595238
0.000429103
9.40444e-05
0.000519031
0.000218482
0.000656067
0.000619396
0.00121723
0.000356366
0.000386574
0.00077305
0.000613722
0.000896843
0.000526115
0.000648322
0.000574078
0.000585938
0.00103356
0.000517042
0.0045772
0.000827312
0.000252838
0.000660577
0.000336752
0.00049403
0.000483289
0.000542577
0.000722014
0.000655504
0.000313862
0.000670436
0.00157422
0.000765989
0.000681054
0.000638339
0.00349597
0.000630124
0.000657836
0.000472969
0.000481592
0.000778604
0.00602632
0.00072233
0.000586973
0.000416632
0.000659741
0.000680958
0.000824153
0.0012155
0.00103109
0.000402442
0.000699792
0.00062355
0.00133493
0.00069303
0.000158618
0.00209789
0.000772532
0.000478225
0.0010542
0.00404859
0.000538446
0.00102238
0.000583756
0.000804611
0.000236884
0.000420395
0.00103987
0.000302558
0.0137573
0.000851056
0.0197955
0.000577691
0.00113186
0.000295353
0.000432952
0.000561187
0.00035312
0.000809394
0.00103328
0.000533318
0.00140474
0.000613589
0.000377517
0.00016597
0.00202502
0.00050873
0.000572778
0.00158856
0.000920225
0.000686147
0.000600861
0.000428459
0.000668496
0.000152477
0.000457147
0.000359147
0.000742093
0.00175261
0.000935429
0.000507992
0.00035815
0.000816851
0.000624602
0.000716291
0.00034347
0.000833486
0.000596243
0.000604707
0.00382683
0.000432358
0.000453508
0.00191508
0.00458652
0.000907058
0.000960371
0.000605572
0.000765353
0.000727474
0.000559522
0.000533126
0.000638546
0.000525633
0.000466698
0.00038623
0.00122228
0.000422218
0.000299901
0.000470176
0.000809267
0.000619431
0.00129851
0.000633334
0.000509515
0.00630437
0.000676763
0.000412806
0.000161289
0.00039822
0.000657242
0.0005734
0.00173567
0.000114868
0.000606497
0.000454481
0.00087565
0.000404529
0.000568197
0.0219786
0.00401594
0.000367189
0.00139162
0.000237428
0.000581426
0.000594394
0.000533967
0.000466972
0.00162675
0.000799945
0.000809234
0.000989817
0.000852069
0.00113645
0.000890189
0.000368079
0.00129356
0.00105777
0.00258108
0.00093029
0.00069324
0.000603819
0.0014228
0.00115796
0.000563755
0.00404084
0.000941045
0.000269671
0.000633991
0.000618381
0.000223765
0.000195549
0.000412784
0.000321351
0.000499174
0.000389513
0.000412132
0.000490387
0.000503553
0.00103233
0.000968243
0.000636418
0.00303643
0.000226085
0.000606468
0.00120478
0.000593183
0.000459583
0.000797016
0.000340821
0.000394454
0.000439576
0.000687048
0.000862865
0.000854941
0.000391697
0.000562652
0.000888103
0.000814638
0.000438178
0.000371553
0.000761281
0.000513577
0.000363555
0.000474494
0.000953214
0.00049223
0.000838347
0.00100793
0.000628877
0.000506605
0.00028708
0.000858672
0.000943349
0.000437081
0.000671112
0.000625121
0.0013897
0.000931922
0.00090438
0.000371467
0.000738795
0.000486394
0.000636089
0.000353172
0.000622766
0.000810218
0.000571147
0.000602824
0.000459175
0.000354427
0.000402679
0.000629243
0.000394291
0.000550483
0.00211344
0.000598982
0.00104458
0.000577957
0.000609326
0.00198252
0.00098077
0.000646776
0.00103648
0.000292348
0.000330675
0.000631684
0.000512894
0.00129086
0.000548942
0.000539631
0.000326748
0.000328994
0.000534695
0.000485016
0.000454634
0.000585355
0.000876122
0.000294168
0.00020357
0.00225285
0.00039389
0.000430885
0.000412199
0.000996661
0.000912696
0.000577376
0.00420723
0.000723268
0.000676256
0.000653099
0.00049967
0.00109628
0.00136477
0.000300278
0.000792928
0.00065007
0.000685012
0.000628609
0.000492748
0.000939424
0.000711775
0.000747417
0.000483229
0.000443826
0.000377811
0.00508341
0.000576661
0.000536379
0.000895274
0.000558945
0.000539875
0.000973214
0.000945684
0.00107494
0.000309297
0.000544078
0.00117167
0.000285179
0.000525111
0.00150463
0.00197048
0.00105825
0.000431574
0.000158405
0.00129113
0.00386335
0.000475981
0.00125404
0.000946041
0.000562897
0.000608677
0.000610702
0.000480335
0.00042583
0.00035722
0.000364237
0.000423606
0.000393571
0.000791324
0.000679186
0.00154777
0.00165328
0.00029779
0.00046414
0.00118522
0.000849977
0.000715533
0.000402545
0.000353866
0.00062397
0.000637914
0.000199805
0.000263427
0.000481882
0.000295469
0.00100761
0.00158574
0.000651536
0.0011715
0.000427466
0.00150316
0.000781183
0.000721601
0.000422071
0.00081302
0.000295073
0.00187914
0.000732931
0.000379159
0.00123888
0.00124772
0.000389517
0.000316643
0.000331161
0.00105197
0.000640808
0.00191962
0.000547811
0.00101069
0.000994166
0.000487978
0.000512005
0.000659919
0.000409532
0.000711533
0.000592447
0.000423911
0.000390363
0.000459992
0.00179098
0.000678926
0.00133605
0.000743181
0.000704768
0.000549112
0.000426253
0.00074024
0.000607702
0.000723502
0.000745578
0.000625642
0.000355561
0.00063458
0.000787467
0.000700118
0.000853747
0.000709452
0.000547342
0.000620743
0.00865416
0.000702762
0.00229913
0.000700713
0.000607244
0.00130435
0.000956729
0.000615729
0.00126154
0.0056687
0.00068682
0.000833457
0.000365614
0.00240445
0.000725871
0.000600427
0.000961893
0.000641226
0.00100848
0.000434999
0.000721991
0.000776151
0.000775128
0.000255864
0.000532605
0.00105768
0.000824643
0.000594594
0.00100048
0.000710123
0.000536437
0.00053046
0.000682864
0.000994256
0.000921201
0.000653604
0.000573692
0.000417205
0.000625161
7.87577e-05
0.00198218
0.000263641
0.000362851
0.00255735
0.00171924
0.000765232
0.000965741
0.000519572
0.000428224
0.000667308
0.000686654
0.000674854
0.000422945
0.000775611
0.000839421
0.000397326
0.000190424
0.000657297
0.00109893
0.00138317
0.00208349
0.000582068
0.00252018
0.000755489
0.000857836
0.000709972
0.00121193
0.00124298
0.000884174
0.000674134
0.00050127
0.000885518
0.000593982
0.000418691
0.000750754
0.000265867
0.00456715
0.00524639
0.00131748
0.00105272
0.000814705
0.000285956
0.000512703
0.000160018
0.00049396
0.000320124
0.000787443
0.000590997
0.000320216
0.000546401
0.00160652
0.000399771
0.00042687
0.000469195
0.00100333
0.00108618
0.000134198
0.000391527
0.00122713
0.000538014
0.000652182
0.000642263
0.000178528
0.000526736
0.000255778
0.000797698
0.000754029
0.00146566
0.00178639
0.0010306
0.000765866
0.000362036
0.000283897
0.0010843
0.00139503
0.000391303
0.000582115
0.000692537
0.000741716
0.000585971
0.00300183
0.000507882
0.00439327
0.000248844
0.000985238
0.00025405
0.000639158
0.000375009
0.00166881
0.00163639
0.000621416
0.000796482
0.000689071
0.000685624
0.018394
0.000709699
0.00101708
0.000732578
0.00250147
0.000317738
0.000293897
0.000665447
0.000451889
0.000624856
0.000350965
0.0013685
0.000921646
0.000657035
0.00174571
0.000339771
0.000501355
0.000437796
0.000417548
0.000664325
0.00185315
0.000538887
0.000351155
0.000615947
0.00251829
0.00100262
0.00207511
0.000614272
0.000777792
0.00116284
0.000416766
0.00469863
0.00122761
0.00061979
0.000639689
0.00301301
0.00124941
0.00111906
0.00102872
0.000496352
0.00083993
0.000650851
0.00106465
0.0011743
0.000363675
0.000376315
0.000617128
8.2381e-05
0.00344956
0.00119161
0.000487323
0.000513804
0.000279129
0.00138813
0.00129757
0.000755447
0.00160369
0.000561982
0.00123512
0.000508703
0.000382419
0.000786991
0.00455186
0.000451338
0.000791441
0.000639964
0.000546125
0.000840935
0.00819139
0.000533711
0.000609424
0.000376059
0.00218005
0.000619845
0.000171534
0.00295054
0.000657464
0.000599907
0.000529511
0.000440147
0.00134902
0.000846324
0.000713908
0.000551784
0.00030484
0.000568653
0.000709651
0.00105725
0.00129107
0.000602314
0.00202093
0.000482496
0.000279338
0.00158133
0.000425891
0.000801789
0.00197489
0.000396653
0.000547947
0.000260941
0.000865397
0.000553185
0.000931085
0.00102181
0.000500448
0.00108986
0.000419793
0.000378599
0.000615382
0.000554587
0.000982825
0.000954839
0.000793946
0.000619582
0.000375524
0.000508594
0.000468241
0.000701068
0.00859287
0.000985517
0.000443924
0.000153899
0.000549877
0.000659
0.00130438
0.000720604
0.000946793
0.00086661
0.000582698
0.000456336
0.000492833
0.000496509
0.000927757
0.000231372
0.000498143
0.000679058
0.000559077
0.000109618
0.000222628
0.000613315
0.000501999
0.00219601
0.0117317
0.000662294
0.000145386
0.00117098
0.0014711
0.000261551
0.000581705
0.000582734
0.000295339
0.00356749
0.000834684
0.000312719
0.000508727
0.00397468
0.000429014
0.000476116
0.000505033
0.00257996
0.00139725
0.000265885
0.00148497
0.00225912
0.000740139
0.000912791
0.00087903
0.000974479
0.00161937
0.000868164
0.000199899
0.000393399
0.000382842
0.00266894
0.000228496
0.000884513
0.000530286
0.000340925
0.000272801
0.000563016
0.000325385
0.000409731
0.000428961
0.000303389
0.000329455
0.000341708
0.001238
0.00597902
0.000253636
0.000582165
0.00125634
0.000509982
0.000302083
0.0017181
0.000313011
0.0328894
0.000911084
0.000726107
0.0010093
0.000642711
0.000456244
0.000795979
0.00160507
0.000415179
0.000379731
0.00065775
0.00109475
0.000318028
0.000694721
0.000420618
0.000433207
0.000593673
0.000553452
0.000981334
0.00069661
0.000131555
0.00112031
0.000465894
0.000517351
0.00446318
0.000559108
0.000475581
0.000328801
0.000538128
0.0216479
0.000599446
0.00080824
0.000482336
0.000529099
0.00050399
0.00089322
0.00166484
0.00117312
0.0026005
0.00156641
0.00103829
0.00254671
0.000620416
0.000847501
0.000484899
0.000762568
0.000721418
0.000602678
0.000641921
0.000614247
0.00095497
0.000458528
0.000425776
0.000676538
0.00056643
0.000473185
0.000756328
0.000900519
0.000365407
0.000523336
0.00103103
0.000391801
0.000267912
0.000510258
0.000562842
0.00299489
0.000417268
0.000391545
0.000617293
0.000717939
0.000737412
0.00138445
0.000515055
0.00106398
0.000696128
0.00033667
0.000587798
0.000446833
0.000174608
0.000392981
0.000441428
0.000474639
0.000288973
0.00072605
0.00139262
0.00087258
0.00083574
0.000502624
0.000423101
0.000747073
0.000347772
0.00147342
0.000660223
0.000741754
0.00081783
0.00371069
0.00122331
0.00125778
0.000518075
0.00111321
0.000844212
0.000432556
0.000457056
0.000448095
0.000336143
0.000416403
0.000262405
0.000614203
0.00656631
0.000591036
0.000121436
0.00103755
0.000496719
0.000861956
0.000895507
0.000571288
0.000628284
0.00145656
0.000531949
0.00042567
0.000562599
0.00130048
0.000646863
0.000683249
0.000489953
0.000737071
0.000567772
0.00094367
0.00142339
0.000832367
0.000252137
0.000539082
0.00237541
0.00100231
0.000561632
0.000940064
0.000610469
0.00109297
0.000269418
0.00031885
0.00065106
0.00119184
0.000496634
0.000524406
0.000618128
0.000357941
0.000102278
0.000625396
0.000616272
0.000419551
0.0010019
0.000496871
0.000383998
0.000404168
0.000352587
0.000959642
0.000837881
0.000466539
0.00071029
0.00119365
0.000416435
0.000963885
0.000512668
0.000718268
0.000280323
0.000546944
0.000238295
0.000163489
0.000242629
0.000636649
0.000403939
0.00375181
0.00150764
0.000568825
0.000735779
0.00113478
0.000461257
0.00155299
0.000614518
0.000659286
0.000353572
0.000626114
0.000538487
0.000353478
0.000552751
0.000595724
0.000415455
0.00120742
0.00148288
0.000618883
0.000794832
0.000900767
0.000374892
0.000409584
0.000666635
0.000303449
0.00310304
0.000910423
0.00045133
0.00153927
0.00122702
0.00112436
0.000767158
0.000508001
0.000976344
0.000822881
0.00199091
0.000561777
0.000416296
0.00130951
0.000883717
0.000585463
0.000515549
0.00114242
0.000859465
0.000268359
0.00291523
0.00144689
0.000377573
0.000383449
0.00060299
0.000765079
0.00300003
0.000275768
0.000400608
0.000688092
5.1582e-05
0.000301867
0.00104347
0.000309607
0.000666565
0.000307773
0.000444858
0.00280206
0.000801176
0.00767691
0.000855215
0.000469636
0.000716076
0.000427313
0.000864224
0.00016023
0.000876933
0.00111481
0.000655484
0.000794992
0.000814368
0.00426076
0.00127511
0.00171
0.000221097
0.00116234
0.00229807
0.000495928
0.000599417
0.000292351
0.000167883
0.000606862
0.000481786
0.000481761
0.00120743
0.000351357
0.000628013
0.00078286
0.00124635
0.000663223
0.00484122
0.000673351
0.000330964
0.000994581
0.000801582
0.000377479
0.000960501
0.00104585
0.000667303
0.000283611
0.000451575
0.00101952
0.00061397
0.000505672
0.000955001
0.000581961
0.00038939
0.000709067
0.000452239
0.000385663
0.000380221
0.000495731
0.000978325
0.000466083
0.000831309
0.000137947
0.00283808
0.00284802
0.000432562
0.000483382
0.000470184
0.000547181
0.00053363
0.000967406
0.000583094
0.00122882
0.00051176
0.00065577
0.00126176
0.00071788
0.00095091
0.000367717
0.000507184
0.000123194
0.00159618
0.000273485
0.000795285
0.00049611
0.00107101
0.00232999
0.000977235
0.00155863
0.00122007
0.000928141
0.000945055
0.00058932
0.00128061
0.000260849
0.000774709
0.000284003
0.000874943
0.000278109
0.000595386
0.000920992
0.000757069
0.000706725
0.000475764
0.000417621
0.000723214
0.0015302
0.00027106
0.00037041
0.000564942
6.50884e-05
0.00082116
0.000614132
0.00211336
0.000578905
0.000718244
0.00155266
0.000575183
0.000401633
0.000416045
0.00126419
0.000493882
0.000671762
0.000702988
0.000228219
0.00198764
0.000880125
0.000602599
0.000780399
0.00137274
0.000591817
0.00123308
0.000917413
0.000467601
0.000655184
0.000429437
0.000384576
0.000385781
0.000478211
0.000470571
0.000806674
0.000624334
0.000629674
0.000795115
0.000506764
0.00042088
0.000447885
0.000273344
0.00138131
0.000620379
0.000253944
0.000442753
0.000404567
0.000527692
0.00411402
0.000621809
0.00129748
0.000199725
0.000446806
0.000607025
0.000419208
0.000223681
0.000551912
0.00053798
0.000478501
0.00399053
0.00156413
0.000432871
0.000689539
0.00133039
0.00103414
0.000170639
0.000604061
0.000405862
0.00037873
0.000441806
0.000596574
0.000347838
0.00131633
0.000161514
0.00123558
0.00131551
0.000478757
0.000459811
0.000772477
0.000956562
0.000860949
0.000481677
0.000221501
0.000511025
0.000166627
0.00244061
0.000745389
0.000504031
0.000777684
0.00163334
0.000480612
4.57652e-05
0.00116665
0.000600678
0.000432123
0.000331631
0.000537184
0.000978237
0.000444505
0.000434432
0.00028975
0.00153639
0.000659036
0.000470218
0.000849414
0.00100919
0.000385296
0.00108793
0.000934321
0.000485396
0.00533249
0.000460622
0.000628099
0.000464354
0.000328809
0.00036827
0.000185743
0.000770056
0.00100137
0.000505647
0.00063044
0.00179097
0.00105176
0.000875687
0.000480993
0.00103135
0.00101812
0.000574022
0.000295185
0.000511788
0.00044464
0.000252734
0.00180509
0.00056119
0.000933897
0.00116042
0.000436414
0.00141079
0.00108784
0.000269057
0.00189932
0.000509827
0.000474669
0.00636975
0.000560656
0.00022307
0.000724064
0.000213841
0.000871533
0.000659298
0.000482263
0.000762345
0.00176461
0.000602483
0.0160873
0.00035665
0.00064629
0.00137039
0.000607029
0.000280728
0.00116821
0.000593231
0.000444702
0.0012898
0.000187625
0.000362414
0.00159525
0.000992252
0.000595551
0.00984925
0.000640148
0.000484528
0.000704335
0.00105564
0.0003038
0.0136519
0.000319186
0.00227651
0.000577587
0.000227863
0.000582159
0.000315408
0.000400311
0.000311
0.00305909
0.0012772
0.000504544
0.000988637
0.000488264
0.000403179
0.000708904
0.000520461
0.000530215
0.00108659
0.000740627
0.000554644
0.000311547
0.00121076
0.000753313
0.00161512
0.000509028
0.00146478
0.000349189
0.000324682
0.000848905
0.000241868
0.00543543
0.000468091
0.000764845
0.000514732
0.000548631
0.000672241
0.00113851
0.000443071
0.00172669
0.00128882
0.000485696
0.000841738
0.000362043
0.000500495
0.000527011
0.00878144
0.000140533
0.000173738
0.000452072
0.000430981
0.000867692
0.000880328
0.000440268
0.000369863
0.00137868
0.000256469
0.00119265
0.00309995
0.000608253
0.000886953
0.00070364
0.00193782
0.000874453
0.000685254
0.000623796
0.000589149
0.000602378
0.000975757
0.000530466
0.00168438
0.00067703
0.000849185
0.000985414
0.000907776
0.000807826
0.00299003
0.000824554
0.000985157
0.000819892
0.000765161
0.00156162
0.000749727
0.000365641
0.000619432
0.000576962
0.00011767
0.0014618
0.000888427
0.000441629
0.00106157
0.000414381
0.0018843
0.000313606
0.000439931
0.00117528
0.00069018
0.000541425
0.000264469
0.00141646
0.000619393
0.000739398
0.000606666
0.000895119
0.000457259
0.00052059
0.000933716
0.00407333
0.000382726
0.00141146
0.00111399
0.000749255
0.000949467
0.000519904
0.000175631
0.000803637
0.000722823
0.00143667
0.000188267
0.000772364
0.000741319
0.00104745
0.00160917
0.000682366
0.000845384
0.0013964
0.00130861
0.00027409
0.0037706
0.000448821
0.000411738
0.00365757
0.000401135
0.000539873
0.000685125
0.00183178
0.000555953
0.000536794
0.000467639
0.000803137
0.000519386
0.000384326
0.000316037
0.000286919
0.000905766
0.00031126
0.000865634
0.00136568
0.000445628
0.000485553
0.00045342
0.000515832
0.00216788
0.000766792
0.000684783
0.000882963
0.000211476
0.000727357
0.000912844
0.000352015
0.000983904
0.00056133
0.000172944
0.000881381
0.00163107
0.000462839
0.00103071
0.00175989
0.000435355
0.000740186
0.000830012
0.000510661
0.00212525
0.00188065
0.000922768
0.000202161
0.000509555
0.000118837
0.000522755
0.000409825
0.00168013
0.00074861
0.0110028
0.000508997
0.000756155
0.00070686
0.00171727
0.000634831
0.000982838
0.000480018
0.000128014
0.00106322
0.000708667
0.000385566
0.000658374
0.000513378
0.000397464
7.10976e-05
0.000604798
0.000715809
0.000783846
0.000599805
0.000209546
0.000429346
0.000325646
0.000665501
0.000255801
0.000409555
0.000589871
0.000431788
0.000302046
0.0059697
0.000696318
0.000268119
0.000670441
0.000481399
0.00110123
0.0008795
0.000528198
0.00134775
0.000546324
0.000678944
0.000577681
0.000646875
0.000782299
0.000295058
0.000658324
0.000884672
0.000808085
0.000481616
0.000927227
0.000515193
0.00047105
0.000738674
0.000715612
0.000969978
0.000455647
0.00039924
0.000620966
0.000310774
0.000751683
0.000844686
0.000829145
0.00025807
0.000302905
0.000484879
0.0010883
0.000315783
0.000234914
0.000747397
0.00222733
0.00141193
0.00416233
0.000566275
0.000427937
0.000753637
0.00151206
0.000891515
0.000713695
0.000429119
0.000840331
0.000969817
0.000795621
0.000776957
0.000878413
0.000743861
0.00037497
0.000335486
0.000456177
0.000473399
0.000403452
0.000312013
0.000895493
0.000651964
0.000703751
0.0013551
0.00432611
0.000230422
0.000745772
0.000875356
0.00125911
0.000342759
0.000583666
0.00127369
0.000540603
0.00045848
0.00142079
0.000545275
0.000563006
0.000367824
0.000622441
0.000497927
0.030915
0.00082612
0.000753286
0.00055367
0.000451747
0.00062428
0.000122378
0.000301675
0.000562982
0.00112957
0.000608009
0.000447435
0.000582087
0.000614606
0.000674046
0.000353902
0.000636784
0.000762049
0.00114194
0.000420846
0.00348048
0.000674409
0.000488198
0.000760752
0.000608121
0.00102325
0.000265724
0.000282979
0.00079033
0.000369042
0.000751626
0.000324875
0.00103162
0.00400258
0.000248935
0.000354438
0.000719186
0.000312001
0.000872854
0.00150322
0.00124695
0.00152103
0.00061957
0.000749588
0.000423314
0.000733353
0.000381726
0.000650331
0.00273328
0.00093295
0.000861782
0.00169299
0.000147238
0.000718654
0.000892961
0.000676135
0.0018529
0.00136565
0.000317708
2.91265e-05
0.000251487
0.00100873
0.000781683
0.000403154
0.000959333
0.000336273
0.000565927
0.000595485
0.000882068
0.0011183
0.000756829
0.000651442
0.000700318
0.000778905
0.000448676
0.000471147
0.00990063
0.000623015
0.000889711
0.000256342
0.000545483
0.00125409
0.00114273
0.000916308
0.00244734
0.00134969
0.000971135
0.000674588
0.000957596
0.000442459
0.000530894
0.00754892
0.000476249
0.000614281
0.00103809
0.00119235
0.000561928
0.00056765
0.000300642
0.000827805
0.000755455
0.000770283
0.000340449
0.000861105
0.000399274
0.000456465
0.000394015
0.000992229
0.000560442
0.00144783
0.00019724
0.000631299
0.000400037
0.000742053
0.000533104
0.000467504
0.000900087
0.000320611
0.000481213
0.000772626
0.000512269
0.00077675
0.00130567
0.00137623
0.00100387
0.000285097
0.000739072
0.000544925
0.000924293
0.00091388
0.00164013
0.000613101
0.000919998
0.000291818
0.00056642
0.000990818
0.000735573
0.00110115
0.000625082
0.000613524
0.000902687
0.000294332
0.00064647
0.00173092
0.00090807
0.00188166
0.000790877
0.00040748
0.000346529
0.000698144
0.00107917
0.000724182
0.000116157
0.000599432
0.00103843
0.000733155
0.000547932
0.00179426
0.000381402
0.000517512
0.00315005
0.000394209
0.000527182
0.000760961
0.000663259
0.000357061
0.000397943
0.000266367
0.000908565
0.00070413
0.00135691
0.00109263
0.00061411
0.000806548
0.00120907
0.0014684
0.000582141
0.000410126
0.000604819
0.000446544
0.000580646
0.000889372
0.00104175
0.00158845
0.0010162
0.000300087
0.00055966
0.0023258
0.000822265
0.000831514
0.000483564
0.00113184
0.00116639
0.000852423
0.000788905
0.000732006
0.000277142
0.00153741
0.00265371
0.00097771
0.00110174
0.000420495
0.00156092
0.000994471
0.00061296
0.000368
0.000829983
0.00063362
0.00109717
0.000290678
0.000518973
0.00115403
0.000365019
0.000330527
0.000653941
0.00182027
0.000870068
0.000796511
0.000953642
0.00099974
0.00415798
0.000680621
0.000650491
0.000458375
0.00141534
0.00111491
0.000975149
0.000509593
0.000209518
0.000519939
0.000839199
0.00021195
0.000371353
0.000774229
0.000424023
0.00272417
0.000425134
0.00051056
0.000675953
0.000552444
0.000228543
0.000517297
0.000722085
0.000387378
0.000509844
0.000537819
0.00052051
0.000517856
0.000894514
0.00167313
0.000664364
0.000201149
0.000983159
0.000307955
0.000674224
0.00039689
0.000451224
0.00422589
0.000416877
0.000616265
0.000598579
0.00051025
0.000352954
0.000407312
0.000911414
0.000829049
0.000574388
0.00109794
0.000435001
0.000348432
0.000374958
0.000829977
0.000547019
0.00305994
0.00247725
0.000701326
0.00247473
0.000769659
0.00147027
0.000175218
0.00101308
0.000783612
0.000631289
0.000932264
0.00135217
0.00137367
0.000937187
0.00047858
0.000600459
0.000623419
0.000467514
0.000591686
0.000374222
0.000198941
0.000947399
0.00126317
0.000490575
0.00683868
0.000196229
0.000628271
0.000478657
0.00385799
0.00104031
0.000295557
0.000711958
0.000490495
0.000807615
0.000416681
0.00035132
0.000738905
0.0004186
0.000609882
0.000335248
0.00175151
0.00110695
0.00104844
0.00056044
0.000863058
0.00831995
0.00160639
0.000554457
0.000608845
0.000624658
0.000263152
0.000437829
0.00151196
0.000527065
0.000762368
0.00272868
0.00087016
0.00170713
0.000774256
0.0027156
0.000745953
0.000291669
0.00131403
0.000434458
0.00168384
0.000281425
0.000829417
0.0011483
0.000419762
0.000949113
0.000458342
0.000346956
0.000986113
0.000729232
0.00378701
0.000408139
0.000740158
0.00127764
0.00045027
0.000128692
0.000443954
0.000831923
0.000470308
0.000610106
0.000972515
0.00141566
0.000284348
0.000774741
0.00120032
0.00120589
0.000342083
0.000608306
0.000650684
0.000908098
0.000633356
0.000563819
0.000358762
0.000653484
0.000680303
0.0266025
0.00027563
0.000539945
0.00178386
0.000924892
0.000172257
0.000675742
0.000418094
0.000973024
0.000648483
0.000915221
0.00164041
0.000812319
0.00170962
0.00044422
0.00160047
0.000542647
0.0011682
0.000150183
0.00112122
0.000583058
0.00126759
0.00011895
0.000590962
0.00122294
0.000368713
0.00247507
0.000548611
0.000932946
0.00087933
0.000788209
0.000426888
0.000521325
0.000498879
0.000552174
0.00154951
0.000500566
0.000596736
0.00098595
0.00130584
0.000512251
0.000509967
0.00040712
0.00118473
0.000897511
0.000572338
0.000852979
0.000251872
0.000765208
0.00116816
0.000396519
0.000600751
0.000196052
0.000619495
0.000584505
0.00781786
0.00039305
0.000651162
0.000528068
0.000708815
0.000441606
0.000470895
0.000634946
0.000990841
0.000879618
0.000982256
0.000587866
0.00154929
0.0013507
0.000525381
0.00061887
0.000782334
0.00145461
0.000736024
0.000438076
0.000733982
0.000632495
0.000405987
0.000194394
0.000838357
0.000546427
0.000570639
8.67836e-05
0.000301725
0.000639165
0.00047032
0.00198056
0.000471945
0.000432812
0.00227853
0.000733884
0.000843285
0.000504
0.00137227
0.000540509
0.00208175
0.00162938
0.0014715
0.00206839
0.00055953
0.000387621
0.00050535
0.000442479
0.00120077
0.00572276
0.00085141
0.000388767
0.000656571
0.000703234
0.000420075
0.000515844
0.00415734
0.000431319
0.000589122
0.000277597
0.000418746
0.000477797
0.00040384
0.00153871
7.44233e-05
0.000231517
0.000390413
0.000422347
0.000426477
0.000392828
0.0008571
0.000638488
0.000375621
0.000358596
0.000597702
0.000550016
0.000624523
0.000381431
0.000685364
0.000454792
0.000606813
0.000835172
0.00130221
0.000882421
0.000676172
0.00157576
0.000718522
0.000631128
0.00129065
0.000487715
0.000660156
0.0176613
0.000828596
0.000976729
0.00068008
0.000552951
0.0002126
0.000327499
0.000687585
0.000816559
0.000462827
0.00270646
0.0012221
0.000687427
0.000735056
0.000376924
0.00360278
0.000377313
0.000468206
0.000235775
0.00102091
0.000538427
0.000941853
0.000284888
0.000235719
0.00073465
0.000353606
0.000589491
0.000184808
0.0008603
0.00078251
0.00114493
0.000892068
0.000955732
0.000714939
0.000451073
0.000816999
0.000880986
0.000426037
0.000485342
0.00057737
0.0032992
0.000935938
0.00350589
0.000320379
0.00062601
0.000348801
0.00205019
0.000209427
0.00112723
0.000320751
0.000766909
0.000866639
0.000867251
0.00267533
0.00220139
0.000546509
0.000660024
0.000307521
0.001032
0.000443372
0.00131758
0.000587695
0.00246571
0.00169827
0.00240968
0.000388198
0.000543267
0.00065013
0.000980934
0.00100567
0.000604255
0.000546772
0.00136888
0.000343121
0.000595146
0.000247038
0.00093855
0.000711632
0.000835639
0.00131504
0.000831698
0.000621892
0.000749608
0.000529429
0.000619536
0.00100617
0.00245633
0.0034268
0.000313599
0.000946033
0.00819398
0.000324004
0.000512631
0.000328416
0.00106234
0.000881662
0.000465079
0.000330908
0.000444418
0.000340519
0.000675232
0.000858701
0.00250182
0.000994836
0.000662233
0.000307712
0.00243706
0.000825437
0.000380893
0.000574147
0.000652973
0.000970362
0.000652539
0.00114938
0.00126019
0.000875877
0.00115591
0.000382485
0.000504928
0.000619167
0.000511121
0.000566936
0.00123574
0.000711164
0.00390562
0.000866354
0.00128468
0.000764739
0.00114314
0.000384492
0.000727508
0.00092979
0.000543273
0.000584744
0.00090344
0.000991517
0.000306214
0.000616877
0.000419429
0.00054566
0.000872982
0.000592459
0.0016424
0.000657745
0.000566632
0.000898717
0.00221416
0.000748766
0.000435338
0.000618298
0.000550557
0.00074943
0.00210942
0.000856212
0.000784183
0.000899048
0.000433993
0.00083353
0.000450545
0.000226364
0.000876176
0.000542174
0.00225888
0.000562396
0.00107123
0.000825815
0.000713357
0.000364467
0.00100129
0.00048668
0.000498294
0.00115749
0.000444789
0.000764234
0.000907227
0.00212696
0.000580182
0.000153283
0.000586034
0.000831821
0.00108676
0.000404201
0.000771027
0.000800962
0.00209023
0.0009363
0.000260719
0.000664449
0.000558146
0.001015
0.000825388
0.0014336
0.0014088
0.00299783
0.000508425
0.000218501
0.00109748
0.000724741
0.00069274
0.000546428
0.000699202
0.000300291
0.00140154
0.000488104
0.000948399
0.000159126
0.0019064
0.00224148
0.00050785
0.000701307
0.000420931
0.000363445
0.000423281
0.000398583
0.00588353
0.00120531
0.000743752
0.000208933
0.00141711
0.000748976
0.000603042
8.98836e-05
0.000435853
0.000470268
0.00167082
0.000775994
0.00196383
0.00032968
0.000701065
0.000835791
0.000606861
0.000324947
0.000266536
0.000453693
0.00210874
0.000207776
0.00115257
0.00054501
0.000528484
0.000430607
0.000767255
0.00207911
0.000515637
0.000463461
0.00173483
0.000412961
0.00020119
0.000805124
0.000456709
0.000373279
0.000712882
0.000404179
0.000728187
0.000971125
0.00067808
0.000939958
0.000950898
0.0171723
0.000485967
0.000291735
0.000339455
0.000432032
0.000349558
0.00148679
0.000606289
0.000103956
0.000496968
0.00165253
0.000612725
0.000342439
0.000726808
0.000543106
0.000660729
0.00207614
0.00311561
0.000525877
0.00111118
0.00614288
0.000399771
0.000429244
0.000630834
0.000264916
0.000418858
0.000891659
0.00331543
0.000321937
0.000209697
0.000761453
0.000733281
0.00120012
0.000570422
0.000463707
0.00187513
0.000529827
0.000731142
0.000572956
0.000302309
0.00129488
0.000687784
0.000751637
0.00202578
0.00179207
0.00079724
0.000503845
0.000555595
0.000515741
0.000474773
0.000332824
0.000839355
0.000358709
0.00141131
0.000478852
0.000290473
0.00128448
0.00066771
0.000728756
0.000153758
0.0012804
0.00203128
0.000890132
0.000910332
0.00108789
0.000533047
0.0018765
0.000318466
0.000465964
0.000382466
0.000421445
0.000902072
0.00155599
0.000460339
0.00124839
9.50781e-05
0.00282048
0.0012338
0.000316442
0.00076754
0.0012919
0.000346113
0.00104166
0.00113417
0.00207553
0.000518432
0.000479442
0.000839902
0.000541966
0.000425317
0.000441205
0.000515148
0.00101163
0.000524599
0.000335479
0.000580037
0.000677642
0.000737617
0.000427923
0.000850993
0.000645845
0.00203499
0.000671288
0.00805729
0.00045262
0.000684106
0.000409516
0.000456819
0.000788844
0.00125898
0.000514818
0.0013502
0.00197224
0.000300852
0.000341537
0.00130971
0.000512853
0.00070018
0.00075198
0.000351145
0.000494294
0.000421933
0.000290084
0.000701402
0.000317202
0.000837532
0.000240284
0.000863299
0.000468361
0.00115422
0.000477504
0.000726876
0.00140184
0.000829667
0.000393014
0.000527853
0.000215394
0.00120539
0.000443409
9.23205e-05
