0.00111269
0.000379016
0.000855291
0.000946059
0.000364554
0.000361901
0.000343701
3.90111e-05
0.000224203
0.000166256
0.00142147
0.00160169
0.000385253
0.000408048
0.000978816
0.000481695
0.000428597
0.000684277
0.000411282
0.00282651
0.000883557
0.000724407
0.000230768
0.000670482
0.000161947
0.000362007
0.000319213
0.000650775
0.000756792
0.000478596
0.000648845
0.000377603
0.000486319
0.000165273
0.000195906
0.000415729
0.000339535
0.000299197
0.000670468
0.000347139
0.000131096
0.000839592
0.00049038
0.000315364
0.000396012
0.000822301
0.000310263
0.000556961
0.000219007
0.000291501
0.000470742
0.000496118
0.000657186
0.00015007
0.00022752
0.00175425
0.000278099
0.000381551
0.000554636
0.000618171
0.000516467
0.00300113
0.000391311
0.000295627
0.000307197
0.000345525
7.92182e-05
0.000392384
0.00062074
0.000253848
0.000677492
0.000356662
0.000300785
0.000419245
0.000985878
0.000473522
0.000177854
0.0011177
0.000308076
0.000359004
0.000210394
0.000323219
0.000589197
0.000834955
0.000353879
0.000480117
0.000274224
0.00208219
0.000247456
0.000343176
0.000442301
0.00135425
0.000364122
0.000701912
0.000715622
0.000558624
0.000311485
0.000265849
0.00037834
0.000163031
0.00054422
0.000291057
0.000426177
0.000543217
0.0004626
0.000231937
0.000532266
0.000559662
0.000170428
0.000474678
0.000883578
8.84736e-05
0.000849762
0.00100087
0.000686389
0.000368292
0.000319301
0.000848107
0.000261672
0.000468355
0.000415866
0.000263264
0.000528497
0.000156264
0.000521056
0.00038855
0.000217057
0.00109342
0.00119869
0.00523279
0.000118118
0.000186283
0.00144062
0.00119196
0.000478369
0.000949998
0.000707801
0.000224369
0.00023033
0.000762052
0.000683164
0.000593127
0.000296318
0.000653891
0.000190973
0.000229844
0.000265882
0.000139485
0.000657372
0.000957528
0.000289597
0.000354746
0.000183021
0.000821058
0.000446217
0.00039004
0.000273894
0.000508374
0.000922483
0.00019379
0.00103032
0.000193027
0.000325989
0.000567399
0.000400482
0.000297471
7.34639e-05
0.000517448
0.000520626
0.000571045
0.000369016
0.000237113
0.000508192
0.000331703
0.000712345
0.000314063
0.000830748
0.000505492
0.00101026
0.000422605
0.000844199
0.000880651
0.000307983
0.00374042
0.000753447
0.0017564
0.000401402
0.000429773
0.000291785
0.000863438
0.000453666
0.00409948
0.00220255
0.000496287
0.00283485
0.000185606
0.000327896
0.00017898
0.000330684
0.000696748
0.00010995
0.000648437
0.00041338
0.00222311
0.000207585
0.000367538
0.000246424
0.000424287
0.000251347
0.000165055
0.00109921
0.000126987
0.000231853
4.45995e-05
0.000376315
0.00035459
0.000176937
0.000227387
0.000210051
0.000616787
0.000520749
0.000308376
0.000411662
0.000700277
0.000392521
0.000445806
0.000418377
0.000341999
0.00112695
0.000288838
0.000250294
0.000451452
0.000481653
0.000255037
0.000485571
7.28056e-05
0.000196709
0.00174888
0.000380751
0.000222015
0.000383278
0.000602895
0.000672685
0.00208522
0.00011304
0.000426982
0.000475427
0.000732005
0.000478915
0.000272053
0.00042572
0.000991658
0.000646766
0.000658443
0.000315811
0.000326196
0.000531778
0.000493612
0.000350926
0.000442813
0.000435666
0.000158299
0.000394836
0.000248609
0.00122084
0.00090067
0.00483663
0.000562512
0.00130426
0.000473522
0.0017461
0.000470888
0.000182334
0.000289893
0.00070512
0.000459753
0.000354551
0.000167493
0.000638017
0.000391343
0.000339824
0.000278266
0.000480022
0.000976853
0.000358166
0.000424999
0.000786927
0.000256729
0.000319847
0.000142616
0.000437376
0.0002803
0.000440768
0.000887375
0.000898842
0.000581355
0.000326372
0.000248364
0.000367655
0.000461987
0.000254227
0.000258203
0.000456294
0.000392318
0.000291373
0.000631069
0.000140305
0.000527872
0.00211692
0.000725167
0.000349115
0.000282521
0.000338501
0.000461827
0.00101863
0.000862084
0.000441245
0.00031847
0.000391112
0.000488141
0.000422655
0.000478319
0.00043362
0.000468387
0.000313016
0.000657094
0.000740334
0.00036926
0.000478836
0.00183307
0.000295205
6.77918e-05
0.000573002
0.000374081
0.000131889
0.000193411
0.00126364
0.000413811
0.000324673
0.000402616
0.000306257
0.000416945
0.000294694
0.000633633
0.000464355
0.000284468
0.000404506
0.0002288
0.000358049
0.000349322
0.00041302
0.000380424
0.000434376
0.000284318
0.000445025
0.000555405
0.000338201
0.000640372
0.000296262
0.000625375
0.000646244
0.00408281
0.00120023
0.000378372
0.000368335
0.000439342
0.000632954
0.000239917
0.000211146
0.000446344
0.000407856
0.00240041
0.000974361
0.000306018
0.000126806
0.000442187
0.000828146
0.000141122
0.000534538
8.81795e-05
0.0064401
0.000507321
0.000354915
0.000671402
0.000273434
0.000687856
0.000997653
0.000221897
0.000361239
0.000675016
0.00030604
0.000414689
0.000453996
0.000313527
0.000187121
0.00030458
0.000310882
0.000653061
0.000324677
0.000167246
0.000335263
0.000231118
0.000794836
0.000985801
0.00049557
0.00042771
0.000517713
0.000479258
0.000163425
0.000527287
0.000939985
0.000226141
0.000254835
0.000886942
0.000485342
0.000803907
0.000630289
0.000356472
0.000539569
0.000485472
0.000273989
0.000161937
0.000280485
0.000166779
0.000252844
0.000747882
0.000901679
0.000110463
0.00094656
0.000116305
0.00067688
0.000230973
0.00161353
0.000362254
0.000541018
0.000327405
0.000115115
0.000130189
0.00155557
0.000623723
0.000867405
0.000490419
0.000185291
0.000284106
0.000491129
0.000649784
0.000421372
0.00108805
0.000171958
0.000212355
0.000187453
0.000223649
0.00100863
0.000183021
0.000586963
0.000486516
0.000353002
0.000380137
0.000702189
0.000390545
0.000126116
0.000141486
0.000276928
0.000481449
0.000358235
0.000588247
0.000458209
0.000397556
0.000179713
0.000244445
0.00105979
0.000855617
0.000500265
0.000409881
0.000132847
0.000352364
0.000405035
0.000357368
0.000301466
0.000410438
0.000422457
0.000612482
0.000502734
0.000623976
8.25244e-05
0.000531783
0.000839925
0.000188941
0.000778587
0.000557274
0.000220708
0.000222969
0.000550077
0.000201747
0.000834522
0.000389902
0.000444074
0.000240674
0.000169137
0.000951683
0.000269744
0.000370144
0.000665454
0.000584237
0.00031312
0.000527044
0.00037566
0.00522578
0.000309157
0.000268267
0.0168278
0.000567819
0.000566237
0.000472105
0.000433622
0.00187546
0.000128898
0.000838167
0.000625671
0.000452217
0.000210643
0.000443135
0.000722729
0.00040203
0.000328545
0.000403174
0.00109494
0.000504138
0.000513821
0.000253934
0.000437626
0.00126407
0.000143844
0.000137958
0.000308518
0.000383025
0.000126387
0.000234527
0.00024197
0.000235993
0.00572336
0.000775535
0.000871902
0.000499146
0.00064503
0.000557562
0.0010743
0.000185701
0.00104047
0.000271021
0.000327833
0.0002363
0.000302007
0.000353227
0.000310778
0.000394271
0.000620225
0.000450512
0.000130492
0.000525497
0.000637444
0.000138579
0.000200282
0.000371743
0.000490511
0.000914268
0.000463434
0.000646653
0.000384596
0.000205665
0.000349504
0.000227111
0.000469144
0.000336158
0.000528329
0.000380249
0.000654287
0.000337766
0.00511879
0.000298292
0.00082218
0.000688459
0.000222376
0.000292432
0.000171698
0.000353979
0.000203318
0.000725845
0.000247666
0.000276707
0.000170891
0.000300132
0.000163053
0.00160797
0.000230743
0.000258269
0.000465679
0.000474941
0.000429346
0.00062961
0.000944873
0.000596035
0.00288267
0.000225211
0.000238987
0.000540034
7.15524e-05
0.000230457
0.000385056
0.000210693
0.000525941
0.000988347
0.000206419
0.00048252
0.000684551
0.000177368
0.000198977
0.000334975
0.000444987
0.00138348
0.0010668
0.000302673
0.000205708
0.000476368
0.00047276
0.000381434
0.000176208
0.00131304
0.000666103
0.000113268
0.000362207
0.000105008
0.000410045
0.000705127
0.000401526
0.00147139
0.000347062
0.00023674
0.00180855
0.000538712
0.000290247
0.00144692
0.000266669
0.00184086
0.00141962
0.000261195
0.000224642
8.80483e-05
0.000297422
0.000499195
0.00100616
0.000759446
0.000164322
0.000358366
0.000333331
0.00069707
0.000700136
0.000460525
0.000427115
0.00100826
0.000771269
0.0010764
0.000275878
0.000390752
0.000509031
0.000292808
0.000457039
0.000630419
0.00023725
0.000575513
0.000478081
0.000385209
0.000391923
0.000462835
0.000492136
0.000211075
0.000344827
0.000624761
0.000460874
0.00101973
0.000343772
0.000219836
0.000190591
0.00115703
0.000267681
0.000734576
5.16512e-05
0.000362478
0.000316986
0.000138123
0.000344331
0.000537561
0.000414634
0.000247623
0.000428648
0.000313878
0.000369613
0.000307306
0.000190769
8.05546e-05
0.000448279
0.000969871
0.000412469
0.000694035
0.000306101
0.000293974
0.000473453
0.0014765
0.000326818
0.000248707
8.03857e-05
0.000234
0.000239436
0.000303577
0.000204782
0.00144632
0.000538222
0.000160683
0.0119012
0.000308686
0.000915743
0.000380005
0.000792946
7.04816e-05
0.000638749
0.000131318
0.000385374
0.000302605
0.000537904
0.000270278
0.000210707
0.00044414
0.000380847
0.00170694
0.000284618
0.000141477
0.00544389
0.000478864
0.000501402
0.00165453
0.000630623
0.000456304
0.000404927
0.000479567
0.000777613
0.000418414
0.000575413
0.00066605
0.000294843
0.000400889
0.000429482
0.000262735
0.000310022
0.00032817
0.000157665
0.000250282
0.000869893
0.000812975
0.000981515
0.000542578
0.000769047
0.00155712
0.000161014
0.000151987
0.000191156
0.000229875
0.00282313
0.000373036
0.000149935
0.00114429
0.000342257
0.000481448
0.000165528
0.000192249
0.00131969
0.000625628
0.00110696
0.0003432
0.00015991
0.000398049
0.000539424
0.00035204
0.000131222
0.000500521
0.000508586
0.000645172
7.65415e-05
0.000263422
0.00265761
0.00050221
0.000515985
0.000488756
0.00047305
0.000229841
0.000230348
0.000970478
6.51739e-05
0.000487608
0.000421591
0.000285562
0.000237583
0.00157723
0.000323493
7.53679e-05
0.00043785
0.000359893
0.00019493
0.000372186
0.00100328
0.000479111
0.000640575
0.0031191
0.000674329
0.000375358
0.000494097
0.000460718
0.000161909
0.000188077
0.000210531
0.00179064
0.000249242
0.00059304
0.000968009
0.00074147
0.000491975
0.000347475
0.000492881
0.000353877
0.000456677
0.000786882
0.000252445
0.000465683
0.00032527
4.45748e-05
0.000423471
0.000443395
0.000413146
0.000785702
0.000672582
0.000359139
0.000417057
0.000174495
0.000544666
0.00011789
0.000226365
0.000366531
0.000238175
0.00055796
0.000582756
0.000283413
0.00024709
0.000306549
0.000431346
0.000457317
0.000303809
0.000345373
0.000251304
0.000446017
8.4008e-05
0.000179645
0.000259591
0.000329389
0.000461913
0.000403633
0.000176437
0.000499355
0.00063306
0.000464418
0.000234264
0.000558671
0.000334492
0.000235889
0.000606497
0.000565262
0.000248856
0.000427369
0.000378214
0.00036562
0.00241174
0.00117412
0.000298791
0.00059177
0.000531864
0.000261524
0.000263618
0.000391547
0.000269236
0.00047648
0.000543978
0.000219087
0.000880242
0.000464962
0.000390229
0.000384805
0.000685449
0.000110698
0.00127356
0.000616667
6.77722e-05
0.000805391
0.000669749
0.000194387
0.000931729
0.000457205
0.000380644
0.000368268
0.000566541
0.000509323
0.000425063
0.000166341
0.000695245
0.000209786
0.00109022
0.000312608
0.000243396
0.000364492
0.000310578
0.000245632
0.000448616
0.00171517
0.000321957
0.00027616
0.00861453
7.2869e-05
0.000238006
0.000430212
0.000224863
0.000116313
8.55215e-05
0.000438744
0.000627617
0.000248788
0.000193641
0.000628799
0.000560357
0.000637795
0.000363605
0.000373275
0.00249315
0.00111652
0.000644456
0.00126838
0.00060609
0.000415773
0.000408016
0.000206433
0.000237343
0.000318664
0.000689152
0.000659384
0.000290236
0.000306463
0.000985682
0.000387771
0.000282472
0.000437213
0.000476004
0.000549795
0.00025828
0.00114566
0.000615311
0.000385631
0.000169123
0.000262459
0.000963921
3.96983e-05
0.000276447
0.000190707
0.000610454
0.000215785
0.000383811
0.000360786
0.000448514
0.000406802
0.000109934
0.000319504
0.000381586
0.000343039
0.000573203
0.000148021
0.000219718
0.000939361
0.000653466
0.000471972
0.000348054
0.000272198
0.000308797
0.000459214
0.000259277
0.000662704
0.000260683
0.000219119
0.000343474
0.00020306
0.000477771
0.000467558
0.000530871
5.95338e-05
0.000385336
0.000323285
0.00143426
0.000882151
0.000599533
0.000284014
0.000455953
0.000440529
0.000290049
0.0009265
0.000615957
0.000510904
0.000451159
0.000787837
0.000614144
0.00041556
0.00130652
0.000254604
0.000341423
0.000311343
0.000396334
0.00163905
0.000362771
0.00105188
0.00203842
0.000291669
0.000296507
0.000136035
0.000641736
0.000559985
0.000660242
0.000284492
0.000187976
0.000279725
0.000603304
0.00015632
0.000796698
0.00476127
0.000665205
0.00037613
0.000956372
0.000365915
0.000218571
0.000458041
0.000544172
0.00109801
0.000153965
0.000141759
0.000287388
0.00121915
0.000457429
0.000198123
0.000816019
0.000323782
0.0026079
0.000462426
0.000631788
0.00120273
0.000754595
0.000112893
0.000654879
0.000570561
0.000306166
0.000339114
0.000461682
0.0004049
0.000477712
0.000266163
0.000969294
0.00107576
0.000149484
0.000365992
0.000217585
0.000106179
0.000263136
0.000504514
0.000481451
0.000741156
0.000482547
0.000421274
0.000411121
0.000613941
0.000413643
0.000481268
0.000181122
0.00120103
0.000400241
0.000302676
0.000335877
0.00162695
0.00613651
0.00159443
0.000609932
0.0005421
0.000450552
0.000202261
0.00354859
0.00122654
0.000780709
0.000745132
0.000392672
0.000699837
0.000497917
0.000632528
0.000272726
0.000414729
0.000315244
0.000321134
0.000320677
9.73542e-05
0.000591704
0.000348602
0.000167146
0.00233499
0.000617188
0.000186405
0.000424038
8.48405e-05
0.000470458
0.00021596
0.000259975
0.00052595
0.000589983
0.000479552
0.000426058
0.000655284
0.00114509
0.000335655
0.00163654
0.00040472
0.00101392
9.48745e-05
0.000407764
0.000229108
0.000835973
0.000789785
0.000582029
0.000237451
0.000353286
0.000454682
0.000353523
0.000279654
0.000366962
0.000210299
0.00022892
0.00023739
0.000301946
0.000599651
0.000917128
0.000389986
0.00103431
0.000337365
0.000155626
0.000247885
0.000257269
0.000472383
0.000537878
0.000179708
0.00609867
0.000135904
0.00025016
0.000102966
0.000376947
0.000452833
0.000803196
0.000622937
0.0014219
0.00203095
0.000306418
0.000334874
0.000642578
0.000438478
0.000455824
0.000507875
0.000404345
0.000561362
0.000131859
0.000174288
0.000469606
0.000372807
0.000800152
0.000434617
0.000146838
0.00067358
0.00107304
3.79925e-05
0.00108997
0.000464208
0.000326144
0.000442418
0.000253043
0.000278122
0.00127473
0.000388416
0.000399774
0.000467491
0.000951511
8.43619e-05
0.000603955
0.000280808
0.00104959
0.000290703
0.000475833
0.000229706
0.000394844
0.000443041
0.000350495
0.000289515
0.000727172
0.000844613
0.000158401
0.000408782
0.000242649
0.000630885
0.000478716
0.000345014
0.000226191
0.000564253
0.000297267
0.00100825
0.000379719
0.000291571
0.000154077
0.00512328
0.000407488
0.000499882
0.000531879
0.000340435
0.00119785
0.000180315
0.000327951
0.000382524
0.000841419
0.000294233
0.0018065
0.000391584
0.000466486
0.00736261
0.000419196
0.000433674
0.000401309
0.000519655
0.000207056
0.000481675
0.000478864
0.000645876
0.000276683
0.000514295
0.000567184
0.000354194
0.000451524
0.000405023
0.000545374
0.000632588
0.000395994
0.000387164
0.000282785
0.000474988
0.000715306
0.00322896
0.000290918
0.000127248
0.0015702
0.000485776
0.000775376
0.000228492
0.000565086
0.00019954
0.00114314
0.000863936
0.000777141
0.000687214
0.000489452
0.0007395
0.000679458
0.000175558
0.00107815
0.000919924
0.000274682
0.000280478
8.49001e-05
0.000116674
0.000378453
0.00035862
0.00014528
0.000405266
0.000124034
0.000427042
0.00013338
0.000133907
0.000456218
0.00187357
0.000252195
0.00484838
0.000588
0.00141021
0.000367314
0.00351154
0.000166263
0.00230587
0.000333168
0.000408582
0.000851941
0.000201539
0.000169256
0.0004788
0.00143254
0.000362475
0.00033823
0.000136688
0.000594334
0.00214099
0.000449536
0.000245662
0.000469426
0.000157677
0.000461601
0.000252333
0.000381514
0.000543671
0.000447504
0.000409482
0.000834619
0.000542648
0.000403776
0.000357769
0.000259097
0.000388981
0.000136857
0.000423916
0.000332415
0.000347628
0.000573432
0.000571005
0.000320353
0.000417664
0.00061526
0.000465278
0.000857776
0.000640043
0.000165014
0.000145712
0.000294656
0.000387374
0.000605787
0.000142703
0.000564693
0.000222596
0.000195653
0.000286271
0.000701195
0.000633454
0.000347839
0.000318105
0.000491399
5.90085e-05
0.000573609
0.000220975
0.00031048
0.000357689
0.00103294
0.000565842
0.000303109
0.000505477
0.000167728
0.000525017
0.00122538
0.00105963
0.000503272
0.00023658
0.00131166
0.000351246
0.000337934
0.000171071
0.000440852
0.000701966
0.000363161
0.000437143
0.000441098
0.000356302
0.000221157
0.000340024
0.000355786
0.000579994
0.000451772
0.00113603
0.000952885
0.000646757
0.00078661
0.00198915
0.000390839
0.000219908
0.000696382
0.000220947
0.000438193
0.000281783
0.000450254
0.000335215
0.000270226
0.000346954
0.000357193
0.000403384
0.000383417
0.000388173
8.98072e-05
0.000208474
0.000348701
0.000512103
0.000463443
0.000377854
0.000384478
0.000590915
0.000416233
0.00112426
0.000767471
0.000349475
0.00086962
0.000117722
0.00023809
0.000160425
0.000212085
0.000283115
0.000279683
0.000609857
0.000717856
0.000608865
0.00101705
0.00269469
0.00031246
0.000153696
0.00163508
0.000259332
0.00056083
0.00075232
0.000370997
0.000235813
0.000313646
0.000159517
0.00025501
0.000252429
0.000601777
0.000589035
0.000544717
0.000481282
0.000821015
0.000495226
0.000399621
0.000993998
0.000964958
0.00101237
0.000260884
0.000520397
0.000693639
0.00028862
0.0141485
0.000333637
0.000647721
0.000898389
0.000520066
0.000601252
0.000233975
0.000331402
0.00041504
0.00139402
0.000425909
0.000332959
0.000721076
0.00135767
0.000611979
0.000177861
0.000448657
0.00035175
0.000229542
0.000697285
0.00123125
0.000470575
0.000291802
0.000386504
0.000162838
0.00030369
0.000401488
0.000259206
0.000502973
0.000275635
0.000276955
0.000698566
0.000685258
0.000908264
0.000515832
0.000511812
0.00115381
0.000271855
0.000727462
0.000678498
0.000255894
0.000365184
0.00056726
0.00019644
0.000188838
0.000378775
0.000565723
0.00024189
0.000223483
0.000776546
0.000432606
0.000356806
0.000448281
0.000162768
0.000689008
0.00027738
0.000397833
0.00016449
0.000495093
0.00123237
0.000376349
0.000483119
0.000269118
0.000396929
0.000536993
0.000441408
0.000716302
0.000283635
0.000836554
0.00354572
0.000406844
0.000158212
0.000491438
0.000134224
0.000462467
0.000295732
0.000271519
0.00035206
0.000565161
0.000733436
0.000298951
0.00062126
0.00114288
0.000427796
0.000312512
0.000300068
1.24104e-05
0.000275276
0.000317766
0.000241838
0.000492029
0.000194138
0.00113292
0.000816013
0.000614069
0.0012645
0.000386521
0.000394192
0.000384732
0.000382358
0.000159766
0.000236598
0.00105751
0.000600025
0.000326529
0.000387421
0.000500252
0.000432414
0.00114381
0.000799965
0.000759815
0.000189677
0.000263219
0.000825956
0.000272696
0.00030098
0.000321282
0.000619978
0.000251109
0.000591071
0.000344514
0.0109001
0.000268925
0.000300177
0.000172206
0.000418635
0.00719482
0.000724549
0.000209136
0.000123
0.000180474
0.000186884
5.86816e-05
0.000499976
8.74867e-05
0.000440817
9.53775e-05
0.000794623
0.000860599
0.0108883
0.000390552
0.00155225
0.000415512
0.000574431
0.000317811
0.00204754
0.000424177
0.000166361
0.000999218
0.000494841
0.000880497
0.000374215
0.000299605
0.00083426
0.000504213
0.000248053
0.000724743
0.000384519
0.00101805
0.000369998
0.000487317
0.000242358
0.000254438
0.000966036
0.000956637
0.000388306
0.000460319
0.000378771
0.000156965
0.000442181
0.000451447
0.000356333
0.000275165
0.00033977
0.000303349
0.000149799
0.000282666
0.000309853
0.000472575
0.000279998
0.00019461
5.83462e-05
0.000177065
0.000594683
9.43322e-05
0.000358216
0.000410744
0.000751763
0.000304745
0.000486548
0.00117983
0.000784843
0.000357254
0.000368065
0.000780908
0.000350853
0.000143344
0.000405709
0.000403965
0.000553126
0.000541298
0.00515453
0.000496965
0.000492599
0.000646329
0.000306134
0.00234968
0.000149352
0.000200893
0.000274225
0.00281701
0.000519988
0.000584771
0.000961897
0.000680077
0.000440818
0.000555206
0.000259143
0.000545551
0.000163881
0.000502827
0.00285406
0.000276226
0.000604498
0.000894038
0.000383378
0.000130924
0.000316275
0.000340839
0.000380436
0.000170544
0.000771063
0.000206152
0.00124899
0.000346272
0.000297267
0.000502396
0.000372769
0.000354573
0.000146487
0.000505681
0.000602561
0.00140798
0.000143101
0.000603725
0.000243743
0.000288838
0.000304118
0.000524939
0.000461393
0.000463682
8.66227e-05
0.00029272
