0.0011011
0.000417853
0.000836182
0.000113436
0.000703755
0.00892017
0.000542736
0.000336354
0.000609069
0.000401271
0.000694148
0.000201844
0.000606891
0.000974178
0.000198131
0.000459146
0.000161723
0.000893792
0.00033519
0.000166549
0.000561153
0.000337458
0.000239223
0.000407664
0.000547205
0.000388118
8.99866e-05
0.000754601
0.000157125
0.000956325
0.000586281
0.000878219
0.00169455
0.000655873
0.000136239
0.000299321
2.76065e-05
0.0088522
0.000627773
0.000216064
0.000534078
0.000220413
0.000495671
0.000328891
0.000265691
0.000495049
0.000607465
0.000346118
0.000103079
0.000740691
0.00023898
0.000318429
0.00049922
0.000421739
0.000252923
0.000456237
0.00103881
0.000580686
0.000275447
0.000788505
0.001032
0.00345568
0.000335596
0.000456136
0.000295809
0.00213046
2.77702e-05
0.000448485
0.000488387
0.000559142
0.000244813
0.000366132
5.00448e-05
0.00131113
0.000403514
0.000252906
0.000318032
0.000674428
0.000657069
0.000212954
0.000364421
0.00187481
0.00100655
0.000519622
0.000548604
0.00019212
0.000596464
0.000379637
0.000319889
0.000669143
0.00210062
0.000305419
6.86263e-05
0.000791022
0.000259462
0.000468826
0.000715831
0.000739848
0.00275749
0.000654019
0.00068644
0.000321325
0.000700755
0.000227218
0.000331672
0.000305615
0.00039233
0.000333888
0.000731738
0.00120709
0.00023908
0.000180259
0.000976582
0.000414801
0.000925577
0.000436125
0.00093846
0.000323794
0.000801503
0.000158888
0.00041993
0.000535216
0.000455197
0.000287141
0.000548699
0.000937823
0.000243191
0.000962732
0.000274114
0.00162389
0.000438403
0.000536753
0.00154235
0.000682854
0.0016722
0.000127043
0.000429178
0.00136205
0.000361881
0.000479307
0.001367
0.000273854
0.000509075
0.00135676
0.00164481
0.000587777
0.000620978
0.00152842
0.000465071
0.000361636
0.000547508
0.00322013
0.00638876
0.000335286
0.000718009
0.000977514
0.000274771
0.00472901
0.000232179
0.000655002
0.000268007
0.000461998
0.000453046
0.00063017
0.000333368
0.0003918
0.000464677
0.00105277
0.000847982
0.00076849
0.000414338
0.000194068
0.000395805
0.000174864
0.000104637
0.000184757
0.000409218
0.000240562
0.000510272
0.000509474
0.000502804
0.000418635
0.000655393
0.000353905
0.00428648
0.000392355
0.00020431
0.000502696
0.000134712
0.000472436
0.00070143
0.000497167
0.000449968
0.000519863
0.000353692
0.000611153
0.000363064
0.00145243
0.000172905
0.000129228
0.00040131
0.000304508
0.000218521
0.000270557
0.00051489
0.000559317
0.000658228
0.000285119
0.000721539
0.000116347
0.000595944
0.000419604
0.000446759
0.000380103
0.00109159
0.000475076
0.000236299
6.5988e-05
0.000950949
0.000140015
0.000250847
0.000359173
0.000156176
0.000962428
0.00127373
0.00089792
0.00112844
0.000470332
0.000599485
0.000375782
0.000568716
0.00196796
0.000346418
0.000385544
0.00259273
0.000248142
0.000519524
0.000899542
0.000317653
0.000295398
0.00052746
0.000613962
0.000496793
0.000167759
0.000637126
0.00172441
0.000439488
0.000357733
0.00158466
0.000746275
0.00077278
0.000410843
0.00421844
0.000154428
0.000130878
0.000562466
0.000317495
0.000503953
0.000590185
0.00028376
0.00173709
0.000711967
0.000504431
0.00041573
0.000336559
0.000304872
0.0002496
0.000174532
0.000231588
0.000391924
0.000310186
0.000329535
0.000308801
0.000835541
0.00130293
0.00239386
0.0010911
0.00105291
0.000827176
0.000886827
0.000668848
0.00041691
0.000350429
0.000753241
0.00023318
0.00104579
0.000194645
0.000362946
0.000610255
0.000469487
0.000340216
0.000488418
0.00101472
0.000444938
0.000363176
0.0113744
0.00069697
0.00117307
0.000848337
0.000134509
0.000279217
3.89641e-05
0.000311721
0.000204549
0.000311284
0.000315285
0.000400517
0.000443141
0.000457788
0.000392724
0.000689227
0.000670786
0.000115345
0.000401915
0.00023916
0.000598122
0.00101553
0.000282186
0.000441978
0.00103691
0.000307475
0.000179678
0.000906283
0.000316287
0.000402776
0.000522988
0.000211177
0.0014229
0.000322906
0.000364029
0.000712032
0.000890888
0.000345923
0.000653702
0.000290701
0.00320737
0.000119619
0.000732121
0.000251044
0.00105086
0.00091282
0.000187187
0.000493847
0.000548471
0.000739041
0.000211154
0.000352727
0.000247278
0.000872658
0.00040915
0.000306876
0.000528215
0.000235463
0.000235991
0.000693591
0.00027549
0.000378679
0.000346233
0.000988231
0.000302617
0.000897723
0.000230101
0.000929064
0.000241009
0.000415404
0.000460265
0.000311499
0.00393904
0.000441114
0.000344019
0.000158721
0.000540338
0.000764353
0.000398776
0.000366385
0.000265373
0.000873717
0.00215833
0.000457841
0.00032256
0.000317532
0.000478218
0.000398532
0.000908067
0.000210906
0.000448229
0.000235174
0.00083406
0.000289933
0.000406693
0.00037057
0.000620958
0.000499421
0.000903405
0.00159255
0.000200964
0.000352446
7.02641e-05
0.000429281
0.00043035
0.000169917
0.000399224
0.00380614
0.00046727
0.00109331
0.00054726
0.000757673
0.000538986
0.00031033
0.000926428
0.000389295
0.000338213
0.000447723
0.000339889
0.000107984
0.000362393
0.000928698
0.000336124
0.000574188
0.000767304
0.00124747
0.00264213
0.000392971
0.000488467
0.000313179
0.000335576
0.0011374
0.00114677
0.000336047
0.000744888
0.00020435
0.000513889
0.00242512
0.00029618
0.000225281
0.00123201
0.00025971
0.00030254
0.000546389
0.000548515
0.00407359
0.00172294
0.000746641
0.000432798
0.000262303
0.000532537
0.0005516
0.00042315
0.00121278
0.000376503
0.000200324
0.00047871
0.00056928
0.000182573
0.000829573
0.000410258
0.000393261
0.000215122
0.000281688
0.000332335
0.000488704
0.000211306
0.00177443
0.000786591
0.000598026
0.000522258
0.0173399
0.000284327
0.000138602
0.000437789
0.000461814
0.000526971
0.00044716
0.000516561
0.000486598
0.000198402
0.000565767
0.00026653
9.75178e-05
0.000395058
0.000520024
6.73387e-05
0.00163265
0.00078439
0.000462417
0.000816367
0.000421221
0.00149193
0.000219201
0.000353391
0.000320194
0.000862283
0.000476789
0.00051536
0.000658053
0.000834054
0.000897445
0.000494671
0.000466234
0.000359702
0.000366847
0.000602321
0.000249716
0.000402161
0.00033132
0.000539618
0.000517498
0.000561692
0.000770199
0.000407937
0.000809715
0.00849284
0.000559789
0.0012459
0.000459909
0.00068315
0.000141609
0.000358296
0.00024982
0.000816282
0.00538686
0.00100268
0.000298571
0.00119258
0.000255439
0.00145817
0.000413469
0.000357145
0.000200665
0.000576242
0.000344751
0.000263069
0.000267363
0.000412198
0.000319474
0.000240941
0.000237354
0.0050182
0.000391453
0.000784622
0.000326502
0.00270672
0.000322061
0.000266685
0.000358081
0.00035241
0.000196665
0.000397858
4.58549e-05
0.00087284
0.000674643
0.000226468
0.000238151
0.000246021
0.000837822
0.000192178
0.000288452
0.000583589
0.00147561
0.000560368
0.000684647
0.000376621
0.00281771
0.000527712
0.000249052
8.41024e-05
0.000569561
0.000561186
0.000167045
0.000193686
0.000458514
0.000766356
0.00065477
0.000518668
0.0009737
0.00074182
0.000358832
0.00109838
0.00014477
0.000691742
0.00195265
0.000808144
0.000382318
0.000255775
0.0021232
0.000598867
0.000586055
0.000636051
0.000542866
0.000470185
0.000492126
0.000487349
0.000419954
0.000897418
0.00407951
0.000134604
0.000661448
0.000324566
0.00047099
0.000971817
0.000644672
0.000316335
0.000189897
0.000120404
0.000814859
0.000183901
0.000196799
0.000547398
0.000464354
0.000458505
0.00112246
0.000317744
0.000425478
0.00049797
0.000315127
0.000265339
0.000361168
0.000289829
0.000390223
0.000352275
0.000851327
0.0016256
0.000400608
0.00104374
0.0012863
0.000381818
0.000330739
0.00016418
0.000620372
0.000425837
0.0130803
0.00047675
0.000196906
0.000575154
0.000843559
0.000262184
0.000510438
0.00026282
0.000383127
0.00912519
0.00060409
0.00113931
0.000611841
0.000430439
0.000380112
0.000465525
0.000226122
0.000178277
0.00019389
0.000718694
0.00192258
0.000358074
0.000755203
0.00042217
0.000355993
0.000690297
0.000770749
0.000367602
0.000617312
0.000169601
0.00121519
0.00155048
0.000849303
0.000333127
0.00420621
0.000522138
0.000308432
0.000365312
0.000231178
0.000291482
0.000299142
0.00100847
0.00215016
0.000766321
0.00469551
0.000243934
0.000210964
0.000405029
0.00162116
0.000232921
0.000805088
0.000770311
0.000915692
0.000424732
0.00056732
0.000304839
0.00405032
0.00089371
0.000464553
5.69395e-05
0.000294345
0.000651379
0.000753598
0.000514322
0.000320037
0.000220793
0.00082488
0.000246749
0.000438007
0.00019369
0.000264462
0.000136909
0.000866208
0.0020774
0.000330082
0.000577663
0.000422641
0.000755805
0.000615174
9.71143e-05
0.000568928
0.00133534
0.000504215
0.00025244
0.000686056
0.000256283
0.000323876
0.000641094
0.000286707
0.000208943
0.000479627
0.00064755
0.000662799
0.000277068
0.000455579
0.00109716
0.000312754
0.000344078
0.000377182
0.00197691
0.000655405
0.000365824
0.0139875
0.00058155
0.000482828
0.00177517
0.00086418
0.00119825
0.000371641
0.00116093
4.62696e-05
0.000560923
0.000186282
0.000168837
0.000244226
0.00202444
0.000218755
0.000333075
0.00678557
0.000417805
0.000289601
0.00042272
0.000265937
0.000355074
0.000633302
0.000662294
0.000877954
7.68883e-05
0.000379127
0.000745336
0.000800834
0.000447068
0.000575129
0.000386335
0.000465392
0.00044856
0.000103722
0.000268929
0.000628922
0.00266445
0.00017177
0.000323482
0.000313197
0.000544195
0.00067714
0.00088674
0.000595701
0.000242895
0.000452581
0.000517383
0.000563565
5.74435e-05
0.000179814
0.000513289
0.00165206
0.000153908
0.00116133
0.00327719
0.000307475
0.000654576
0.000834482
0.000394885
0.000261962
0.00028982
0.000283169
0.011334
0.0017389
0.00030198
0.00014878
0.000458033
0.000426953
0.00021757
0.000895538
0.000484414
0.000704507
0.00062253
0.000366341
0.000714692
0.000926222
0.000263133
0.000181948
0.000456861
0.000542628
0.000431494
0.000623282
0.000272416
0.000282783
0.000315978
0.000494773
0.000458879
0.000328535
0.000609198
0.000988572
0.000625073
0.00070555
0.000216053
0.000112215
0.000697376
0.000180487
0.000426278
0.000241713
0.000345703
0.000228321
0.000573214
2.07645e-05
0.00028295
0.000543923
0.000534903
0.000711167
0.00065084
0.000488117
0.000839215
0.000517627
0.000588364
0.000798932
0.000500687
0.000358117
0.000395701
0.000485848
0.000221902
0.000277235
0.000161796
8.16709e-05
0.00220531
0.000271479
0.000542002
0.000710175
0.000405122
0.000716056
0.000739235
0.000408846
0.000707009
0.000789575
0.00131958
0.0138238
0.000823839
0.000272003
0.000284851
0.000443649
0.000405398
0.000286275
0.0015957
0.000769767
0.000219981
0.000252317
0.000475698
0.000654891
0.000300776
0.000184947
0.000619697
0.00185129
0.000138021
0.00115859
0.000513005
0.000677992
0.000565114
0.000660633
0.0003086
0.000184281
0.000472222
0.00049481
0.00707293
0.000528883
0.000419746
0.000364272
0.000542617
0.000347106
6.81941e-05
0.000499927
0.00118978
0.000581716
0.000468242
0.000250544
0.000136855
0.00086372
0.000136775
0.000161831
0.000673886
0.000498097
0.000314652
0.000921461
0.000394228
0.000951706
0.00102549
0.000548848
0.000668519
0.000395965
0.00067829
0.00351546
0.00399681
0.000385199
0.00478888
0.000664012
0.000643489
0.00061319
0.000357147
0.000292349
0.0005322
0.000401391
0.000529864
0.000105254
0.000107902
0.000103793
0.000304253
0.000435483
0.00030436
0.00015305
0.000624364
0.000643972
3.15309e-05
0.000349416
0.000244187
0.000387558
0.000267965
0.000736027
0.001845
0.000389104
0.000359751
0.00061249
0.000382221
0.000351788
0.000501769
0.000284501
0.000452497
0.000198189
0.00161531
0.00039055
0.000421966
0.000188716
0.000508804
0.00106951
0.00199225
0.000428626
0.000793848
0.00122713
0.000629418
0.00120889
0.000503641
0.0002872
0.000548611
0.000356687
0.000523403
0.000385482
0.00033455
0.000470224
0.000121073
0.000290525
0.000536651
0.000141469
0.000106581
0.000291468
0.00176067
0.000341218
0.0005317
0.00130107
0.000577334
0.000735261
0.000699852
0.000185469
0.000804629
0.00173209
0.000450179
0.00140504
0.000135064
0.000620043
0.000465722
0.000498656
0.00048356
0.000252164
0.00055941
0.000598679
0.000547587
0.000495274
0.000264785
0.000202689
0.000494228
0.000562037
0.00113766
0.0025646
0.000900882
0.000771403
0.000483896
0.000299842
0.000844477
0.000579092
0.000293886
0.000379471
0.000331672
0.000700696
0.000654044
0.00134907
0.000519188
0.000317476
0.000560164
0.000610877
0.000452202
0.000873873
0.000466039
0.000469816
0.000691022
0.00154323
3.5253e-05
0.0002981
0.000910821
0.000598085
0.000229438
0.000342835
0.00041513
0.00034686
0.000142794
0.000500293
0.000135978
0.000448605
0.000549412
0.000331308
0.000342832
0.000548411
0.000709726
0.000242704
0.000889619
0.000969323
0.00105627
0.00686611
0.000629454
0.00124056
0.00024561
0.00040071
0.00122272
0.0107902
0.000387523
0.00109402
0.000259726
0.000409041
0.00220569
0.000157387
0.00079786
0.000361227
0.00149348
0.000569538
0.000504225
0.000575692
0.000529228
0.00016954
0.000287747
0.000128218
0.000350562
0.00119556
0.000528451
0.000469593
0.000274752
0.000568641
0.00126129
0.00116885
0.000455577
0.00180759
0.000980938
0.000692183
0.000798528
0.000183385
0.000452487
0.000566708
0.000322107
0.000368733
0.00125126
0.000399632
0.000389635
0.000294236
0.000102449
0.000782117
0.000388333
0.000580134
0.000482754
0.000674019
0.000552507
0.000357586
0.000523074
0.000900621
0.000599212
0.000181652
0.00425571
0.000202515
0.000603455
0.000365253
0.000301475
0.000269419
0.000186603
0.00063643
0.00100888
0.000447222
0.000932066
0.000689304
0.000720131
0.00037153
0.000675555
0.000507329
0.000551141
0.00261658
0.000367333
0.000659721
0.000917114
0.000230532
0.000162879
0.000342848
0.000460304
0.00063769
0.000540541
8.14116e-05
0.000447325
0.000393626
0.000547265
0.000978236
0.00337315
0.000288073
0.000360866
0.000646085
0.00044718
0.00117294
0.000468221
0.000462843
0.00048854
0.000968757
0.000842756
0.000193251
0.00967098
0.000473956
0.00058619
0.000307382
0.000320487
0.000481176
0.000429696
0.000560617
0.000323803
0.000436768
0.000278103
0.000330086
0.000503444
0.000560053
0.000115118
0.000543075
0.000277129
0.000525972
0.00065077
0.000142403
0.000134327
0.000414654
0.00182956
0.0001906
0.000402587
0.000289863
0.00167765
0.00034226
0.000368785
0.000278552
0.00033928
0.000550347
0.000755024
0.000891007
0.000322391
0.000989065
0.000242129
0.000422726
0.000571404
0.000253758
0.000343444
0.00420197
0.000198045
0.000678388
0.00041549
0.000543802
0.000394241
0.000803465
0.000389617
0.000688766
0.000587426
0.000334816
0.000291468
0.000486226
0.000798638
0.000250645
0.000335322
0.000132849
0.000705119
0.00014215
0.000615637
0.000831312
0.000293895
0.000835243
0.000303555
0.00018323
0.000546282
0.00034384
0.000153861
0.000570654
0.000608981
0.000625061
0.00126425
0.000332019
0.000543981
0.00082809
0.000954192
0.00067253
0.000495866
0.000490315
0.000213237
0.000296687
8.25792e-05
0.000662132
0.00125621
0.000568181
0.000199775
0.00114906
0.000517405
0.000636191
0.000485901
0.000449038
0.00126391
0.00247295
0.000496656
0.00043166
0.000605711
0.00222223
0.00100349
0.000158863
0.00150971
0.000231768
0.000548056
0.000268685
0.000628206
0.000941079
0.00213351
0.000297956
0.000414882
0.00048577
0.000847537
0.0043819
0.000339528
0.000437935
0.000312549
0.000812615
0.000684424
0.0011808
0.000538346
0.000283878
0.000269505
0.000618103
0.000200607
0.000138562
0.000222405
0.000984348
0.000405317
0.000252373
0.000572329
0.000398386
0.000367083
0.000379245
0.000166309
0.00046977
0.000430368
0.000538273
0.00047006
0.000224519
0.00270821
0.000570711
0.00060778
0.00112332
0.000478228
0.000200711
0.000236963
0.00122658
0.000544916
0.000328925
0.000615392
0.00122882
0.000835036
0.000730558
0.000507684
0.000244262
9.95341e-05
0.000596548
0.000218966
0.00017323
0.00330536
0.000835695
0.000944251
0.000833391
0.00053044
0.000310083
0.000281259
0.000556898
0.00334652
0.000625088
0.000617973
0.000184195
0.000776971
8.69298e-05
0.00098476
0.000443152
0.000299713
0.000248564
0.000715506
0.000627912
0.000579856
0.000967788
0.000534822
0.000138603
0.00038589
0.000554738
0.000481981
0.000322936
0.000397362
0.000464838
0.000288409
0.000209321
0.000908457
0.000300335
0.00123323
0.000566467
0.00055536
0.000544036
0.00034337
0.000456215
0.000603406
0.00111306
0.000361324
0.000303897
0.000959965
0.00695247
0.000695437
0.00109796
0.000369665
0.000560754
0.000468085
0.000558916
0.000929835
0.00071921
0.000769981
0.000258521
0.000498156
0.000458987
0.000693072
0.000116902
0.000507448
0.000181016
0.000787661
0.000445514
0.000623466
0.000182217
0.00110482
0.00156209
0.000379575
0.000354676
0.000681462
0.000541788
0.000384606
0.00240031
0.000547172
0.000234829
0.000382487
0.000417904
0.000597966
0.000710285
0.000457758
0.000297823
0.000313453
0.000416967
0.000488829
0.000692114
0.000499318
0.000356361
0.000135188
0.000213603
0.000414168
0.00058589
0.000455311
0.000205217
0.000137143
0.000318166
0.000538177
0.000794681
0.000739038
0.000748627
0.000290834
0.000665013
0.000202191
0.000625205
0.000930127
0.000750915
0.00043159
0.000425663
0.000329409
0.000390143
0.000402327
0.000321673
0.00043897
0.000538259
0.000348709
0.000934946
0.000397517
0.000481177
0.000420422
0.000182948
0.000508148
0.000289343
0.000387669
0.000394099
0.000253591
0.000265181
0.000201816
0.000678465
0.000595827
0.000630984
0.000210867
0.000668847
0.000705818
0.000126006
0.000496051
0.000417798
0.000675518
0.000925277
0.00395909
0.00034431
0.000360951
0.000757123
0.000534551
0.000612264
0.000373831
0.000429312
0.000443694
0.00159583
0.000197347
0.000272048
0.000782395
0.000912515
0.000162519
0.000460752
0.000544887
0.00167821
0.000518596
0.000195244
0.000276648
2.12689e-05
0.00063522
0.000501738
0.000662485
0.000315191
0.000298154
0.000334573
0.000314058
0.000333786
0.000387761
0.000307932
0.000929743
0.000268176
0.00052327
0.000821172
0.000390987
0.000845673
0.000699294
0.000756746
0.000581761
0.000547564
0.000744653
0.000548492
0.00186384
0.000472591
0.000224367
0.000317228
0.000194458
0.000343122
0.000810236
0.00034471
0.000199923
9.57105e-05
0.00026121
0.000631372
0.000403461
0.000507161
0.000446961
0.00058494
0.000406184
0.00024066
0.000599163
0.00133656
0.000534736
0.000559072
0.000543532
0.000230628
0.000878698
0.000208852
0.00122071
0.000389918
0.000509387
0.00179392
0.00056102
0.00307903
0.00046467
0.000445618
0.000567746
0.000477265
8.80382e-05
0.00356432
0.00114972
0.000663648
0.0022734
0.00394413
0.000642574
0.000809139
0.000355979
0.000422765
0.00040404
0.000661019
0.000296977
0.000214531
0.00056401
0.000375162
0.00034063
0.000346506
0.000469035
0.000338357
0.0177721
0.000433351
0.000648523
0.000363702
0.000435151
0.00105034
0.000245802
0.000382424
0.000615573
0.00059574
0.00193881
0.000237793
0.000177271
0.00028852
0.000736524
0.00315328
0.000511289
0.000287803
0.000426146
0.000977325
0.000497839
0.00251903
0.000313241
0.000451529
0.000871535
0.000451194
0.00105312
0.000252567
0.000211594
0.000260332
0.000547099
0.000598907
0.000200473
0.000326466
0.00047958
0.000472885
0.000275805
0.000297774
0.000364927
0.000544381
0.000853941
0.000452211
0.00103408
0.000361301
0.000505376
0.00045517
0.000506886
0.0003809
0.000812262
0.000822692
0.000654258
0.000380495
0.000985455
0.000167562
0.000357279
0.000581813
0.000655726
0.000444794
0.000917623
0.000369002
0.000414555
0.000305051
0.000682182
0.000323434
0.000326536
0.000630919
0.000109244
0.000171389
0.00117477
0.000244119
0.000337071
0.000214587
0.000299123
0.000580497
0.0003485
0.00020626
0.000286369
0.000234992
0.000293001
0.000308198
0.000698638
0.000863113
0.00290913
0.00134215
0.000256718
0.000744813
0.000678731
0.000544202
0.000489425
0.000750515
0.000364307
0.00166335
0.000422845
0.00550181
0.00117824
0.00962137
0.000298717
0.000381057
0.000406865
0.000326571
0.000234351
0.000308243
0.000410846
0.000300067
0.000326417
0.000346497
0.00033196
0.000489432
0.00340043
0.000511023
0.00172834
0.0008983
0.000282288
0.000247429
0.000385947
0.000226906
0.000662648
0.000386046
0.000840464
0.000104706
0.000337457
0.000515099
0.000180022
0.000641174
0.00050396
0.000309817
0.0003273
0.000193303
0.00134361
0.0003732
0.000327172
0.000354279
0.000207344
0.000441772
0.000805404
0.000454524
0.00221185
0.00219272
0.000102905
0.000547998
0.000192968
0.000623216
0.00362107
0.000257489
0.00028537
0.00104665
0.000510676
0.000384494
0.000323694
0.000781753
0.000439838
0.000904125
0.000806454
0.000584553
0.000297824
0.000792753
0.00134591
0.000353739
0.000391111
0.000272021
0.000191976
0.00178439
0.000626335
0.00043203
0.00171034
0.00610873
0.000771294
8.31305e-05
0.00081845
0.000884292
5.7616e-05
0.000324349
0.000407513
0.000143401
0.000131746
0.000425567
0.000437679
0.00511197
0.000272329
0.000669121
0.000674388
0.000403897
0.000590319
0.000225248
0.000147622
0.00110613
0.000432871
0.000380053
0.000470609
0.000650935
0.000532323
0.000495545
0.000472097
0.000292077
0.000856277
0.000702274
0.000708277
0.00031179
0.00122683
0.000556435
0.000225755
0.000624504
0.000172991
0.00107225
0.000129029
0.000335338
0.000577422
0.000467785
0.000422812
0.000518216
0.000476364
0.000758645
0.000508587
0.000361766
0.000163332
0.00076344
0.000433744
0.00061737
0.000439442
0.00067218
0.000344627
0.000301185
0.00057028
0.00111837
0.000768858
0.000136656
0.0010558
0.000379728
0.000593916
0.000424936
0.000924488
0.000194152
0.000343701
0.000206261
0.000700152
0.000361637
0.000393036
0.000595191
0.000185682
0.00036791
0.000458164
0.000399985
0.00035468
0.000401777
0.000603322
0.000587895
0.00020015
0.000470462
0.0022684
0.000300997
0.000309398
0.000399885
0.000626848
0.000247532
0.000580911
0.00657495
0.000505163
0.000129851
0.000268952
0.000300171
0.000491644
0.00274475
0.000374145
0.000303756
0.000221656
0.003231
0.000483244
0.000433207
0.00120201
0.00142616
0.000491948
0.000339673
0.000259905
0.000737574
0.000509948
0.000742067
0.000612388
0.000499026
0.511684
0.000499174
0.000905742
0.00024812
0.000409784
0.000531029
0.00225066
0.000592765
0.000543365
0.000503166
0.000439438
0.000136584
9.36953e-05
0.000839703
0.000419184
0.000797083
0.00021999
0.00052766
0.00026466
0.000607073
0.000411547
0.00384227
0.00807543
0.000361971
0.000558398
0.000505567
0.000475582
0.000132868
0.000891039
0.000412514
0.00019476
0.000683265
0.00248194
0.000508171
2.77835e-05
0.000189991
0.000497086
0.00151427
0.000366947
0.00225162
0.000115401
0.000212549
0.00423381
0.000190869
0.00070639
0.00137893
0.000247381
0.00033982
0.000430387
0.00123999
0.000213428
0.002566
0.000457632
0.00136932
0.000298041
0.000515408
0.000567117
0.000269667
0.000164612
0.000302781
0.000400785
0.000674057
0.000106985
0.00035043
0.0020158
0.000520958
0.000368781
0.000353194
0.00659403
0.000719502
9.30683e-05
0.000367664
0.000171136
0.00110755
0.0023295
0.00015262
0.000438633
0.000292018
0.000697275
0.000238415
0.000458008
0.000390898
0.00239533
0.00119445
0.000266368
0.000157788
0.000242511
0.00088838
0.000127697
0.000284785
0.000469444
0.000435303
0.000421846
9.66641e-05
0.00093844
0.000495576
0.000303282
0.000736095
0.000367203
0.000450149
0.00205745
0.00403996
0.00181502
0.000384356
0.000367138
0.0013712
0.00031246
0.000342978
0.000411965
0.000114737
0.000299079
0.000472831
0.000650004
7.74149e-05
0.000519389
0.000203621
0.000613006
0.000838518
0.000330124
0.000675956
0.000438373
0.000448277
0.000439638
0.00050878
0.000576019
0.000374738
0.000283092
0.000349693
0.000822471
0.000534011
0.000436894
0.000197333
0.00110786
0.000761858
0.00054408
0.000705478
0.000389957
0.00100471
0.000476691
0.000168004
8.49839e-05
0.00219318
0.000297837
0.000514555
0.000261405
0.0002145
0.000282585
0.000265338
0.00052668
0.000621158
0.000859502
0.000389436
0.0015744
0.00019206
0.00131242
0.000422545
0.000427045
0.000184396
0.00051842
0.000787225
0.00110099
0.000470596
0.00557311
0.000584623
0.000302565
0.000292412
0.000744061
0.000683162
0.000190368
0.000586087
0.000728991
0.000340506
0.000347455
0.000249286
0.000527335
0.000520366
0.000519538
0.000442831
0.000615431
0.000260726
0.000544459
0.000446506
0.000286176
0.000164228
0.000300715
0.000188352
3.1066e-05
0.000308184
0.000582889
0.000259645
0.00030092
0.000414116
0.000703843
0.000137936
0.000280751
0.000435187
0.00159186
0.00191671
0.00130336
1.84691e-05
0.00182653
0.000798519
0.00108389
0.000261525
0.00042993
0.000428031
0.000135072
0.000354048
0.000422522
0.000262325
0.000202503
0.00020495
0.000617208
0.000517425
0.000216609
0.000475297
0.000623398
0.000350251
0.000721033
0.000810254
0.000255683
0.000455091
0.000487367
0.00125792
0.000389532
0.000837087
0.000285234
0.000977742
0.000326358
0.000453909
0.000404137
0.000610356
0.000416969
0.00037144
0.000315456
0.00065488
0.000454513
0.0008993
0.000383117
0.00034112
0.000151515
0.000363014
0.000618052
0.000417322
0.000352486
0.000426859
0.00101206
7.09088e-05
0.000674081
0.000577957
0.000378571
6.88478e-05
0.000390484
0.00165002
0.000436078
0.000853112
0.000583772
0.000316689
0.000303129
0.000589262
0.000105269
0.000358788
0.00022899
0.000263212
0.000398516
0.000552115
0.000389691
0.00028366
0.000140118
0.00165122
0.000393189
0.000157784
0.000405619
0.000282996
0.000406784
0.000320348
0.000321635
0.000264261
0.00159054
0.000409901
0.00108166
0.000624801
0.00062394
0.000317609
0.000548447
0.000105646
0.000492792
0.000301203
0.0004184
0.00284352
0.000461609
0.000659893
7.75045e-05
0.000439507
0.000561258
0.00013917
0.000770307
0.000704433
0.000629995
0.00014063
0.000277722
0.000446851
0.0002767
0.000694439
0.000253325
0.000319958
0.000461353
0.000370511
0.000376538
0.000822126
0.000331422
0.000490057
0.000141416
0.00052374
0.000800108
0.00124457
0.000364084
0.000423446
0.000259105
0.00046492
0.000564847
0.00103887
0.000320442
0.000338846
0.000373431
0.000379667
0.00147231
0.000658662
0.000589322
0.00027944
0.000213804
0.00107877
0.00105538
0.00150896
0.000304704
0.00043276
0.000510194
0.000451849
0.00042067
0.000441302
0.000365548
0.000533755
0.000606091
0.00035182
0.000424342
0.00108567
0.000916282
0.000239853
0.000497494
0.0043262
0.000547703
0.000540917
0.000709822
0.000332263
0.00497127
0.00175509
0.00259432
0.00131207
0.000757674
0.000278255
0.000799459
0.000367942
0.000831808
0.00271039
0.000398071
0.000707877
0.00117738
0.000308683
0.000397807
0.00036021
8.04429e-05
0.000179702
0.000484997
0.000899177
0.00119034
0.000395402
0.00167063
0.000414289
0.000509077
0.000774741
0.00100854
0.000440157
0.000269687
0.00109202
0.000847352
0.000337391
0.000923473
0.000627947
0.000450242
0.000246163
0.000506332
0.000503286
0.000241224
0.000421601
0.00211191
0.000303074
0.000673542
0.000426042
0.00016573
0.000493718
0.000128594
0.00137572
0.000397943
0.000600518
0.000448782
0.000472239
0.000179338
0.000348935
0.00037043
0.000542495
0.000641388
0.000659749
0.000317721
0.000728019
0.000507712
0.000375686
0.000463119
0.000188046
0.000574196
0.00066733
0.00186022
0.000197225
0.000278563
0.000792896
0.000482576
0.00015311
0.000508135
0.00039857
0.00103272
0.000825234
0.000155241
0.00020952
0.000687019
0.000409246
0.000356503
0.000434852
0.000466901
0.00038518
0.000182399
0.00123783
0.000399251
0.00125215
0.000422642
9.9673e-05
0.00103145
0.000269744
0.00174093
0.000507497
0.000929664
0.000621742
0.00019969
0.000678906
0.0003635
0.000567892
0.0007668
0.000744258
0.000221253
0.000166023
0.000974493
0.000267053
0.000423863
0.000258167
0.000310999
0.000617982
0.000635605
0.00076823
0.000520538
0.000562317
0.000323419
0.000589917
0.00119755
0.000613687
0.000965725
0.000331044
0.00014905
0.000116889
0.000173891
0.000459458
0.000250452
0.000345179
0.000361142
0.00130666
0.000194742
0.000441452
0.000210329
0.000500331
0.000438744
0.000586346
0.000293826
0.000456131
0.000615731
0.0002338
0.00145608
0.000432354
0.000958389
0.000377557
0.000810762
0.000366515
0.00168498
0.000200591
0.00045914
0.000339722
0.000131417
0.000989209
0.000435325
0.000629117
0.000446157
0.000615
0.000460709
0.000809236
0.000606594
0.000383153
0.0002874
0.000769768
0.00033508
0.000379486
0.00357176
0.000354379
0.000349195
0.000527929
0.000570286
0.00047667
0.00224352
0.000693061
0.000477313
0.000780494
0.000559975
0.000238825
0.000399335
0.000280247
0.000800531
0.000451766
0.000802166
0.000613189
0.000802359
0.000295561
0.000286721
0.00083266
0.00095807
0.000441675
0.000466236
0.000300642
0.000575546
0.000572747
0.00914629
0.000471149
0.000879259
0.000182561
0.000387425
0.00253294
0.000555275
0.000460138
0.000454905
0.000707064
0.000539145
0.000824021
0.000782442
0.000441436
0.000444967
0.00491095
0.000422882
0.000151242
0.000401992
0.000214026
0.000878349
9.81719e-05
0.000334885
0.000938588
0.000368308
0.000352581
0.000679948
0.000111524
0.000181672
0.000338185
0.000296367
0.00229406
0.000390165
0.000258511
0.000264426
0.000477486
0.0004946
9.73878e-05
0.000279163
0.000478403
0.0004173
0.000419164
0.000502822
0.000531374
0.000236035
0.000296044
0.000231168
0.000327939
0.00043392
0.0004165
0.00142447
0.000403197
0.000417313
0.000553915
0.000366976
0.000357006
0.000238653
0.00055128
0.000322283
0.000140096
0.000389218
0.000728882
0.000499965
0.000572938
0.00468445
0.000306995
0.000364614
0.000714176
0.00054382
0.0016132
0.00112068
0.000522967
0.000394398
0.000277954
0.000422238
0.000476011
0.000451722
0.000118196
0.00272415
0.000366053
0.000854346
0.000357578
0.000693258
0.00177486
0.000333127
0.000551537
0.000667946
0.000628888
0.0010443
0.000446492
0.00052242
0.000514227
0.000482167
0.000224791
0.00111399
0.000206148
0.000311457
0.000721941
0.000796628
0.0012742
0.000465402
0.000391891
0.000820382
0.000189312
0.000659668
0.0007195
0.000567268
0.000188663
0.000342559
0.000383583
0.000251502
0.000874985
0.000164678
0.00034711
0.015687
0.000153902
0.000463104
0.000361743
0.000927114
0.00262319
0.000565412
0.00026966
0.00125561
8.03429e-05
0.000516766
0.000319827
0.000586412
0.000397631
0.00366864
0.000436548
0.000429726
0.000331913
0.000200783
0.00673392
0.000790095
0.000283255
0.000157371
0.0147707
0.00043897
0.000287627
0.000437807
0.000388828
0.000488516
0.000639151
0.000337446
0.000859538
0.000488116
0.000325059
0.000295633
0.000201646
0.000396514
0.000182384
0.000828089
0.000386067
0.000308745
0.000540215
0.000769941
0.000233568
0.000270384
0.000400407
0.000436317
8.44067e-05
0.00016173
0.000465835
0.000189985
0.0030482
0.000192228
0.00040717
0.000338861
0.000537243
0.000489089
0.000948259
0.000217067
0.000913813
0.000189686
0.000830913
0.000646798
0.000498892
0.000267186
0.0017349
0.000229659
0.0012469
0.000123413
0.000592108
0.000411098
0.000380248
0.000574409
0.000492144
0.000611282
0.000430597
0.00019906
0.000293887
0.000477537
0.000387405
0.000144446
0.000316649
0.000349833
0.00062632
0.000805144
0.000443662
0.00072261
0.000281659
0.000959722
0.00056924
0.000679384
7.02916e-05
0.000467306
0.000409736
0.000287362
0.000358219
0.00126005
0.000334741
0.000465615
0.000832276
0.000516101
0.00057325
0.000519282
0.000833227
0.000536246
0.000688592
0.00036243
0.000415173
0.000204128
0.000404358
0.000157539
0.000657958
0.000863927
0.000194084
0.000891014
0.000144798
0.000144593
0.000719212
0.000245402
0.000490636
0.000123465
0.000654511
0.000288067
0.000368394
0.000324393
0.000390837
0.000241236
0.000315108
0.00049977
0.000478192
0.000205614
0.00163446
0.00028125
0.00031401
0.00127693
0.00250866
0.000228737
0.000487343
8.09466e-05
0.000907688
0.000417365
0.000535195
0.000444234
0.00115416
0.000285711
0.000540712
0.000299481
0.000414888
0.000635554
0.000394924
0.000521799
0.00039837
0.00035988
0.000512214
0.000540595
0.000395179
0.000419894
0.000206523
0.000591077
0.000470499
0.000303931
0.000155259
0.000132838
0.000310607
0.000257861
0.000177267
0.00181081
0.000421264
0.000898169
0.00032066
0.000495274
0.00250266
0.000362239
0.000306034
0.000341327
0.000837013
0.000250653
0.000372163
0.000336341
0.000641546
0.000332225
0.000326037
0.000759602
0.000633554
0.00147527
0.00295657
0.00023063
0.00124642
0.000104069
0.000613876
0.000469422
0.000217122
0.00101026
0.00102435
0.000556979
0.000637727
0.00027803
0.00161307
0.000343574
0.000395124
0.000291519
0.000431412
0.00191508
0.00024835
0.000984006
0.00350142
0.000499878
0.000562938
0.000341322
0.000398248
0.00085715
0.000698712
0.000679147
0.000530701
0.000288578
0.000582806
0.000487924
0.000802909
0.000409359
0.000109666
0.000152136
0.000516152
0.000508391
0.000239635
0.000466803
0.000237537
0.000337151
0.000231135
0.000428914
0.00033876
0.000198911
0.000402871
0.000137189
0.000611288
0.000876255
0.00048488
0.000593254
0.000884734
0.000401095
0.00147185
0.000861425
0.000743308
0.000915936
0.000830397
0.000520593
0.00056899
0.000847577
0.00061637
0.000968978
0.000662792
0.00081365
0.000463781
0.000660004
0.00432327
0.0153978
0.00017483
0.000347667
0.000363305
0.000642196
0.000505538
0.000700394
0.000554005
0.000178715
0.000353862
0.00017733
0.000453626
0.000830436
0.000730289
0.000389911
0.00107951
0.000334545
0.00030746
0.00030082
0.000491265
0.00056604
0.000775503
0.00079634
0.000452471
0.000444794
0.000259775
0.000612754
0.000287835
0.000755569
0.000427481
0.000606961
0.000559279
0.000563732
0.000359979
0.0030202
0.00130064
0.000314609
0.000344143
0.000463756
0.00094775
0.000327919
0.00108022
0.000472943
0.000360135
0.000806181
0.000486596
0.000400863
0.000267768
0.000284741
0.000634406
0.000346701
0.000436257
0.00404943
0.000819208
7.64187e-05
0.000372732
0.000174213
0.00267318
0.000507818
0.000701052
0.000987652
0.000689861
0.000695236
0.000744378
0.00191737
0.000437427
0.00301862
0.00107397
0.000545323
0.000370924
0.000633556
0.00220836
0.00139838
0.00134545
0.000348923
0.000564322
0.000290274
0.000345674
0.000563665
0.000544676
0.000334026
0.000229686
0.00026524
0.000298905
0.000445609
0.00044947
0.000322399
0.000657028
0.000706536
0.00023008
5.61008e-05
0.000133949
0.00409775
0.000533885
0.0002833
0.000798244
0.000502872
0.000563246
0.000889966
0.00053597
0.000450581
0.000159957
0.000603579
0.000350488
0.000670892
0.000960897
0.000813345
0.000411695
0.000655589
0.000490527
0.00122509
0.000245561
0.000481996
0.000351078
0.000427043
0.00120165
0.000502606
0.000369854
0.000256309
0.000313203
0.000440877
0.000155598
0.00050741
0.00041251
0.000208632
0.00055055
0.000411491
0.000414199
0.000159923
0.000202487
0.000599968
0.000322317
0.000443115
0.000826111
0.00465605
0.00107816
0.000151757
0.000456947
0.000469009
0.000735199
0.000388673
0.000482933
0.000280569
0.000492589
0.00018934
0.000385167
0.000295991
0.000343436
0.000142392
0.00110026
0.000103839
0.000317193
0.000399058
0.0018467
0.00186402
0.000533482
0.000755639
4.36375e-05
0.000127478
0.000166766
0.0012352
0.00023378
0.000197235
0.000197148
0.000437975
0.000327727
0.00277514
0.000415692
0.000113494
0.000150878
0.000480853
0.000320552
0.00039766
0.00369534
0.00129456
0.000303372
0.00171926
0.000552946
0.000404152
0.000347959
0.000341058
0.000570258
0.000568335
0.000427133
0.00118231
0.000261101
0.000261393
0.000300988
0.00118536
0.00093079
0.000460255
0.000310155
0.000415801
0.000855385
0.0190238
0.000515443
0.000215813
0.000539628
0.000640187
0.000263956
0.00116654
0.000611769
0.000406434
0.0004235
0.00032034
0.000271084
0.000408838
0.000348168
0.00027761
0.00134867
0.000314185
0.000196465
0.000892
0.000757877
0.000623122
0.00019762
0.000239682
0.000436554
0.000330324
0.000304112
0.000942674
0.000284032
0.00078344
0.000189815
0.000316381
0.000248182
0.00259986
0.000555217
0.000262574
0.000776272
0.000590608
0.000490292
0.000774849
0.000755679
0.00341385
0.00125178
0.000525958
0.000301377
0.000487046
0.00129442
0.000682781
0.000276397
0.000303207
0.000278034
0.000434996
0.000392883
0.000523626
0.000367098
0.000109358
0.000286634
0.000576277
0.00109907
0.000156625
0.00029121
0.000433736
0.000206842
0.000320905
0.000985544
0.00033631
0.000264333
0.000241821
0.000375976
0.000528524
0.000633402
0.000581329
0.00185547
0.00634037
0.000770448
0.00194185
0.000394701
0.00022216
0.0005319
0.000468932
0.000476728
0.00158641
0.000931229
0.00059211
0.00100283
0.000560631
0.000123992
0.000605347
0.000394357
0.000947092
0.00061775
0.001121
0.000747295
5.43015e-05
0.00028511
0.00041925
0.000777898
0.00102519
0.000417886
0.000195724
0.000549678
0.000637723
0.000355419
0.000453952
0.000178512
0.000262053
0.000603585
0.000380508
0.00040383
0.000221922
0.000215561
0.000475106
0.00161749
0.000607389
0.000359409
0.000457835
0.000164783
0.00102307
0.00105073
0.000219513
0.000272347
0.000815529
0.000481059
0.0001385
0.00141233
0.000337347
8.63336e-05
0.000437134
0.00085629
0.00886396
0.000520089
0.000221516
0.000162187
0.000153704
0.000274958
0.0163165
0.000644772
0.000378105
0.000291584
0.000648047
0.000682543
0.000381775
0.000296795
0.000265276
0.000390874
0.00471122
0.00108585
0.00101215
0.00163884
0.000856139
0.000420354
0.000262248
0.00127889
0.00110789
0.00215631
0.000285166
0.000156896
0.000694256
0.00027775
0.000463374
0.000343101
0.000250984
0.000315248
0.00472525
0.00132346
0.00123353
0.000325253
0.000260067
0.000411145
0.00548092
0.000451426
0.00091586
0.000670163
0.000907208
0.000100132
0.000777779
0.000603657
0.000524761
0.000623295
0.000131514
0.000728582
0.000522916
0.000385748
0.000687899
0.000247522
0.000729953
0.000486802
0.00160699
0.000392018
0.000176796
0.000885104
0.000488024
0.000167236
0.000465364
0.000303498
0.000496797
0.000448191
0.000490804
0.00204153
0.000152515
0.000588954
0.00055971
0.00483514
0.000597172
0.00180888
0.000281903
0.000272364
0.000648299
0.000467401
0.000889212
0.000311821
0.000550525
0.000499863
0.000598135
6.14314e-05
0.000159633
0.000516151
0.00061388
0.000230656
0.000337626
0.000555133
0.000385654
0.000244785
0.000612349
0.000396565
0.00021369
0.00023876
0.000111714
0.000472845
0.000218996
0.000487339
0.00070328
0.000558613
0.000246946
0.00114691
0.000589514
0.000452928
0.000222988
0.000612595
0.000422069
1.9174e-05
0.00113295
0.000347925
0.000163978
0.000197002
0.00020578
0.000521014
0.000420753
0.000615389
0.000383805
0.000416695
0.000610586
0.000543371
0.000955296
0.000838488
0.000981032
0.00056875
0.000558834
0.000627667
0.000421699
0.000290499
0.000258471
0.000155744
0.000186144
0.000911296
0.000270864
0.0343289
0.000273868
0.000596663
0.000202781
0.00051474
0.000496446
0.000426417
0.000501874
0.000430648
0.000790296
0.00038618
0.000488379
0.000664083
0.000192202
0.000347329
0.000169718
0.000480498
0.00085928
0.000711558
0.000600683
0.00031852
0.000396783
0.000634342
0.000881464
0.000321586
0.00124337
0.000315299
0.000213296
0.000225353
0.000331492
0.000853359
0.000336697
0.000399471
0.000593476
0.000279164
0.000963837
0.000432669
0.000154958
0.000106548
0.000356438
0.000542191
0.0156479
0.000691623
0.000213165
0.00037565
0.000477185
0.000257653
0.000271282
0.000407165
0.000341625
0.000598224
0.00357675
0.000368801
0.000672467
0.000352903
5.41214e-05
0.000453148
0.000474463
0.000927194
0.00385868
0.000301203
0.000947292
0.00036243
0.000228228
0.000998868
0.00118358
0.000901567
0.000141827
0.000640688
0.000433883
0.000518607
0.000166672
