0.000157982
1.30187e-05
0.000101065
7.42501e-05
0.000135162
0.00013715
0.000268972
0.000173186
0.000233784
0.00239603
0.000732286
8.32056e-05
0.000279128
6.2114e-05
9.86296e-05
8.52588e-05
9.41704e-05
0.000826636
9.46112e-05
0.0078648
6.5181e-05
0.000182365
1.20575e-05
0.000116473
0.000118089
0.000118487
8.2368e-05
0.000155535
0.000155163
0.000267976
4.79896e-06
0.000121971
0.000161053
0.000205345
5.61811e-05
6.62185e-05
8.02125e-05
0.00010904
0.000113471
0.000306718
0.000101888
0.00036315
7.96852e-05
2.23315e-05
6.01876e-05
0.000234241
7.63966e-05
0.000480647
0.000652522
0.000176841
0.000787199
0.000174843
0.000152465
4.43563e-05
0.000104539
1.80495e-05
0.000105789
0.00083564
9.31705e-05
5.78454e-05
4.91201e-05
0.000367404
6.88877e-05
0.000184091
7.1699e-05
0.000357349
0.000102888
0.000218792
0.000120939
0.000144375
0.00012531
0.000103082
6.02887e-05
0.000156922
0.000156373
0.000328649
0.000138003
0.000166385
0.000124514
0.000165079
8.41649e-05
0.000204348
6.45519e-05
0.000461308
3.90526e-05
4.45649e-05
0.000251188
0.000455701
1.94671e-05
5.55687e-05
0.000123552
9.70638e-05
0.000388711
1.96269e-05
0.000282572
0.000177819
0.000137366
6.98029e-05
0.000171654
6.98425e-05
0.000249115
0.00046538
0.000176381
8.04714e-05
0.000203497
0.000322295
0.00123276
0.000183137
0.000193418
0.000286565
8.75279e-05
0.000116126
0.000135468
7.61938e-05
8.14741e-05
0.000134228
1.42933e-05
0.00347182
0.000165405
0.000136822
0.00029754
0.00541363
0.00011452
0.000133541
0.000427293
4.61336e-05
4.93744e-05
4.33115e-05
8.31286e-05
0.00014223
0.000102479
0.000319446
0.000226429
0.00807731
0.000173735
0.000189362
6.20065e-05
0
5.12217e-05
0.000145664
0.000163383
0.000178946
0.00022065
0.000116908
0.000160837
0.00123273
0
0.000254868
0.000437749
0.000266284
4.054e-05
0.000156218
0.00016271
3.43134e-05
0.000203595
3.81803e-05
0.000150824
0.000112615
0.000147668
0.000268784
1.90047e-06
0.0001692
0
8.42042e-05
0.000292495
9.22287e-05
5.23676e-05
0.000126096
0.000261507
0.000552885
0.000289233
7.42508e-05
0.000448087
0.000285732
9.8766e-05
0.000104358
0.000149898
0.000101512
0.00012701
0.000106067
0.000114995
0.000452932
0.000429775
0.000230341
0.00054209
7.51875e-05
0.000193746
0.000102292
0.000836552
8.22176e-05
6.08728e-05
0.000111114
9.80665e-05
0.000307699
0.000139222
0.000147436
9.33205e-05
0.000498208
9.89834e-05
5.17749e-05
4.5425e-05
0.000122476
9.02863e-05
0.000206092
3.37368e-06
2.13816e-05
0.000127045
6.46135e-05
0.000941183
0.000512978
0.00037029
0.000147341
0.000178015
0.000125442
0.000327215
0.000180183
8.75979e-05
0.000770814
0.000256138
0.000130495
0.000104164
4.27666e-05
0.000229506
0.000194594
5.18083e-05
0.000299883
0.000164489
0.000200132
3.04276e-05
9.43576e-05
0.000136646
0.000195603
0.000261452
5.74675e-05
2.00884e-05
0.000396337
4.80071e-05
6.64643e-05
0.000183193
0.000139995
0.000225681
0.000200903
0.000275778
0.000192128
0.000131316
0.000219206
0.000332346
0.000262759
0.000251123
0.000243417
0.000715614
4.76395e-05
0.000177585
6.60637e-05
0.000253125
0
9.20615e-05
0
0.000149151
0.000282568
0.00028443
1.89537e-05
0.000925211
0.000233924
0.000124183
4.66366e-05
0.000124374
0.00616058
5.53961e-05
0.000248674
0.000122874
0.000401755
0.000419959
0.000187803
0.000256574
0.000201393
4.32893e-05
0.000878013
0.000127967
5.49443e-05
0.000180687
4.01926e-05
9.8654e-05
7.98852e-05
1.26046e-05
0.000340767
0.000134274
0.000380306
0.000859129
0
0.00140621
5.07485e-05
0.000118162
0.000193206
0.000157616
9.93616e-05
0.000164736
0.000133799
0.00017998
0.00014871
0.000211131
0.000537786
0.00014947
0.00010079
0.00031168
0.000173795
0.000119717
0.00019715
0.000115842
0.000104221
0.000171721
0.000183931
0.000171775
0.00012118
0.000202751
0.000113048
0.000103869
0.000726511
0.000129459
0.000105065
0.000133918
0.000797825
0.000260981
0.000177735
1.22901e-05
8.01893e-05
0.000193458
0.000118663
0.000122326
0.000102799
0.000244071
0.000108916
0.000400013
0.000141024
0.000187882
9.80065e-05
0.000192373
0.000217096
0.000110992
0.000211615
0.000618614
5.95092e-05
0.000738797
1.91891e-05
0.000491106
0.000213161
0.00018519
4.72666e-05
0.000172479
0.00015386
0.000273548
8.67676e-05
0.000119274
0.00334934
0.0001812
0.00111512
0.000578099
0.000123119
0.0002971
0.000324129
6.13711e-05
0.00011724
6.77073e-05
8.22599e-05
7.37224e-05
0.000202936
0.000245144
0.000171837
0.00118357
0.0003426
0.000163576
8.05667e-05
0.00681312
0.000340767
0.000125682
0.000149778
9.13467e-05
4.15065e-05
0.000741216
0.000121188
8.56814e-05
0.000160506
8.93338e-05
0.000308145
4.71827e-05
6.89142e-05
0.00014798
0.000183001
0.000161392
0.000178507
7.16503e-05
0.000203595
3.92057e-05
0.00010673
9.75956e-05
0.000197247
0.000185959
0.000121464
0.000214547
6.23373e-05
3.89489e-05
0.000358628
0.000515238
0.000125222
0.00013561
0.000120461
0.000263614
5.02751e-05
0.000180841
0.000204886
0.000308815
8.7508e-05
0.000120234
0.00107474
0.000183162
0.000486823
7.91789e-05
5.68724e-05
0.000162949
9.25007e-05
5.36941e-05
0.000108493
0.000121493
3.01084e-05
0.000345056
0.000201467
0.000215074
0.000298478
0.000244629
0.000223483
0.000297615
2.48557e-05
0.000142067
5.90577e-05
0.00010884
0.00014006
0.000185734
0.000122159
0.000554432
0.000264574
0.00022572
4.61423e-05
0.000230234
0.000377937
0.000178743
3.37677e-05
0.000136909
0.000724497
8.52079e-05
0.000211684
0.000203195
6.06865e-05
0.000372562
0.00393998
8.52244e-05
0.000162412
0.000122138
2.63281e-05
0.000273136
0.000190535
0.000259665
2.66794e-05
0.000488626
5.45163e-05
0.000182898
5.75681e-05
0.000369256
8.74202e-05
2.32609e-05
0.000195179
5.2851e-05
5.35487e-05
0.000246105
7.09181e-05
0.000471137
5.01928e-05
0.000577991
0.000132546
0.000185835
0.000270968
0.000526045
0.000164216
0.000148283
0.000183637
0.000123861
1.16936e-05
0.00015661
0.000114911
0.000253408
0.000467499
0.00010245
0.00132449
5.64308e-05
0.00100642
2.42427e-05
0.00022235
0.000107933
0.000238705
9.1191e-05
0.000393209
4.29935e-05
6.94011e-05
0.000359868
0.000220174
0
0.00022904
0.000331072
9.79722e-05
0.000194353
0.000277875
0.000172649
0.000240348
0.000104882
0.000116506
0.000257346
9.90373e-05
8.78895e-05
0.000105466
0.000245756
0.000102602
0.000148681
0.000564866
9.69123e-05
6.26401e-05
9.06211e-05
0.00049246
0.000246077
0.000201843
0.000535675
0.000110767
4.92604e-05
0.000108232
0.00022797
0.000179134
0.000245176
0.000150599
0.000315199
2.38087e-05
9.30409e-05
0.000259795
8.49268e-05
0.000133006
9.85176e-05
6.3853e-05
0.000111539
5.84385e-05
0.000120867
0.000131707
0.00011303
0.00046926
0.000103798
1.56948e-05
0.000146638
1.04248e-05
0.000156707
0.000131536
4.15899e-05
8.29846e-05
1.59131e-05
0.000119404
0.000135563
0.00048075
0.000555935
0.000105061
5.96628e-05
0.000140735
6.03563e-05
8.08837e-05
7.44912e-05
0.000143331
7.96662e-05
4.74561e-05
0
0.000157741
7.92247e-05
8.09702e-05
0.000213894
0.000155077
0.000124303
2.33336e-05
0.000110659
9.38056e-05
7.92305e-05
0.000181962
8.17197e-05
0.000149276
0.000128245
0.000617102
7.50202e-05
0.000326288
0.000300976
0.000246763
0.000231516
9.32696e-05
0
5.35481e-05
0.00022681
0.000108701
0.000290592
0.00018922
0.000253158
4.76341e-05
0.000128056
7.39348e-05
0.00083116
0.000153092
0.000162401
5.86668e-05
0.000101247
4.33052e-05
0.000103599
2.75583e-05
0.000938274
0.00024399
0.000112179
8.09757e-05
0.000398773
0.000437516
0.000190673
0.000124997
9.55178e-05
0.000319299
0.000143668
0.000186876
0.000113945
7.30125e-05
8.64685e-05
0.000193424
0.000128592
0.000184326
0.000810992
0.000289081
0.000202414
0.000534436
3.05813e-05
0.000696247
0.000155149
0.00107527
4.72734e-05
0.000330557
5.89899e-05
0.00023506
0.000298565
0.000185028
7.89663e-05
0.00016933
0.00018336
0.000250243
0.000126079
5.12273e-05
0.00014072
2.9077e-05
9.70717e-05
4.68703e-05
0.000207417
0.000336977
0.000207525
7.57401e-05
0.000108379
0.000105098
0.000356411
0.000308548
0.00135246
0.000185044
0.000159293
0.000167398
0
0.000123472
0.000168378
7.31829e-05
0.000193666
0.000661181
0.000280154
0.00020302
3.25221e-05
0.000365821
0.000137853
0.000133378
0.00022977
4.53544e-05
0.00010001
9.6842e-05
0.000346354
4.2523e-05
4.67901e-05
0.000190928
0.00010426
6.46711e-05
0
0.00010288
0.000164393
0.000170376
0.000131513
0.000149041
5.28723e-05
2.14665e-05
0.000307366
0.000133405
0.000295775
0.000197236
3.18137e-05
3.32025e-05
0.000230076
0.000188181
4.29943e-05
9.38468e-05
3.92963e-05
0.000120517
0.000206986
0.000130922
0.000699568
0.000155656
0.000185843
0.000183664
0.0122901
0.000275229
0.000175985
0.000113503
0.000117972
3.24828e-05
0.00015746
0.00415989
0.00033721
0.000100741
0.000136552
0.000123562
0.000141873
0.00093468
5.44621e-05
0.000346363
0.000140069
0.000427479
0.000297742
0.000172541
0.000231059
0.00660636
7.21676e-05
4.56283e-05
0.000170549
8.00417e-05
0.000117465
0.000104315
9.1244e-05
5.60418e-05
9.47875e-05
0.000492207
0.000186407
0.000317674
0.000181671
0.000147208
9.24187e-05
2.00632e-05
0.000114393
0.000139654
8.86947e-05
3.73757e-05
8.91005e-05
0.00019985
0.000165204
7.99711e-05
0.000167014
0.000317454
0.000131206
0.000270854
5.42996e-05
0.000633016
6.0751e-05
0.000170789
0.000190151
6.88047e-05
1.88822e-05
0.000257013
8.09862e-05
0.000258397
1.32717e-05
0.000103646
6.60274e-05
0.000315745
3.86643e-05
0.000194
0.000117152
0.000128031
0.000222329
4.61839e-05
0.000128155
0.00013526
0.000160702
0.000105072
7.00141e-05
8.01607e-05
9.21163e-05
5.91771e-05
0.000162113
1.44506e-06
0.00013087
0.000612026
2.73674e-05
0.000249277
0.000667922
0.000210085
0.000311292
0.000116799
0.00017339
0.000152909
0.000218305
5.32676e-05
9.95642e-05
9.66381e-05
0
0.00035693
1.79451e-05
2.08517e-05
0.000229588
9.10711e-05
0.000367931
0
0.000263272
0.000297771
4.62795e-05
6.84963e-05
0.00158098
0.000288652
0.000341904
7.10075e-05
9.99019e-06
0.000409003
0.000234818
0.00105265
0.000143781
0.000138081
0.000100959
0.000149121
0.000175376
0.000112254
0.000193737
0.000287861
9.73439e-05
0.000257503
6.1773e-05
0.000217679
0.000119521
0.000102086
0.000126671
0.000952092
0.000184612
0.000244468
0.000345909
0.000121848
0.000329313
6.03741e-05
2.03144e-05
0.00012978
0.000182019
0.000109912
0.000108335
0.00039663
0.000100852
0.000120546
5.73023e-05
5.48104e-05
9.75482e-05
0.000362248
0.000153284
0.000182332
0.000424612
1.01685e-05
0.000138377
0.00019286
0.00326148
0.000116632
0.000198465
6.13664e-05
7.86669e-05
0.00025851
9.55827e-05
0.000244762
9.62988e-05
0.00011291
0.000135083
0.000154122
0.000149943
0.000996979
0.000234667
0.00015578
9.3512e-05
0.00153067
0.000230296
0.00010364
9.2073e-05
0.000156878
0.00029693
0.000316718
5.77054e-05
0.000158151
8.82588e-05
0.000103756
0.00014446
0.00195851
0.000157399
3.09655e-05
0.000119771
0.000142385
0.000149854
0.000195271
0.00162328
9.9988e-05
0.000503373
0
1.5073e-05
2.12109e-05
0.000967225
1.00565e-05
7.99497e-05
0.00117726
0.000164978
0.000196008
8.75481e-05
0.000230571
0.000111077
0.000507605
0.000111606
0.000195701
6.21847e-05
9.45434e-05
0.00225575
7.98089e-05
0.000221883
0.000352813
0.0006039
0.000614983
0.000263237
0.000281295
6.83934e-05
0.000155365
0.000218275
0.00020203
5.47677e-05
5.23269e-05
0.000115572
0.000154828
0.000145899
0.00100706
0.000991921
0.000100092
0.000875632
0.000246468
2.43988e-05
0.000160827
8.7302e-05
0.000251657
0.000181597
0.000163141
0.000423493
0.000124994
0.000194365
0.000157346
9.45219e-05
0.000216249
0.00028914
3.73616e-05
0.000117953
0.000115839
0.000193275
0.000485621
0.000181345
0.000179791
0.00045038
0.000278041
0.000101223
0.000190823
7.51634e-05
0.000175906
5.81954e-05
0.000123992
2.731e-05
1.17482e-05
0.000273271
0.000658656
0.0012169
8.71569e-05
6.16161e-05
6.19825e-05
0.000114567
0.000178599
0.000318311
9.95877e-05
9.61228e-05
0.000122293
0.000258734
0.000224267
0.000146153
0.000168549
8.3301e-05
0.000334581
0.000202912
0.000279324
5.70928e-05
2.67463e-05
0.000233525
0.000104893
0.0001009
8.44094e-05
0.000103611
3.19052e-05
2.52714e-05
0.000317419
0.000249178
0.00356786
0.000113295
0.000308343
5.81937e-05
0.00018945
0.00116936
8.94643e-05
0.000158879
0.000136533
7.26592e-05
9.82544e-05
0.000309595
0.000118667
0.000106284
2.70842e-05
0.000552541
0.000137503
3.99204e-05
0.000309987
7.32686e-05
0.000494751
0.000154982
0.000118553
0.000371169
0.000180181
2.81474e-05
0.000148317
0.00013727
8.13918e-05
0.000247617
0.000114553
0.000214195
7.92261e-05
0.000207254
5.94642e-05
0.000585189
0.000139625
8.99106e-05
9.1703e-05
7.33149e-05
0.000142671
3.94757e-06
0.00015107
0.00037749
0.000418736
6.59457e-05
8.73417e-05
1.29738e-05
0.000141446
0.000103159
0.00049487
7.06178e-05
0.000116634
0.000367951
0.000315362
0.000125078
0.000162651
0.000236064
0.000153847
0.000129446
0.000353813
0.00022096
2.60445e-05
0.000185707
7.68749e-05
0.000123049
7.72463e-05
0.00103496
0.000134692
0.000154757
9.46287e-05
8.25772e-05
0.000158904
0.000231364
0.000526121
0.000115676
0.000316404
0.000139009
0.00034541
0.000225959
0.000123445
0.000257329
0.000102893
0.000308364
0.000347536
6.70047e-05
0.000123815
0.000680509
0.000279976
0.000114873
7.46495e-05
0.000118622
0.000205882
0.000283919
0.000230796
0.000122517
8.45898e-05
0.000145097
0.000124926
0.000180052
0.000121304
0.000168396
9.08565e-05
0.000783728
0
0.000336615
0.000139287
9.25489e-05
0.00110448
0.00128184
5.76689e-05
7.11871e-05
0.000148859
0.000342879
0.0013462
0.000221155
0.000127383
0.000196949
8.65211e-05
0.000219435
0.000438083
0.000108164
0.000460037
3.51228e-05
0.000166546
5.64955e-05
0.000220279
6.4056e-05
0.000202817
0.000313904
0.000419195
0.000300507
6.52265e-05
0.000268836
0.000203225
4.37385e-05
1.36513e-05
7.7705e-05
0.000154515
0.000205844
0.000143986
0.000122813
5.00376e-05
0.000412813
0.000521268
0.000160458
0.000230296
0.000132683
5.19839e-05
0.00016187
4.16825e-05
0.000171826
0.000228368
0.000193987
0.000449406
0.000124716
0.000427024
8.68477e-05
0.000427736
0.000218928
0.000919484
4.67609e-05
0.000116204
0.000101343
7.62548e-05
0.00187972
0.000183734
0.000157529
0.000147848
6.58557e-05
0.000167724
0.00420851
0.00068306
9.95463e-05
7.60566e-05
0.000143707
0.000140811
0.000194244
0.000106117
0.000346425
0.000360639
0.00100553
0.000182022
6.76105e-06
0.000510753
0.00144521
5.35882e-05
0.000153715
0.000324393
0.000139003
0.000216382
0.00020054
8.44406e-05
0.000162029
6.53956e-05
0.000204302
8.90238e-05
0.000133248
4.5801e-05
0.000220561
0.00036859
5.65046e-05
9.593e-05
5.24978e-05
0.000307134
0.000193741
0.000197767
0.000140316
0.00014088
0.000346006
0.000116297
3.28802e-05
0.000149954
0.000221853
0.000169461
0.000195154
0.000132152
0.000145209
5.76295e-05
0.000124315
0.000161349
0.000380258
0.000122307
0.000162623
0.000185411
0.000190019
0.000162198
0.000354489
6.43358e-05
0.000157305
6.1717e-05
0.00023038
0.000199565
9.78323e-05
0.000119306
0.00125369
0.000381429
0.000377932
0.000144266
9.15783e-05
0.000274232
0.000120124
9.77256e-05
0.000251387
0.000158159
0.000706649
0.000224659
5.43774e-05
0.000266981
0.000213968
8.97884e-05
0.000116648
0.000446024
0.000182937
0.00015749
0.000117858
0.0014319
0.000173985
0.00014678
4.14973e-05
0.00105913
0.000198987
7.98583e-05
0.000218704
9.1524e-05
3.77352e-06
0.000540772
0.000168569
0.000363755
0.000296028
0.000589202
3.75748e-05
0.000326485
0.00035405
0.000140287
0.000275329
0.00013414
9.41774e-05
8.58157e-05
0.000368956
0.000200837
3.63658e-05
0.000201917
0.000616892
7.14224e-05
7.74766e-05
0.000171952
0.000155665
8.75637e-05
9.59391e-05
4.34514e-05
6.18795e-05
0.00016008
0.000141053
0.000210254
0.000181773
0.000310703
0.000229225
0.000142254
0.000191909
0.000118776
0.0002434
0.000127571
4.39897e-05
0.000291932
0.000113309
0.000204735
4.27491e-05
0.00015595
0.000129155
0.000159729
0.000235128
1.00326e-05
8.32524e-05
0.000111233
0.000134884
0
0.000412349
0.000151541
0.000670099
0.000156481
0.000120651
9.41238e-05
0.000207838
6.81563e-05
7.162e-05
0.00015811
0.00107766
0.000193668
0.000205759
0.000251335
0.000312461
5.13923e-05
0.000201789
9.73916e-05
5.18516e-05
8.25313e-05
0.000112184
0.000295656
0.000298844
0.000123092
0.000162164
9.0581e-05
0.000133773
0.0138504
0.000141246
0.000114633
0.000699521
0.00014989
6.69301e-05
9.50882e-05
0.000226137
0.000132047
0.000125206
7.11371e-05
0.00108874
0.000203005
0.000117588
3.18451e-05
0.000147873
0.000605853
0.000168219
0.000120187
0.000107651
0.00019396
0.00021294
0
3.71802e-05
1.35198e-05
0.000236382
0.000135211
0.000187019
0.000167564
0.000244508
0.000247684
4.76489e-05
0.000218821
0.00040731
0.000155247
0.0003956
0.000223228
0.000196383
0.000280152
0.000113016
0.000301548
5.01203e-05
0.000236097
0.000425732
3.32201e-05
0.000165564
8.09056e-05
0.000158772
0.000223707
3.86542e-05
2.66936e-05
0.000666037
2.5694e-05
0.000136774
7.64147e-05
1.45084e-05
9.34808e-05
0
7.61078e-05
0.000371355
0.000184576
0.000376828
0.000284701
3.1734e-05
0.000231334
0.000178576
0.000270564
5.15672e-05
4.75832e-05
0.000256678
0.000189636
0.000582611
0.000566966
0.000156366
0.000220132
0.000711902
0.000265643
0.000133244
0.000798507
5.81305e-05
0.000273687
0.000307788
5.98704e-05
0.000149263
0.000155316
0.000145059
0.000254505
0.000110812
0.000276976
0.00035414
7.94602e-05
6.61132e-05
0.000237178
0.000343928
3.08025e-05
4.65418e-05
0.000167405
8.11549e-05
0.000157951
0.000187758
9.73905e-05
0.000197579
0.000232992
0.00015271
0.000661621
0
0.000207254
7.05632e-05
2.25544e-05
0.000126638
0.000117818
2.91742e-05
0.000130497
2.21477e-05
0.000130468
5.47941e-05
0.00013012
0.000163836
0.000250024
0.000130964
0.000178224
0.000450569
1.99896e-05
0.000206557
0.000148162
0.00160204
6.15963e-05
2.49261e-05
3.68279e-05
0
0.000173494
0.000100971
0.000111975
0.000487955
8.04564e-05
0.000171006
7.10677e-05
8.69801e-05
0.000116381
2.58009e-05
0.000377936
0.000360899
0.000167455
0.00025212
8.09303e-05
0.000105056
0.000124548
0.000181329
5.08595e-05
6.03006e-05
1.09415e-05
0.000218394
0
0.000178235
0.000285867
3.73924e-05
0.000220114
0.000160998
0.000113469
0.000450676
0.0001698
0.000465445
0.000106146
0.00070841
0.000441892
0.000143493
0.00035425
0.000256538
0.000485398
0.000141246
0.000265169
0.000175293
4.06933e-05
0.000114116
0.000125635
7.70545e-05
0.000134936
0.000247989
0.000256302
8.63094e-05
6.88317e-05
0.000238238
0.000209731
0.000162711
0
0.000253054
0.000303594
0.000481389
3.73557e-05
0.000967766
0.000451684
5.68226e-05
0.000107756
0.000101978
7.9166e-05
0.000257951
9.8397e-05
0.00024204
0.000107145
4.57858e-05
0.000143751
0.000148951
1.22371e-05
0.000175198
0.000180325
8.77761e-05
0.000213379
0.000103826
0.000428857
0.000123986
0.000105663
7.91705e-05
0.000581009
0.000152056
0.000161497
3.49596e-05
0.000531846
0.000203947
0.000286525
0.000241896
7.95908e-05
7.71527e-05
0.000392626
0.000593807
6.14475e-05
0.000154801
0.000209228
0.000210895
0
0.000806281
0.00326603
9.91453e-05
9.78447e-05
0.000503888
0.000187513
8.63066e-05
0.000219157
3.9029e-05
0.000145259
0.000100186
0.000245718
0.000363047
0.00125303
0.000138063
0.000286614
0.00018629
0.000382172
0.000163437
0.000178252
0.000114618
0.000168937
0.00019217
0.000134998
0.000183914
0.000956727
0.000199725
0.000224397
0.000237529
0.000578691
0.000140428
0.00398379
0.000242119
9.24921e-05
0
0.000209026
0.000235141
5.34166e-05
0.000411405
0.000182846
0.000169647
0.000197435
1.2755e-05
0.000103104
9.08353e-05
0.000137142
4.51864e-05
4.59468e-05
8.28053e-05
0.000193851
0.000469368
0.000337333
0.0002068
1.31649e-05
6.83509e-05
6.1817e-05
0.000121626
0.000139228
0.000478046
0.000110987
0.000146531
8.3868e-05
0.000255333
0.000146395
0.000391287
0.000294969
8.7801e-05
5.10229e-05
3.77497e-05
0.000101072
9.69683e-05
0.000182144
0.000199581
0.000117547
0.000129794
0
0.000191098
6.92935e-05
7.75139e-05
0.000144111
5.65693e-05
8.35695e-05
0.00347991
4.82183e-05
0.000111775
5.18914e-05
0.000191192
0.000351085
0.000179012
0.000232599
0.000137457
1.72617e-05
1.80422e-05
3.8574e-05
0.00037449
0.000934714
5.01577e-05
1.51164e-05
0.00012394
0.000151614
0.000256673
0.00795151
0.000179929
8.67426e-05
0.000191419
0.000286602
0.000170827
0.000137793
0.000372525
7.5805e-05
0.000254195
7.26928e-05
0.000259648
0.000166949
0.000139029
6.61262e-05
0.000128876
9.62005e-05
0.000315968
5.42551e-05
0.00085458
0.00015287
4.06965e-05
3.34294e-05
6.34551e-05
0.000129076
0.000206278
0.000302713
0.000174642
0.000161061
0.00820509
0.000133799
8.11093e-05
0.000127151
0.00013297
8.69673e-05
0.000111704
0.000551834
7.91523e-05
0.000263305
0.000397332
0.000559017
0.000207965
0.000173637
0
6.39178e-05
7.22458e-05
0.00018383
5.99716e-05
0.000337841
5.98612e-05
0.000173038
0.000210194
0.000121353
5.0658e-05
0.000254981
7.8053e-05
0.000130596
0.000630847
0.000534664
8.73866e-05
8.11241e-05
0.000298639
9.99638e-05
0.000135831
0.000138067
9.11953e-05
9.16361e-05
5.55729e-05
6.65364e-05
0.000182371
0.000108522
8.31895e-05
0.00044112
0.000147474
0.000118159
0.000116168
4.83456e-05
8.46417e-05
0.000205645
9.1857e-05
0.000199841
6.80475e-05
0.000145553
0.000322528
7.81788e-05
0.000357892
7.74224e-05
0.000296061
0.000114347
0.000209265
8.20547e-05
9.3697e-05
0.000163045
4.88654e-05
9.92914e-05
0.000161769
0.000255755
9.97439e-05
0.000109663
0.000132693
0.000124905
0.000114922
0.000326825
0.000257366
0.000147446
8.08561e-05
0.000259859
0.000207172
0.000256247
3.92906e-05
0.00017065
3.66756e-05
0
0.000174601
4.52521e-05
2.11521e-05
0.000168014
4.56417e-05
0.000130528
0.00047874
0.000264058
7.82651e-05
0.000276011
0.000203499
0.000142615
0.000506174
0.000242254
0.000396356
0.000186873
0.000128995
0.000123594
9.93523e-05
0.000115351
0.000105592
0.000248389
0.000157258
0.000142739
0.000256342
0.000195237
0.000598504
8.38019e-05
0.000134964
0.000290977
9.6947e-05
9.86384e-05
0.00014738
0.000118674
0.000146357
4.74042e-05
0.00019537
0.000165182
1.67586e-05
5.03043e-05
0.000152754
9.32731e-05
0.000158264
0.000367742
3.10147e-05
0.000172984
9.78373e-05
0.000271454
0.000178395
5.17678e-05
8.75396e-05
5.80752e-05
0.000105108
9.69125e-05
8.29784e-05
0.000171478
0.000112135
0.000250777
9.766e-05
4.7955e-05
0.000363653
0.000346909
0.000192868
0.000207056
2.46231e-05
0.000255334
0.000806274
0.000211982
0.000101803
0.00063298
0.000351305
0.000107235
7.21417e-05
0.000134677
0.000109867
0
6.79284e-05
0.000225134
0.000470044
0.000136363
0.000188925
0.000124807
0.000590117
8.27717e-05
0.000250157
4.78792e-05
6.09944e-05
0.000136474
0.000163052
0.000108687
6.27925e-05
0.000270791
5.85564e-05
0.000122711
4.34743e-05
1.91993e-05
0.000181777
0.000607563
3.47263e-05
8.2631e-05
0.000169957
5.14639e-05
4.95078e-05
0.000500734
5.73312e-05
0.00010955
0.00036059
0.000319897
0
0.000686272
0.000304464
4.41587e-05
0.00029862
5.28759e-05
0.000222271
0.000164392
9.76836e-05
0.00024157
8.92163e-05
0.000166125
0.000209589
0.000107744
0.000200921
0.000154847
2.74731e-05
0.000188509
0.000180239
0.000154827
6.27562e-05
6.78764e-05
0.000193919
0.000133325
3.3095e-05
0.000124644
0.000224943
0.000222034
3.7466e-05
0.000255756
0.000242198
0.000217673
0.000205526
0.00013106
5.7123e-05
0.00011318
0.000136175
0.000763099
0.000117312
0.000107332
0.000278355
0.00121334
7.57247e-05
0.00025562
0.000148153
0.000172378
0.000197733
0.000118117
0.000236251
9.09971e-05
0.000274268
0.000109418
0.000169364
2.45521e-05
0.000728299
0.00033769
0.000110627
0.000109866
0.000306216
9.23198e-05
0.000134586
9.98546e-05
0.000105682
0.000278194
0.00040165
0.000160979
7.39454e-05
0.000238647
4.75045e-05
0.000278733
0.000163084
7.32775e-05
0.000124694
0.000257766
0.000363059
0.00037388
9.0302e-05
6.85468e-05
0.000163162
0.00022091
0.00015867
9.20168e-05
0.000278215
0.000123509
0.000150722
0.000160564
0.000116073
0.000165705
0.000120103
0.000202354
7.53561e-05
3.09964e-05
5.2734e-05
0.000344409
0.000113423
7.9715e-05
0.000120437
3.43321e-05
0.000977
0.000246947
3.84559e-05
0.00379004
0.000113768
0.00466519
0.000150562
0.000178334
0.000108497
0.000324126
0.000111369
2.52242e-05
0.000757904
1.17181e-05
8.12621e-05
1.12456e-05
9.01074e-05
0.000381264
5.91159e-05
0.00010369
0.000155303
8.44718e-05
0.000483942
4.99694e-05
0.000273622
5.82992e-05
1.90909e-05
5.42142e-05
0.000807001
3.35624e-05
0.00040855
0.000224873
0.000217315
0.000138016
0.000244567
2.48995e-05
0.000860102
4.12967e-05
0.000104413
5.99902e-05
0.000108381
0.000114076
0.000190301
9.99016e-05
0.000195917
0.000261381
0.000232674
0.000175671
9.29122e-05
0.000102791
0.000408302
0.000231667
0.000430206
1.44087e-05
0.000252951
0.000119543
0.000183183
0.000177091
0.00022626
0.000275532
0
4.05568e-05
6.45138e-05
0.000209581
0.000199295
0.000190301
0.000159149
0.00180026
0.000169585
0.000218731
0.000224047
0.00230729
0.000145964
0.000398084
0.000215289
5.20077e-05
0.000132705
0.000130446
0.000101255
0.000163128
0.00010803
0.00163512
0.000633619
0.000135993
0.00025535
9.49331e-05
0.00105606
0.000125187
0.000243748
7.63891e-05
0.000165956
0.000113627
9.493e-05
0.000155068
5.05208e-05
0.000324469
0.000216
0.000510614
0.000125948
8.24929e-05
0.000247392
0.000691552
3.12808e-05
0.000185147
1.55537e-05
0.00305283
0.000247891
2.63196e-05
0.000260978
0.000584166
0.000127317
0.000333725
0.00138158
0.000105852
0.000381943
5.93465e-05
0.000146007
0.000181155
7.50021e-05
4.90895e-05
0.00024501
0.000171609
0.000205653
0.000125552
0.000234083
9.87961e-05
0.00059087
7.43368e-05
8.78744e-05
0.000465143
0.000144056
7.86773e-05
0.000339634
7.72646e-05
6.23184e-05
3.45413e-05
0.000120899
0.000157345
0.000254991
0.000177802
9.80593e-06
0.000223547
0.000918622
5.2527e-05
0.00025649
0.000111715
0
7.30522e-05
0.000199966
0.000240214
0.000237717
0.000226649
0.000222239
0.000114847
0.000422379
9.35686e-05
0.000280532
6.58641e-05
0.000303471
0.000191644
0
0
0.000164453
7.31e-05
9.72465e-05
0.000202121
0.000284549
0.000364187
2.36132e-05
9.51796e-05
9.40986e-05
0.000157258
0.000142229
0.000335622
0.000225478
0.000149859
7.96747e-05
0.000181174
0.00022455
0.000202309
0.000205934
2.7028e-05
0.000102547
4.80803e-05
8.88405e-05
0.000329053
3.33206e-05
3.16917e-05
0.000743028
0.000142001
0.000248709
0.000135852
0.000195129
5.39962e-05
0.000144201
0.000115738
0.000147969
0.000554175
2.56269e-05
0.000233759
9.63717e-05
9.68739e-05
0.000304193
0.000319889
0.00010694
3.47341e-05
0.000472396
0.000253613
6.94541e-05
0.000212963
1.65744e-05
1.87023e-05
0.000368952
0.000492389
8.23074e-05
0.000735529
4.26396e-05
7.57318e-05
0
0.000352677
0.000107813
0.000147029
0.000232899
0.00013294
0.000209761
0.000424453
0.000154702
0.000158969
0.000119224
0.000335805
0.000112309
0.000170347
0.000396965
6.65951e-05
0.000137174
0.000213678
0.00019781
0.000138279
0.000110726
0.000496836
0.000198556
3.30389e-05
0.000232328
0.000651188
0.000598286
3.03344e-05
0.00022546
8.63151e-05
0.000252915
0.00017145
0.000201071
0.000155027
0.000279007
0.000279131
0.000187342
5.75545e-05
0.000311119
4.52861e-05
7.47571e-05
4.56624e-05
7.07216e-05
4.68283e-05
0.000104127
0.000251492
0.000118941
0.000592081
0.000255699
0
0.000140383
0.000149912
0.000145042
1.00144e-05
0.000153482
0.000637303
0.000312909
0.000315808
0.000251497
0.000241315
0.000172889
7.53493e-05
0.00010748
0.000218539
0.000135889
0.000183557
0.000297287
4.34926e-05
8.60963e-05
0.000144904
7.0467e-05
6.71732e-05
0.00010658
0.000124929
0.000530333
0.000538186
0.000158602
0.000169269
0.000271258
7.14592e-05
0.000248379
7.77062e-05
0.000173983
0.00053814
1.633e-05
0.00019505
0.00029384
0.000139025
0.000181283
0.000124578
0.000215919
0.00016093
0.000112055
0.00117253
0.000300179
0.000148613
0.000134769
0.000108215
0.000102794
0.000131513
0.000121762
0.000130423
0.000114832
0.000140125
0.000144334
2.43957e-05
7.91804e-05
0.000194757
0.000160814
0.000194553
0.000228685
9.20134e-05
0.000318327
0.00050393
2.37127e-05
0.000321959
9.91463e-05
0.000427474
0.000209666
6.7765e-05
0.00013432
0.000153017
0.000107852
0.000219548
0.000466257
0.000286367
6.2451e-05
0.000195124
5.15609e-05
0.000112107
7.36694e-05
0.000125485
3.15333e-05
0.000146825
0.000120972
0.000398793
0.000287356
8.06466e-05
0.000105739
0
0.000231531
0.00020128
0.000178761
0.000177901
5.18878e-05
2.27288e-06
0.000115773
0.00012655
2.46113e-05
0.000226225
6.87014e-05
0.000172825
3.61427e-05
9.62898e-05
9.82342e-05
0.000211514
7.16812e-05
5.25613e-05
0.00175841
0.00015777
7.73158e-05
0.000176409
0
3.43129e-05
0.000737386
0.000847905
0.000107057
0.00266811
5.09959e-05
3.47942e-05
0.000269822
7.02745e-05
0.000210565
0.000129564
0.000332159
0.000229606
0.000177449
0.000178212
0.000162334
8.54853e-05
6.78798e-05
0.000186679
0.000389877
5.9927e-05
0.000265224
0.000127
0.000455904
0.000148121
0.00020077
0.000150735
0.000301385
0.000165112
6.46306e-05
6.72803e-05
0.000129792
8.83649e-05
0.00014619
0.000567697
0.000270381
0.000234267
0.000329365
0.000175683
0.000237687
0.000137981
0.000211191
0.000686063
0.000259672
0.000115879
9.97457e-05
4.01816e-05
0.000222716
7.9378e-05
0.00023518
0.000111521
0.000219934
0.000132424
8.40412e-05
0.000136362
6.51627e-05
4.14115e-05
0.000160505
2.21588e-05
0.000174923
0.0001897
0.000288293
0.000210414
0.00080003
0.000168023
9.78109e-05
0.000342074
0.000130971
0.000166908
0.000202894
0.000952353
0.000185825
0.000248707
0.000118478
1.14761e-05
0.000191705
0.000131415
0.000207539
7.80854e-05
0.000416634
0.000212301
3.98314e-05
0.000367243
0.000177103
8.00208e-05
0.000144633
0.00011043
9.83179e-05
0.000206746
0.0013912
0.000133387
9.11084e-05
1.47068e-05
0.00022363
0.000153352
0.00120994
2.52369e-05
0.0001211
7.58505e-05
4.10993e-05
0.000173219
0.000147632
0.000217187
0.000159919
0.000160523
5.26554e-05
0.000286317
0.000201426
0.000215334
0.000180895
7.77519e-05
0.000103552
0.00027738
0.000285138
0.000117321
3.90671e-05
0.000108867
7.98e-05
4.52412e-05
3.85692e-05
0.000248953
0.00016362
0.000268453
0.000295823
7.17429e-05
0.000177683
0.000241817
0.00435352
0.000324859
0.000147877
0.000285612
0.00047712
0.0001455
8.61706e-05
0.00013867
0.00068719
0.00018254
0.000239635
0.000151092
0.000231976
0.000155764
0.000147122
4.47038e-05
0.000114137
3.99313e-05
0.000108882
0.000140937
0.000336695
0.000109877
6.90068e-05
7.0706e-05
0.000143447
0.000176087
0.00020523
0.000118658
0.000134312
0.000231222
0.000566978
0.000135582
0.000304517
0.000128952
0.000312973
8.18981e-05
0.000243181
0.000262653
0.000147051
4.04853e-05
0.000548952
0.000563067
0.000157017
0.000371728
0.000106232
9.421e-05
0.000196763
0.000149588
9.25645e-05
8.89034e-05
0.000975108
6.98486e-05
6.89041e-05
0.00053416
0.000101935
8.96524e-05
0.000191999
0.000417025
4.63244e-05
0.000321464
7.06918e-05
0.000303895
0.000174492
0.000115205
5.23568e-05
0.000231031
0.000155105
6.95917e-05
0.000121624
9.31957e-05
0.000161103
3.43074e-05
0.00017542
9.76292e-05
0.000155204
0.000115097
0.000138242
0.000172593
0.000517097
6.53027e-05
0.000108341
0.000161545
0.000105362
0.000164924
0.000365056
0.000213471
0.00011702
0.000508072
0.00026815
0.00016179
2.99085e-05
5.6008e-05
0.000118242
0.000386964
6.24116e-05
6.42245e-05
9.70027e-05
7.39733e-05
0.000102412
0.000105146
5.45874e-05
0.000101228
9.10764e-05
0.000648687
5.9154e-05
0.000779952
0.00016887
0.000101786
0.000162298
0.000109375
0.000171907
5.83429e-05
0.000226721
0.000181947
0.000621229
0.000257846
5.83462e-05
0.000491254
0.000116324
0.00017782
0.00013726
6.95974e-05
2.87824e-05
0.000432401
8.96084e-05
0.000263592
0.000180387
7.3688e-05
4.21938e-05
0.000154582
5.38291e-05
0.00025279
0
0.000292704
0.00175419
9.59997e-05
8.811e-05
0.000158784
0.000135652
0.00409632
0.000222317
2.02712e-05
0.000123726
0.000123319
3.68905e-05
8.23809e-05
0.000166302
0.000313327
0.000380367
2.06858e-05
0
5.50774e-05
0.000137324
0.000263971
4.90807e-05
7.73219e-05
0.000159781
0.000124236
0.000583536
0.000326665
0.000260256
0.000120521
0.000176346
0.000291275
0.000154078
0.000267642
2.58601e-05
6.16928e-05
0.000170447
4.61244e-05
0.000145163
0.000268166
0.000304645
7.77062e-05
0.000219939
0.0010892
0.000100227
0.000159673
7.61704e-05
0.00131785
0.000328736
0.000127363
0.000182085
0.000404678
7.96596e-05
0.000265047
3.8189e-05
0.000156895
0.00013772
0.000164033
8.3731e-05
0.000289095
9.75581e-05
0.00010894
0.000147772
0.000187273
9.76685e-05
0.000320285
4.97842e-05
0.000203749
7.05345e-05
6.3482e-05
0.000211318
0.000152893
4.15669e-05
0.000254346
0.00043231
0.000265088
0.000369517
0.000283558
4.29347e-05
3.0989e-05
0.000106445
0.000203945
6.56773e-05
0.000272516
0.000163534
7.52765e-05
0.000113041
0.000153
0.000119878
0.00023067
3.24469e-05
0.000253362
0.000205184
0.000239688
2.68392e-05
9.48677e-05
0.000214326
6.89032e-05
0.000167577
3.92989e-05
0.000162725
0.000172027
0.000122733
0.000314411
0.000332183
8.73807e-05
0.000204084
7.12094e-05
0.000275511
0.000162374
0.000273408
0.000169451
0.000209765
3.91493e-05
0.000212453
0.000128382
0.000328353
7.96407e-05
0.000252708
8.86551e-05
0.000101516
4.15969e-05
0.00010749
0.000978386
0.000197481
0.000100382
0.000141821
0.000255581
0.000200952
0
0.000120604
0.000104549
0.000338701
0.000114693
5.47335e-05
0.000192251
0.000221329
0.000322572
0.000222047
0.000466706
3.16718e-05
0.000182314
7.03959e-05
0.00251299
0.000182329
0.000292274
0.0017451
0.000125746
0.000229729
0.000115591
0.000142124
0.000260865
0.000147936
0.000123958
0.00030547
0.00204929
7.08133e-05
2.86218e-05
8.51235e-05
0.000303083
0.000121485
0.000150159
0.00015169
0.000121205
6.8793e-05
0.000152627
0.000144394
3.40811e-05
0.000180081
0.000878125
0.000342519
0.000352429
0.00178997
0.000107625
0.00025594
4.24614e-05
1.87526e-05
0.000239197
0.000397092
7.61793e-05
0.000142876
0.0003053
0.000177691
0.00020549
0.000178397
6.40087e-05
0.000171053
0.000338972
0.000569867
0.000104561
0.000422111
0.000247418
0.000135341
8.86357e-05
8.19514e-05
0.000177567
0.000154722
0.000173376
2.41783e-05
0.000481223
5.32872e-05
3.28856e-05
0.000214069
0.000175585
0.000528126
0.000479807
5.64633e-05
0.000172192
0.000122446
0.000163571
6.92347e-05
8.11488e-05
8.10339e-05
4.55114e-05
0.000119503
0.00032403
0.00015907
0.00054938
6.61842e-05
0.000235389
5.25682e-05
0.000213077
0.00015634
0.000261178
0.00131877
8.77671e-05
3.14398e-05
0.00013286
4.73527e-05
0.000166042
0.000193163
0.000200722
0.00019623
0.000174106
6.90984e-05
5.89776e-05
0.000222741
0.000149758
6.90276e-05
5.41426e-05
0.000148227
5.22198e-05
4.48213e-05
0.000179341
5.04152e-05
0.000174753
3.0842e-05
9.67814e-05
7.66636e-05
0.000185305
0
0.000110088
0.000203579
9.02881e-05
0
0.000179579
0.000104734
7.56561e-05
7.15903e-05
0.00038056
4.93653e-05
0.000123142
0.000174902
6.75299e-05
0.000256095
1.23071e-05
0.000248975
5.24812e-06
3.85772e-05
0.00113984
0.000170366
0.000233261
0.000150839
0.000122627
8.85493e-05
7.35099e-05
0.000148261
0.000439385
0.000174393
0.000189625
8.35603e-05
0
0.000144089
0.000145791
0.000185348
0.000191939
0.000147873
4.68673e-05
8.23627e-05
0.000146553
0
9.43521e-05
4.89748e-05
0.00011254
0.000367326
4.27276e-05
1.15857e-05
5.70438e-05
0.000344992
0.000308055
5.27985e-05
9.1608e-05
3.63036e-05
0.000218221
0.000803167
0.000139035
8.06721e-05
0.000184637
0.00988448
0.000161385
3.17537e-05
0.000215974
0.000269782
0.000155642
0.000280011
0.00013202
8.5724e-05
0.000179876
0.000369648
0.000322787
0.000192925
0.000146195
0.000185874
0.00010464
0.000274342
5.29611e-05
0.000130311
0.00032296
0.000108952
0.000192515
0.000160334
0.000439513
0.000218453
9.0565e-05
2.64688e-05
1.62661e-05
0.000253584
0.000200553
0.000352273
3.05734e-05
0.000793712
4.7419e-05
0.000283615
0.000435682
0.00010172
0.000102854
0.000202
0.00022196
0.000235373
3.62281e-05
0.000247084
0.000104427
0.000192312
5.17312e-05
0.000256438
0.000131556
1.92154e-06
9.19405e-05
0.000186093
0.000250139
0.000417364
0.000177339
0.000100069
0.000144612
0.000164602
8.70965e-05
0.000204592
0.000131947
0.000194559
0.000350747
8.92688e-05
6.88833e-05
0.000326384
0.000153195
0.000103753
0.000177033
7.88009e-05
9.07426e-05
0.000269783
0.000181455
4.78878e-05
0.00016039
0.000237472
0.000149189
0.000105587
4.84038e-05
0.000540822
0.000409804
9.00428e-05
0.000246397
0.000428738
0.00105252
0.000154077
0.000102066
4.91529e-05
0.000316006
0.000406034
1.27055e-05
0.000130113
2.91318e-05
0.000233074
0.000837007
0.00021699
0.000690205
0.00013925
3.61841e-05
0.000115828
0.000166937
0.000112966
1.69631e-05
6.29899e-05
3.0079e-05
0.000200888
0.000307879
0.000209464
0.000349933
7.36148e-05
9.89566e-05
0.000125148
4.04008e-05
0.00573854
0.000176324
4.13817e-05
0.000247812
0.00011722
7.61125e-05
0.000282244
7.32536e-05
8.27927e-05
1.99043e-05
0.00012553
0.000133181
0.000292346
0.000215808
0.000103625
4.39168e-05
0.000143299
0.000160026
0.000134342
0.000130643
0.000236521
0.000145605
0.000149425
0.000382278
0.000605855
0.00298436
5.1337e-05
8.85506e-05
0
0.000215603
4.01382e-05
0.00130293
0.000148289
0.000148935
1.79943e-06
0.000112527
0.000264515
0.000242792
4.3719e-05
0.000154638
0.000127301
8.72309e-05
0.000189726
0.000123774
0.000130542
0.000179391
0.000147
0.000277301
0.00116345
3.61e-05
0.000160905
0.000150939
0.000141829
0.000317203
0.000176415
0.000518533
9.69643e-05
0.000153779
0.000177151
0.000101655
0.000129339
0.000234928
6.22145e-05
0.000174583
0.000283452
0.000173568
0.000279006
0.000130167
0.000414608
0.000335593
4.83346e-05
0.000230422
0.00025164
0.000424865
6.6541e-05
0.000209853
6.10232e-05
0.000912007
4.8403e-05
0.00026477
0.000131205
0.000122276
4.52711e-05
0.000239122
0.000209301
0.00091636
0.000169039
0.000496181
8.00914e-05
0.00025527
0.000200161
0.000149741
0.00142183
0
0.000178192
0.000145264
0.000159509
0.000208943
2.81009e-05
0.000108878
0.0017799
4.35435e-05
0.000119891
0.000120903
0.000278735
0.000125571
0.00110236
0.000135978
0.0003224
0.000155807
0.000367415
0.000129392
6.45138e-05
4.5443e-05
0.000105969
8.53544e-05
0.000111246
9.30643e-05
0.000144603
0.000557064
0.000298424
0.000640791
0.000156894
0.000139095
8.74176e-05
0.000145304
0.000220515
0.000187893
0.000237606
6.74164e-05
0.000312572
8.84867e-05
0.000114327
0.00146557
0.000442051
6.56481e-05
0.000209875
0.000111022
9.49952e-05
0.00010527
0.000273224
0.000220955
8.5106e-05
0.00012711
6.90544e-05
0.00019502
9.37736e-05
3.32149e-05
0.000189026
0.000157019
0.000211797
0.000118124
9.30162e-05
0.000102163
0.000130119
0.000105145
0.000113725
6.04152e-05
0.00022242
0.000105506
0.00287576
4.20883e-05
0.000143339
4.94718e-05
0.000172297
0.000195156
0.000149124
0.000109447
0.000355547
0.000167664
4.2688e-05
2.60774e-05
5.19392e-05
0.000104955
0.00142506
0.000137668
0.000141833
1.29799e-05
9.73392e-06
8.49009e-05
0.000197028
0.000304781
0.000156501
5.22738e-05
7.35375e-05
0.000206328
0.000271768
0.000168994
0.000317993
5.87476e-05
0.000104564
0.000274221
0.000376626
0.000140801
2.15925e-05
0.000238741
4.55494e-05
0.00013296
0.00137839
0.000160715
0.000219766
5.71448e-05
0.000213383
0.000147052
7.8238e-05
0.000166307
0.000466309
5.3837e-05
3.36702e-05
0.000176153
0.000357054
0.000171086
1.20362e-05
4.03827e-05
7.67623e-05
0.000238716
0.00045968
0.000142729
0.0019833
9.34188e-05
0.000338717
7.58172e-05
0.000215104
0.000154118
0.000187712
0.000181855
0.000204753
0.00010385
9.90014e-05
7.28712e-05
0.000233913
0.000257524
0.000366289
0.000138121
0.000198713
7.68702e-05
0.000157887
0.000166062
0.000115152
0.000288131
4.395e-05
0.000235836
7.79477e-05
5.51789e-05
0.00011683
0.000149471
9.27194e-05
3.54211e-05
0.000209067
4.67719e-05
0.000199202
0.000330223
0.000129528
0.000157328
4.65498e-05
0.000221629
0.000111463
0.000169341
0.000121977
0.000177873
0.000112877
0.000387061
9.85823e-05
2.45607e-05
0.000244759
0.000100875
0.00017462
8.29894e-05
7.57054e-05
8.32955e-05
4.76672e-05
6.12214e-05
9.43698e-05
0.000189942
0.000143941
3.98929e-05
0.000206313
0.000267231
0.000124378
0.000158857
1.13584e-05
3.84266e-05
0.011902
9.38297e-05
5.19044e-05
0.000292024
5.73005e-05
0.000127063
0.000322129
9.32629e-05
0.000219723
0.000296214
0.000256973
0.000216327
9.68914e-05
0.000137332
6.27602e-05
0.000564357
0.000136683
0.000138201
0.000287294
0.000155137
0.000160905
0.000122471
0.000330436
4.90864e-05
0.000184945
0.000312739
0.000163274
0.000198047
0.000146502
0.00017879
0.000185863
6.77056e-05
0.000113254
0.000135809
0.000644299
1.86148e-05
6.41575e-05
4.07739e-05
0.000124914
2.96506e-05
0.000103482
5.72596e-05
0.000266621
6.85371e-05
0.000279754
2.91205e-05
0.000124521
0.000606816
3.11709e-05
0.000239273
0.000143266
0.000507303
0.000128589
6.76881e-05
0.000943329
0.000164955
0.000185715
6.75632e-05
8.00437e-05
4.39623e-05
9.47573e-05
0.000197316
0.000176197
5.00847e-05
0.000261633
0.000276002
0.000199712
0.00096735
0
7.91588e-05
0.000569878
0.000188007
5.88181e-05
6.08769e-05
0.00013021
0.000197673
0.000149994
2.59275e-05
0.000138215
0.000267967
0.000214334
0.000291699
0.000170531
7.22429e-05
0.000435556
0.000204425
0.000255877
0.000411307
0.000124446
0.000281787
1.19772e-05
0.000122788
0.00015829
8.02455e-05
0.000195334
7.48271e-05
8.39172e-05
0.000158736
0.000125087
0.000885585
0.000517827
6.05393e-05
0.000223621
0.000216756
3.04909e-05
0.000123529
6.83262e-05
0.000207498
0.000150229
0.000326781
0.000115217
0.000104327
0.000114089
2.4825e-05
4.02609e-05
0.00044929
9.11562e-05
0.000149606
6.40323e-05
0.000182958
0.000185864
0.000221944
0.104888
0.00105269
4.13111e-05
0.000120568
0.000142809
0.000171614
2.66102e-05
0.000227467
0.000154047
6.462e-05
0.000280035
0.000189037
7.06473e-05
4.06226e-05
0
0.000427562
0.00013736
0.00037567
0.000131013
3.05427e-05
0.00020921
8.58643e-05
7.62683e-05
0.00030334
7.11517e-05
8.85755e-05
0.000192894
0.000207078
4.66562e-05
6.64637e-05
0.00020035
0.000196061
0.000174195
0.000153104
0.000187202
3.64797e-05
0.000178972
0.000135884
0.000172542
0.000104651
0.000183963
0.000211452
0.000216695
0.000176661
3.83478e-05
0.000149438
0.000599391
0.000157512
0.000201227
0.000208876
8.3662e-05
9.57663e-05
9.92937e-05
4.05656e-05
0.000122734
0.000304621
0.000313817
0.000132398
3.56966e-05
0.000161182
0.000230239
0.000134149
0.000158463
0.000123394
3.25217e-05
0.000208742
7.68451e-05
0.000252241
4.43532e-05
6.90225e-05
5.61263e-05
0.000162825
0.00163037
8.61208e-05
0.000203062
0.0005474
6.71597e-05
5.21599e-05
0.000149558
0.000218889
0.000242045
0.000168516
5.63165e-05
7.36219e-05
8.79824e-05
0.000135749
7.98564e-05
0.000145847
0.00129605
0.000483117
0.000330165
5.1286e-05
4.44368e-05
0.000471063
0.000322336
5.65446e-05
0.000125347
0.000233464
0.000383158
2.82503e-05
8.30734e-05
0.000135721
0.000265022
0.00151821
0.000195366
0.000367028
0.000215667
0.0012208
0
9.83036e-05
0
0.000179787
0.000146234
0.000177272
0.000153989
0
0.000355012
0.00013098
0.00021039
0.000135852
9.88491e-05
2.38738e-05
9.68546e-05
2.8382e-05
7.79729e-05
0.000243598
7.52267e-05
3.831e-05
5.8419e-05
0.000112175
9.0309e-05
9.826e-05
2.80439e-05
6.59081e-05
7.35069e-05
8.9343e-05
0.000435922
0.000219782
0.000164443
0.000664665
8.391e-05
0.000199115
0.000294258
0.000150008
0.000190482
0.000219328
0.000336659
0.000224296
0.000125592
0.105656
0.000268584
0.00015178
0.000178718
0.000197463
2.80178e-05
0.000228642
0.00018016
0.000173417
0.000110748
0.00146671
5.51595e-05
0.000203398
0.000254552
9.54513e-05
8.84996e-05
0.00164971
0.000180743
9.28791e-05
6.88727e-05
0.000776502
3.11292e-05
0.000182743
0.00022566
0.00032223
0.000303034
6.40874e-05
0.000262881
0.000197917
8.7433e-05
0.000168234
8.33713e-05
0.000133027
0.000144297
0.000125879
0.000186694
0.00016514
7.26341e-05
0.000654819
1.20543e-05
0.000208155
0.000200067
0.000120287
0.000423623
0.000232746
0.000628862
9.65311e-05
0.0168353
8.6916e-05
0.000158175
0.000280755
0.000475258
0.000111495
0.000102557
0.000378089
8.32659e-05
0.00010892
0.000125977
0.00021093
0.000516529
0.000194729
0.000274406
0.00011533
0.000154102
6.19934e-05
0.000241965
0.000104074
0.000276457
0.00104045
0.000116837
0.000113565
0.000206838
0.000104682
9.66329e-05
0.000154868
0.000337316
0.00011101
0.000220034
0.000241501
0.000281776
0.000150297
0.000316724
0.000138992
0.000157972
7.94e-05
8.17541e-05
4.61465e-05
0.000122255
0.00398943
9.36397e-05
0.000144286
7.17245e-05
9.654e-05
7.00315e-05
0.000214091
5.19124e-05
0.000105035
0.000275474
0.000109342
0.00024409
0.000157729
0.000324218
0.000116252
5.45393e-05
0.00219953
6.45273e-05
7.05175e-05
0.000394621
0.00110268
0.000199385
0.000464056
0.000170413
0.000111328
0.000112798
9.73512e-05
0.000181261
0.000256931
0.0001106
0.000169658
3.7998e-05
0.00043044
0.00155496
0.000108984
0.000269484
0.000287243
0.000198137
0.000190808
0.000188364
0.000126766
2.21341e-05
0.000232942
0.000845664
3.78506e-06
0.000262537
0.000186576
0.000107685
0.000196526
0.000168256
0.000727099
0.000206132
0.00057246
0.000103809
0.000289898
0.000422707
5.48201e-05
0.000204096
0.00020152
0.000207634
0.000360397
6.93679e-05
7.20856e-05
0.000259118
7.31227e-05
7.78076e-05
0.000216163
0.00052772
0.00015211
0.000222153
0.000807569
7.06224e-05
0.000459517
8.30371e-05
0.000174402
0.000245768
0.000108958
4.47387e-05
0.000193601
0.00973013
0.000102252
5.84675e-05
6.9983e-05
1.37137e-05
8.31694e-05
0.000124273
0.00041204
9.83718e-05
4.75275e-05
4.91131e-05
0.000105298
0.000315491
0.000102292
0.000167332
0.000151637
0.000330893
0.000176763
0.000257094
0.000184158
0.000833858
5.5248e-05
0.000155261
0.000174953
8.18977e-05
0.000472548
0.000249959
0.000115698
0.000202908
4.24413e-05
5.07276e-05
3.51305e-05
4.61608e-05
0.000189017
0.000240768
6.05846e-05
0.000361497
0.000107803
0.000124569
6.27523e-05
3.17364e-05
0.000124644
3.6967e-05
0.000232044
0.000117687
0.000319036
8.68587e-05
0.000349713
0.000355476
0.000298509
0.000415299
0.000432344
0.000148285
0.000311954
0.000173332
0.000116542
0.000136661
7.19694e-05
7.64671e-05
0.000116312
5.37978e-05
0.00023814
0.000447103
1.60523e-06
0.000121873
5.6683e-05
0.000194855
0.000360497
6.94362e-05
0.00139699
0.000236741
7.41286e-05
0.000123768
0.000143729
0.000205967
3.90237e-05
0.000216479
9.62815e-05
0.000386326
0.000153339
0.000177968
0.000140074
0.000252413
5.27461e-05
1.58988e-05
0.000204108
0.000202388
0.000128901
3.91801e-05
0.000167824
0.000822549
1.93133e-05
0.000177697
8.76483e-05
7.86378e-05
0.000228529
7.37035e-05
5.34326e-05
0.000200754
4.27947e-05
9.61526e-05
0.000233402
0.000323234
0.000108131
0.000399178
0.000243193
8.0277e-05
0.000113213
0.000180555
3.66586e-05
0.000357295
0.000118816
0.000194693
0.000710523
0.00017986
0.000168148
0.000257043
2.62328e-05
9.63587e-05
0.000156742
0.000140841
0.000126921
7.48471e-05
0.00018329
0.000104443
3.94489e-05
0.000238681
0.000162315
0.000164744
5.62176e-05
0.000158818
0.0008225
0.000337679
0.000143676
5.78843e-05
0.000114619
0.000146502
0.000174481
0.00079339
0.000203213
4.54729e-05
0.00137839
0.000376499
3.24511e-05
0.000312185
9.60439e-05
0.00076303
5.97646e-05
0.000223073
0.000260635
0.000131668
2.78037e-05
0.00033989
0.000208191
0.000115941
9.04465e-05
0.000406121
4.66894e-05
6.23724e-05
0
3.7507e-05
3.70512e-05
5.54642e-05
0.00022729
6.55457e-05
0.000116949
0.000917305
0.000115375
0.000172185
0.000192289
0.000152242
2.18528e-05
0.000184277
0
0.000227961
0.000420062
2.52612e-05
0.00011452
5.30271e-05
0.00100507
5.15104e-05
0.00106203
2.83128e-05
0.000136629
6.86095e-05
1.55079e-05
0.000325989
7.31499e-05
5.10298e-05
9.31209e-05
9.04671e-05
9.09502e-05
0.000207638
0.000270667
0.000122885
0.000454563
0.000506273
9.58396e-05
9.50753e-05
0.000476236
0.00011963
5.99822e-05
5.47931e-05
0.00011648
0.000137203
0.000270306
9.31079e-05
6.10237e-05
0.000243562
0.000116681
0.00013342
0.000127372
7.30238e-05
0.000245269
9.59962e-05
0.000250195
2.98388e-05
0.000820903
0.000168592
0.000123243
3.90859e-05
0.00013345
0.000164319
3.38631e-05
0.000100219
0.00694019
0.000458532
7.17624e-05
0.000154645
0.000329129
8.59295e-05
0.000251955
0.000500206
9.56907e-05
0.000263283
0.000158617
0.000113198
0.000109666
0.00023936
0.000448051
0.000142495
9.66694e-05
6.59455e-05
0.000859549
0.00025066
0.000300118
0.000275027
0.000189361
0.000109819
0.000495865
0.000197634
0.00022913
8.39975e-05
6.05598e-05
4.85229e-05
5.05096e-05
0.000243906
0.000157954
0.000116564
0.000188886
0.000228756
0.00034422
0.000228858
0.00071434
0.000100775
0.000108908
0.00032984
0.000287746
0.0167717
0.000355534
0.00015328
0.000247822
0.000210583
0.000190936
0.00126057
5.9002e-05
3.90216e-05
6.69294e-05
0.000281837
0.000427245
3.94988e-05
4.38544e-05
0.000124646
5.42276e-05
0.000400311
0.00010565
2.57282e-05
0.000102895
0.000152782
0.000110971
0.000316248
0.000185293
0.000201438
0.000188227
5.81338e-05
6.8487e-05
9.31123e-05
4.91496e-05
0.000164471
4.94749e-05
0.000129372
0.000137564
0.00035211
0.000126163
0.000183753
0.000125971
0.000185545
4.21327e-05
0.000216295
0.000212621
0.00028868
0.000206739
6.6344e-05
0.000489422
0.000138924
0.000179733
0.000127597
0.000203034
0.000112217
0.000105481
0.000143859
0.000162409
9.36751e-05
0.000179787
0.000374853
1.35342e-05
0.00137296
0.000291557
8.90184e-05
0.000150343
0.0013092
6.38155e-05
5.91925e-05
4.17765e-05
0.000258852
0.000286779
0.000663091
9.53471e-05
0.00105488
7.7194e-05
0.000273727
0.000204206
0.000107831
0
8.36794e-05
0.000212872
0.000665153
0.000109828
5.07862e-05
8.62486e-05
0.000144187
3.17122e-05
0.000252334
9.18637e-05
0.000125481
6.93806e-05
0.00027827
4.75648e-05
0.000716513
0.000264858
3.39041e-05
0
0.000245
1.6054e-05
0.00016445
0.000114945
1.4841e-05
0.000544414
4.23896e-05
8.9759e-05
0.000180007
0.000227552
4.2893e-05
0.000209164
0.000440811
2.68944e-05
0.000156923
0.000108247
9.03819e-05
1.87124e-05
7.81015e-05
0.00042449
8.28198e-05
0.00013584
0.000151972
0.000160967
0.000118767
0.000233964
0.00012308
8.528e-06
0.000140404
0.000131207
0.000177168
0.000167053
0.000191
0.000184629
0.000104475
0.000174848
0.000255033
0.000174438
0.000280139
0.000139755
5.45111e-05
0.000298253
0.00354394
0.000111446
4.16032e-05
0.000252245
6.67645e-05
6.69902e-05
0.000201205
0.000252823
0.000146507
0.000132847
0.00010477
4.77256e-05
0.000245686
9.63899e-05
9.20199e-05
0.000239078
8.54691e-05
0.000221319
0.000214029
0.000461506
0.000147255
0.00125015
0.00281963
3.23132e-05
2.97574e-05
0.000256029
3.16233e-05
0.000136302
8.79632e-05
0.000208085
9.61107e-05
6.00892e-05
0.00015072
0.000127847
0.000212681
7.64051e-05
0.000131328
0.000171016
0.00105142
5.52408e-05
0.00106586
0.0259556
0.000509527
0.000174244
0.000147492
0.000126088
0.000253318
0.000248329
0.000112777
0.000100455
9.70402e-05
4.11491e-05
0.000219236
0.000134178
0.000161053
0.000404956
2.36652e-05
0.000122655
8.89542e-05
1.04325e-05
0.000199185
0.000181044
0.000171426
8.20553e-05
0.000141325
1.81053e-05
0.000242226
4.6711e-05
0.000457993
0.000123138
0.00034158
1.30238e-05
0.000248922
0.000176089
9.15718e-05
6.37488e-05
0.000168628
8.01532e-05
0.00032437
0.000122687
0.000622852
0.000150504
0.000295784
0.000279173
0.000275517
0.000259328
1.72076e-05
0.000207455
0.000279193
9.70891e-05
2.30033e-05
0.000122805
0.000218912
0.000286745
0.000228349
0.000118981
0.00014223
7.70851e-05
0.000182095
0.000108404
9.54662e-05
3.04128e-05
0.000240233
3.89202e-05
4.39089e-05
0.000203317
6.74152e-05
0.000256007
0.00016858
0.000115523
0.000100055
0.000160258
0.000500084
0.000366241
7.17889e-05
0.000237098
0.000287824
0.000206109
0.00030524
0.000222255
0.000110121
0.000177913
5.64945e-05
0.000333481
8.99234e-05
1.38394e-05
0.00012849
0.000129341
0.000681919
0.000121314
0.000119966
0.000214187
7.13984e-05
7.54124e-05
0.000174531
0.000394541
0.000200581
0.000662014
0.000181603
3.04756e-05
0.000146439
0.000244497
4.66756e-05
0.000162628
0.000127551
0.000144449
0.000385848
0.000201253
0.000184918
0.000329933
3.86694e-05
0.000253515
0.000380405
0.000246816
0.000136218
0.000103445
0.000256636
7.88858e-05
0.000113018
0.00011386
0.000101636
4.25243e-05
0.000123467
3.90305e-05
0.000889497
4.74282e-05
0.000132556
0.000271511
9.17587e-05
0.000186842
0.000187613
3.61542e-05
0.000176356
1.78055e-05
0.000167013
0.000146754
0.00253987
0.000285877
0
0.000175457
0.000300595
0.000137758
0.000190689
6.51789e-05
0.000153818
0.000110178
0.000222067
0.000117105
5.04869e-05
0.000385493
7.1997e-05
0.000421548
0.000223273
6.95139e-05
0.000411282
0.000410211
7.92091e-05
0.000233933
0.000397317
0.000263676
0.000187011
0.000111231
0.000175117
0.00014719
0.000581223
0.000151735
0.00011574
0.000294402
0.000186192
7.81512e-05
0.00015468
0.000193811
6.1769e-05
0.00269603
7.05824e-05
7.69472e-05
0.000282741
0.000162655
0.000535629
3.28451e-05
0
0.000119306
0.000110873
0.000171583
0.000169097
0.000246823
0.000227321
0.000178231
0.000108907
0.000209708
0.000129583
8.9121e-05
2.34441e-05
0.000122635
0.000143401
0.000150401
0.000158373
0.000918156
2.19675e-05
0.000123219
0.000339896
9.48186e-05
0.000143598
0.000368408
0.000180326
0.00034299
2.48887e-05
0.0004969
0.000188516
0.000277522
0.000407781
8.9553e-05
0.000154201
7.72396e-05
0.000118185
0.000152045
0.000232607
1.13062e-05
0.00017847
1.41227e-05
0.000240973
6.42732e-05
0.000280847
0.000111965
0.000156691
0.000327792
8.44563e-05
5.12075e-05
7.59624e-05
0.000543982
0.000146992
6.30797e-05
0.000136139
0.000186221
0.000347636
0.0020511
0.00027632
0.000129834
8.54369e-05
0.000128793
0.000235168
0.000102025
0.000406195
0.000155112
0.000323782
7.54441e-05
4.62245e-05
0.000190903
5.98344e-05
8.04952e-05
0.00018192
0.000131656
0.000583421
0.000214362
0.000129316
0.000507245
0.00015509
0.000406591
9.97076e-05
0.000527756
0.000139595
6.5562e-05
8.89026e-05
0.000148524
0.000225873
0.000198074
0.000395982
0.000199424
0.000285533
7.86903e-05
5.43644e-05
1.15002e-05
7.51485e-05
0.00012273
0.000403933
2.30122e-05
0.00017266
0.000131856
3.83873e-05
0.000147866
0.000226591
5.47339e-05
5.73305e-05
0.000210122
7.60816e-05
0.000119726
0.000108175
0.000100105
0.000222053
4.05608e-05
3.91482e-05
0.000191034
0.000119597
0.000201644
7.15473e-05
0.000217688
0.00031712
0.000239062
0.00015829
0.000285908
0.000172027
0.000159737
0.000195193
0.000154091
8.8334e-05
0.000110883
5.8516e-06
0.000113031
0.000176454
8.39664e-05
5.08087e-05
0.000209947
0.000150843
0.000193132
7.50495e-05
0.000584859
6.08627e-05
0.000344841
1.50861e-05
3.6748e-05
8.87024e-05
0.000280914
0.000748483
0.000183699
0.00010898
0.000331146
0.000794854
0.000113306
0.00015171
0.00122065
8.77536e-05
4.65399e-05
0.000155651
2.95664e-05
0.000242817
0.000431197
6.97325e-05
0.000191696
0.000524827
0.00031604
0.000149082
0.000154235
0.000102123
0.000145671
0.000203996
0.000132341
0.000116219
0.000228518
0.000336401
5.90157e-05
8.92606e-05
5.13941e-05
7.19631e-05
0.000172161
5.32649e-05
0.000215392
0.000134857
9.75522e-05
0.000680402
0.00013795
0.00027284
7.29935e-05
0.000172601
1.2605e-05
0.000186701
0.000110039
0.000132035
6.84285e-05
0.000179179
0.000250758
5.2305e-05
0.000521196
0.000235383
0.000265286
0.000346349
0.000271252
5.10148e-06
0.000102761
0.000288981
0.000137787
0.000139943
0.000188096
0.00010632
0.000170872
3.32354e-05
6.93329e-05
0.00018407
0.000121386
0.000107074
0.0004539
0.000182873
0.000103772
0.000612182
4.4304e-05
0.00028808
0.000138094
0.000861696
0.000177508
0.000166681
0.000467413
0.000164239
0.000413554
0.000125993
0.000296628
0.000298729
0.000416931
0.000175636
0.000197183
9.63847e-05
0.000196059
0
7.62837e-05
0.000244089
0.000162701
0.000995419
8.1097e-05
9.82835e-05
0.000408147
0.000379017
0.000673473
0.000180753
0.00109393
0.000403857
0.000165003
0.000169585
8.9668e-05
0.000161693
0.000140225
0.000827731
0.0002871
0.000120524
0.000226265
0.000613125
0.000238379
0.000143615
9.59502e-05
0.000130692
0.000115007
0.000133176
0.000145399
0.000219568
5.09543e-05
0.000857564
3.92705e-05
0.000153344
2.3417e-05
0.000144352
7.07298e-05
0.000124839
0.000163736
1.22674e-05
0.000198001
0.000259243
0.000184361
9.16627e-05
0.000150747
0.000285409
5.41291e-05
0.000201354
0.000212786
3.42605e-05
1.61922e-05
0.000186317
8.4463e-05
0.00043098
0.00061667
9.48199e-05
9.75722e-05
0.00148957
0
0.000195988
8.41306e-06
0.000458467
0.00030106
7.8174e-05
0.000126882
0.00041115
7.26334e-05
0.000142764
1.20566e-05
0.000379886
0.000795978
6.64949e-05
0.000269425
0.000507228
0.000116307
0.000536067
0.000261227
0.000100104
0.000103246
0.000127663
0.000142986
0.000544447
3.49441e-05
0.000223872
0.000216128
0.000154256
0.000175243
0.000272479
0.000534071
1.00391e-05
9.88018e-05
0.000159278
0.000275192
0.000507078
0.000753822
8.81258e-05
4.97293e-05
8.01528e-05
0.000164731
1.38872e-05
0.000356079
0.000101971
0.00011416
0.000360799
9.18577e-06
0.000409503
0.00020699
0.00239432
0.000232793
0.000344669
0.000142238
3.16502e-05
0.000184573
0.000200219
0.000305893
0.000125676
0.000487296
0.000118685
0.00108247
9.95635e-05
0.000143722
0.000263877
0.000174781
0.000166632
0.000176676
0.00021329
1.01254e-05
0.000107429
6.55471e-05
0.000208024
0.000167371
0.000116569
0.000260117
7.56428e-05
0.000287338
0.000127498
0.000245043
0.00015782
0.000143038
7.6126e-05
0.000998545
0.000265627
0.000160153
0.000156061
0.000113262
0.000103213
0.000154244
0.000236141
3.41111e-05
0.00011561
0.000170078
5.64116e-05
0.000395764
2.3402e-05
0.000130826
0.000287455
0.000134547
0.000251212
0.000153426
0.00010004
9.35693e-05
0.00248391
0.000242477
0.000151422
0.000160569
6.20267e-05
0.000138806
0.000225723
0.00114589
0.000185175
0.000104366
0.0002055
8.49041e-05
8.88055e-05
0.000263175
0.000113166
0.000241895
0.000210748
0.000113336
6.09286e-05
0.000159165
0
0.000102422
0.000143672
0.000384351
1.51514e-05
0.000149937
0.000142128
0.000171669
0.000577863
0.000196294
0.000207638
9.30967e-05
0.000148507
0.00014157
0.000338561
0.00031272
0.000231907
0.000177375
0.000224091
0.000139402
2.7613e-05
8.31802e-05
0
7.39795e-05
0.000133894
0
9.03935e-05
5.57834e-05
0.000108064
0.00020371
0.000366987
9.37313e-05
0.000143103
0.00020507
0.000308692
0.000228231
0.000343458
0.000509623
5.10817e-05
7.98185e-05
0.000745728
6.40815e-05
0.000133452
0.000228543
0.000203452
0.000297907
9.08244e-05
0.00021477
6.94087e-05
6.80848e-05
8.94487e-05
0.000406173
0.000178239
8.78693e-05
0.000274861
3.67648e-05
0.000191873
0.000303387
8.36351e-05
0.000165081
0.000825453
4.02007e-05
8.6967e-05
0
0.000274166
0.000227633
0.000698682
0.000200996
0.000545674
0.000182723
0.000116884
1.20606e-05
0.000122823
5.74558e-05
0.000315305
0.000371914
0
7.52643e-05
0.00019486
0.000278798
0.0014022
6.81555e-05
0.000108455
0.00018504
0.000213619
0.000218442
6.78372e-05
0.000152406
5.15986e-05
0.000168266
0.000269548
0.000592571
0.000190991
9.07436e-05
0.000427881
0.000146551
0.000201251
0.000434818
8.16742e-05
0.000115906
0.000321543
0.000138618
2.74945e-05
0.000181874
0.000331444
0.000341102
0.000258784
0.000134679
8.75026e-05
0.000184439
6.63134e-05
0.000136293
0.000155868
0.000193942
6.23825e-05
4.09507e-05
0.000133748
0.000963918
0.00016707
0.000379734
9.7763e-05
0.000569357
0.000157182
0.000227841
5.06461e-05
0.000492261
0.000206896
3.24221e-05
0.000149017
0.000162468
0.000135152
0.000146026
0.00010967
0.000325281
0.000131414
0.000102382
0.000131315
0.000187129
0.000626075
0.000354902
0.000104043
6.5504e-05
0.00022399
0.00013762
0.000193036
4.63423e-05
6.9099e-05
0.00235125
0.00213454
0.000149904
0.000626516
8.33691e-05
0.000216574
0.000144886
0.000287802
8.92449e-05
0.000103645
0.000414978
9.47212e-05
7.76945e-05
0.000161997
4.64141e-05
5.82757e-05
0.000241598
0.00032173
0.00396838
0.000119083
9.97628e-05
0.00312777
0.000480153
0.000118152
0.000141403
0.00022818
0.00010045
6.71589e-05
0.000122355
0.000123475
0.000472696
7.78318e-05
0.000121036
0.000156404
0.000294592
0.000127901
0.000163853
2.25385e-05
0.000261252
0.000169905
3.00086e-05
0.000392644
0.000135629
2.47423e-05
0.000122423
0.000167449
0.000101431
0.000548184
6.39445e-05
0.00044723
0.000594958
0.000184506
0.000232805
0.000142524
0.000107956
9.14756e-05
0.000359371
0.000208758
5.89917e-05
0.000195404
0.000127494
0.00024295
0.000149229
0.00012744
7.57333e-05
0.000463597
9.9921e-05
0.000138164
0.000137212
9.15945e-05
0.000199974
0
0.000102937
0.000110975
0.000138739
0.000148186
3.78672e-05
0.000113856
0.000174247
0.000173769
5.38343e-05
0.000513236
0.000196212
0.000250957
0.000131599
9.38831e-05
1.70763e-05
0.000112653
0.000170166
4.71355e-05
0.000321634
0.000130985
0.000152504
6.66564e-05
2.40505e-05
9.84717e-05
0.000158607
0.000137641
0.000120967
0.00389519
0.000133108
0.0011747
3.04826e-05
0.000199072
0.000395602
0.000892891
0.000401927
7.38269e-05
0.000179567
3.17474e-05
0.000145132
0.000127258
4.17797e-05
0.000243042
0.000209629
0.000112011
7.91953e-05
0.000240262
0.000179254
0.000150858
0.000134162
0.000134207
0.000130306
0.000103475
0
0.000202727
0.000148133
0.000197318
3.35163e-05
0.000176097
0.000140686
0.000917171
6.7507e-05
6.3095e-05
0.000122441
0
0.000179785
6.5622e-05
0.000243423
0.000633414
4.26008e-05
0.000164174
0.000280656
0.000104429
0.000134208
4.26525e-05
0.000328265
0.000185886
0.00678264
0.000214317
0.000198832
0.000100575
0.000338788
0.000223032
0.000118823
6.74727e-05
0.000231474
0.000254921
0.000109796
0.000244536
0.00020417
0.000145806
0.000193283
0.000759894
0.000210943
0.000342313
6.004e-05
0.000146774
8.50621e-05
0.000179899
0.000195505
7.69854e-05
0.000151085
0.000315313
5.99864e-05
0.000235826
0.000313464
2.71714e-05
6.20596e-05
0.00014171
0
0.000319367
0.000134351
0.000303501
0.000115059
0.000984461
8.75343e-05
4.67631e-05
0.000186922
0.000190732
0.000135913
0.000250426
1.64339e-05
0.000205007
0.00253234
0.00144805
8.96534e-05
0.000208608
0.000183859
0.000583366
0.000151869
0.000199396
0.000211284
0.000262115
0.00124222
3.92431e-05
3.16874e-05
0.000138726
9.66184e-05
0.000154733
0.000140179
3.91428e-05
0.000100972
3.12528e-05
0.000232419
8.08064e-05
0.000201614
1.83706e-05
4.46282e-05
0.00101643
5.65195e-05
0.000279806
0.00279011
0.000203319
0.000191394
0.000128784
0.000177394
0.000242174
0.000235749
0.000185526
6.31094e-05
0.000158421
0.000211586
0.000234333
0.000114453
1.38745e-05
0.00141316
0.000108719
0.000211994
0.00018766
0.000199542
0.000177259
0.000215517
0.000127653
0.000113391
9.2689e-05
7.52361e-05
0.00046816
0.00172989
0.000152249
4.97607e-05
8.2081e-05
0.000426457
0.000182169
0.000130948
0.000270133
0.000186737
7.74938e-05
0.000219313
0.000312338
1.24986e-05
0.000450209
0.000125165
5.95265e-05
0.000145742
0.000114651
0.0001375
0.000116117
0.000133488
3.88645e-05
0.000175137
0.000292732
0.000113456
0.000256994
7.53841e-05
0.00025995
0.000334979
0.000182205
0.000181262
2.4495e-05
0.000107357
0.000203076
6.3399e-05
0.000174763
0.000515909
3.69749e-05
0.000379776
2.02642e-05
0.000126188
0.000251767
7.5929e-05
0.000222159
0.000195526
8.16923e-05
0.000119751
8.25507e-05
6.43023e-05
5.45914e-05
0.000183585
6.06081e-05
0.000132008
6.51118e-05
0.000253548
0.000121412
0.000134739
0.000327823
0.000184489
0.000263608
5.22732e-05
6.0635e-05
0.000190887
0.000378206
0.000135802
0.000109026
2.82087e-05
0.000128954
0.000134316
0.000110821
0.000100537
0.0001303
0.000312982
0.000978649
0.000106115
9.13283e-05
0.000105788
0.000142892
0.000101978
0.000568515
0.000134901
0.000238202
0.000226008
0.000660512
0.000164303
0.000346993
0.000279423
0.00010302
0.000271284
0.000155016
0.000289465
0.000255224
0.000182751
0.000252316
0.000126127
0.000180387
4.80024e-05
7.8915e-05
0.000169043
0.000228081
0.000171619
5.12784e-05
0.000419656
0.000253259
0.000231991
0.000143492
0.00345458
0.000107703
0.000113612
0.000170962
0.000112857
9.84741e-05
0.000197813
9.18212e-05
0.00030106
0.000262943
8.83891e-05
3.48042e-05
8.71487e-05
0.00017982
0.000151931
0.000235633
0.000117008
0.000137254
0.000164517
0.000198869
9.45593e-05
6.93787e-05
0.000160383
0.000414353
5.22243e-05
0.000135674
0.000111526
9.83722e-05
8.45877e-05
5.42045e-05
0.000100328
9.31213e-05
9.26153e-05
0.000318338
0.000173612
0.00020252
0.000125425
9.43966e-05
0.000336843
0.000162894
2.79117e-05
0.000127348
9.7977e-05
0.000525105
0.000298776
4.08533e-05
0.000136839
0.000112513
0.000262758
0.000212192
0.000589705
0.000243894
0.000230469
4.03793e-05
0.000200569
6.97237e-05
0.0001076
8.61008e-05
0.000534116
0.000227701
0.000194148
0.000396326
5.80245e-05
0
0.000205782
0.000312491
0.000226136
0.000121436
2.81323e-05
0.000424318
4.24917e-05
0.000165038
0.000613744
7.97053e-05
4.8337e-05
0.000153455
0.00026517
9.75822e-05
4.9037e-05
0.000144147
0.000190578
0.00022151
0.000312427
0.000255392
0.000134304
0.000133627
0.000141758
0.000100303
9.18502e-05
0.000526906
0.000285571
0.000141567
4.88642e-05
5.46433e-05
0.000682987
0.000332393
0.000136766
0.000128053
0.00105469
5.7928e-05
0.000231895
0.000184254
0.000151423
3.98866e-05
4.87276e-05
0.000114058
0.000206221
0.000228211
0.000170784
3.02401e-05
0.00398732
0.000392699
0.000259393
0.000126054
0.000381338
0.000229068
0.00218877
0.000160085
0.000158344
3.71225e-05
0.000121944
0.000238842
0.000111598
5.73058e-05
8.86835e-05
0.000272269
0.000153118
7.63367e-05
0.000105799
8.95012e-05
0.000282736
0.000341132
7.26043e-05
0.000240905
0.000260252
4.44521e-05
0.000182121
5.49409e-05
0.000187364
0.000150926
0.000238089
0.0010475
0.000239722
0.000643015
0.000101667
0.00024485
7.44012e-06
0.00017833
0.000154634
6.97874e-05
0.000178827
0.000206504
8.85819e-05
9.70034e-05
0.000165131
9.18005e-05
0.000331733
0.000167031
0.000132405
0.000366847
0.00015508
0.000190455
0.000133847
0.000188253
2.78431e-05
0.000388567
6.43346e-05
0.000221173
2.89557e-05
0.000104409
0.000160635
5.78973e-05
4.01074e-05
7.37054e-05
3.81602e-05
2.67576e-05
0.000188542
0.000177807
0
0.000333024
0.000135832
0.000258746
2.65717e-05
0.00012808
7.10461e-05
0.000314229
0.000112876
1.55342e-05
9.16362e-05
0.000151659
0.000142761
0.000172956
0.000267512
0.000185785
0.000169307
4.11923e-05
0.000246685
0.000137811
9.06991e-05
0.000190619
0.000296925
9.35852e-05
0.000117629
0.000412742
0.00029241
0.000242002
9.58916e-05
1.66731e-05
0.00028431
0.000160723
0.000409461
2.97066e-05
0.000277663
8.96886e-05
0.000236739
4.3783e-05
3.94101e-05
0.000161836
9.01796e-05
0.000175466
0.000150451
0.000188418
0.000368199
0.00256912
0.000157171
0.000257933
6.97276e-05
0.000129573
0.000159861
0.000218678
0.00107535
7.59944e-05
0.000150034
0.0147366
0.000469247
0.000302916
0
0.000271442
0.000372369
0.000407685
4.13914e-05
4.80313e-05
0.000130076
0.000115883
0.000218705
0.000199677
0.00038183
0.000183486
0.000196922
0.000411291
0.000284074
0.000217044
0.000122273
0.069628
0.000150507
0.000434294
0.000193586
0.000173451
3.17599e-05
9.99825e-05
0.000227187
4.69908e-05
9.21965e-05
0.000587535
0.000186213
0.000206852
0.000215953
0.000197965
0.00012499
0.00025673
0.000533196
5.82008e-05
0.000161675
0.00055618
0.000294299
0.000177327
0.000293215
0.00043494
8.4045e-05
0.000396155
0.000816967
0.00019286
6.81261e-05
7.97931e-05
0.000122501
0.000365111
0.000150221
0.000216495
0.000102156
0.000118867
7.31597e-05
0.000268439
0.000222806
0
0.000119974
0.00016577
0.000149226
3.77573e-05
0.000123951
0.00017386
0.000119741
0.000115553
0.000203152
0.000244635
0.000201452
0.00276944
0.000345168
3.43103e-05
0.000135431
6.24608e-05
0.000109598
0.00014001
5.33001e-05
3.71088e-05
0.000219084
0.000223829
0.000301619
7.35827e-05
0.000141932
8.17483e-05
4.55337e-05
9.52766e-06
0.000305066
0.000120625
0.000172081
0.000292579
0.000148484
4.71732e-05
0.000216232
0.000140117
0.000132744
0.000187061
0.00023622
0.000359768
0.00022843
0.000224959
0.000235518
0.000705403
0.00026819
0.00115252
6.45135e-05
2.54624e-05
0.000811505
0.000344526
0.000121187
0.000160909
0.000111272
0.000134425
7.6068e-05
0.000333703
0.000175579
0.000422585
7.55137e-05
0.000149095
0.000101848
3.67873e-05
7.37596e-05
0.000325344
0.000142387
0.000313767
0.000468046
0.000226099
0.000268071
0.000249994
0.000185485
0.000103995
0.000104785
0.000140148
6.09921e-05
0.000166441
0.000203661
3.56759e-05
0.000260149
0.000658313
0.000202366
7.7941e-05
1.64479e-05
0.000179306
5.81794e-05
0.000152788
0.000147883
0.000207644
0.000106301
0.000259999
0.000147472
0.000174217
1.28542e-05
0.000171431
0.000144067
0.000196622
8.12231e-05
0.000201011
0.000165092
0.000168186
0.000128127
0.000126408
0.000210085
0.000125163
0.000111673
7.31751e-05
0.000127109
9.10739e-05
0.000166948
0.000159589
3.11654e-05
0.000313705
0.000390881
0.000169529
0.000119172
6.25611e-05
8.82187e-05
0.000136274
0.000258892
0.000127852
8.82798e-05
8.06026e-05
0.000587885
0.000138683
0.000208461
5.51401e-05
0.000264852
0.000182529
0.000157698
0.00010478
0.000111509
0.000202633
0.000142575
0.000108266
9.40755e-05
0.000146045
8.11069e-05
0.000106405
0
0.000284273
0.000180598
0.000129094
9.2347e-05
0.000183864
0.00225855
6.87059e-05
0.000245482
2.50572e-05
0.000185795
0.000150571
6.15738e-05
0.000316361
0.000288366
9.80822e-05
0.000115717
0.000196706
4.65249e-05
0.000167171
8.2879e-05
0.000124451
0.00019643
9.05745e-05
0.000110076
0.000128173
0.000124279
0.000105224
0.000915131
0.000163947
0.000132319
8.80999e-05
4.55094e-05
0.000337747
0.000140408
5.00769e-05
0.000108442
8.48323e-05
0.000207603
0.000161742
0.000558231
5.08288e-05
9.16284e-05
0.000109594
0.00020232
0.000205918
0.00012142
0.000238965
0.000189064
0.000182287
0.000111485
8.33046e-05
0.000182357
0.000169524
0.000263458
0.000109353
0.000332435
6.49345e-05
0.00057063
9.10563e-05
0.000238189
0.000880634
8.42295e-05
7.22519e-05
0.000211992
0.000324382
0.000160093
0.000574341
6.9148e-05
0.000140159
0.000166341
0.000142103
0.000131479
0.000210737
0.000143919
7.2315e-05
0.000200532
0.000316172
0.000241155
0.000153086
0.000169499
5.80047e-05
0.00168034
0.000143642
0.000152624
0.000128857
0.000115117
0.000258509
0.000279466
0.000104184
0.000112817
0.000167365
0.000105822
0.00026839
0.000273268
0.000318997
7.55833e-05
0.000184661
0.000187037
5.8493e-05
0.000222476
0.000818001
0.000179326
3.50937e-05
0.000129927
0.000100412
0.000146039
0.000263497
0.000306556
0.000106185
0.000135068
0.000127213
0.000130813
0.000159023
0.000139836
0.000170878
4.22214e-05
0.000116988
3.75279e-05
0.000174108
0.000272816
0.000227295
0.000234078
0.000102493
0.000126
0.000417095
0.000445407
0
0.000182964
7.52835e-05
0.000487101
7.92892e-05
8.26416e-05
0.000120882
0
0.00016835
0.000396902
0.000182282
0.000157152
0.000127525
0.000334133
0.000236471
5.09664e-05
8.3683e-05
0.00104195
0.00027234
9.55852e-05
0.000181843
0.000231166
0.000163908
0.000467034
0.00222681
0.000149652
0.000275078
0.0001116
0.000126695
9.46651e-05
0.000238026
0.000163561
0.000266795
0.000213257
0.000351332
7.81846e-05
0.000184872
0.000223463
0.000211545
6.04482e-05
3.17544e-05
0.000182963
0.000136386
0.000183381
0.000263293
0.000133994
5.71897e-05
0.00017027
7.14444e-05
0.000138533
0.000195292
0.000314213
0.000121287
0.000291957
7.07828e-05
0.000128999
0.000330051
0.000138652
0.0010087
0.000138723
0
0.000101353
0.00031846
0.000105805
0.000241494
0.00025571
0.000416007
5.79311e-05
0.00015916
4.85201e-05
0.000115782
0.00034519
6.63727e-05
0.000761567
0.000137206
0.00019997
6.42927e-05
0.000144332
8.62736e-05
0.000338478
8.55823e-05
0.000242094
0.000285992
0.000347781
0.000102073
0.000127062
9.47003e-06
3.34856e-05
0.000309088
0.000112333
0.000304685
1.09109e-05
8.73994e-05
0.00019239
0.0013194
0.000132383
7.61455e-05
0.00200464
0.000119385
0.000405334
5.37626e-05
0.000244859
6.34451e-05
6.89313e-05
0.000261714
0.00022111
0.000108637
0.000508718
7.45862e-05
0.000212325
0.00112743
0.000115427
0.00012961
0.000455498
0.000188637
8.05704e-05
8.32447e-05
0.000279156
0.000159043
0.000183401
9.53847e-05
0.000127103
5.11184e-05
0.000109846
0.000161332
0.000298529
0.00038368
4.48763e-05
0.000261336
0.000180875
0.000643493
0.000179575
8.18065e-05
0.000638511
7.51142e-05
1.18505e-05
0.00036519
0.000160176
0.000127206
0.000217841
0.00022377
0.000313748
9.51412e-05
0.000194966
0.000204538
0.00013656
0.000102122
7.52905e-05
0.000528882
0.000118607
5.95862e-05
0.000157471
0.00274808
8.25633e-05
9.35314e-05
5.55361e-05
0.000119084
0.000267186
0.000122867
0.000131574
0.000142209
4.75781e-05
7.32758e-05
0.000241831
0.000139132
0.000231308
4.65216e-05
0.000186906
7.60467e-05
0.000135048
0.000180674
5.15799e-05
0.00217732
0.000361174
0.00017985
1.82843e-05
6.95088e-05
0.000192022
0.000130418
0.000117337
1.57292e-05
0.0696564
6.77643e-05
0.000105428
0.000245701
0.000168067
6.62713e-05
6.53184e-05
5.31441e-05
0.000206152
0.00010509
8.36408e-05
0.000123117
0.000291095
0.000740277
0.000569483
8.04821e-05
0.00014707
0.000391243
0.000185183
5.1217e-05
0.000149559
0.00027486
0.00019077
0.000395321
0.000116146
0.000667334
0.000127357
0.000230179
0.000118835
0.000775207
0.000192433
0.000159594
9.36404e-05
5.89987e-05
9.60432e-05
5.22077e-05
0.000104463
0.000177243
0.000155198
0.000171732
7.41119e-05
5.84859e-05
