0.00589276
0.00387286
0.00142818
0.000967369
0.00260855
0.0015298
0.00223316
0.00583088
0.000837884
0.00146969
0.00195539
0.001507
0.00117791
0.0013793
0.000234389
0.00317324
0.000878099
0.00251155
0.000934223
0.00122523
0.000885135
0.00115593
0.0102912
0.00105044
0.00145312
0.00126986
0.000846762
0.00153367
0.00554055
0.00320497
0.00141207
0.00166556
0.00143156
0.00114788
0.0012174
0.00161812
0.00167479
0.00115644
0.00222319
0.00156046
0.00187122
0.00413686
0.00132751
0.00120084
0.00110098
0.00162941
0.0023221
0.00126751
0.000691781
0.00101914
0.00268101
0.00109383
0.00111042
0.00301731
0.00131799
0.00123823
0.00135092
0.00168315
0.000893927
0.000943379
0.000743899
0.00185704
0.00186631
0.000607637
0.00318155
0.00195135
0.00162379
0.00127688
0.00104004
0.00170925
0.00109072
0.00153182
0.00151386
0.00114016
0.000894846
0.00179315
0.000899068
0.00170537
0.00103698
0.00125199
0.000998583
0.00319241
0.00124152
0.00169611
0.00170932
0.000992122
0.00164771
0.00136023
0.00071237
0.000859963
0.0016369
0.00260094
0.00122637
0.00104054
0.00170404
0.00184673
0.00140431
0.00168545
0.00128846
0.000992302
0.00055394
0.00127504
0.00153791
0.00443781
0.00181276
0.00276311
0.00319044
0.00159323
0.00159593
0.00125083
0.000692178
0.00159217
0.00297641
0.00102507
0.000473111
0.00154358
0.00168639
0.00178835
0.00195187
0.00113135
0.00457598
0.000963969
0.0023775
0.00156637
0.00163636
0.00827794
0.00123448
0.000578519
0.00218685
0.00186411
0.00105397
0.00104939
0.00138223
0.00203925
0.00189993
0.00176384
0.000865132
0.00156333
0.001633
0.000641594
0.00270339
0.00131372
0.0010523
0.00236313
0.00342296
0.000764287
0.00272233
0.00137828
0.00110463
0.0035505
0.0018171
0.00138195
0.00194179
0.0021331
0.00160983
0.00646102
0.00100564
0.00157861
0.00136214
0.00210304
0.00622211
0.00115609
0.00111314
0.0011216
0.000873704
0.00087002
0.000906833
0.000761433
0.000898893
0.00153081
0.000943353
0.00148566
0.00149547
0.00127124
0.00138577
0.00103335
0.000416029
0.00053983
0.000670489
0.00151063
0.00132266
0.00111065
0.00144432
0.00640528
0.00179633
0.0017505
0.000639328
0.00177252
0.00103266
0.00171365
0.00102137
0.000645086
0.00215115
0.0012672
0.000826295
0.0104282
0.00129457
0.00145358
0.00116119
0.00141435
0.000872219
0.00082856
0.00129231
0.000932608
0.00190424
0.00172977
0.0023288
0.00337684
0.00162435
0.00163297
0.0116326
0.002714
0.00123563
0.00257257
0.00144678
0.000983493
0.00152106
0.00227213
0.000734923
0.00238029
0.000612805
0.000523694
0.00147808
0.00057824
0.00124031
0.000959132
0.000822006
0.00106985
0.00138183
0.00126694
0.00173227
0.00041761
0.00703523
0.00154527
0.000664229
0.00448756
0.00092213
0.00158146
0.0145551
0.00162947
0.00482794
0.00218126
0.0022004
0.00242037
0.00341889
0.00106049
0.00151946
0.00204963
0.00220572
0.00120159
0.000832292
0.000545596
0.0107044
0.000977151
0.00150452
0.0124781
0.00110211
0.000843018
0.0042512
0.00107455
0.00113284
0.000888321
0.0315795
0.00216385
0.000762599
0.00147427
0.00153306
0.00115397
0.00118064
0.00126313
0.000943365
0.00524775
0.00100334
0.0026414
0.000895238
0.000760557
0.00135159
0.000914894
0.000729335
0.00105224
0.00108904
0.00275405
0.00267472
0.00363959
0.00106136
0.00139903
0.00509604
0.00146196
0.00209072
0.00164839
0.00048212
0.00211192
0.0018603
0.000897487
0.00102659
0.00140093
0.00113719
0.00100445
0.00118529
0.000935793
0.00111186
0.000670263
0.000944708
0.00124585
0.000968111
0.00143062
0.000616541
0.00142195
0.00129031
0.00120573
0.00102332
0.00143763
0.00105106
0.00059014
0.00186685
0.000434978
0.00181638
0.00311599
0.00136885
0.00195091
0.00175622
0.000832568
0.00129019
0.00607841
0.00715257
0.000525694
0.00132462
0.00103142
0.00136858
0.00144255
0.000636712
0.00104803
0.000840483
0.000637387
0.00157145
0.000544847
0.00120578
0.00259824
0.000871032
0.00100538
0.00186445
0.000676561
0.0008392
0.0034585
0.000874232
0.000630239
0.00123827
0.00145485
0.0511535
0.000902825
0.00161143
0.00114613
0.00139419
0.000812357
0.00298108
0.118637
0.00147037
0.000896872
0.000561719
0.000535753
0.0056311
0.00254564
0.00378388
0.00163606
0.00112763
0.000223095
0.00323892
0.000605803
0.00148633
0.00161292
0.00126683
0.0011759
0.00114082
0.00240978
0.000878847
0.00137254
0.00369657
0.00150825
0.00147427
0.000920705
0.00104701
0.00121645
0.00209669
0.00400592
0.00326735
0.00134346
0.00151938
0.00176718
0.012944
0.00185406
0.000985399
0.00209251
0.0025392
0.00124487
0.00233776
0.00152684
0.00175933
0.00165298
0.00143145
0.00145541
0.000961398
0.00928971
0.00130713
0.00143372
0.000796158
0.00931255
0.00287544
0.00186934
0.00132803
0.000831641
0.000766046
0.00163837
0.00154657
0.00103976
0.000942527
0.000606087
0.00194417
0.00149075
0.00358424
0.00118529
0.000638825
0.00274362
0.000817091
0.000361891
0.000360793
0.00120988
0.00190742
0.000815131
0.000579539
0.000635047
0.00156563
0.00110742
0.00244134
0.00115985
0.00152173
0.00119808
0.00092497
0.000596095
0.00130377
0.00235982
0.0016082
0.00152993
0.00740701
0.00207442
0.000939325
0.000550641
0.000952793
0.00790909
0.000339823
0.000933259
0.00105871
0.000978905
0.00130639
0.00178452
0.00299497
0.00132165
0.00165516
0.000573173
0.000731602
0.00502221
0.00218802
0.00190646
0.000395639
0.00132661
0.00128201
0.000883107
0.00260169
0.000918325
0.00122176
0.00250292
0.000949709
0.00288782
0.00178124
0.000818772
0.00189037
0.000927323
0.00136264
0.000682365
0.00114099
0.00818571
0.00112013
0.00166663
0.00156973
0.000865392
0.00089522
0.000785796
0.00147895
0.000816482
0.00103542
0.000969918
0.00187158
0.000938362
0.00169444
0.00125216
0.00140617
0.000859834
0.00161732
0.0015707
0.00112081
0.00357222
0.000894482
0.00261319
0.000975756
0.00112209
0.00201872
0.000935004
0.00125187
0.00148049
0.000405084
0.00110026
0.00142318
0.000861941
0.00103775
0.00142034
0.00237342
0.000678609
0.0016496
0.000569296
0.00117834
0.00324134
0.00114176
0.000769655
0.0011591
0.00657646
0.00103345
0.00140092
0.000644325
0.00204007
0.00143458
0.00174763
0.00107513
0.00246935
0.00224234
0.00110209
0.00181011
0.00101026
0.00183696
0.00177895
0.00156985
0.00410205
0.0013482
0.00210694
0.00112148
0.00156706
0.00120728
0.000560224
0.00135794
0.00235888
0.000420814
0.00139443
0.00105651
0.00135217
0.0100575
0.00264974
0.00110727
0.0013862
0.00098186
0.00242735
0.0026134
0.00164656
0.00153454
0.00205202
0.00109837
0.00142207
0.00180335
0.00291708
0.00156866
0.00119225
0.000933137
0.00134952
0.00155799
0.00673039
0.00170158
0.00254468
0.0011102
0.000691977
0.0012432
0.0012847
0.00137715
0.00129076
0.00139643
0.00164611
0.000984829
0.00277948
0.00136276
0.00125778
0.00111173
0.000769005
0.000805782
0.000939403
0.000955823
0.00193903
0.000843602
0.00155795
0.000794262
0.000680208
0.00189782
0.00143861
0.00166617
0.00153267
0.000975316
0.00150902
0.00138339
0.00159113
0.00115447
0.00092094
0.000500102
0.00238996
0.000892929
0.000441408
0.00184847
0.00598888
0.00174581
0.00117495
0.00170965
0.000814345
0.00100066
0.00360058
0.00127412
0.00121816
0.000651293
0.00261761
0.000607157
0.00175699
0.00153634
0.00251858
0.00233524
0.00320109
0.0045084
0.0012635
0.00172196
0.000896556
0.00166611
0.00138417
0.00118878
0.00121426
0.000949816
0.00104744
0.00137556
0.00112666
0.00157281
0.00125206
0.00122006
0.000472183
0.000693961
0.0029594
0.00168337
0.00214309
0.000302228
0.00114629
0.00192144
0.00142147
0.000883041
0.00147648
0.00138982
0.00166284
0.00105236
0.00109045
0.00150123
0.000954087
0.00166122
0.00071432
0.00228578
0.00231582
0.00119475
0.00117992
0.00206974
0.000659404
0.00237107
0.0012573
0.00207234
0.00423751
0.00144195
0.0012704
0.000556027
0.00201775
0.00125393
0.0012368
0.00117321
0.00300765
0.00128556
0.00083885
0.00113324
0.00119009
0.00252446
0.00145937
0.000453176
0.00437371
0.000731254
0.00128981
0.000979966
0.00257116
0.0006521
0.00120877
0.00227422
0.0014924
0.00167133
0.00699278
0.00258293
0.00134385
0.00143761
0.00290222
0.000617481
0.00750037
0.00890446
0.000924783
0.000647415
0.00548612
0.00123129
0.00106674
0.0013736
0.0015568
0.000766049
0.000618603
0.00139611
0.0008825
0.00252
0.000986041
0.00489247
0.00134443
0.00109001
0.00121039
0.000804792
0.0015493
0.00155227
0.00103527
0.000683466
0.0012196
0.00213422
0.00196721
0.000652584
0.0025118
0.000872009
0.000949958
0.000924374
0.000849928
0.00197619
0.00190369
0.00104223
0.0018528
0.00134692
0.00139358
0.00460759
0.00169899
0.000931537
0.000837384
0.00119651
0.00199601
0.000679528
0.000852563
0.000827527
0.00240367
0.00252698
0.000992874
0.00095154
0.00197772
0.00271531
0.00102227
0.00133017
0.00234793
0.002569
0.00152141
0.00161066
0.00118387
0.00162964
0.00200024
0.00105788
0.00138515
0.00354537
0.00101323
0.00206262
0.00197003
0.00122788
0.00120466
0.00220535
0.00310414
0.000600828
0.00148927
0.00162764
0.00127925
0.00260465
0.00154686
0.00098176
0.000695517
0.00167323
0.00265171
0.000815692
0.0020115
0.00181037
0.00178023
0.00127581
0.00151316
0.00255685
0.027108
0.000978116
0.00661544
0.00161153
0.000723064
0.000970272
0.000978767
0.00107668
0.00107296
0.00170259
0.000681341
0.00178477
0.00121218
0.00588701
0.000750567
0.00180198
0.00164665
0.000775462
0.000316811
0.00193984
0.000705412
0.000954375
0.00430366
0.000983366
0.0029073
0.00115732
0.00165626
0.00092824
0.000646307
0.000723116
0.00175663
0.00483198
0.000959833
0.00327574
0.00119534
0.000687584
0.00127481
0.00384339
0.00143586
0.00109169
0.00222733
0.00132677
0.00079805
0.00165584
0.000776628
0.00115622
0.000557798
0.0015753
0.0007102
0.00148033
0.00174017
0.000471244
0.00146211
0.00279952
0.00179124
0.00071434
0.00527837
0.0023964
0.00208706
0.00145243
0.000963877
0.00173396
0.00159031
0.000606622
0.00224993
0.0052601
0.00653154
0.00157647
0.00155863
0.00329105
0.001946
0.00288015
0.00263732
0.00402573
0.00423319
0.00325431
0.00134349
0.00132368
0.00386232
0.00184905
0.000897566
0.000839042
0.00176256
0.00056262
0.00134816
0.000751973
0.00146562
0.000593197
0.00190944
0.00107132
0.00145255
0.00482703
0.00253174
0.000839696
0.00105125
0.000993305
0.00053431
0.00232447
0.00148863
0.00134494
0.000971151
0.00217121
0.00147754
0.0017957
0.000626072
0.00240872
0.00246958
0.00106851
0.000924253
0.000772907
0.000975893
0.00329334
0.00725819
0.00158683
0.000955899
0.00141567
0.0011551
0.00151221
0.00174929
0.00693135
0.00125133
0.00135991
0.000496049
0.00078015
0.00110258
0.00129689
0.00217028
0.0010055
0.00210981
0.00193316
0.00180614
0.00136733
0.00180612
0.00140329
0.00170939
0.00159214
0.00101548
0.00169349
0.00180245
0.00165291
0.00135767
0.00165133
0.00153869
0.00352227
0.0128657
0.00165692
0.00110812
0.00065309
0.0013903
0.000825843
0.000822742
0.00131895
0.00104531
0.000677455
0.0018674
0.00235246
0.00320758
0.00843947
0.00108924
0.000456402
0.00215925
0.00110361
0.00127194
0.00126737
0.000772319
0.00159182
0.00104806
0.00164713
0.000857079
0.00065795
0.00309784
0.00198993
0.000801641
0.000193153
0.00176743
0.00131331
0.00161147
0.0103565
0.0025426
0.00156903
0.000939965
0.00200568
0.00152291
0.00225514
0.00088698
0.00161232
0.00243227
0.000613678
0.000768768
0.00138336
0.00197477
0.00149937
0.00123151
0.0011754
0.00167135
0.00195141
0.00124844
0.00156858
0.00109853
0.00090936
0.00558968
0.000785507
0.00129304
0.00088408
0.0010797
0.00098039
0.00148551
0.00353098
0.00139907
0.000911186
0.00147351
0.000448827
0.0026494
0.000798794
0.00135859
0.00137947
0.00196414
0.00157639
0.00127236
0.000839065
0.000645153
0.00125598
0.0014454
0.0019323
0.00104933
0.00143979
0.00142199
0.00146099
0.00116787
0.00100736
0.00141835
0.000439371
0.00107733
0.000668412
0.00148278
0.00129237
0.000851179
0.00223535
0.00189765
0.000718712
0.00761082
0.00115019
0.00135339
0.000951191
0.00197974
0.000732577
0.00140775
0.000647967
0.00228075
0.00156647
0.000757415
0.00134369
0.00245502
0.00209748
0.00160554
0.00120859
0.00224013
0.000978767
0.00121863
0.00094482
0.000709585
0.00088286
0.00128476
0.00161156
0.000817565
0.00115028
0.00108531
0.000798084
0.000999092
0.0023121
0.00433213
0.00134306
0.000508898
0.000767979
0.00126302
0.00130371
0.00127105
0.00226339
0.00321381
0.000264433
0.00135405
0.00188018
0.000380505
0.0019596
0.00127411
0.00134396
0.00114867
0.00175793
0.00111623
0.000940643
0.00144154
0.00134126
0.00141594
0.00179719
0.00144752
0.00117844
0.00193153
0.000565551
0.00199398
0.00175743
0.000484922
0.00124448
0.000864202
0.000710822
0.00197451
0.00117183
0.000533189
0.00116531
0.00167269
0.000413382
0.0034008
0.00173148
0.00134626
0.00187101
0.00256465
0.00162856
0.00153733
0.000448481
0.00158978
0.000240001
0.00118972
0.000741368
0.00257623
0.00105448
0.00173925
0.00100997
0.000348805
0.00113413
0.00174788
0.000963174
0.00155644
0.00126595
0.0814486
0.00114342
0.00223646
0.00272929
0.00147523
0.00165852
0.00127482
0.001489
0.00112689
0.0026348
0.00145878
0.0015345
0.00123198
0.00126109
0.00129913
0.00048294
0.00152774
0.00147359
0.00130576
0.00151178
0.000874208
0.00184477
0.000993497
0.000984895
0.00116268
0.00117707
0.00146417
0.000912619
0.000988111
0.000559349
0.000625452
0.00193743
0.00122004
0.00035053
0.00100647
0.00190345
0.00060208
0.00100901
0.00053998
0.00124902
0.00185462
0.000767121
0.000770974
0.00105538
0.000698338
0.0050969
0.000642282
0.00277179
0.00224857
0.00286192
0.00101667
0.00328894
0.00286983
0.879353
0.00104183
0.000834769
0.00114668
0.00129293
0.0011207
0.00146497
0.0062031
0.001232
0.00179705
0.000971312
0.00317711
0.00347637
0.00114609
0.000990207
0.000544558
0.000972096
0.00121599
0.000871553
0.00208262
0.00154358
0.0012028
0.00157178
0.00299101
0.000644182
0.000580767
0.00310257
0.00209033
0.00102564
0.00145824
0.000339337
0.00100323
0.00186607
0.00145443
0.00177149
0.000533136
0.000397875
0.00109245
0.00361797
0.00108051
0.0013302
0.00275345
0.00140964
0.000277331
0.000960191
0.000859957
0.000856538
0.0012801
0.000484996
0.00274972
0.000783464
0.000681307
0.00173574
0.00068716
0.00123584
0.00222862
0.0025265
0.00135306
0.0015504
0.00141166
0.00147492
0.00145004
0.00137352
0.0018433
0.00110678
0.00200202
0.00160653
0.000752288
0.0026293
0.00136005
0.00197803
0.00118266
0.00206064
0.00098186
0.00205681
0.00146142
0.00152023
0.0050854
0.00174662
0.000969181
0.00119104
0.00143668
0.00156102
0.00127757
0.0031426
0.00110798
0.000601783
0.00113814
0.00180671
0.00153086
0.0014204
0.00101404
0.00108662
0.00077686
0.00132315
0.00217164
0.00102507
0.000797579
0.00273926
0.00260977
0.0018321
0.00066319
0.000731082
0.00142963
0.00162563
0.00170148
0.00089549
0.00211549
0.00138469
0.00178225
0.00125932
0.0389972
0.0020238
0.00199151
0.00410941
0.00144834
0.0012678
0.00120792
0.00169838
0.00180951
0.00170621
0.00279093
0.004144
0.00154139
0.0212432
0.00259239
0.00123303
0.00121785
0.000403174
0.00101887
0.00149565
0.00119537
0.0028504
0.00108463
0.00172402
0.00147885
0.0127513
0.00132958
0.00277881
0.00204198
0.00514047
0.00131862
0.00120267
0.000665707
0.000771217
0.00060029
0.000900409
0.00173456
0.00307668
0.00288848
0.00154293
0.000851052
0.000786164
0.000883249
0.00150176
0.0061635
0.000706675
0.000719495
0.00236848
0.00115058
0.000513319
0.00148168
0.0015763
0.00189882
0.000659168
0.00086115
0.00276926
0.00258836
0.000523283
0.000411079
0.0129653
0.000758581
0.00130413
0.00240102
0.00485906
0.00306546
0.00380958
0.00235414
0.00114034
0.00297751
0.00167815
0.000505232
0.00132285
0.00129453
0.00141692
0.00109393
0.0238047
0.000912363
0.0206151
0.00135458
0.00171089
0.00101775
0.00211418
0.000584349
0.00256027
0.0021262
0.000650599
0.00261226
0.000669575
0.00107772
0.0016596
0.00162465
0.000445157
0.00107703
0.00203314
0.00148635
0.00139145
0.00071405
0.0028482
0.00284387
0.00154415
0.00159126
0.00201807
0.00207036
0.00116278
0.00137192
0.00113919
0.00168515
0.000770325
0.00182643
0.000479344
0.000693881
0.0013384
0.00170226
0.00396459
0.0118424
0.000878659
0.0119224
0.000946972
0.00063437
0.000965993
0.00104092
0.00153727
0.00148656
0.00495514
0.00155982
0.00112072
0.00178737
0.000972432
0.00138786
0.00144965
0.00144006
0.00217867
0.00350124
0.00759513
0.00371573
0.000666977
0.00355953
0.00454126
0.00147316
0.000320005
0.00588772
0.000513398
0.000749936
0.0014035
0.00153395
0.00114159
0.00185493
0.00113479
0.00262136
0.00860302
0.00122222
0.00298391
0.0196664
0.00261807
0.000626314
0.000991517
0.000475493
0.00695286
0.000765554
0.00165588
0.00232979
0.000833887
0.00175701
0.00032298
0.0128331
0.00196761
0.00138756
0.00125087
0.00159531
0.00137177
0.00128868
0.00107604
0.00245324
0.00126065
0.0019177
0.00123539
0.00323081
0.000691214
0.000618177
0.00162967
0.00264113
0.00147302
0.00128162
0.00138145
0.00103565
0.000936628
0.00135038
0.00174726
0.000770694
0.00185679
0.000827735
0.00144893
0.000570417
0.00297948
0.0012998
0.00135653
0.00163373
0.00229028
0.00558862
0.00104321
0.00199771
0.00186782
0.00190997
0.00188397
0.00134326
0.00128537
0.00262531
0.0027303
0.00117338
0.00130322
0.00124231
0.00212457
0.0012927
0.00100728
0.00212483
0.000541621
0.00143183
0.000512627
0.000772978
0.00437813
0.00147719
0.00567368
0.00186741
0.00784089
0.0013453
0.00178381
0.00104192
0.00155553
0.00128611
0.00154428
0.00158433
0.000703549
0.0010867
0.00156373
0.000605896
0.000839503
0.00483271
0.00094098
0.00187877
0.001183
0.00146403
0.00129558
0.00298901
0.0013295
0.00136157
0.00109661
0.000851376
0.00101298
0.000910574
0.00163874
0.00205816
0.000805762
0.0028423
0.000607966
0.00113
0.000987788
0.00643858
0.00118316
0.00174892
0.000931624
0.000996339
0.00132057
0.00136848
0.00319683
0.00518166
0.00134206
0.000604874
0.00107787
0.00165718
0.000905078
0.00163121
0.00184979
0.00208895
0.00028896
0.000853083
0.00132227
0.000900683
0.0341784
0.00139166
0.000764705
0.00228322
0.000573339
0.00124405
0.000429829
0.000937072
0.00151149
0.00169682
0.00107468
0.00181069
0.0013057
0.00139537
0.00104788
0.000875863
0.00153814
0.00459971
0.00553372
0.0037329
0.00178809
0.001725
0.000947929
0.000987412
0.00361842
0.00240827
0.00105948
0.000858483
0.0025515
0.00140746
0.00193761
0.00200765
0.00221368
0.00128768
0.00234186
0.00347187
0.00170116
0.00163758
0.000664693
0.00113159
0.00216515
0.00138645
0.0017032
0.000864144
0.00118215
0.0017642
0.000997785
0.000920586
0.00163057
0.000896034
0.00115559
0.00109409
0.00153817
0.000840639
0.0010888
0.00114463
0.00189072
0.00337619
0.00105981
0.00125489
0.00148403
0.0011565
0.00077036
0.00161236
0.00547681
0.00252471
0.000709633
0.000843232
0.0057605
0.00183855
0.00130905
0.00218465
0.00197539
0.00087442
0.00102205
0.00231404
0.000845901
0.00150801
0.00122581
0.00159673
0.0018465
0.00121773
0.00200911
0.00123265
0.00128549
0.000862897
0.0174089
0.00216668
0.00117994
0.00249075
0.0019935
0.00186928
0.00132122
0.00174186
0.000792955
0.00230031
0.000855002
0.000627563
0.00138258
0.0136206
0.00081682
0.00112414
0.000853155
0.00121654
0.00141813
0.00345144
0.00192244
0.00182576
0.0037301
0.0017646
0.00105179
0.00260751
0.00108014
0.000947915
0.00329504
0.0019987
0.00102068
0.000647211
0.00392071
0.00275087
0.0024028
0.00143661
0.000940684
0.00234873
0.00174386
0.00276349
0.00173326
0.00277975
0.000992135
0.0179891
0.000812687
0.00142605
0.00200364
0.000474606
0.000906459
0.0012343
0.00258527
0.00106572
0.000978803
0.00280625
0.00130717
0.0129384
0.00195176
0.00248778
0.00417122
0.00203452
0.00150979
0.00241598
0.00103101
0.0139034
0.0011309
0.0048478
0.00212325
0.00128879
0.0034205
0.00207848
0.00495918
0.00174069
0.00187967
0.00221169
0.00136923
0.00129959
0.00213178
0.000791784
0.00163754
0.00107151
0.00268495
0.00100141
0.00131152
0.0150278
0.00141803
0.00107126
0.00166726
0.00200213
0.00401445
0.002709
0.00139534
0.00170482
0.00170272
0.00176461
0.00137918
0.00136829
0.000576284
0.00127676
0.000779614
0.000697307
0.000983064
0.00143632
0.000921829
0.000828407
0.00119765
0.000783736
0.000586179
0.00173008
0.0062587
0.00177062
0.00129848
0.00131963
0.00217343
0.00133768
0.00192591
0.000742284
0.00107907
0.00150841
0.0010407
0.000492754
0.00253651
0.000685299
0.00109304
0.0014258
0.00126427
0.000942591
0.00195041
0.00104267
0.00107295
0.00177905
0.0018647
0.00133342
0.0012672
0.000565323
0.00176772
0.00186816
0.000892535
0.00106427
0.00253139
0.00138226
0.001456
0.00158904
0.00105149
0.00160966
0.000959171
0.000810707
0.000803543
0.00172512
0.000932735
0.000978377
0.00158233
0.00588919
0.00976841
0.000675264
0.000876831
0.000422096
0.00121476
0.00916629
0.00202697
0.000987205
0.00159357
0.00116681
0.00149372
0.00109786
0.0013562
0.00196501
0.000811461
0.000686009
0.000724097
0.00167504
0.00101232
0.00261787
0.00107435
0.00179637
0.00187672
0.00114544
0.000774543
0.00101458
0.000800811
0.001069
0.000848855
0.00135832
0.00320986
0.0122544
0.00109518
0.00177333
0.00174282
0.00364023
0.000538958
0.00106612
0.00219014
0.00149125
0.00115323
0.00231396
0.00188369
0.00141053
0.000421917
0.00174329
0.00109908
0.00225092
0.000980343
0.00142692
0.00394537
0.00127828
0.000822092
0.0012388
0.0231707
0.00166393
0.000942214
0.00103694
0.00253442
0.00263502
0.000701417
0.00222643
0.000944822
0.00138534
0.00130601
0.0011402
0.00363899
0.000855564
0.000884732
0.00114356
0.0015814
0.00296271
0.0013059
0.00133534
0.00140898
0.024021
0.00221072
0.00118053
0.00149586
0.00101769
0.00131171
0.00596912
0.00127557
0.000678558
0.00136593
0.00170776
0.00129724
0.00130045
0.00220159
0.000740807
0.000830441
0.00160376
0.00253034
0.000600217
0.00138397
0.000520965
0.00240023
0.00108639
0.000805394
0.00138916
0.00189455
0.0052087
0.00144075
0.0123548
0.00115137
0.00125085
0.00101908
0.00107138
0.00101751
0.00110088
0.00082379
0.00122859
0.00314816
0.00445299
0.00114391
0.00150331
0.00174583
0.000876934
0.000434236
0.00105297
0.00111613
0.00945959
0.00149477
0.00051558
0.00220232
0.00122174
0.00106937
0.000760907
0.00280693
0.00223967
0.00113389
0.00134476
0.00576368
0.0017709
0.00187457
0.00133299
0.0106919
0.00207007
0.0014669
0.00126793
0.00166139
0.00206339
0.000603735
0.00123245
0.00114144
0.00312576
0.00118822
0.00195792
0.00112068
0.00151474
0.00145503
0.00157499
0.00126236
0.00103913
0.00144008
0.00145077
0.000914222
0.00291558
0.00110449
0.000734165
0.00080752
0.00172272
0.00145788
0.00146496
0.00202539
0.00137504
0.000671391
0.000832411
0.000348062
0.00199034
0.0008663
0.00108494
0.000890308
0.00135239
0.000753853
0.0313566
0.000808569
0.000958206
0.00377476
0.00218849
0.00100961
0.0012436
0.000486392
0.00204239
0.000911989
0.00125641
0.0016553
0.000731877
0.000793313
0.0011455
0.00131168
0.00205281
0.00284605
0.0073143
0.00111211
0.000642751
0.00123039
0.00126424
0.00138902
0.00115671
0.00128855
0.0112556
0.000482369
0.00120029
0.00239996
0.00174977
0.00133658
0.00189417
0.000732537
0.0020387
0.00752571
0.00201992
0.00122122
0.00122243
0.00163583
0.000536452
0.00137594
0.00197498
0.00220086
0.00091719
0.00133701
0.00207386
0.00159823
0.00194669
0.0013927
0.00112021
0.000615431
0.00184173
0.00136065
0.0016724
0.00133595
0.0199548
0.000908086
0.00144532
0.00140237
0.00105029
0.000867121
0.00118181
0.000683579
0.00112415
0.000988525
0.0190671
0.00128872
0.00114446
0.000857974
0.000390246
0.00114705
0.00182039
0.00126351
0.00145875
0.000908
0.00164679
0.0016771
0.00122706
0.000744437
0.00103636
0.00140995
0.000408258
0.000609892
0.00116947
0.00129652
0.000980973
0.00119272
0.00107525
0.00104939
0.00208235
0.000961123
0.00829772
0.00185184
0.000495772
0.00131943
0.00135612
0.00106603
0.00128891
0.00571707
0.00180933
0.0012428
0.00123102
0.000980183
0.00231738
0.00186751
0.00102706
0.00207065
0.00121533
0.000842792
0.00173173
0.00194532
0.00264921
0.00147348
0.00122611
0.00148808
0.000945026
0.00133264
0.00109358
0.00201164
0.00076212
0.000900446
0.00197163
0.00114897
0.00189039
0.00130253
0.00232342
0.000847488
0.00193144
0.00153409
0.00122721
0.0018922
0.000921565
0.00112619
0.00162205
0.0015418
0.000811749
0.00174405
0.000826587
0.00350433
0.00142823
0.00159056
0.00169007
0.000759302
0.00112689
0.00170704
0.000861331
0.00514353
0.00143838
0.0171239
0.00125622
0.00107095
0.00122775
0.00142502
0.00619813
0.0017911
0.00130375
0.0011388
0.0010701
0.0377048
0.00102425
0.00109211
0.00077707
0.000805321
0.00212265
0.0011725
0.000959906
0.00152714
0.000584677
0.00205725
0.00168758
0.00163341
0.00222225
0.000807642
0.00357956
0.00222417
0.00107934
0.00229013
0.00147106
0.000487157
0.000702784
0.00114244
0.00106804
0.00091469
0.00158048
0.0017953
0.00331422
0.00153023
0.00133271
0.00124635
0.000474172
0.000870019
0.00221119
0.002016
0.000893553
0.000588752
0.00221476
0.000973323
0.00318179
0.000878212
0.00193965
0.00177806
0.00180168
0.000767822
0.00181476
0.00357756
0.000825372
0.000655974
0.000982381
0.00161834
0.00357104
0.00118424
0.000777444
0.00133191
0.00615991
0.00129452
0.000414892
0.000730454
0.00150507
0.00111857
0.00258492
0.00107298
0.00102046
0.00136029
0.00089246
0.00107582
0.00168463
0.000617642
0.00125613
0.00134472
0.00126572
0.0021902
0.00047843
0.00088045
0.00114684
0.00144111
0.000492008
0.00166113
0.00597026
0.00114152
0.000895035
0.000905336
0.00148214
0.00209514
0.00110799
0.00215216
0.00107883
0.00238975
0.000637299
0.000651546
0.00120852
0.000585658
0.00109086
0.00200007
0.000779192
0.00102928
0.00113547
0.00299584
0.00128822
0.00182861
0.00474803
0.00150195
0.00266541
0.00136368
0.00393016
0.00202986
0.000951815
0.00215787
0.00123523
0.00083895
0.00155305
0.00133649
0.00158036
0.000783451
0.000613416
0.00154393
0.00155294
0.00312207
0.000973313
0.00208405
0.0017149
0.00140908
0.000405261
0.00117452
0.000434839
0.000481418
0.00160449
0.000813885
0.000408033
0.00134602
0.00142233
0.00105108
0.00128758
0.00111733
0.00340472
0.00398026
0.000629965
0.000845163
0.00116635
0.00147265
0.0030115
0.00276465
0.00150424
0.00122485
0.00231816
0.000793805
0.000373348
0.00154482
0.00291077
0.00101353
0.000913753
0.00184593
0.00217941
0.000480327
0.00176042
0.00717395
0.00126298
0.000949727
0.00431251
0.00119655
0.00228655
0.00116974
0.00173995
0.000705677
0.00130984
0.0015842
0.00339453
0.00319772
0.00181023
0.000874193
0.000821531
0.00123658
0.00082469
0.00174119
0.00174401
0.0423186
0.000891433
0.00233516
0.00203048
0.00633471
0.00262442
0.00108308
0.000980247
0.00584532
0.00156707
0.01046
0.00111719
0.00128196
0.000984259
0.0010808
0.0404999
0.00104889
0.00199602
0.00332161
0.00185085
0.000758662
0.0018309
0.0031785
0.00119135
0.00167235
0.00155673
0.00169134
0.00184693
0.00125822
0.00123336
0.00189794
0.00144988
0.000848256
0.000823189
0.00708137
0.00151379
0.00541513
0.000919818
0.000619795
0.00083972
0.000773194
0.000764349
0.00160732
0.00127156
0.00110028
0.00288553
0.00450213
0.00227883
0.00102771
0.0033167
0.00237446
0.00106921
0.0111363
0.0012951
0.000788867
0.00184518
0.00114883
0.00191226
0.00356086
0.00239087
0.0016613
0.00192881
0.00070899
0.00115767
0.00188195
0.000572623
0.000607163
0.00283399
0.000971683
0.0209606
0.000876387
0.00121922
0.00173806
0.00190874
0.00450736
0.00680303
0.00123826
0.00103932
0.00146812
0.0017255
0.00157955
0.00123879
0.00332475
0.00116495
0.0015027
0.000603511
0.00506756
0.00173748
0.000700992
0.00108174
0.000917906
0.00198362
0.00200378
0.00108796
0.00105847
0.00214649
0.000416696
0.0016634
0.00153076
0.000700513
0.000569476
0.0012681
0.00108343
0.00153029
0.00159344
0.000681238
0.00122964
0.00131073
0.00171132
0.00074722
0.0010417
0.00140528
0.00245686
0.0017466
0.000533991
0.00110651
0.00128427
0.00101796
0.000788852
0.00189515
0.00155862
0.00168789
0.00231296
0.00135312
0.00155195
0.00109905
0.00274994
0.00427403
0.0013188
0.00142148
0.00198766
0.000915521
0.00220888
0.00408961
0.00234318
0.00697445
0.000883276
0.00116518
0.00133137
0.000804047
0.00061197
0.00314093
0.00495755
0.00216071
0.000807266
0.00178139
0.00159614
0.00151859
0.00140982
0.00125349
0.0637619
0.00089461
0.00112419
0.00116163
0.00126897
0.000464252
0.00463302
0.00148676
0.00105863
0.00227305
0.00236514
0.000575889
0.000259591
0.00233199
0.00214159
0.0012464
0.00257418
0.00161698
0.001341
0.000902548
0.000556065
0.00191619
0.0268227
0.000888196
0.00197416
0.00313115
0.00209615
0.00362937
0.00342421
0.0017758
0.00153194
0.000949826
0.000718551
0.00285098
0.00159365
0.0145035
0.00110377
0.000724802
0.00168782
0.00109461
0.0012999
0.00210863
0.00128306
0.00215545
0.00575014
0.00261987
0.00160546
0.000720271
0.00120962
0.00100893
0.000743414
0.00174675
0.0016921
0.00114096
0.00152072
0.00153261
0.00100207
0.00303272
0.00126412
0.0012954
0.00072709
0.00288473
0.000909823
0.00109479
0.000589364
0.0141944
0.00103097
0.00136655
0.00113977
0.00107633
0.00177054
0.00294102
0.00133086
0.00113455
0.0010004
0.00108619
0.00266572
0.000683128
0.0020074
0.00113362
0.00234335
0.000938816
0.00127508
0.000615613
0.00221407
0.000467672
0.00209822
0.0011558
0.00184373
0.00150124
0.00244038
0.000959111
0.0013571
0.00473065
0.00286871
0.000366398
0.0016233
0.00210291
0.000787448
0.00133335
0.00207376
0.000774595
0.00295148
0.000523318
0.000643464
0.00181324
0.000920331
0.00080113
0.00122169
0.00135955
0.00100384
0.0018331
0.00244886
0.00177251
0.00100972
0.00153602
0.00186597
0.00153197
0.0010342
0.000971327
0.00366062
0.00237031
0.00154999
0.000976097
0.00129028
0.0002979
0.000854398
0.00129014
0.00106938
0.00089989
0.00171771
0.00188362
0.00127612
0.00137966
0.00117905
0.00156577
0.00113055
0.00165572
0.000435165
0.000685541
0.000421558
0.00226184
0.000870279
0.00118931
0.00131097
0.00218361
0.00211307
0.00113053
0.00647284
0.00137434
0.00247048
0.000862278
0.000971405
0.0075556
0.00696093
0.00100053
0.00111059
0.00117465
0.00159136
0.00212343
0.00286608
0.00110657
0.00142158
0.0011935
0.000719134
0.0016948
0.0014619
0.0024155
0.001179
0.00391519
0.000999763
0.000966835
0.00213974
0.00207099
0.000840288
0.00242401
0.00450274
0.000425327
0.00134739
0.000572293
0.00162596
0.00149733
0.00150317
0.00300618
0.000712166
0.00108073
0.0016858
0.00348524
0.000413893
0.00111085
0.00138199
0.00377996
0.00179209
0.00117309
0.00139708
0.00181927
0.00504973
0.00127905
0.000626727
0.00255368
0.00106566
0.00148846
0.0023626
0.0018614
0.0011769
0.00122135
0.000713614
0.0015226
0.00372994
0.00140547
0.00139244
0.00143462
0.000694567
0.0012979
0.00163684
0.000559625
0.000749143
0.00173966
0.00230486
0.000608974
0.0011009
0.000903173
0.00147995
0.00122085
0.00152442
0.00119414
0.00134911
0.00193827
0.00132597
0.000764609
0.000367694
0.00141749
0.000897573
0.00113683
0.00276384
0.000545744
0.000904615
0.00102853
0.00402667
0.00114895
0.00159021
0.00140113
0.000728503
0.00102465
0.00115445
0.000808589
0.00150348
0.00164267
0.00595901
0.00119924
0.000881242
0.00102236
0.00140783
0.00126904
0.0013447
0.000899814
0.00145456
0.00167116
0.00197405
0.00161737
0.000929811
0.000337284
0.000678547
0.000769118
0.00176763
0.00128774
0.00164139
0.00115008
0.0026767
0.000934572
0.000917843
0.000843483
0.00142455
0.00171009
0.00218746
0.00217454
0.00154218
0.0031065
0.000771389
0.00115971
0.0188101
0.00143319
0.0015935
0.00126606
0.00261829
0.00113672
0.00046741
0.00143648
0.00133922
0.00247864
0.0016578
0.000887576
0.000948093
0.0132176
0.000610225
0.000564132
0.00228564
0.00657524
0.00149131
0.00146552
0.00189035
0.000997123
0.00055554
0.00140289
0.00109652
0.00136707
0.00153944
0.00160473
0.00170382
0.0037211
0.0013502
0.00210269
0.00165029
0.000897378
0.00104292
0.00118498
0.00113967
0.00700519
0.00125517
0.00105928
0.00191446
0.00157583
0.00211434
0.00156249
0.00233387
0.00126621
0.00209378
0.000817537
0.000457767
0.00136531
0.00797117
0.0213443
0.00123446
0.00113049
0.00178132
0.00145405
0.00257561
0.00180194
0.0015439
0.0016492
0.00108235
0.000922731
0.00251487
0.00471029
0.00151502
0.000688143
0.00419868
0.000883006
0.00112243
0.000946734
0.00246507
0.00259905
0.00128313
0.00102257
0.0159218
0.00118615
0.00128892
0.00111987
0.00230426
0.00174106
0.00126857
0.00611381
0.000912567
0.00309856
0.000757307
0.00222631
0.0022884
0.0010857
0.00199912
0.000969264
0.00569215
0.000767808
0.00105217
0.00133214
0.000894622
0.00196362
0.000782351
0.0305518
0.0022726
0.0020064
0.00187341
0.0015322
0.00171328
0.00354898
0.0013643
0.00226244
0.00102943
0.00143523
0.00765469
0.00238462
0.000775925
0.00234316
0.000683808
0.00523126
0.0009352
0.00127374
0.00170409
0.00113023
0.000749108
0.00269797
0.00152467
0.00104794
0.000961889
0.00108009
0.0027828
0.00159083
0.000467476
0.0011497
0.00246311
0.00355638
0.00104486
0.000979515
0.00136132
0.00156454
0.00200336
0.00044727
0.00127328
0.000889796
0.000498102
0.00229412
0.00117407
0.00143498
0.00127165
0.000840264
0.000491146
0.00123827
0.00122452
0.00170546
0.00158784
0.00159697
0.00114034
0.00101659
0.00123417
0.00348287
0.00123387
0.000877495
0.00133595
0.00196939
0.00135581
0.000863546
0.000845864
0.0006876
0.00121648
0.00291819
0.00146937
0.00180822
0.00333774
0.00201589
0.000310132
0.00121451
0.00177376
0.00488549
0.0010785
0.00193824
0.00223325
0.000765317
0.000869654
0.000617814
0.00108576
0.00119866
0.00108683
0.00208567
0.00179587
0.019398
0.000692171
0.00257244
0.00102384
0.00131464
0.00149042
0.00079796
0.00117349
0.00115123
0.0007768
0.00344145
0.000980702
0.00131284
0.00603854
0.00196798
0.00239959
0.000930901
0.00225267
0.000991269
0.000541191
0.00101624
0.00221886
0.00186835
0.00209456
0.00169991
0.00147031
0.00163445
0.000939581
0.00115253
0.00230843
0.00175977
0.00150526
0.00193904
0.00117815
0.0013953
0.00118386
0.00702069
0.000940202
0.00137617
0.00105414
0.00153045
0.00163904
0.00122052
0.00158342
0.00152381
0.00104075
0.00259205
0.00156567
0.0015863
0.00140381
0.00120707
0.000445515
0.00239439
0.00165541
0.000850746
0.0012231
0.00146104
0.00216892
0.000935315
0.00271391
0.0013275
0.001705
0.0010036
0.00201309
0.00133343
0.000990595
0.00223475
0.000622378
0.00123743
0.00173037
0.000763572
0.00137541
0.00119693
0.000976994
0.000745385
0.000795189
0.00231702
0.00155828
0.00121041
0.000886586
0.0140815
0.00301944
0.00144531
0.000949649
0.00119413
0.00189579
0.00102885
0.000998033
0.00168138
0.00125894
0.00241974
0.00193305
0.00190794
0.0178475
0.000891405
0.000254251
0.00148208
0.000780848
0.00169378
0.00215675
0.0019753
0.00144056
0.00126301
0.00168625
0.0017808
0.0374877
0.00161733
0.00164624
0.0012955
0.000861804
0.00114884
0.00215607
0.00177101
0.00158046
0.0012178
0.000595069
0.000804003
0.000759672
0.00108971
0.00098759
0.0011066
0.00441416
0.00121594
0.00095499
0.00104474
0.00162053
0.00115826
0.00149874
0.00186705
0.000523671
0.00130264
0.00133049
0.00131968
0.00166329
0.000389529
0.000828931
0.00205309
0.00478602
0.00427607
0.00122042
0.000877142
0.00835049
0.00138582
0.00202852
0.00117684
0.00171781
0.00496801
0.00929495
0.000911
0.00131669
0.00121018
0.0010157
0.00108683
0.00175755
0.00206726
0.00674585
0.00123101
0.00400371
0.00139907
0.0012045
0.0017563
0.000786552
0.00110123
0.000702532
0.00193551
0.00100133
0.00100428
0.0013735
0.00101652
0.00104346
0.00146092
0.0013704
0.00221278
0.00211577
0.000567027
0.00293914
0.00126715
0.0012011
0.00109809
0.000906522
0.00243371
0.00122158
0.000959503
0.000790323
0.00198536
0.00143418
0.0109542
0.00129005
0.00151346
0.000700145
0.00523469
0.000681981
0.00104298
0.00158252
0.001318
0.00114269
0.0011219
0.000881062
0.00191515
0.00110676
0.00523834
0.00224812
0.00106941
0.00102669
0.0014078
0.00162392
0.00202169
0.000721978
0.00137636
0.000904903
0.00064257
0.000401828
0.00204275
0.00151745
0.00277333
0.00529023
0.000755318
0.00102667
0.00060959
0.00235936
0.000976487
0.000940089
0.00209509
0.00365924
0.000802979
0.000715544
0.00088699
0.000578813
0.000516221
0.000695349
0.00170174
0.000863232
0.000271181
0.0022824
0.0017404
0.00101744
0.00432335
0.00188524
0.00131969
0.00157704
0.00060942
0.0014483
0.000853476
0.00221223
0.00189537
0.00197718
0.000541097
0.000799361
0.00327846
0.00125726
0.00129853
0.00226265
0.000380414
0.000966392
0.00146382
0.00217438
0.000549905
0.00185441
0.00147113
0.00175099
0.000531551
0.00136329
0.000907003
0.000799179
0.00178694
0.00168543
0.00330524
0.00333059
0.00128164
0.00154359
0.00131468
0.00164245
0.00211633
0.00144746
0.00123577
0.00151449
0.00145786
0.00191267
0.00307117
0.00589732
0.00244847
0.000927385
0.00337526
0.00130808
0.00196377
0.00131441
0.000976601
0.00420139
0.00120493
0.00043109
0.00317424
0.000967967
0.00110042
0.0265053
0.000459044
0.00138511
0.00116566
0.00104782
0.00182423
0.00288972
0.00356149
0.00103268
0.00077589
0.015559
0.00153196
0.00195381
0.000371819
0.00130893
0.000729691
0.00085294
0.00186971
0.000275162
0.00168145
0.00521943
0.00103408
0.000906723
0.000764465
0.000727507
0.000636977
0.000840734
0.00158337
0.00124547
0.00239363
0.00252827
0.00161805
0.00141578
0.00202822
0.000869854
0.00255078
0.000757917
0.000902909
0.00174066
0.00114792
0.00182124
0.00110727
0.00147908
0.00198479
0.00216482
0.00100258
0.000894811
0.00195105
0.00275773
0.00211043
0.00191082
0.000297772
0.000742657
0.00111155
0.00168532
0.00117225
0.000259447
0.00224127
0.00107408
0.0011381
0.00087939
0.00201443
0.00133475
0.000390402
0.00123764
0.000698727
0.00184991
0.00154082
0.00111239
0.00144246
0.00175374
0.00081899
0.000560185
0.00149913
0.00254489
0.00103415
0.00135799
0.000693577
0.000943536
0.00101135
0.001195
0.00673227
0.00430133
0.00181742
0.00135037
0.00247499
0.00143868
0.0294215
0.000778818
0.00100747
0.00058078
0.000673302
0.00111469
0.0307829
0.00119585
0.00141983
0.0100355
0.00250157
0.00149663
0.000803327
0.00082932
0.00148036
0.00269263
0.0124889
0.00158635
0.00111122
0.000747553
0.0015271
0.000384635
0.00107421
0.000857386
0.00107654
0.00205057
0.00227125
0.000876396
0.000519099
0.00130709
0.0012843
0.00131198
0.00187282
0.00137147
0.00106454
0.00100192
0.00247504
0.00234834
0.00348387
0.00125846
0.00127807
0.00125164
0.000910263
0.000715414
0.000630577
0.00589565
0.00125852
0.0010587
0.00152087
0.000893671
0.000830419
0.000356915
0.00195484
0.00109968
0.0392306
0.000642545
0.000691771
0.0379036
0.00110905
0.000973196
0.00116651
0.000388544
0.00394814
0.00250324
0.00430207
0.00155694
0.000863314
0.000911651
0.00159854
0.00132708
0.000794531
0.00190384
0.00172689
0.000513869
0.000902266
0.00123016
0.00354987
0.000894078
0.000684456
0.000785224
0.000365696
0.00186917
0.00120206
0.00135362
0.00166361
0.00219974
0.00120615
0.000656982
0.0010845
0.000144288
0.00247033
0.000971748
0.00155319
0.00176145
0.00101194
0.0010406
0.0029307
0.00112644
0.00122601
0.000443693
0.00261672
0.000518646
0.00137767
0.00140125
0.00425212
0.00204926
0.000867522
0.00146685
0.00074583
0.00110279
0.00106323
0.00112942
0.001098
0.0147443
0.00176689
0.000767425
0.000692941
0.000827594
0.000878012
0.00131056
0.00137526
0.00511617
0.000387961
0.000864923
0.00109005
0.0010541
0.00110639
0.00178846
0.00121042
0.00125249
0.000684832
0.0014483
0.000528464
0.00163762
0.00102067
0.00100482
0.00092734
0.00145623
0.00119593
0.00119293
0.00118887
0.000595948
0.00249887
0.00233754
0.00275894
0.00643287
0.000884262
0.00273465
0.00104144
0.00190407
0.000437998
0.00122022
0.00219124
0.000359936
0.000990437
0.00108518
0.000623854
0.00170735
0.0011601
0.000906861
0.00147343
0.000385903
0.00264615
0.00119659
0.00170249
0.00129202
0.00129432
0.00110368
0.00100163
0.000845591
0.00169728
0.00225391
0.00124225
0.0033923
0.00280027
0.000931109
0.000885461
0.0019809
0.00265215
0.00253902
0.000949282
0.000731924
0.00175887
0.00474033
0.0012986
0.00155573
0.00147183
0.00127134
0.00207366
0.000637011
0.00160323
0.00189794
0.00256884
0.00340302
0.000839967
0.00230287
0.00192253
0.00163976
0.00126803
0.00139978
0.00164731
0.00238605
0.000913201
0.00142021
0.00146121
0.00609902
0.00343138
0.00868185
0.000989841
0.000682908
0.00103083
0.00082697
0.00159922
0.00166784
0.00110299
0.000458907
0.0040498
0.00048821
0.00114162
0.00134542
0.00153342
0.00258161
0.0109091
0.00187024
0.00340241
0.00100851
0.000776166
0.00164118
0.00139471
0.00099053
0.000988666
0.0010484
0.00321363
0.000691671
0.00109311
0.00314739
0.012688
0.00172804
0.00256983
0.00100448
0.00097527
0.0014311
0.00285218
0.000781528
0.00106509
0.000200195
0.000718136
0.00231784
0.000662772
0.00141595
0.00184433
0.00177762
0.00118744
0.00128862
0.000580773
0.00267517
0.00386606
0.0013509
0.00147821
0.000689418
0.00142991
0.00194736
0.00238499
0.00158824
0.000601084
0.00068246
0.0015069
0.00117006
0.00121849
0.00195336
0.00475351
0.00177883
0.000487898
0.00116984
0.00205617
0.00329214
0.00145273
0.000741016
0.00133074
0.00218066
0.00152565
0.000900387
0.000749319
0.00106767
0.0020881
0.00155808
0.000948871
0.000801509
0.00132167
0.00151546
0.00222423
0.00166816
0.00139378
0.00137888
0.00140297
0.00139723
0.00210804
0.000944178
0.00220087
0.00160622
0.00104901
0.00319153
0.000903387
0.00174079
0.000849612
0.00108945
0.00636219
0.00109117
0.00153085
0.00110926
0.00149211
0.00762455
0.00147905
0.00105797
0.00173316
0.00150431
0.00136775
0.0054555
0.000461831
0.0013207
0.00129761
0.00211044
0.00127803
0.00111524
0.000876227
0.0012581
0.00202905
0.00416808
0.00186133
0.00310373
0.000965306
0.00148576
0.00155302
0.00159539
0.00122337
0.00103814
0.00302735
0.00150849
0.00111751
0.00123411
0.00145769
0.0156735
0.00140571
0.00319709
0.00931564
0.00203538
0.00113836
0.00240188
0.00139124
0.000258757
0.00103391
0.00259747
0.00265935
0.00161865
0.000437826
0.00126376
0.00134677
0.000760521
0.00552624
0.00414417
0.00110204
0.00178314
0.00188331
0.000794926
0.000904642
0.000574325
0.0011722
0.000960582
0.00126905
0.00158436
0.00164955
0.00221719
0.00379435
0.00144801
0.00107226
0.00112479
0.00144031
0.00145279
0.00115304
0.00374923
0.00156985
0.00151994
0.00179147
0.00118473
0.000682424
0.0030392
0.00100774
0.00159997
0.00115139
0.00912049
0.00177736
0.004979
0.00144557
0.00199461
0.00387296
0.00075035
0.0122322
0.00133469
0.00192332
0.000959512
0.000579328
0.00135661
0.00129859
0.000833817
0.0024226
0.00124493
0.00170836
0.00110876
0.000936495
0.00145634
0.00153345
0.000759066
0.000947628
0.00159342
0.000731295
0.0010538
0.000976632
0.00186991
0.00123506
0.00303835
0.00525445
0.00106637
0.000690442
0.00491895
0.0013774
0.00305504
0.00108855
0.00218654
0.00181943
0.0015994
0.00137026
0.00141865
0.00204883
0.00102812
0.00178161
0.0017566
0.00191031
0.00145491
0.000418437
0.000703181
0.00152204
0.00265005
0.00111329
0.000797764
0.000528334
0.0014339
0.00227005
0.000588613
0.000979691
0.00318066
0.00137533
0.00206992
0.000657545
0.00544192
0.000546529
0.00347163
0.000558769
0.000856941
0.00194702
0.000918255
0.00118176
0.00154046
0.00144037
0.00116702
0.000775855
0.00160376
0.00124283
0.00117058
0.000738394
0.000894112
0.00163577
0.000764895
0.00759218
0.000991994
0.000926265
0.02304
0.00159081
0.00207547
0.00175507
0.00175589
0.00287828
0.00131665
0.00180439
0.000431202
0.00213353
0.00179838
0.00140365
0.00163011
0.00154174
0.000558246
0.00189032
0.00110859
0.0019112
0.00160507
0.0010568
0.000852324
0.00188085
0.000885379
0.00146011
0.00320002
0.00141271
0.00153339
0.000897111
0.00251848
0.000757678
0.00125285
0.0015846
0.00107113
0.000866745
0.00144473
0.00335725
0.00223098
0.0168511
0.00162915
0.00105175
0.00131811
0.00131106
0.00156949
0.00209606
0.00130479
0.00308436
0.00159782
0.00159431
0.00409212
0.0032908
0.000642934
0.0013974
0.00111525
0.000976525
0.00261922
0.00126348
0.00142001
0.000737724
0.00205056
0.000651033
0.00220207
0.00105836
0.00333126
0.0017804
0.00161695
0.000766866
0.00131753
0.000911735
0.00121618
0.0019829
0.00125644
0.00202951
0.00142287
0.00115748
0.00115232
0.0012179
0.00098026
0.00190926
0.000691576
0.00107326
0.00138662
0.00233292
0.00416147
0.000860581
0.00159602
0.00273733
0.00189198
0.00131183
0.00100596
0.00119384
0.00127695
0.00138975
0.00147955
0.00127327
0.00775833
0.0014226
0.00260099
0.000391638
0.00153582
0.00279699
0.00112464
0.0184834
0.00163665
0.000913723
0.000717161
0.00145163
0.00121149
0.00197785
0.0017103
0.000749727
0.0019911
0.00121916
0.00150504
0.000998429
0.00140785
0.00130718
0.0014129
0.00149592
0.00149393
0.00100646
0.00192274
0.000877817
0.00173007
0.0025562
0.00197575
0.000954664
0.00133958
0.000674249
0.000418642
0.00117458
0.00110109
0.00294021
0.00259559
0.00153519
0.00140238
0.00300029
0.00153056
0.00416131
0.00333172
0.000860692
0.00187368
0.00144453
0.00113876
0.00123062
0.00129669
0.00138631
0.00111167
0.000965649
0.000772569
0.000692898
0.0013692
0.00113097
0.0021267
0.00102815
0.000947208
0.0012467
0.00364134
0.000907354
0.000790919
0.00149922
0.00157845
0.00119533
0.0011019
0.00181388
0.000761442
0.000759981
0.000754057
0.00208379
0.00196739
0.0023735
0.000685117
0.0016865
0.00166098
0.00090532
0.00101932
0.00115002
0.000525156
0.00139013
0.0014434
0.000670551
0.00179244
0.00928527
0.00219913
0.00385421
0.00114834
0.00102752
0.00128144
0.000923655
0.00134842
0.00115476
0.00172061
0.000837403
0.00210213
0.00172717
0.00153232
0.0013604
0.00140023
0.00182425
0.00133139
0.00159463
0.00180223
0.00140154
0.0024885
0.00106968
0.000569572
0.00127217
0.00132451
0.00147002
0.00139988
0.00147346
0.00173119
0.00142698
0.000973651
0.00110385
0.00117133
0.00280346
0.00526314
0.00180347
0.00115029
0.00126569
0.000829787
0.000409918
0.0263749
0.00115612
0.00038521
0.000489444
0.000902232
0.000870584
0.0103488
0.0212954
0.00067351
0.000417523
0.0021978
0.00407497
0.00043756
0.00125442
0.00181303
0.000799717
0.0483629
0.0012948
0.00317171
0.000333322
0.00145396
0.00095731
0.00115302
0.00140813
0.00117952
0.00104859
0.000824574
0.00147439
0.00157726
0.00210632
0.00143332
0.000760924
0.00117102
0.000770353
0.0027824
0.000846174
0.000928205
0.00115826
0.00104247
0.00108591
0.0065031
0.00313123
0.0029013
0.00215026
0.00182755
0.00058213
0.00105727
0.000656006
0.00126781
0.00102959
0.00132828
0.00149611
0.000942006
0.000803216
0.00285465
0.0325372
0.00223076
0.00140727
0.00126888
0.00631474
0.00157131
0.000838071
0.000393264
0.00607515
0.00137929
0.00178682
0.00105108
0.00131965
0.00123732
0.00216653
0.00297533
0.00175902
0.000965454
0.00126802
0.000338002
0.00181535
0.00121508
0.00132182
0.00214919
0.00467229
0.00147849
0.00159526
0.00107419
0.00194886
0.0010994
0.00175342
0.000530049
0.00153611
0.000860495
0.00221251
0.00232415
0.00256133
0.000731028
0.000831707
0.000856434
0.00255964
0.000452235
0.000811174
0.000672385
0.000568682
0.00119763
0.000897801
0.00129485
0.000720472
0.00165753
0.000902273
0.000487343
0.00081247
0.00102765
0.00221447
0.0135188
0.00121469
0.00147616
0.00158878
0.000769337
0.00109292
0.000536505
0.00172033
0.00102841
0.0012402
0.0014644
0.000719948
0.00120184
0.00130671
0.0119907
0.00149136
0.00165702
0.00298421
0.00242324
0.0518732
0.00170615
0.0009473
0.00166966
0.00208603
0.00105101
0.000458029
0.000860816
0.00224987
0.00215598
0.000728114
0.00328315
0.00134629
0.00281226
0.00068436
0.00189758
0.000478582
0.00143207
0.00164201
0.00148006
0.000348702
0.0108682
0.00131749
0.00189108
0.00208575
0.00122751
0.0165467
0.00105688
0.00107798
0.00188368
0.00193078
0.00235494
0.000918549
0.000467664
0.00193765
0.000845239
0.00743762
0.00081688
0.00203818
0.00195073
0.00266877
0.00212822
0.00182048
0.0013974
0.00218664
0.00622317
0.00201428
0.00148903
0.000858467
0.0213503
0.000477149
0.00218637
0.0016311
0.00150753
0.00109914
0.00240105
0.00230653
0.00218247
0.000610992
0.000852041
0.0014479
0.00103046
0.000883675
0.000487448
0.000907793
0.0011902
0.000958798
0.00192535
0.00202914
0.00127979
0.000522704
0.00136219
0.000332878
0.00164197
0.00138302
0.00081376
0.00382818
0.00100515
0.000775253
0.000523988
0.00106677
0.00293942
0.00118634
0.00224988
0.000932661
0.00135975
0.00153638
0.00101267
0.00234713
0.00157338
0.00141521
0.00109937
0.00140217
0.00148
0.000814014
0.00275604
0.00222864
0.00257426
0.00124216
0.00206656
0.0012444
0.000605798
0.0014129
0.000414403
0.00120424
0.000451978
0.00248508
0.00109146
0.00112143
0.00193078
0.000607655
0.0108071
0.00153889
0.0010242
0.00150307
0.000665381
0.00145645
0.00126561
0.00156062
0.00130749
0.00165681
0.0030762
0.00101375
0.00163711
0.000952803
0.00140594
0.00121533
0.00180364
0.000288463
0.000965366
0.000490098
0.00200164
0.000698745
0.00194732
0.00228388
0.0042191
0.00122523
0.00147328
0.00104806
0.000876052
0.00192545
0.00139872
0.000925717
0.00151177
0.00397924
0.00108827
0.00216012
0.00171004
0.00151181
0.000943093
0.00237492
0.00311786
0.00152621
0.00100994
0.00128855
0.00439136
0.00147353
0.00494888
0.00271995
0.000787296
0.0025589
0.00192982
0.0109429
0.000528182
0.00598603
0.00074909
0.00266928
0.000806444
0.00111881
0.00126269
0.00169961
0.00152901
0.00123104
0.000622098
0.0109076
0.000833493
0.00113796
0.0016347
0.000959007
0.000860895
0.00514264
0.00265365
0.00153513
0.00172369
0.00307493
0.00135634
0.00181677
0.00139629
0.00168519
0.00104396
0.00108936
0.00324481
0.00190151
0.000619139
0.00102743
0.00120245
0.00129903
0.00144688
0.000696219
0.00295942
0.000508325
0.0013967
0.00108545
0.000968213
0.000576815
0.00265063
0.00104978
0.00122176
0.00150793
0.0016331
0.000434898
0.00126738
0.000570818
0.00105662
0.000617788
0.00169817
0.00188706
0.00109524
0.00112968
0.000678253
0.000738092
0.00120749
0.00104977
0.00143266
0.00108785
0.0132654
0.000754663
0.000993384
0.00137647
0.00253884
0.000791906
0.0011207
0.0025124
0.00160741
0.00129197
0.00140901
0.00123017
0.00728026
0.0013218
0.00396373
0.00439214
0.000992174
0.000597499
0.00115824
0.00107289
0.000840062
0.00143864
0.00174295
0.000778529
0.00124825
0.00117363
0.00122349
0.00106407
0.00142028
0.00112271
0.00169408
0.00257458
0.000742148
0.00151659
0.000901047
0.00444361
0.00143701
0.000890802
0.00120501
0.00239286
0.00237115
0.000791581
0.0010655
0.000817945
0.00159065
0.0041548
0.0010038
0.000848614
0.00118852
0.00645334
0.00106117
0.00116693
0.0011267
0.00101303
0.00259705
0.00104611
0.00117857
0.00159789
0.0011963
0.00158361
0.00234218
0.00102916
0.00240191
0.0010348
0.00116026
0.0120393
0.00594044
0.00132236
0.00298415
0.00107081
0.00129076
0.0017792
0.00145879
0.000980779
0.010173
0.000837745
0.00106646
0.00132411
0.00206209
0.00397808
0.0018594
0.0018649
0.000907288
0.00105065
0.00068718
0.00130471
0.001405
0.00187012
0.00151535
0.00155976
0.000689449
0.000972589
0.00139358
0.00158582
0.000546875
0.000877428
0.00054758
0.00132652
0.00292203
0.00475018
0.00149587
0.000638577
0.0199558
0.0305078
0.00183032
0.00186364
0.00130239
0.00171346
0.00321035
0.00190243
0.00110209
0.00153403
0.00097099
0.00360076
0.00107277
0.000758692
0.000731692
0.00309817
0.00102824
0.00113401
0.000858711
0.00141173
0.00333888
0.00159949
0.00148856
0.0157603
0.00115491
0.00247746
0.000748347
0.000944146
0.00221504
0.00124539
0.00138837
0.0014857
0.00124834
0.00205719
0.000805774
0.000891816
0.00101728
0.00706409
0.00202071
0.00168846
0.00192042
0.000983557
0.00104542
0.00151109
0.00190266
0.00149592
0.00194435
0.00100511
0.00179792
0.00151933
0.00188247
0.00203703
0.00261214
0.000636817
0.00114207
0.00087254
0.00194221
0.00183163
0.00146813
0.00109339
0.0605831
0.00132654
0.00135729
0.00118458
0.00107352
0.00071243
0.00176176
0.00168647
0.00283696
0.00109862
0.000778855
0.000317771
0.000884257
0.0239616
0.00102709
0.00883252
0.00327089
0.00206957
0.00172736
0.00133854
0.000984527
0.000952074
0.000650703
0.00400119
0.00138131
0.00236932
0.00256572
0.000981969
0.0167669
0.000975756
0.00139977
0.00450194
0.00110105
0.00254443
0.0012593
0.000985171
0.00243322
0.00140845
0.00113884
0.000520399
0.00142206
0.000459874
0.00125392
0.000776786
0.00102086
0.00196902
0.000608433
0.00108054
0.00234631
0.00153352
0.00352225
0.00148199
0.0013481
0.00218335
0.00130404
0.00283889
0.00190736
0.00137861
0.0121541
0.00167926
0.000968267
0.00194772
0.00255648
0.00758177
0.00122684
0.00130296
0.000909369
0.00107902
0.00242631
0.0127234
0.00256682
0.00144654
0.000977294
0.0013614
0.00100423
0.00621907
0.00107079
0.0014897
0.00101595
0.00212168
0.000978366
0.000460946
0.00293467
0.00192046
0.000842832
0.000937573
0.00146189
0.00183884
0.0167476
0.00258535
0.00158776
0.000814066
0.00201941
0.000408347
0.000584659
0.00130939
0.000847576
0.00346746
0.000529892
0.00135369
0.00126113
0.000975301
0.00230357
0.00227252
0.000384039
0.00227911
0.00113358
0.000796811
0.00109215
0.00110452
0.00163282
0.000899171
0.00177643
0.000852966
0.000924617
0.000778124
0.00112588
0.00141598
0.00746652
0.00121418
0.0010761
0.00105141
0.00177996
0.00294278
0.00309508
0.00165187
0.00156464
0.00101012
0.00250517
0.00201875
0.00162484
0.00100018
0.00117704
0.000457686
0.001291
0.00210203
0.00248072
0.000927104
0.00227287
0.00634862
0.00167123
0.000577763
0.00136753
0.000561069
0.00428077
0.00341392
0.000983977
0.00523388
0.00150133
0.000708404
0.00228625
0.00105403
0.00146707
0.000312116
0.00202988
0.00200266
0.00698283
0.00398946
0.0235948
0.00343546
0.00140537
0.00255215
0.00177457
0.00289887
0.00143688
0.00428013
0.00102566
0.000993127
0.00138165
0.00151086
0.00191391
0.00146283
0.000597865
0.00165782
0.00233397
0.00087506
0.00183919
0.00140238
0.00130557
0.000606349
0.0039876
0.00177736
0.00115508
0.00151631
0.00181967
0.00151804
0.0012606
0.00115586
0.000585966
0.00103115
0.0014743
0.00203973
0.000870598
0.0020007
0.00225148
0.0021739
0.00252893
0.000597123
0.00265252
0.000813021
0.0017891
0.00572594
0.00110656
0.00478115
0.000974454
0.00134218
0.00169032
0.00228382
0.00478858
0.00127923
0.00162815
0.00150815
0.00155903
0.000893936
0.00116986
0.000663167
0.00196341
0.000708483
0.000706861
0.00109212
0.00102586
0.00171998
0.00115328
0.00136198
0.00133589
0.00129575
0.00173029
0.00123688
0.00101237
0.00376986
0.000237228
0.00132653
0.00195487
0.00219665
0.00156834
0.00362789
0.00223321
0.000985416
0.000872185
0.000821751
0.00181018
0.00136778
0.00152845
0.00153575
0.00138314
0.00130449
0.00102428
0.00121179
0.00092703
0.00102593
0.00136837
0.00159575
0.000862856
0.000958302
0.00112909
0.00149341
0.00070557
0.00151648
0.00221318
0.00234842
0.00182933
0.00106821
0.00052481
0.00264635
0.00165162
0.00407823
0.00162743
0.00243159
0.00106291
0.00122117
0.00219856
0.00119388
0.00216341
0.000684772
0.00479858
0.00245987
0.0026915
0.00120832
0.00112613
0.000357242
0.000993483
0.0014328
0.00111882
0.00161401
0.00309499
0.00153371
0.00151112
0.000886454
0.0019788
0.000722885
0.0041517
0.00195869
0.00260728
0.000913222
0.00283718
0.00101831
0.00232692
0.000936693
0.000723577
0.000812447
0.00111425
0.000583489
0.00408713
0.00117761
0.00146055
0.00175169
0.00621475
0.00214178
0.00219372
0.000774938
0.00127276
0.000353401
0.000819134
0.00107763
0.000451593
0.00462917
0.00710328
0.00134395
0.00138364
0.00870503
0.00053741
0.00204186
0.000503965
0.00290789
0.00495279
0.00195975
0.00195713
0.00168212
0.000820525
0.00289946
0.000793785
0.00147057
0.00376053
0.00163162
0.000823838
0.00252574
0.00105762
0.00409367
0.00410198
0.00168
0.00171001
0.00119578
0.00176213
0.00126002
0.00116903
0.00153176
0.00220049
0.00147947
0.000793977
0.000447405
0.00126059
0.0012478
0.001386
0.00198124
0.00138627
0.00159606
0.00537689
0.00190117
0.00118239
0.000985545
0.00139291
0.000772441
0.00386048
0.00133543
0.00209535
0.000400635
0.00210719
0.000913624
0.00126997
0.00122949
0.00120376
0.00320612
0.00154821
0.00139108
0.00395577
0.00131227
0.00155911
0.00164239
0.00184667
0.00141148
0.00189066
0.00166287
0.00162256
0.00165249
0.00179522
0.00117506
0.00984506
0.00381792
0.000824877
0.0024487
0.0012657
0.0129223
0.00281945
0.00129464
0.00190905
0.0750297
0.000773853
0.00166776
0.00120243
0.00160801
0.000763703
0.00358997
0.00104018
0.00159152
0.000973252
0.00105791
0.000835637
0.000873447
0.00146768
0.0018171
0.00244875
0.00104376
0.0010734
0.00115783
0.0021541
0.00202963
0.00122806
0.00239655
0.00145663
0.00156987
0.00124889
0.000934985
0.0024891
0.00235128
0.00153501
0.00116105
0.00170557
0.0019341
0.000762524
0.00160651
0.00175691
0.00434944
0.000636507
0.00496471
0.00263237
0.00137476
0.00234994
0.000868863
0.0061355
0.00196025
0.00142016
0.0014286
0.00129258
0.000623844
0.00111629
0.00333275
0.00586668
0.00307689
0.00183495
0.00103242
0.00118426
0.00052634
0.00123474
0.00150379
0.00364153
0.00184338
0.001312
0.00108553
0.00489591
0.00256923
0.00177632
0.00212964
0.00692343
0.00101297
0.00243672
0.00162024
0.00113602
0.000515245
0.0026203
0.00124477
0.00207703
0.0047287
0.00315782
0.00156748
0.00123177
0.00087833
0.000605633
0.00264968
0.00173964
0.00161529
0.00104517
0.00102418
0.00120013
0.00128807
0.00156425
0.00106233
0.00238534
0.000831196
0.0019748
0.000693044
0.00698803
0.00120934
0.00103571
0.00233071
0.000743119
0.00198701
0.000337091
0.00089677
0.00101925
0.00110927
0.00144247
0.00136523
0.00122557
0.000726286
0.00221798
0.00133915
0.00225698
0.00174562
0.00303769
0.00211718
0.00067626
0.000981417
0.000854171
0.000859648
0.00142999
0.001146
0.00064428
0.00190109
0.000806129
0.000599444
0.00179124
0.00219858
0.00182407
0.0168817
0.0024347
0.00105645
0.00098713
0.00339638
0.00203446
0.00197122
0.00083713
0.00118006
0.002876
0.000839631
0.00117168
0.000797742
0.00054086
0.00366915
0.0011478
0.00204229
0.00159951
0.00207071
0.00125439
0.000706366
0.00136971
0.00149281
0.000854999
0.0150162
0.00157411
0.00146751
0.00191491
0.00331427
0.00144729
0.00158381
0.000985525
0.000914834
0.000717704
0.0016344
0.000635133
0.00273809
0.00174404
0.00095764
0.00129708
0.00247658
0.00321009
0.00141043
0.0107357
0.00163886
0.00109837
0.000861835
0.000792199
0.00361373
0.00102312
0.000383635
0.00583557
0.000632379
0.00140971
0.000941005
0.000499666
0.00416255
0.000449417
0.00130966
0.00498679
0.00489482
0.00107315
0.00139611
0.00137309
0.000398044
0.000439773
0.00129919
0.00102786
0.00195021
0.0011607
0.00139542
0.000914019
0.0016124
0.00148251
0.000758539
0.00126098
0.00135794
0.000698317
0.00236255
0.00167486
0.000814119
0.00106832
0.00341964
0.000963038
0.00140727
0.0021214
0.00242689
0.00070329
0.00103391
0.00200811
0.00187182
0.00258742
0.000753828
0.00114271
0.00143044
0.00286614
0.00110785
0.00118976
0.00108228
0.00224876
0.00149873
0.00155837
0.000777135
0.000749072
0.000733787
0.000889582
0.001825
0.00157898
0.0011805
0.00084444
0.00173721
0.00325593
0.00109194
0.00155486
0.00118259
0.00105254
0.00147492
0.00109836
0.000638799
0.0010835
0.00161271
0.00251478
0.00119936
0.000924726
0.00655952
0.00091953
0.00393105
0.00146983
0.00221209
0.000969147
0.000933667
0.00168554
0.00152796
0.00113703
0.00128272
0.000586907
0.000733558
0.00105933
0.000289708
0.000642664
0.00159078
0.001366
0.00132726
0.000939728
0.0011936
0.000635547
0.00123548
0.00298072
0.00130408
0.00109022
0.000875662
0.0026884
0.000798058
0.00145719
0.00337772
0.00191302
0.000323613
0.00221142
0.00125783
0.000931511
0.00203547
0.00137642
0.000506884
0.00226938
0.00152385
0.00343923
0.000981749
0.00147304
0.00822024
0.000970851
0.000833264
0.00259842
0.00217838
0.014622
0.000949824
0.00283782
0.00162045
0.00108814
0.000617972
0.00181936
0.00190396
0.00166681
0.00171911
0.00213121
0.00244969
0.000976528
0.00139997
0.00122768
0.000829428
0.00137401
0.00283761
0.00110279
0.00145675
0.000741636
0.00316389
0.00100828
0.00178425
0.00107723
0.00192127
0.00215351
0.00280208
0.00143221
0.00167827
0.00272639
0.0011286
0.00207549
0.000991778
0.000681961
0.0014686
0.00191373
0.00136199
0.00109419
0.00128573
0.00215534
0.000506516
0.000455865
0.00876529
0.000986478
0.00233574
0.000591562
0.00139655
0.00107012
0.00125725
0.000527827
0.000895323
0.00137362
0.00420511
0.00104056
0.0016561
0.000961677
0.0018707
0.00158615
0.00174819
0.00159375
0.00358028
0.00261589
0.00102099
0.00256642
0.00059667
0.00245192
0.00165618
0.00157188
0.00154074
0.000563589
0.00112846
0.00120699
0.000922461
0.000813619
0.00263346
0.00307902
0.0037005
0.00134175
0.001339
0.00059092
0.000573538
0.00165557
0.00162724
0.0017073
0.00908024
0.000819282
0.000795433
0.000824914
0.00226458
0.000509381
0.00082105
0.00128341
0.00181282
0.000632625
0.000254051
0.000562499
0.00132952
0.00125609
0.00133419
0.00271031
0.00368593
0.000952141
0.00389254
0.00106355
0.00144703
0.00507045
0.00170982
0.00140634
0.00169257
0.000718302
0.00899937
0.000642094
0.000427956
0.000303925
0.0010194
0.00129043
0.00112585
0.000740368
0.000645953
0.000960783
0.00532201
0.00149416
0.00122024
0.00125194
0.000714413
0.00132703
0.001214
0.000691486
0.00197186
0.00202704
0.0149545
0.000794628
0.00138254
0.00103047
0.000647153
0.000823922
0.00103747
0.00199877
0.00100764
0.00150888
0.000558568
0.00248065
0.00352536
0.001491
0.00188998
0.00113936
0.00125298
0.00123391
0.000679512
0.00341291
0.00164158
0.00257934
0.000729377
0.000769308
0.000634488
0.00122654
0.00175449
0.000501428
0.00120349
0.00161323
0.00305507
0.00110325
0.000967078
0.0011075
0.00140019
0.00201292
0.0135158
0.00759707
0.00117986
0.00356084
0.000723836
0.00105467
0.00246105
0.000735038
0.00157456
0.001836
0.00102159
0.000901529
0.000991228
0.00117987
0.00105963
0.000900028
0.00124597
0.00203441
0.0012312
0.000899093
0.00191115
0.00147712
0.00158917
0.000671057
0.00131724
0.00208643
0.000613828
0.000926585
0.00111041
0.00087637
0.0016262
0.00343419
0.00169457
0.00159305
0.00106189
0.00060857
0.00117808
0.00119199
0.00174553
0.00145281
0.00253859
0.00188131
0.00137138
0.000993649
0.00126514
0.0014432
0.00113724
0.00184904
0.00138806
0.000882423
0.00108582
0.00077201
0.00181628
0.00246119
0.00112417
0.00134516
0.00135389
0.00110597
0.000509037
0.00211212
0.000760072
0.0018445
0.00106988
0.00113676
0.00101162
0.00198333
0.00421015
0.00425468
0.00150429
0.00370263
0.00173917
0.00268144
0.00174352
0.00141995
0.00271107
0.00135122
0.00168025
0.00103419
0.000574879
0.00204987
0.00120291
0.00161914
0.00147272
0.00216613
0.000980217
0.00159329
0.00250016
0.0523271
0.000984103
0.00107044
0.00187157
0.00221923
0.00195232
0.000844889
0.000953179
0.000861364
0.00137253
0.00155972
0.00146257
0.000490085
0.000584338
0.00116595
0.00103722
0.00197012
0.00262521
0.00137629
0.00150368
0.0029236
0.000396731
0.00118846
0.00091887
0.000812347
0.00214038
0.00135332
0.00135794
0.000858488
0.0100003
0.00289656
0.000605823
0.000829996
0.00323726
0.00172907
0.00041346
0.00110167
0.00275361
0.000716215
0.00109516
0.00131376
0.00115367
0.00131475
0.00344555
0.00192934
0.0010249
0.00098945
0.00142288
0.00175183
0.000689839
0.00143688
0.00105242
0.00250881
0.00195696
0.00113205
0.0010617
0.0016997
0.00140244
0.00150469
0.00131157
0.00208765
0.000860463
0.00368131
0.00150509
0.00127001
0.00148669
0.00184578
0.00202762
0.00192811
0.00201834
0.0064239
0.00168801
0.00198993
0.0021529
0.00243705
0.00102727
0.00597033
0.00283441
0.00130443
0.00150875
0.000716304
0.000382868
0.00167363
0.00118654
0.00163987
0.000701417
0.000873676
0.000741757
0.00168177
0.00109907
0.00139681
0.000905071
0.000782813
0.00104354
0.000501333
0.00165776
0.00139952
0.000744538
0.00136078
0.000931641
0.000703883
0.000733291
0.00312591
0.00196955
0.00114841
0.00101428
0.00152322
0.000498123
0.000643338
0.00111039
0.00663553
0.00114197
0.00119573
0.000824369
0.00190509
0.000584956
0.00193595
0.0014944
0.00132509
0.0012526
0.00110885
0.00109127
0.00127617
0.00129519
0.00412371
0.00154845
0.00100307
0.00104108
0.000981193
0.000920475
0.0018698
0.00186238
0.00186928
0.00295072
0.00157616
0.000361161
0.000779445
0.00539893
0.000932459
0.00407184
0.00105792
0.00156366
0.0046994
0.00198047
0.000617291
0.00130379
0.00100862
0.00167382
0.000922905
0.00116121
0.0080902
0.00151169
0.00102678
0.000470107
0.00102514
0.0011722
0.000994632
0.00150678
0.00375863
0.00111838
0.00162399
0.000892598
0.00189811
0.000646217
0.00065817
0.000888734
0.00134601
0.00105672
0.00218073
0.00125718
0.00083364
0.00114339
0.00105763
0.0060366
0.0161308
0.00145741
0.000940198
0.00137215
0.00105253
0.00174576
0.00128205
0.00166982
0.00119142
0.00177156
0.00118565
0.02302
0.00101081
0.000604173
0.00109867
0.00107819
0.00141935
0.0159542
0.00136119
0.00171514
0.00111667
0.00104494
0.00312903
0.00199608
0.0012769
0.00114603
0.00120755
0.00172848
0.000798373
0.00185748
0.00106209
0.000451836
0.00116628
0.00155315
0.00233904
0.000762002
0.00165453
0.00155492
0.00167568
0.00204472
0.00129275
0.00174642
0.00135221
0.000758441
0.00288208
0.00119648
0.00619996
0.00109897
0.00205647
0.00179466
0.00105013
0.000778407
0.0012851
0.00176013
0.00178307
0.00160374
0.00164985
0.00443179
0.000730306
0.00129869
0.000754089
0.0011372
0.00234712
0.00092582
0.00139445
0.00204435
0.00409944
0.00107495
0.000840209
0.000490607
0.00233837
0.000918587
0.00153195
0.0009023
0.000868576
0.00141602
0.00172687
0.00209066
0.00112905
0.00176293
0.000848855
0.000712755
0.000677225
0.00273039
0.00171348
0.00121032
0.00145867
0.00159065
0.00100894
0.00187673
0.00195603
0.0020115
0.000523782
0.00283275
0.000991987
0.00104781
0.00136757
0.00157714
0.00137857
0.000485974
0.00117977
0.000828335
0.00105008
0.00100067
0.000885176
0.00125619
0.00128397
0.0110078
0.00128116
0.00116286
0.000865842
0.00143115
0.00243427
0.00226891
0.0010979
0.00116869
0.000584793
0.000986812
0.00130476
0.00121003
0.00147201
0.00131219
0.00149836
0.00233352
0.00128178
0.00209383
0.00115239
0.00192743
0.00132094
0.00245072
0.00176943
0.000982413
0.00157922
0.00105799
0.00121213
0.00582493
0.00120524
0.00110199
0.00373987
0.00337767
0.00178802
0.00125793
0.00071984
0.000974836
0.00118567
0.000290222
0.00267882
0.0015515
0.0058928
0.00234502
0.00145762
0.00206795
0.000877077
0.0079806
0.00109357
0.00186422
0.000828615
0.000928798
0.00169049
0.00185014
0.000436235
0.000770534
0.00145382
0.000658094
0.00031636
0.000773348
0.00116948
0.000517641
0.00159571
0.000984671
0.00261998
0.00191655
0.00110235
0.00110176
0.00125273
0.00196305
0.00123226
0.00197908
0.00231714
0.000668101
0.00119591
0.00076463
0.000957086
0.00134522
0.00275693
0.00319476
0.00166423
0.00111434
0.00103458
0.00107987
0.00160198
0.00209688
0.000244582
0.00259854
0.00078042
0.00120471
0.00149013
0.00136319
0.00110326
0.001309
0.00346629
0.00119031
0.000383569
0.0636893
0.00143483
0.000668773
0.000894254
0.00334631
0.000780488
0.0024209
0.000797699
0.00168747
0.000862918
0.00385049
0.00107147
0.000789919
0.00140461
0.00197225
0.0015858
0.00452285
0.0011901
0.000976053
0.00119155
0.00103097
0.00110023
0.00110796
0.00101054
0.000816489
0.0014239
0.00490399
0.00127856
0.00114743
0.00188181
0.000597234
0.00121957
0.000719009
0.000984629
0.00162262
0.00261945
0.00352459
0.00174255
0.00105302
0.00194879
0.00119169
0.00119232
0.00157377
0.000612556
0.000956383
0.000966539
0.00140027
0.00186399
0.00130653
0.000397931
0.00155525
0.0011864
0.00131614
0.00151626
0.00175386
0.00187033
0.00150888
0.00338218
0.0012473
0.000700777
0.00361186
0.00144515
0.000596017
0.00120356
0.00112688
0.000910191
0.00120204
0.00061525
0.00110048
0.00175304
0.00225188
0.00481283
0.000910801
0.00178245
0.0021547
0.00878668
0.002654
0.000571277
0.000493476
0.00110711
0.00115005
0.0079082
0.000941028
0.000550847
0.00108551
0.0055179
0.0488748
0.000951077
0.00195836
0.00248524
0.00162021
0.00358138
0.00073166
0.0028707
0.0015467
0.00128145
0.00577452
0.000525413
0.00105989
0.001456
0.0011994
0.00119186
0.00226048
0.00132037
0.00135611
0.00128775
0.000631399
0.00130204
0.00104209
0.00135146
0.00151691
0.000907206
0.00204687
0.00146766
0.00252521
0.00103529
0.00147532
0.00515229
0.00453822
0.000663984
0.00106235
0.00156229
0.000764853
0.00157418
0.00241587
0.00192228
0.000999832
0.000664514
0.00235386
0.00150498
0.00173529
0.00064145
0.00150693
0.0010774
0.000326566
0.00155032
0.00234661
0.000784056
0.000697589
0.00100138
0.00262818
0.000779357
0.00133646
0.00140539
0.00158178
0.00139089
0.00622132
0.00169916
0.000794511
0.00192332
0.0012556
0.00108031
0.000787133
0.00185454
0.00129144
0.00496271
0.000982381
0.000752195
0.00137135
0.00104081
0.00123105
0.00191762
0.00102776
0.00251305
0.000423581
0.00159432
0.002437
0.00166683
0.00141062
0.00108482
0.00141085
0.00068665
0.0022716
0.000971981
0.000397714
0.000630484
0.000903131
0.00144637
0.00113498
0.000863691
0.000995409
0.0078682
0.00342993
0.00195599
0.00118836
0.000939242
0.00112854
0.00135581
0.000965715
0.000908938
0.000714932
0.0028051
0.00207193
0.000883697
0.00360982
0.00179856
0.00159048
0.00094915
0.151192
0.00189688
0.000683725
0.0040356
0.00122127
0.00150342
0.000423886
0.00168651
0.00329482
0.000939362
0.00123097
0.00173412
0.00228709
0.00651762
0.00149658
0.00085294
0.00145235
0.00113792
0.00105871
0.00197589
0.00789793
0.000322088
0.00151148
0.00387345
0.000867158
0.00146626
0.000610001
0.000835227
0.00111265
0.00223297
0.000844733
0.00192745
0.000793317
0.00169349
0.00240591
0.00144433
0.00189478
0.00057299
0.00115738
0.00112193
0.000739656
0.00101452
0.00185979
0.000707757
0.00309309
0.0017353
0.00135904
0.00199668
0.000759784
0.00119829
0.00083702
0.000810631
0.00188876
0.00106826
0.00101313
0.000854051
0.00138062
0.00156374
0.00208708
0.000460853
0.00103413
0.000632597
0.00100819
0.00256711
0.00216869
0.00130359
0.00702482
0.000420959
0.000456748
0.00166968
0.00115748
0.00103682
0.00260608
0.00266814
0.00215245
0.00147143
0.00312901
0.00143172
0.0124977
0.00199996
0.00110721
0.000785011
0.0016918
0.000824159
0.000769186
0.000952715
0.000852757
0.00132767
0.00203586
0.00139425
0.00206272
0.00248868
0.0013314
0.000369537
0.00349731
0.00194579
0.0177118
0.00393481
0.0011778
0.00168417
0.00144922
0.00112017
0.000476942
0.00206432
0.00546144
0.0014016
0.00162428
0.00295178
0.0012635
0.00112261
0.000715915
0.001635
0.00126112
0.000983429
0.00161696
0.00170475
0.00115151
0.00107919
0.00115274
0.00149317
0.00122682
0.00121332
0.000501062
0.00125489
0.00115019
0.000896876
0.000925977
0.00270862
0.00115089
0.00114829
0.00327005
0.0018046
0.00120019
0.00100556
0.00055848
0.00120989
0.00123025
0.0247367
0.00155187
0.00260505
0.00144172
0.000616911
0.000966391
0.000678835
0.00337552
0.00139295
0.00127247
0.000837803
0.00300953
0.00149297
0.000790181
0.000760728
0.00961395
0.00101281
0.000607278
0.00769715
0.00097058
0.00034763
0.00115182
0.000997803
0.000679682
0.00137654
0.00139303
0.00116017
0.00183092
0.00141019
0.000545322
0.00118686
0.000885069
0.00175717
0.00149778
0.0364293
0.00154335
0.00065598
0.00112221
0.000604197
0.0155307
0.00296655
0.000488359
0.000837987
0.00114823
0.00123337
0.00131526
0.00105328
0.00142267
0.00190797
0.000609259
0.000770455
0.00107805
0.000470337
0.000709412
0.00207891
0.00309354
0.00169692
0.00227847
0.00104488
0.00349521
0.00122536
0.000932105
0.00126944
0.00138392
0.00100518
0.00100578
0.00125748
0.00396151
0.00189044
0.00134553
0.0017224
0.0010772
0.00221916
0.000415501
0.000234216
0.00261565
0.00375631
0.00115044
0.000797953
0.00151082
0.00191645
0.00190238
0.00153293
0.000942413
0.00125843
0.00120286
0.00292052
0.00235806
0.00114563
0.000951944
0.00117784
0.00289634
0.00276746
0.00113079
0.00154655
0.00167719
0.00230471
0.00098639
0.00354454
0.00206214
0.00129196
0.00229533
0.00205047
0.00164735
0.000341738
0.00181461
0.00104594
0.00128199
0.000756438
0.000922306
0.00166357
0.00118568
0.00121411
0.00132972
0.00120541
0.0041457
0.00141858
0.000637157
0.0013328
0.00100905
0.00352814
0.00148308
0.000998938
0.000782113
0.00192224
0.00157309
0.00085326
0.00690632
0.00102835
0.00286663
0.00315739
0.00145315
0.000919151
0.0018079
0.000520411
0.00160737
0.000648454
0.00150395
0.001042
0.000835276
0.00110724
0.00191301
0.00228481
0.00128194
0.00610555
0.000656921
0.000774148
0.00112755
0.00197694
0.0017785
0.00147954
0.00198464
0.00114109
0.00178847
0.00189706
0.00116491
0.00155629
0.00182903
0.00118852
0.00111698
0.0126427
0.00105583
0.00193297
0.00239992
0.0018693
0.00172988
0.000964278
0.00117695
0.00150485
0.0015685
0.00274439
0.001717
0.0016425
0.00123099
0.00183401
0.00203705
0.000665526
0.00121041
0.00127656
0.000711723
0.00173843
0.00319445
0.00142434
0.00135737
0.0089608
0.00126013
0.0013152
0.00202514
0.000646158
0.00152734
0.00474412
0.00154253
0.00173005
0.000638819
0.00074393
0.001134
0.000730427
0.00123952
0.00166396
0.00146258
0.00162879
0.00101126
0.00149146
0.000645191
0.00235675
0.00143588
0.00106114
0.000899954
0.00041324
0.00144847
0.00228236
0.00318434
0.00235091
0.00113916
0.00132892
0.00115054
0.00146431
0.00180503
0.00167062
0.0020723
0.00266182
0.00166819
0.00148133
0.00198555
0.000959279
0.00225081
0.00131275
0.0011855
0.00428494
0.00153127
0.0233873
0.00348053
0.000753104
0.00325218
0.00140879
0.00260523
0.000797746
0.00105937
0.000937421
0.000716976
0.00117888
0.000991185
0.00124965
0.00150482
0.000855383
0.00910297
0.00901729
0.00161148
0.000813708
0.000767485
0.00063871
0.00215212
0.00528903
0.00180564
0.00055361
0.00116864
0.00094224
0.00196147
0.00116182
0.0029082
0.00131962
0.000997671
0.00389372
0.00212388
0.00122563
0.0013832
0.00120075
0.00021667
0.00154493
0.00269
0.000902986
0.00113318
0.00144831
0.00154513
0.00117711
0.000605599
0.00184464
0.00131269
0.00186751
0.0017495
0.00179233
0.00154371
0.000629706
0.00171508
0.00195155
0.00101957
0.00117491
0.00116463
0.00115119
0.00125682
0.00138856
0.0014057
0.0013385
0.0276369
0.000622743
0.00175794
0.000978004
0.00144427
0.00145684
0.000796287
0.00106173
0.00137361
0.0014281
0.00629005
0.00192378
0.00181201
0.00182133
0.00222738
0.00138685
0.00133873
0.00155725
0.00114516
0.00128176
0.00151755
0.00251935
0.00198622
0.00225348
0.00342149
0.00147865
0.000256807
0.00139547
0.00119178
0.00118217
0.00355376
0.0010898
0.00159222
0.00206138
0.000804416
0.00222199
0.000777384
0.00135697
0.000422948
0.00171316
0.0135006
0.0010557
0.00234712
0.00567545
0.00156227
0.0011314
0.00135891
0.00232041
0.000843756
0.00297714
0.00137226
0.00217726
0.00129744
0.00094574
0.00349266
0.00193512
0.000959628
0.0009535
0.00428396
0.0034203
0.00153615
0.00238461
0.000944849
0.00196863
0.0305723
0.00247332
0.00125945
0.00157652
0.00503125
0.000743393
0.00587511
0.00106481
0.000821832
0.00130591
0.00119984
0.00310062
0.00216146
0.000950712
0.00246126
0.0218457
0.00261737
0.00136178
0.000883176
0.00133541
0.00179781
0.00170614
0.0015257
0.000886018
0.00179336
0.00356039
0.00131837
0.00174416
0.00109702
0.00333182
0.00118273
0.00130326
0.00062144
0.00246621
0.00148472
0.000897406
0.00378314
0.000887527
0.00139994
0.0015406
0.00191433
0.00252686
0.00177443
0.0013471
0.00115744
0.00138399
0.001416
0.0021961
0.0050082
0.00123641
0.00102417
0.00140303
0.00112012
0.000753515
0.00106116
0.000905158
0.00165176
0.00306244
0.00117828
0.00117358
0.00128339
0.000869231
0.00173402
0.000784846
0.00153148
0.00185381
0.00156037
0.000844705
0.00223967
0.00107009
0.00147303
0.00133704
0.000532904
0.00272427
0.0017372
0.000939038
0.00125539
0.00110392
0.00255412
0.000760098
0.00361352
0.00110402
0.000960968
0.000918724
0.0010225
0.0016134
0.00145073
0.00100331
0.0018615
0.0014799
0.000671361
0.00093207
0.00214954
0.00184026
0.0159728
0.00144864
0.00196313
0.000616613
0.00103533
0.000844462
0.00148771
0.00489661
0.000364844
0.00271003
0.00140346
0.00171024
0.00172206
0.000897702
0.00160662
0.0027933
0.00128605
0.000951272
0.000713981
0.00172002
0.00158902
0.00308727
0.00132028
0.00220206
0.000955869
0.00221766
0.00172329
0.000560574
0.000739384
0.000800744
0.000583527
0.00126032
0.000839188
0.00108113
0.00133349
0.00161671
0.00119105
0.000883388
0.00193633
0.00103509
0.00159549
0.00156332
0.00243678
0.00115234
0.00118369
0.00839462
0.00159157
0.00131844
0.00112084
0.00354404
0.00175205
0.00313492
0.00103571
0.00168923
0.00106945
0.00794727
0.00743624
0.00184535
0.00177357
0.00153692
0.00208151
0.00156382
0.00105703
0.000412694
0.00203877
0.000375091
0.00449226
0.00113094
0.00152145
0.000543701
0.00138944
0.00198765
0.00260953
0.00112721
0.000847936
0.00087919
0.00177997
0.000988258
0.003181
0.00151721
0.00137592
0.0027187
0.000508701
0.00142444
0.00251246
0.00138035
0.00113205
0.000619929
0.00133697
0.00104138
0.00133837
0.00249948
0.00858217
0.00178733
0.00903985
0.000994607
0.00186588
0.000977852
0.00084282
0.00100918
0.00128292
0.00135949
0.00160824
0.000966149
0.00173796
0.00397374
0.000404179
0.000726905
0.000975868
0.00203476
0.00154403
0.00165451
0.000964367
0.00250439
0.000920552
0.00156958
0.000818994
0.0744887
0.00131107
0.00148733
0.00127206
0.00163385
0.00187295
0.00135138
0.00186671
0.00146543
0.0206021
0.0010359
0.00158755
0.000998186
0.00180927
0.00115783
0.0058987
0.00286289
0.000646347
0.00172258
0.000886283
0.00204244
0.00135412
0.00349512
0.00267076
0.00132086
0.000430761
0.000783827
0.00260691
0.00120607
0.00202467
0.00233318
0.00119965
0.00134751
0.00272805
0.000475751
0.000783152
0.000494701
0.00120808
0.00171075
0.00144407
0.00224243
0.00238017
0.0083692
0.00078969
0.00126771
0.0010189
0.0064818
0.00337479
0.00167309
0.00103142
0.0023718
0.011645
0.0014225
0.000699347
0.00193291
0.001737
0.00216345
0.0011327
0.00122527
0.000792874
0.000846002
0.0011783
0.00282967
0.000784417
0.00106674
0.0035538
0.00229358
0.00173185
0.00172246
0.000832009
0.00198678
0.000910153
0.000477693
0.000635695
0.0013986
0.000992958
0.000871001
0.000935422
0.000796161
0.00122966
0.00206536
0.00147225
0.00125797
0.00263845
0.00255197
0.00293709
0.00122885
0.000771366
0.00205928
0.00304472
0.00069303
0.00202685
0.00109051
0.00147011
0.0018228
0.00104378
0.000865917
0.000977233
0.0017847
0.00185285
0.000843094
0.00110566
0.00111732
0.000808035
0.000984352
0.000362472
0.000760577
0.00115313
0.00165796
0.000652133
0.000753999
0.000912913
0.000770716
0.0010757
0.00355887
0.00100938
0.00261968
0.000253414
0.00144704
0.000654711
0.0134308
0.000763404
0.000996573
0.00117268
0.000842386
0.00288326
0.000948553
0.00122629
0.00181266
0.00115223
0.00104666
0.000612537
0.000803186
0.00117624
0.0127163
0.000920741
0.00367158
0.00123419
0.00143147
0.00111833
0.00093568
0.000321687
0.00172529
0.00168179
0.00246807
0.00113719
0.000842574
0.00139556
0.00146805
0.00139576
0.00622884
0.000454915
0.00195809
0.00148474
0.00200271
0.00204314
0.00153939
0.00060063
0.000974798
0.000649032
0.00134952
0.00204967
0.000676162
0.0172567
0.000988495
0.000830248
0.00158056
0.00145509
0.00376328
0.00100413
0.0112693
0.00173035
0.00240976
0.00265119
0.00386817
0.00114839
0.00207417
0.000890354
0.0377558
0.00167958
0.00920235
0.00101806
0.00144784
0.000683072
0.00332529
0.0015407
0.00149233
0.000964859
0.00180949
0.000869939
0.00164499
0.00126816
0.00131799
0.00156788
0.000683498
0.0037597
0.00139456
0.00103967
0.000489576
0.00156929
0.00164306
0.000947572
0.00162362
0.000707895
0.00121093
0.000704695
0.0016299
0.000768197
0.000967129
0.000894124
0.00308685
0.0188347
0.00112098
0.00293996
0.00519583
0.00171869
0.00125901
0.00186173
0.000801422
0.00177888
0.000856381
0.001188
0.00163707
0.00111664
0.000826768
0.00122443
0.000919694
0.00120465
0.00104461
0.000687165
0.00141127
0.00216818
0.00156886
0.000909139
0.000829649
0.00132602
0.0013166
0.00178325
0.000906137
0.000545537
0.00103763
0.00133975
0.00712053
0.00248737
0.00119712
0.00209073
0.00157712
0.002808
0.00178439
0.0017627
0.00145309
0.00214209
0.00115214
0.0017071
0.000934875
0.00209474
0.00115787
0.00242935
0.000874003
0.00219897
0.00165656
0.00363775
0.000700976
0.000941715
0.00202287
0.000951592
0.00150479
0.00151283
0.00127675
0.00127387
0.0114722
0.00300932
0.00189127
0.00105243
0.00197948
0.000871151
0.0025216
0.000658836
0.00136435
0.00113851
0.00164276
0.00720518
0.00154861
0.00138742
0.00201011
0.000958539
0.00071699
0.000586014
0.00525627
0.00215835
0.00103815
0.00661284
0.00100323
0.00187592
0.000722088
0.00127344
0.00157557
0.00114204
0.00125526
0.00168858
0.00133166
0.0012267
0.00114838
0.00185298
0.00274937
0.00209432
0.00113704
0.00389962
0.00119937
0.00167157
0.000734374
0.000523844
0.0013677
0.000914439
0.00106016
0.00154012
0.00121785
0.00147649
0.00267036
0.000842177
0.00123816
0.00199711
0.00129241
0.000680534
0.00147372
0.000497757
0.00195043
0.00272444
0.0012496
0.00230322
0.000754308
0.0085759
0.00144082
0.00151925
0.000898429
0.00211953
0.0021181
0.00215764
0.000940658
0.00142152
0.00260572
0.00115248
0.00299977
0.00602804
0.000745174
0.00137407
0.00202965
0.00212406
0.000347333
0.00125606
0.0028944
0.00161468
0.00150386
0.00136975
0.000636699
0.00128718
0.00109931
0.00770468
0.00255844
0.000949732
0.000759351
0.0011565
0.00142746
0.00128443
0.00142538
0.00226561
0.0016544
0.000550818
0.00332891
0.00159914
0.00171809
0.00181596
0.000576248
0.00167695
0.00134547
0.000920192
0.00122723
0.00310886
0.00103543
0.00144416
0.000562099
0.00403642
0.000905511
0.00413465
0.00127297
0.00111855
0.000932512
0.00169573
0.0136375
0.00168853
0.000834082
0.00185945
0.00105408
0.00180924
0.000885015
0.000654564
0.000763525
0.000936721
0.00129666
0.00197563
0.0022394
0.00159977
0.00186414
0.0010673
0.00250666
0.000447212
0.00136589
0.00131216
0.00182784
0.000870919
0.000795341
0.00095065
0.00160949
0.00231349
0.00149226
0.000911576
0.00161489
0.00106547
0.00198301
0.000840815
0.00277297
0.00122196
0.00105745
0.000786252
0.00172193
0.00234526
0.00156847
0.00110378
0.00127844
0.00229444
0.00096392
0.00128334
0.00145872
0.00186833
0.00256853
0.00120925
0.00216851
0.00131136
0.00322815
0.00342953
0.000702529
0.00137457
0.000550121
0.00292275
0.00133456
0.000972263
0.00196999
0.00532003
0.00113744
0.00136498
0.000736014
0.00130157
0.00129236
0.000509334
0.00121898
0.000729002
0.00120986
0.00140091
0.00372994
0.0011282
0.0129264
0.000545112
0.00255432
0.00139823
0.00128564
0.00202363
0.00720587
0.0010791
0.00204003
0.001439
0.0183029
0.00356734
0.00127577
0.00314129
0.00086526
0.000748288
0.00113235
0.000549687
0.00178567
0.00120854
0.00198337
0.000834159
0.00114746
0.00189487
0.0026426
0.00256072
0.000911014
0.00117343
0.000859705
0.00217246
0.00353772
0.00126238
0.00103174
0.00121709
0.00086664
0.00108934
0.0018328
0.00137742
0.00243524
0.00192909
0.000828845
0.000715434
0.000747886
0.00144465
0.00172372
0.00157707
0.0013697
0.000368021
0.00067693
0.00108768
0.00140179
0.00141441
0.00157128
0.000355554
0.000770607
0.00206414
0.000722273
0.00375333
0.000871074
0.0012931
0.0010718
0.000383341
0.00165439
0.00216163
0.000358321
0.00117226
0.00131256
0.00313093
0.0268497
0.0019167
0.00286623
0.00275215
0.00189105
0.0019635
0.00162152
0.0011434
0.00136098
0.0075894
0.0025382
0.00460921
0.0039721
0.0086968
0.00170589
0.00349883
0.00238379
0.000694354
0.00141103
0.0020575
0.00100655
0.00307174
0.00209449
0.000880907
0.00125991
0.0015883
0.00151042
0.00129895
0.00170888
0.000604157
0.0015289
0.00082589
0.0019279
0.000884568
0.00391442
0.00168519
0.00165361
0.00139787
0.00101751
0.0013187
0.00100151
0.000651845
0.00155567
0.00148933
0.00158819
0.000935312
0.00127907
0.000964236
0.00128727
0.000589236
0.000919265
0.0012893
0.001209
0.00190916
0.00139773
0.00230065
0.00121202
0.00104672
0.000789853
0.00134698
0.00116964
0.00218703
0.0020583
0.00171074
0.000698309
0.00108987
0.00106653
0.00094618
0.00134249
0.000606572
0.00105044
0.00153381
0.00172882
0.00199569
0.001064
0.00125151
0.00146336
0.00111596
0.00391276
0.00104584
0.00376914
0.00116173
0.000650009
0.00124141
0.00168579
0.0013962
0.00214001
0.000872595
0.00104776
0.0046306
0.00401536
0.00232258
0.00169141
0.000990765
0.00366721
0.000471014
0.00171242
0.00147394
0.000802255
0.001505
0.00660566
0.00110948
0.00164701
0.00164584
0.00129629
0.00213153
0.00133713
0.0014952
0.000822292
0.00142834
0.00118079
0.00170291
0.00156218
0.000727841
0.000595498
0.00435479
0.000628478
0.00182355
0.00352041
0.00155256
0.00140051
0.00142756
0.00159379
0.00143794
0.00101358
0.00223828
0.00211617
0.000815971
0.00337783
0.00161335
0.00165632
0.00143398
0.000382737
0.00139358
0.00177406
0.00144948
0.000865964
0.00053492
0.000496115
0.00251845
0.0012551
0.00204164
0.000971735
0.00805414
0.00179116
0.0012087
0.000734996
0.00250054
0.000776911
0.00137792
0.000568813
0.00126675
0.00151111
0.00245348
0.00247151
0.00169131
0.00106242
0.00140179
0.000776575
0.00161799
0.00154264
0.00205223
0.0025115
0.000551561
0.000755587
0.00130892
0.00125004
0.00184119
0.00110569
0.0017108
0.00101555
0.000488103
0.000948307
0.00113919
0.00138221
0.00293987
0.00105195
0.00406641
0.00236693
0.00132147
0.00193798
0.00795741
0.00103841
0.00186592
0.00227512
0.020086
0.00234633
0.00185915
0.00054869
0.000682244
0.00122346
0.00176651
0.00365281
0.00156027
0.00135082
0.000670494
0.000801258
0.000800307
0.000973338
0.00174368
0.000379374
0.00128447
0.00133306
0.000994663
0.00112465
0.000573555
0.0062585
0.000403473
0.00175407
0.00234908
0.00730168
0.00164855
0.00114748
0.00113873
0.00231481
0.000947691
0.000652698
0.0025091
0.000848966
0.00232316
0.00180977
0.00123299
0.00226599
0.00099409
0.00251503
0.00384434
0.000265264
0.000640982
0.00284193
0.0007383
0.00257036
0.00169819
0.00187907
0.00163447
0.000841883
0.00225398
0.0017091
0.000315909
0.00158856
0.00233561
0.00120812
0.00164491
0.00114555
0.00321587
0.000582763
0.000672659
0.00410031
0.00065396
0.00118207
0.00138115
0.00184887
0.00285953
0.00182425
0.00112383
0.00263192
0.00141971
0.000833316
0.0013699
0.00093583
0.000893219
0.00226719
0.00132404
0.00560552
0.00111467
0.000821978
0.00129387
0.00122564
0.00174291
0.00120283
0.00136557
0.00263299
0.000982013
0.00083041
0.00174391
0.00162808
0.00970639
0.00139709
0.00171724
0.00133496
0.00109467
0.00263461
0.00099453
0.00122523
0.000820876
0.00150954
0.00528008
0.000938094
0.00195142
0.0007755
0.0012504
0.000692223
0.00062117
0.00137453
0.00121987
0.00124644
0.001295
0.00181533
0.00140035
0.00529484
0.00188902
0.000922266
0.0012073
0.00605042
0.00227089
0.00156907
0.00146066
0.000930941
0.000608996
0.000826383
0.00114257
0.00144841
0.000150611
0.00400248
0.00132746
0.00130289
0.000873637
0.0010667
0.000998297
0.00071288
0.00070226
0.000453795
0.000959492
0.00202607
0.00140252
0.00199099
0.000621062
0.0018264
0.00134604
0.00489808
0.00293922
0.00132811
0.00156367
0.00182901
0.00163508
0.00627953
0.00160376
0.00147027
0.00172998
0.00182997
0.0014691
0.00121796
0.00192871
0.0022432
0.00132037
0.00126684
0.00183794
0.00131871
0.00074907
0.00041925
0.000683389
0.00141065
0.00205941
0.000677354
0.00165155
0.00147793
0.000716773
0.00384893
0.00102814
0.00157243
0.001057
0.000776497
0.000628144
0.00108988
0.000998266
0.00109941
0.000853942
0.00186963
0.00415991
0.00263484
0.0010227
0.00123535
0
0.00283252
0.000984587
0.00119422
0.000968047
0.00257367
0.00200915
0.00673022
0.000863573
0.00266287
0.00158838
0.0019537
0.000523207
0.00473266
0.00611177
0.000819309
0.00179631
0.00193187
0.000962831
0.00117098
0.00711313
0.000971981
0.00421932
0.00261892
0.00165878
0.00250609
0.0009761
0.000662553
0.00114905
0.000463723
0.00088639
0.000954605
0.00893166
0.00165198
0.00099411
0.00314508
0.00166938
0.000828318
0.00058274
0.00205293
0.000827113
0.00072955
0.00181929
0.00203456
0.00276035
0.000792066
0.00664656
0.00209717
0.00114246
0.000369338
0.000805154
0.000829015
0.00153387
0.00215332
0.00192301
0.00150075
0.000493592
0.00143521
0.00242863
0.00108505
0.00151758
0.00292237
0.000767886
0.00237939
0.0013243
0.0119168
0.00240534
0.00109498
0.00123361
0.00139332
0.000537436
0.0015246
0.000960725
0.00189193
0.00252592
0.00404771
0.0014583
0.00288015
0.000370765
0.00250076
0.00099059
0.00168631
0.00103037
0.00108815
0.00232401
0.000585764
0.00153737
0.00498149
0.00128521
0.00271728
0.00101679
0.00102122
0.00135244
0.00420664
0.00135321
0.00172752
0.00154056
0.00207493
0.00241569
0.000832691
0.00101546
0.00185717
0.000658115
0.00121532
0.00181376
0.00106699
0.000574155
0.00320204
0.00157227
0.000808177
0.000941913
0.000231595
0.00056525
0.000891695
0.00139697
0.00097849
0.012473
0.00072907
0.00454286
0.00115206
0.00100825
0.00276128
0.00111419
0.00398558
0.00315706
0.0012512
0.00113296
0.00367724
0.00130249
0.00183853
0.00107875
0.00120169
0.00244949
0.00227816
0.00181696
0.00138748
0.00202451
0.00301112
0.00351353
0.0116348
0.00239771
0.00127777
0.0136166
0.00201923
0.0011862
0.00141211
0.0022809
0.00102767
0.00112926
0.00506236
0.00102781
0.00191147
0.00133173
0.00113876
0.000482356
0.0019189
0.00131007
0.00548999
0.0014611
0.000813968
0.00145078
0.000419655
0.00158073
0.00206689
0.000649824
0.0012456
0.00186409
0.00127273
0.00869277
0.00126952
0.00128473
0.00198012
0.000700402
0.00159208
0.00140166
0.00120209
0.00139738
0.0303449
0.00298449
0.00121627
0.000736926
0.00438311
0.00555435
0.000539891
0.00137568
0.00217791
0.001072
0.00112146
0.00130984
0.00133932
0.00162491
0.00372154
0.000848521
0.00137526
0.00199265
0.00107283
0.00151155
0.000706779
0.00149457
0.00154514
0.000517504
0.00173979
0.000933831
0.000631344
0.00120466
0.00301044
0.00137295
0.00174518
0.00111182
0.000834524
0.00140029
0.00929722
0.00155011
0.000509963
0.000390268
0.000870452
0.00209363
0.00204037
0.00153093
0.00110077
0.00153909
0.00344978
0.0013785
0.00155731
0.00190449
0.00173675
0.00100786
0.00154496
0.000895564
0.0039204
0.000803672
0.00106809
0.00150356
0.00131984
0.00144025
0.00117789
0.00208191
0.00103687
0.00138868
0.000976736
0.00356937
0.00084231
0.000973239
0.00113716
0.000754769
0.000685373
0.000416704
0.0013152
0.00172894
0.000780567
0.00275296
0.00109239
0.00130712
0.000491215
0.00136267
0.000948473
0.00180785
0.000365564
0.000991465
0.00368726
0.000941702
0.000587645
0.00134501
0.000901823
0.000292071
0.004301
0.00366489
0.00162939
0.00277509
0.00107825
0.000411431
0.00201313
0.00251093
0.00176589
0.00160767
0.00222997
0.0108299
0.000814647
0.00104157
0.000946974
0.000350784
0.00252927
0.000597409
0.00168886
0.00145342
0.00467549
0.00647625
0.00179083
0.00147678
0.00186185
0.0012786
0.00132542
0.00286019
0.00193442
0.0013782
0.00157528
0.00101884
0.0057551
0.00283815
0.00508041
0.0010855
0.00128539
0.00188716
0.00455662
0.00177471
0.00178532
0.00109142
0.00230352
0.00072062
0.000512167
0.000611979
0.00217107
0.00158733
0.00134869
0.000589373
0.00106646
0.00094508
0.00147525
0.00132191
0.00154726
0.00166971
0.00107167
0.000805798
0.00935514
0.000973769
0.00116667
0.00668584
0.00155316
0.00632039
0.00195135
0.00216744
0.000972342
0.000634194
0.00112658
0.000661333
0.0018029
0.0036761
0.00172038
0.00275251
0.00124973
0.00121583
0.000928552
0.00107709
0.00248158
0.000907393
0.00235028
0.000512147
0.00214262
0.00237365
0.000832344
0.00100042
0.00103137
0.00155428
0.00318835
0.00177662
0.00167337
0.00147303
0.00220801
0.00190042
0.00161157
0.000816285
0.000696307
0.000573113
0.00133118
0.00097747
0.00101501
0.000602846
0.00115624
0.000738296
0.00194483
0.00119276
0.0012488
0.000830452
0.00377306
0.000837584
0.00111538
0.00133811
0.00127792
0.00157846
0.0012447
0.00183331
0.00159833
0.00222825
