0.00109884
0.0010916
0.00104087
0.00122122
0.000549508
0.000777801
0.000589059
0.000984754
0.00077476
0.000742014
0.00123855
0.000745388
0.000928616
0.00207168
0.000768843
0.000745339
0.00219615
0.000703683
0.000598547
0.00137496
0.0006703
0.000815363
0.00137806
0.000815387
0.00114846
0.0013328
0.000903206
0.000535291
0.00116125
0.00135635
0.0014307
0.000631155
0.00102642
0.00500954
0.000801421
0.000895816
0.00128893
0.000796299
0.00371996
0.000639229
0.000466697
0.000807484
0.00110205
0.00106386
0.00049254
0.00337849
0.000540164
0.000360988
0.00201193
0.00154128
0.00109698
0.00038516
0.00186039
0.00399526
0.00115171
0.000713336
0.00132755
0.00071285
0.00114226
0.000987071
0.00059309
0.00115982
0.000315228
0.00154441
0.000678639
0.00132318
0.00116249
0.0079318
0.000290346
0.00107266
0.00112188
0.00131992
0.0028997
0.00209419
0.000751464
0.0013607
0.000842949
0.000817258
0.000582144
0.000840779
0.00131241
0.000901675
0.00169645
0.00100162
0.00120412
0.00062811
0.000530144
0.000656473
0.000711123
0.00068245
0.000478841
0.000883227
0.0116812
0.00194504
0.00116539
0.00042865
0.000879635
0.000367823
0.00118055
0.000640375
0.000614332
0.00101937
0.000913144
0.0011957
0.000758752
0.00194728
0.000492838
0.00113555
0.000565795
0.00090284
0.000897022
0.000402365
0.000553777
0.000702602
0.000668795
0.000706889
0.00111668
0.00120059
0.000981947
0.000826385
0.000893653
0.000633199
0.000211472
0.001497
0.00161434
0.00176227
0.000839946
0.000938214
0.000974105
0.000895125
0.000880152
0.000766572
0.00128026
0.00124451
0.000930612
0.0011072
0.00119957
0.00161717
0.00315699
0.00102416
0.000526649
0.000569065
0.000615543
0.00101246
0.00288731
0.000389014
0.00150884
0.000891573
0.000617867
0.000872806
0.00183412
0.000653191
0.0031867
0.00058795
0.000621129
0.00114315
0.00480436
0.000965355
0.000709416
0.000969779
0.000997523
0.00184884
0.0020002
0.00162124
0.000952981
0.000853233
0.00060783
0.000909984
0.00146588
0.000918868
0.000256462
0.000808925
0.000717688
0.00120365
0.00261397
0.000685587
0.00106957
0.000707077
0.00116611
0.00034215
0.00104941
0.00101482
0.00390321
0.000621709
0.000643247
