0.000361021
0.000318001
0.000256945
0.00107058
0.000708583
0.00154809
0.00123932
0.000961849
0.000404133
0.00108968
0.00248414
0.000809257
0.00178037
0.00120758
0.00216952
0.00102764
0.00139616
0.00150407
0.000699982
0.00380949
0.00117815
0.000976067
0.000961536
0.000615504
0.00190472
0.00195142
0.00221768
0.000998219
0.00114832
0.00109644
0.00119481
0.0140477
0.000828987
0.00114984
0.00334852
0.000586087
0.00105162
0.000438236
0.0015032
0.000411032
0.00117008
0.000766346
0.00183627
0.00117331
0.000837111
0.000987058
0.0011329
0.000181021
0.00147096
0.00158292
0.000938756
0.000895
0.00107229
0.0115497
0.000722775
0.00086045
0.000779198
0.00170495
0.000886185
0.00140014
0.00477435
0.000609537
0.00899997
0.00109781
0.0105369
0.0011049
0.00167109
0.000404047
0.000620921
0.000596239
0.00217764
0.000868998
0.00358395
0.000772024
0.000722774
0.00148527
0.00181936
0.000943424
0.00162854
0.0006922
0.000830264
0.00137149
0.00170099
0.000689151
0.00134002
0.000555883
0.000698715
0.00147509
0.00111173
0.000822074
0.00197701
0.00254101
0.000410504
0.00124409
0.00192275
0.000865271
0.000531693
0.000823944
0.00102265
0.00102975
0.00211179
0.0049149
0.000906165
0.000932492
0.00088069
0.000826862
0.00133266
0.000737351
0.000926836
0.00121329
0.00143931
0.00102188
0.000586159
0.000645166
0.000643451
0.0101394
0.000651226
0.000899706
0.000428363
0.000760264
0.00115375
0.000984987
0.00137261
0.000725066
0.000539182
0.000960459
0.00101965
0.000208478
0.000854341
0.00147834
0.000231656
0.000838857
0.000671859
0.00118015
0.000615941
0.00133498
0.000345797
0.000785511
0.00141791
0.0158029
0.00121887
0.00217235
0.000884282
0.000618838
0.000689729
0.00118229
0.0116688
0.000750354
0.00243272
0.00297122
0.00211078
0.0024305
0.00104608
0.00072811
0.00366687
0.000898203
0.000206206
0.00154
0.00126705
0.00104623
0.00114425
0.000913002
0.00139803
0.00088113
0.00053724
0.000822631
0.000767647
0.00132764
0.00139495
0.000786668
0.000920241
0.00186028
0.00113437
0.00166229
0.00128862
0.0184623
0.00171638
0.00077813
0.00153843
0.000879176
0.0112257
0.00189443
0.00110526
0.000171172
0.00119621
0.00131204
0.00150472
0.00550921
0.00109719
0.000657634
0.00205069
0.000638274
0.000464954
0.0015546
0.000891142
0.00106249
0.00128221
0.00035819
0.00158395
0.00112871
0.00454258
0.00110371
0.00122973
0.00131074
0.00076939
0.00226515
0.00106961
0.00134534
0.00154774
0.00051204
0.000912885
0.001114
0.00141384
0.000895169
0.00140262
0.00877498
0.0013257
0.00203746
0.000755782
0.00087668
0.000831853
0.0026925
0.00987666
0.000464786
0.0103942
0.00105619
0.00133743
0.00152567
0.000744526
0.000668765
0.000450924
0.000556018
0.000922279
0.000953845
0.00314578
0.00123112
0.000566181
0.00215003
0.000929972
0.00128122
0.000775784
0.00102124
0.000484476
0.00112328
0.00086421
0.000506924
0.00193658
0.00223381
0.00158106
0.00089954
0.000977346
0.00249527
0.000933915
0.000958088
0.00135475
0.00103429
0.000846671
0.00106845
0.00030488
0.000779414
0.000569108
0.000611856
0.00075352
0.000719156
0.000629842
0.000265702
0.0035067
0.000606963
0.000738722
0.000679702
0.000701605
0.000518913
0.000703936
0.0333171
0.000379546
0.00217915
0.000850642
0.0017703
0.000729499
0.000724569
0.00348248
0.00105605
0.00107705
0.000555603
0.000773679
0.000622643
0.00137331
0.000622788
0.00111955
0.00141671
0.00324404
0.000686591
0.00109872
0.000753126
0.000755959
0.00284035
0.00109515
0.00125588
0.00152975
0.00118164
0.00122064
0.000375869
0.000906182
0.000384936
0.00102263
0.00105606
0.00489472
0.000942298
0.00025556
0.00156032
0.00101466
0.00356616
0.00110315
0.00233812
0.000670242
0.00141443
0.000951775
0.0013778
0.00174698
0.000977889
0.000418727
0.000905941
0.00277468
0.0010283
0.000957174
0.000893613
0.000526474
0.00174757
0.000159094
0.0021106
0.000552808
0.00261699
0.00119274
0.000933043
0.0019197
0.000489711
0.00111456
0.000616913
0.000490067
0.00151396
0.00124946
0.0024638
0.00101588
0.000866389
0.000842176
0.000219203
0.000740022
0.000906376
0.000718154
0.00174296
0.00193506
0.00078927
0.00133868
0.00117897
0.000961593
0.00155934
0.00319354
0.000483689
0.00103459
0.00149487
0.00306912
0.000273256
0.00110053
0.000743093
0.00426087
0.0015684
0.00054711
0.00115939
0.0017731
0.00237422
0.00174372
0.000510277
0.000669366
0.00177337
0.000285422
0.00120773
0.00191362
0.000619351
0.000945214
0.00176313
0.000546924
0.000845258
0.000900863
0.000565444
0.00131467
0.000448353
0.00112033
0.000256304
0.0013748
0.000640454
0.00232425
0.00109198
0.00699787
0.00227087
0.000946033
0.00116258
0.00140334
0.000959767
0.000965146
0.0178405
0.000800514
0.00237871
0.00450029
0.00137033
0.000829015
0.000985025
0.000822819
0.00175791
0.000518368
0.00112655
0.000882834
0.000976259
0.000493789
0.000982343
0.000796261
0.00160416
0.00102581
0.00111938
0.00107078
0.00084255
0.000789493
0.0018231
0.00121322
0.000886126
0.000371819
0.000356306
0.00205126
0.00318491
0.00280381
0.00183355
0.000452342
0.00114205
0.00114854
0.0029408
0.00807929
0.000721228
0.00114412
0.000845617
0.000485349
0.00083009
0.000855592
0.000966965
0.00204182
0.000452984
0.000706279
0.000650519
0.00455931
0.000779932
0.00117294
0.000732504
0.00166295
0.000774417
0.000812655
0.000608114
0.00112311
0.000662867
0.000421676
0.00101176
0.00113761
0.000839989
0.00115237
0.00171441
0.000704483
0.000832827
0.000337301
0.002628
0.00189133
0.00212906
0.000717433
0.00119162
0.00073156
0.00121838
0.000629185
0.00224599
0.000734164
0.000765825
0.000898873
0.000840542
0.000619229
0.00143128
0.00187468
0.000598077
0.000977144
0.000412251
0.00122951
0.000841362
0.000609467
0.00116997
0.000642503
0.00123208
0.000577243
0.00145351
0.00189739
0.000745337
0.000495105
0.00058899
0.00182921
0.000852386
0.0010783
0.00284291
0.000726085
0.000496669
0.000722038
0.0010027
0.00144827
0.000801392
0.0015016
0.000453831
0.00112627
0.00050489
0.00490943
0.000768646
0.000795785
0.00116482
0.00148792
0.00127366
0.0010166
0.0121458
0.0027349
0.00476343
0.000801357
0.00387007
0.00108495
0.00468999
0.000521807
0.00081454
0.00232363
0.000832258
0.000312826
0.000691273
0.00113214
0.000803458
0.000982081
