0.00101448
0.00193868
0.00146199
0.00231797
0.00108627
0.00113895
0.00156664
0.0100398
0.00171466
0.00152627
0.00130925
0.00156072
0.00319162
0.0014984
0.00152265
0.00156237
0.0013094
0.00226357
0.00126323
0.00230078
0.0010751
0.00240893
0.000810513
0.00167858
0.00135555
0.00182128
0.00258288
0.00182162
0.00497417
0.00131355
0.0021612
0.0021734
0.000657443
0.0014995
0.0207391
0.00123797
0.00202277
0.00141528
0.00216326
0.00272493
0.00610776
0.00114311
0.00217144
0.00188519
0.00235648
0.00119857
0.0023627
0.00209846
0.00126487
0.000930037
0.00143825
0.00168512
0.00170318
0.00411562
0.00105702
0.00264907
0.000987327
0.00466138
0.00218951
0.00277117
0.00162505
0.00150522
0.00159083
0.00171327
0.00303339
0.00170666
0.00118428
0.00200649
0.00219325
0.00151346
0.00205128
0.0205096
0.00104963
0.000707641
0.00175072
0.00185537
0.00187998
0.00194429
0.00159193
0.00198501
0.000740494
0.00148351
0.00317864
0.0013887
0.00186446
0.0106406
0.00142241
0.00367046
0.00157219
0.000956373
0.00357577
0.001046
0.0031391
0.00195225
0.00154353
0.00190851
0.00233823
0.00262987
0.00766862
0.00219656
0.00265328
0.00106364
0.00211386
0.00158387
0.0011141
0.000789813
0.00149981
0.0018171
0.00360352
0.00160144
0.00334328
0.00139087
0.00113513
0.00129447
0.00215991
0.00142207
0.00166434
0.00188369
0.00160363
0.00376029
0.00166093
0.000549441
0.00164681
0.0038079
0.00177131
0.0129084
0.00213634
0.00461507
0.00291327
0.00146556
0.000904013
0.00215577
0.00251408
0.00168051
0.00253222
0.00188951
0.00158888
0.00103727
0.00117398
0.00123754
0.00212175
0.0015929
0.00235997
0.00273151
0.00106835
0.0227906
0.00195762
0.002024
0.00161058
0.0013519
0.00179834
0.00164487
0.00222597
0.00187009
0.00119291
0.00202018
0.00158044
0.00103473
0.00278448
0.00185079
0.00347624
0.00116361
0.00188065
0.000996793
0.00147037
0.00169672
0.00147751
0.00141959
0.00139011
0.00517217
0.00173878
0.00235145
0.000713104
0.00898392
0.00176952
0.00149137
0.00223564
0.00195242
0.00176665
0.00167313
0.00212524
0.0020872
0.00173042
0.0236781
0.00379438
0.00186537
0.0177242
0.0026733
0.00301688
0.00222938
0.00244833
0.0131648
0.00152263
0.00142454
0.00140712
0.00227086
0.0010709
0.00237979
0.00129394
0.00224731
0.00265009
0.00811748
0.00220447
0.00252934
0.00246685
0.00163434
0.00177356
0.00631138
0.00174122
0.00117623
0.00176412
0.00162254
0.000638071
0.00207466
0.00153638
0.00251287
0.00138335
0.0016063
0.00124282
0.00314911
0.00229621
0.0102107
0.00239528
0.00111843
0.00256563
0.00159816
0.000838297
0.00276611
0.00304085
0.00265017
0.00301225
0.00280776
0.00141458
0.0055359
0.00202409
0.00125275
0.00102342
0.00202744
0.00118478
0.00204637
0.0107774
0.000863744
0.00122866
0.00340923
0.016532
0.00159123
0.0026699
0.00204277
0.00119065
0.00275532
0.00185524
0.00959389
0.00166201
0.00285823
0.00956522
0.00137376
0.00464281
0.00516256
0.00119347
0.00234098
0.00252286
0.00270856
0.00153498
0.00189745
0.00129544
0.00182913
0.00218101
0.00220294
0.00355803
0.00202088
0.00217128
0.00204206
0.00129716
0.00128368
0.00556863
0.00101026
0.00242611
0.00151017
0.00253978
0.00207075
0.00108384
0.00245727
0.0246564
0.00175188
0.00103296
0.00132398
0.00248339
0.000831609
0.00126792
0.00225333
0.00126882
0.00391732
0.00145284
0.00107027
0.00219839
0.0017534
0.00218272
0.000770824
0.00268513
0.00157601
0.0044806
0.00670246
0.00217238
0.00165513
0.00149301
0.00134451
0.00266653
0.00155174
0.00166468
0.00249263
0.00192191
0.00220615
0.00290053
0.00212967
0.00196011
0.0079547
0.00243096
0.00212351
0.00208585
0.00487224
0.00253217
0.00151865
0.00404334
0.0192519
0.00130085
0.000745224
0.00139183
0.000669457
0.00237097
0.00116857
0.0391645
0.00320481
0.00116799
0.0016901
0.0021542
0.00530106
0.00131458
0.00241169
0.00693119
0.00174607
0.00116535
0.00359361
0.002219
0.00165009
0.00135439
0.00166154
0.0022109
0.00150272
0.00154614
0.00212113
0.00102917
0.00197233
0.00100554
0.00132822
0.00371323
0.00134305
0.00134334
0.00207521
0.00215195
0.00118181
0.00202609
0.00207051
0.0012923
0.00602881
0.00320682
0.00201491
0.00549941
0.00227875
0.00140243
0.00227786
0.00435822
0.00349844
0.00269526
0.00129917
0.00131996
0.0054385
0.00260084
0.00749897
0.00173269
0.00166392
0.000777237
0.0149012
0.00134699
0.00221684
0.00131688
0.00153679
0.0440807
0.00136707
0.00177789
0.00201649
0.00188901
0.00454292
0.00121195
0.00395095
0.00341591
0.00276103
0.00198444
0.0247728
0.00256932
0.00180106
0.00210485
0.00235687
0.00315137
0.00139474
0.00214109
0.0011299
0.00303505
0.00213709
0.00181473
0.00504255
0.00224299
0.00132832
0.00129067
0.000808521
0.00226844
0.00199412
0.00123169
0.00335839
0.00127055
0.00208772
0.00207905
0.00157215
0.00181528
0.00153719
0.00134588
0.00259078
0.012966
0.00377962
0.00131547
0.00193421
0.00112374
0.00148257
0.00227436
0.00259282
0.00417475
0.0013839
0.00313476
0.00105686
0.00162755
0.00345793
0.00134333
0.000862083
0.00247559
0.0028961
0.00664201
0.00184475
0.00163075
0.00171757
0.00179941
0.00184822
0.00468426
0.00130761
0.0116015
0.00213345
0.00218601
0.00163461
0.00268907
0.0023686
0.00303605
0.00103867
0.0084152
0.00298774
0.000575017
0.00110116
0.00195183
0.00125509
0.00306617
0.0115259
0.00650775
0.00368573
0.00251234
0.00108586
0.014372
0.00117803
0.00643265
0.00279585
0.00226508
0.0017558
0.00207514
0.00243932
0.00192855
0.00166741
0.00208468
0.00209864
0.00162601
0.0027073
0.00248121
0.00194911
0.00147239
0.000925476
0.00275262
0.00503327
0.00154824
0.00587748
0.00394787
0.001329
0.00135604
0.00195345
0.0018963
0.00126884
0.00178437
0.00508228
0.00326263
0.00215985
0.00168029
0.000843912
0.00700328
0.00186885
0.00190942
0.00172049
0.00236379
0.00129428
0.00250676
0.00200614
0.00239143
0.00165075
0.00107778
0.0017544
0.00182198
0.00124554
0.0020536
0.00184942
0.00469401
0.00244342
0.00235017
0.00283054
0.00149357
0.00264986
0.00157887
0.00222454
0.00224601
0.00232601
0.000707284
0.00187591
0.00274612
0.00174445
0.00169852
0.00166689
0.0029327
0.00123598
0.00257655
0.00137751
0.00188588
0.00168431
0.00257521
0.00134126
0.00207374
0.00121844
0.00104655
0.0025443
0.00113632
0.000926129
0.00165305
0.00217146
0.00335008
0.00528295
0.00162201
0.00154596
0.00595011
0.0024237
0.00162231
0.00155318
0.00118464
0.00117333
0.00107009
0.00229769
0.00281687
0.00662092
0.00214009
0.00132893
0.00114491
0.00288564
0.00105263
0.00150555
0.00195545
0.00203218
0.00106142
0.00112217
0.00137829
0.00209318
0.00242852
0.000856181
0.00250155
0.00387743
0.000953789
0.00078118
0.00174096
0.00107837
0.00283411
0.0019856
0.00744881
0.00258952
0.00106791
0.00214439
0.00162428
0.00142696
0.00259781
0.00273235
0.00313353
0.00155997
0.00138218
0.00659502
0.00112168
0.00139678
0.00160434
0.00232578
0.00246732
0.00222801
0.00195685
0.00166611
0.0017206
0.00414733
0.00173694
0.000557561
0.00518727
0.00304684
0.0025351
0.0079079
0.00507481
0.105672
0.00160421
0.00108035
0.000788473
0.00169238
0.0016211
0.0033761
0.00200785
0.00322657
0.00123997
0.00173239
0.00193955
0.00138398
0.0018239
0.00116822
0.00313812
0.00140223
0.00113904
0.00253599
0.0151166
0.00193484
0.00171154
0.00243855
0.00153323
0.00518586
0.00290369
0.00154452
0.00175976
0.00211364
0.00206572
0.00158015
0.00221768
0.00200422
0.0017125
0.00182999
0.00169689
0.00163744
0.00185734
0.0014915
0.00138873
0.00148804
0.00102717
0.00185624
0.0031784
0.00712309
0.00146468
0.00103976
