0.00424954
0.000114533
0.000677224
0.000840328
0.000467071
0.000798847
0.000384652
0.00076765
0.000427607
0.0013088
0.000600029
0.000525629
0.00151388
0.000390065
0.00105455
0.000247954
0.000391819
0.000628383
0.000521437
0.000569232
0.000277232
0.000548579
0.000389042
0.000372849
0.000430893
0.000346295
0.000305662
0.000262951
0.00124907
0.00070248
0.0010161
0.000503669
0.00125866
0.000517231
0.000722127
0.000943925
0.000252786
0.00125759
0.00211541
0.000242702
6.09344e-05
0.000308269
0.000408503
0.000182506
0.000619233
0.000556629
0.00055174
0.000677337
0.000525225
0.00154876
0.000670062
0.000164161
0.000755383
0.000193699
0.00198578
0.00038129
9.96029e-05
0.000265224
0.000429927
0.000492174
0.000583327
0.000116368
0.000246604
0.000839633
0.000318847
0.000378203
0.000333735
0.000769936
0.000492802
0.000940979
0.000768423
0.000401708
0.000701134
0.000641465
0.000616789
0.000459731
0.00212905
0.00217166
0.0001216
0.000586167
0.000335283
0.000309151
0.00123834
0.000375836
0.000328005
0.000316078
0.00037788
0.000296939
0.000875636
0.00266531
0.000429012
0.00138988
0.000302562
0.000388615
0.000355024
0.000226719
0.000163824
0.000426081
0.000148354
0.000256745
0.00110729
0.000387535
0.000308164
0.00026337
0.000618473
0.00126831
0.000272796
0.000237666
0.000856842
0.000462896
0.000141628
0.000401187
0.000770674
0.000714711
0.000676686
0.000359198
0.00066322
0.000332884
0.000308946
0.000742087
0.000629128
0.000626869
0.000492429
0.000454553
0.00116293
0.000134006
0.000537147
0.00014071
0.000357524
0.000516292
0.000465905
0.000371667
0.000487692
0.000495978
0.000267413
0.000600407
0.00358882
0.000370633
0.00709807
0.00071831
0.000653909
0.000642649
0.000277672
0.000391956
0.000181243
0.000793115
0.000476968
0.00104103
0.000128064
0.000827048
0.000357396
0.00026022
0.000348605
0.000320624
0.000739545
0.000811845
0.000592881
0.000232271
0
0.000213429
0.000641933
0.000721408
0.00135542
0.000502257
0.000445376
0.000102513
0.00121157
0.000349747
0.000332817
0.000149695
0.000816547
0.00143481
0.000306471
0.000916279
0.000237142
0.000584705
0.000657019
0.000469638
0.000455937
0.000613813
0.000545554
0.000445514
0.000285688
0.000647738
0.000421979
0.00106125
0.00129947
0.000539677
0.00059503
0.000543998
0.000417731
0.000639081
0.00101432
0.000689337
0.000943226
0.000405233
0.000481016
0.000361525
0.000873256
0.000622956
0.000811966
0.00115711
0.000402937
0.000483331
0.000468108
0.000442432
0.000357833
0.000864939
0.00289959
0.000701684
0.00037456
0.000473107
0.000399767
0.000417361
0.000956757
0.000316304
0.000893179
0.000468997
0.000694215
0.00053927
0.000406938
0.000370068
0.000549269
0.000779952
0.000298172
0.000160687
0.000150171
0.00101727
0.000369152
0.000985055
0.000548416
0.00026897
0.000591427
0.000514453
0.000732217
0.000237301
0.000388434
0.000550257
0.00040979
0.000993786
0.000400128
0.000507021
0.000203986
0.000347474
4.19174e-05
0.000794995
0.000294995
0.000157934
0.000587744
0.00044903
0.00104278
0.00053558
0.0011389
0.000725501
0.000443122
0.000927621
0.000361992
0.00103797
0.000232398
0.000600105
0.000257124
0.000721778
0.000448479
0.000510278
0.000381385
0.000524427
0.000562975
0.000423964
0.00184038
0.000225098
0.000370475
0.000273948
0.000804742
0.000799926
0.000407732
0.000341652
0.0010951
0.000270818
0.000112307
0.000670995
0.000582319
0.000366484
0.00130088
0.000775987
0.0119238
0.0003511
0.000163362
0.000360993
0.000401375
0.000555159
0.000319132
0.000441376
0.000452117
0.000466226
0.000469785
0.00102313
0.00030234
0.000377114
0.000467355
0.000735956
0.000190995
0.000311874
0.00162855
0.000194224
0.000124115
0.000402921
0.000942897
0.000847812
0.00026227
0.000537487
0.00100002
0.000775406
0.000480697
0.000302224
0.00133731
0.000253605
0.000179865
0.000478708
0.000814158
0.000417851
0.000349706
0.00040235
0.00028521
0.00131358
0.000436758
0.000310867
0.000689417
0.000573779
0.000371742
0.000636814
0.000482181
0.000659773
0.000504981
0.00045508
0.000479598
0.00134063
0.000701323
0.000189367
0.000201505
0.000843496
0.000402242
0.000320083
0.00045932
0.000950779
0.000269194
0.000851903
0.00028096
0.000171905
0.000488378
0.000579217
0.000342988
0.00095151
0.000388684
0.000374072
0.000638337
0.000714442
0.000847372
0.000466778
0.000453707
0.000388559
0.000249238
0.000595741
0.000888626
0.00043917
0.00136545
0.000440615
0.000388312
0.000364974
0.00032547
0.006103
0.00033384
0.00046948
0.00037831
0.000876551
0.000492671
0.000969745
0.000295743
0.00012538
0.00013751
0.000860908
0.000684939
0.000226767
0.000502026
0.000474385
0.000169673
0.000181297
0.000261732
0.000396645
0.000423519
0.000581667
0.000331097
0.00038925
0.00130437
0.000677821
0.000616802
0.000686103
0.000507789
0.000486368
0.000249893
0.000242149
0.000167268
0.00053703
9.78071e-05
0.000156097
0.000268354
0.000606975
0.000562354
0.00055076
0.000562531
0.000552095
0.00124266
0.000658708
0.000259821
0.00071934
0.00030896
0.000832815
0.000173336
0.000432908
0.000440918
0.000791107
0.000449142
0.000321461
0.000459217
0.000383708
0.000523415
0.00584811
0.000454412
0.000955119
0.000865861
0.000149672
0.00048905
0.000442323
0.000377276
0.000920044
0.00231155
0.000144155
0.000909241
0.000265135
0.000434812
0.000233849
0.000410446
0.00049831
0.000437669
0.000261771
0.00121788
0.000564096
0.000665026
0.000431427
0.000392969
0.00018254
0.000857637
0.000391173
0.000953313
0.000223209
0.000311809
0.000795705
0.000184533
0.000713012
0.000417307
0.000222127
0.000707868
0.000810656
0.000442485
0.000531125
0.000653047
0.000368526
0.000462075
0.00067957
0.000441112
0.000588453
0.000258026
0.000285443
0.000473397
0.000564002
0.000216579
0.000547443
0.000425371
0.000450202
0.000884829
0.000204519
0.000349744
0.000677122
0.00058283
0.000463362
0.000470503
3.27696e-05
0.000471545
0.000521961
0.000696899
0.000594058
0.0015412
0.000541527
0.000400075
0.000227208
0.000120147
0.000323806
0.000650205
0.000457963
0.000275708
0.000495036
0.000496319
0.000478232
0.000478951
0.000263011
0.000635571
6.86161e-05
0.000812569
0.000171746
0.000561377
0.000428338
0.00144902
0.00044698
0.00031797
0.000869956
0.000553672
0.000318039
0.000168935
0.000571004
0.00230247
0.000382381
0.000141567
0.000535954
0.000395728
0.000323225
0.00150157
0.000428199
0.000325763
0.00241116
0.000865583
0.000580806
0.00054537
0.000261445
0.065656
0.000171498
0.000733191
0.000526547
0.000829059
0.000292197
0.000476858
0.000525866
0.000745265
0.000616717
0.000938588
0.000960465
0.000256355
0.000583741
0.00517635
0.000290346
0.00116368
0.000535362
0.000345465
0.000926661
0.000408757
0.000534291
0.000294591
0.000293454
0.000181095
0.000860254
0.000128728
0.000259029
0.000815366
0.000896068
0.00174263
0.00197279
0.00032282
0.000442588
0.000678101
0.00080929
0.000370907
9.19483e-05
0.000410356
0.000693452
0.000467976
0.000592145
0.000293865
0.000839734
4.86147e-05
0.000401102
0.000636244
0.000166458
0.000346451
0.0002171
0.000166632
0.000374738
0.000329227
0.000209128
0.000163638
0.0012938
0.000242949
0.000451135
0.000411539
0.000377538
0.000909871
0.000523843
0.000512833
0.000785001
0.000476697
0.000949375
0.00133751
0.000593781
0.000411315
0.000648685
0.000202314
0.000281141
0.000935425
0.000686975
0.000769694
0.000532594
0.000890899
0.000990277
0.000970201
0.000730421
0.00114575
0.000656559
0.000592012
0.000614442
0.000424257
0.000434628
0.000629245
0.000339979
0.000413734
0.000327321
0.0006999
0.000421467
0.00276968
0.000358737
0.00055063
0.000379995
0.000506723
0.000534157
0.000725135
0.000265688
0.000740839
0.00149622
7.50536e-05
0.000581732
0.00268289
0.000109682
0.000381823
0.00020755
0.000565464
0.000630903
0.000661493
0.000867024
0.000191548
0.0012957
0.00126833
0.000811027
0.000548665
0.000577664
0.000605274
0.000389925
0.000413491
0.000340374
0.000390304
0.000414961
0.000243487
0.000261818
0.000230155
0.000553849
0.000382287
0.000438954
0.000489449
0.00048982
0.00192313
0.00104458
0.00957458
0.00045575
0.000251991
0.00103108
0.00125649
0.00030758
0.000447261
0.00042108
0.00049725
0.000425271
0.00111277
0.000190917
0.00108234
0.00104512
0.000223196
0.000328843
0.000808341
0.000441306
0.00047222
0.000741791
0.0012503
0.000600434
0.00373675
0.000554869
0.000423306
0.000396767
0.000169381
0.000688192
0.000352882
0.000409375
0.000587759
0.000374312
0.0017675
0.000843924
0.00135524
0.000170666
0.000598645
0.000902066
0.000707258
0.000550764
0.000156474
0.000622404
0.000490573
0.000221497
0.00111933
0.00021376
0.000672269
0.000487434
0.000535693
0.000256304
0.00720563
0.000348561
0.000304223
0.000444542
0.000254055
0.00037143
0.000771281
0.000604171
0.00349435
0.000204187
0.000931818
0.00140149
0.000371163
0.000726328
0.000625071
0.000291677
0.000358616
0.000988895
0.00039765
0.0011491
0.000712002
0.00639934
0.000757772
0.000346673
0.0032465
0.00045661
0.000636518
0.000860414
0.000430443
0.000483679
0.000514989
0.000330282
0.000833355
0.000498103
0.00105797
0.000215982
0.000131202
0.000513401
0.00108088
0.000519786
0.000618123
0.000119409
0.000147244
0.000577927
0.00300831
0.000827353
5.27253e-05
0.000303682
0.000461385
0.00091945
0.000543805
0.00204651
0.000823535
0.000404839
0.000583247
0.000431997
8.93519e-05
0.00067843
0.000434106
0.00024679
0.000645714
0.000505922
0.000528943
0.000474062
0.00044092
0.000204966
0.000164506
0.00107047
0.000430338
0.000181961
0.000206601
9.25887e-05
0.000568197
0.000749673
0.000503296
0.000503922
0.0012086
0.000486228
0.00074482
0.000427655
0.000233188
0.00146247
0.000571899
0.000786983
0.000917152
0.00066415
0.000307187
0.000490668
0.000841474
0.000240966
0.000556282
0.000347396
0.000349697
0.000620674
0.000906091
0.000196051
0.000897973
0.000501485
0.000616205
0.000563903
0.000403869
1.00429e-05
0.000479889
0.000365501
0.000416046
0.000626936
0.000625129
0.000892924
0.000133021
0.000457909
0.000536136
0.00076115
0.000483224
0.000613952
0.000535675
0.000156726
0.000347675
0.000473392
0.000407603
0.000363801
0.00069361
0.00018121
0.000579136
0.000747756
0.000675198
0.000440399
0.000865062
0.00134689
0.00245619
0.0012442
0.000440564
0.0013748
0.000577984
0.000268057
0.00258498
0.000508289
0.000648221
0.00122813
0.00056343
0.0003942
0.000252705
0.000599556
0.000168114
0.000476645
0.000495115
0.000335245
0.000236823
0.000372781
0.000910103
0.000595656
0.000384353
0.000412618
0.000139671
0.000631645
0.000288878
0.000968484
0.000538976
0.000380046
0.000438953
0.000296735
0.000695796
0.00110406
0.000891887
0.000573387
0.00058983
0.00111526
0.000816373
0.000241385
0.000721437
0.000351648
0.00065859
0.00304398
0.000773667
0.00255096
0.000535906
0.000319879
0.00045487
8.80643e-05
0.000119476
0.000366119
0.000418899
0.000939251
0.000351882
0.000384906
0.00037429
0.00042847
0.000959372
0.000877129
0.00392989
0.000420721
0.000168564
0.000425808
0.000492177
0.000575282
0.000593148
0.000483456
0.000425191
0.000656424
0.00115624
0.00113537
0.000131294
0.000526754
0.0015481
0.000301099
0.00232503
0.000379905
0.00046517
0.000756372
0.000334523
0.000472672
0.000767078
0.00072637
0.000180639
0.000477761
0.000822507
0.000411335
0.00142229
0.000495523
0.00238895
0.000464204
0.000675378
0.00131436
0.000493368
0.00047176
0.000310144
0.000458754
0.000131148
0.000455983
0.000483405
0.000566518
0.000143602
0.000222764
0.00225192
0.000473264
0.000459814
0.000883167
0.000342964
0.00039142
0.000384772
0.000660092
0.000809143
0.000688784
0.00063407
9.49001e-05
0.000477974
0.000973658
0.000246408
0.000575116
0.000523578
0.000367219
0.000126977
0.00103515
0.00061967
0.000443952
0.000414708
0.000923939
0.000633064
0.000466093
0.0561869
0.000493655
0.000425837
0.0020245
0.000742693
0.000271608
0.00105762
0.000170284
0.000129553
0.00024007
0.000375483
0.000281797
0.000438992
0.00130779
0.00015581
0.000570051
0.000449897
0.000701954
0.000372137
0.000626603
0.000274227
0.000772646
0.00063447
0.00097702
0.00296897
0.000422063
0.000765124
0.00183443
0.00065876
0.000365418
0.000356213
0.000712766
0.000548184
0.000133184
