0.00352167
0.000550726
0.000206617
0.000540988
0.000275508
0.000299465
0.000230525
0.000452033
0.000740988
0.000250715
0.000493975
0.000213396
0.000283719
0.00019326
0.000859604
0.000937763
0.000165349
0.000615608
0.000273233
0.000511289
0.00263594
0.000361162
0.00049551
0.000349209
0.000147325
0.000200184
0.00109942
0.00040651
0.000211283
0.000120657
0.00160444
0.000342146
0.000488878
0.000262869
0.000221387
9.16189e-05
0.000141649
0.000536392
0.00110059
0.00048145
0.000442077
0.000313245
0.000696799
0.000406136
0.000231908
0.000203647
0.000370159
0.000536668
0.000181937
0.000379622
0.000494167
0.000441841
0.000318453
0.000590763
0.000257904
0.000203263
0.000289501
0.00052924
0.000200908
0.000236796
0.000413245
0.000243166
4.69524e-05
0.000143158
0.000549794
0.000189262
0.00283836
0.000967707
0.00217525
0.000454185
0.000288227
0.000425125
0.000471183
0.000276739
0.000516623
0.000195295
0.000110396
0.000576666
0.00246682
0.000259482
0.0001551
0.000201524
0.000378551
0.00101372
0.00035298
0.000289367
0.00023098
0.000596448
0.00111605
0.000190218
0.000567381
0.000750821
0.000532906
7.20636e-05
0.000712157
0.000290535
0.000207168
0.000158569
0.000290722
0.000530915
0.000254312
0.000182708
0.000482244
0.000853591
0.00407297
0.000272222
7.39025e-05
0.00147884
0.000134534
0.000126644
1.22583e-05
0.000202215
0.000178555
0.00044057
0.00036927
0.00026754
0.000301168
0.000208389
0.000176824
0.000224382
0.000271195
0.000212551
0.000370474
0.000973875
0.000295318
0.000489851
0.000401529
0.000442648
0.000276302
0.000511403
0.000647261
0.000283523
0.000214228
7.97346e-05
0.000348449
0.000237205
0.000248421
0.000457102
0.000446483
0.000248817
0.000250365
0.000269923
0.000104611
0.000319765
0.000345009
0.000132946
0.000386802
0.000315723
0.00027963
0.000168108
0.000450597
0.000356231
0.000477634
0.000164033
0.000372234
0.000591583
0.000331763
0.000154254
0.000279644
0.000678567
0.000299134
0.0134852
0.000239832
0.0001902
8.76752e-05
0.000399743
0.000896274
7.35738e-05
0.000324671
0.000131736
0.000427108
8.99991e-05
1.16288e-05
0.000586336
0.00138698
0.000274416
0.000250827
0.000408572
0.000138026
0.000194746
0.000338259
0.00106649
0.00019132
0.000416483
0.000672745
0.00025506
0.000561595
0.000402077
0.000340198
0.000300972
0.00012693
6.02726e-05
0.000471648
0.000575507
0.000273731
0.000151737
0.0002741
0.000369922
0.000332835
4.62119e-05
0.00045536
0.000304934
0.000276585
0.000119876
0.000291802
0.000172858
0.000119567
0.000313533
0.00187218
0.000576557
0.000139174
0.000283213
0.000209325
0.000181714
0.000404514
0.000160117
0.000302562
0.000622625
0.000185497
0.000116766
0.000369215
0.00016809
0.00286631
2.70887e-05
0.000353535
0.000243521
0.000514297
0.000246873
0.00013858
0.000974615
0.00032031
0.000665402
0.000212291
0.000549373
0.000263273
0.000258461
0.000453627
0.000229934
0.000481576
5.78678e-05
0.000368007
0.000366234
0.00027916
0.00017256
0.000215248
0.000335779
0.000443965
0.000162764
0.000407505
0.000231338
0.000265629
6.94441e-05
0.000344047
0.000145841
0.00120518
0.000186942
0.000657556
0.000286346
0.000216648
0.000391074
0.000423656
0.000464527
0.000249421
0.000296182
0.000266412
0.000446924
0.000292328
0.000782247
0.000227418
0.000422209
8.71176e-05
0.000433332
0.000309753
0.000143059
0.000972084
0.000323672
0.000292263
0
0.00658854
8.09496e-05
0.000278796
0.00013061
0.000762561
0.000328639
0.000407572
0.00119271
0.00043019
0.000415199
0.000370627
0.000289167
0.00012172
0.000515249
0.000132608
0.000241525
0.000256906
0.00111949
0.000256638
0.000551325
0.000794403
0.000234845
0.000266296
0.000164627
2.24382e-05
0.000416038
0.000242492
0.000378077
0.000474746
0.000215233
9.74072e-05
0.000229948
0.000575881
0.000415672
0.000137797
0.000239867
2.69693e-05
0.00221247
0.000200157
0.000551579
0.000171945
0.000249102
0.000276319
0.000349114
0.000445199
0.000820292
0.000274079
0.000376405
0.000369703
0.000301035
0.000319411
0.000259198
0.00928513
0.000289365
0.000415153
0.000320695
0.000453961
0.000652021
0.000141306
0.000226889
0.000130922
0.0017545
0.000147027
0.00070863
0.00117973
5.76126e-05
0.000701689
0.000145963
0.000430053
0.000859239
0.000200108
0.00038226
0.00027863
0.000761116
0.000591714
0.000278135
0.000303178
0.000326415
0.000249955
0.000451324
0.000382416
0.000439821
0.000575531
0.000377779
0.000296592
0.00013152
0.000357171
0.000402289
7.02536e-05
0.000505566
0.000963929
0.000570752
0.00445116
0.00024698
0.000676337
0.000159667
0.000759029
7.35996e-05
0.000247311
0.000282824
0.000527015
0.00150317
0.000125467
0.000102769
0.000256742
0.000333908
0.000393193
0.000360079
0.000171288
0.000263195
0.000447171
0.000307748
0.000469551
0.000350106
0.000580625
0.000315864
0.000173197
0.000170822
0.000509864
0.000403382
0.000197598
0.00117171
0.000139456
8.50051e-05
0.000353265
0.00025915
0.00702933
4.49257e-05
0.000114934
0.000715373
0.00613739
0.000454704
0.000253692
0.000438369
0.000193167
0.000155295
0.000833933
0.000222116
0.000520385
0.000386404
0.00023243
0.00121331
0.0189224
0.000217978
0.00033091
0.000326422
0.000147498
0.000230198
5.05363e-05
0.000366638
0.000413637
0.000954654
0.000134516
0.00047431
0.000293432
0.00248776
0.000239076
0.00020671
0.000380537
0.00045071
0.000290038
0.000436624
0.0024476
0.00041328
0.000298682
0.000214961
0.000289007
0.000533276
0.000441832
0.000115187
0.000154611
0.000288194
0.000237964
0.00019238
0.000342934
0.000515398
0.000279842
0.00011768
0.000517142
0.000233441
0.000369083
0.00412509
0.0002762
0.000234097
0.000825397
0.0002554
3.48216e-05
0.000291521
0.000568166
0.00027565
0.000227981
0.000109076
0.00102432
0.000250155
0.0011589
0.000144854
0.000275833
0.00016364
0.000304788
5.40142e-05
0.000336576
0.0017405
0.000187201
0.000178041
0.00188648
0.000354601
0.000190403
0.000140261
0.000281548
0.000317291
0.000231916
0.000338108
0.000135777
0.000155517
0.000454519
0.000345635
0.000288526
0.000205943
0.000398824
4.83329e-05
0.0002496
0.000375757
0.000183307
0.000268997
0.000467903
0.000713226
0.000270084
0.0010619
0.000467559
0.000208491
0.000285983
0.000365887
0.000461255
0.000161826
0.000105579
0.000190177
0.000302767
0.000340389
0.000549054
9.85636e-05
3.23485e-05
0.000360434
0.000222092
0.00668739
0.000859114
0.00056872
0.000147776
0.000264152
0.000448015
0.000313278
0.000256859
0.000255144
0.000516975
0.00016591
0.000284097
0.000394115
0.00043785
0.000214248
0.000640147
0.000482219
0.000597337
0.00112979
0.00708602
0.000441908
0.00163576
0.000249574
0.000962212
0.000685417
7.44559e-05
0.000509891
0.000350628
0.00103872
3.46812e-05
0.000800665
0.000368288
0.00018833
0.000321754
0.000130898
0.00165229
0.000354823
0.000156634
0.0001958
0.000651211
2.95151e-05
0.000209891
0.000568641
0.000244664
0.000478408
0.00038599
0.000337122
8.85506e-05
0.000241871
0.00031394
0.000702876
0.000153331
0.000245021
0.000307699
0.000264473
0.000641341
0.0002357
0.000468862
0.000372701
0.000428155
0.000491511
0.000251053
0.000317174
0.000270481
0.00081447
0.000201448
0.000421908
0.00048926
0.000719882
0.000650365
0.00011597
0.00055823
0.000464904
0.000378561
0.000457841
0.00023347
0.0001729
9.29231e-05
0.000406748
0.000104174
0.000581392
0.000884878
0.000205578
0.00033324
0.000512373
0.000425069
0.00072567
0.00472512
0.000837919
0.000225611
0.000323668
0.000249827
9.55349e-05
0.000157059
0.000299266
0.000296053
0.00023491
0.000110877
0.000581013
0.0021556
0.00037683
7.74355e-05
0.000116348
0.000409697
1.81901e-05
0.00110252
0.000228738
0.000839348
0.000303012
0.00028315
0.000743912
0.000162648
0.000738751
0.000542955
0.000325055
0.000452962
0.00044313
0.000607772
7.58795e-05
0.000186682
0.000484486
0.00028026
0.000230659
0.000510406
0.000345269
0.000234921
0.000213761
0.000638976
0.000442757
0.000229852
0.000362438
5.34935e-05
0.000909963
0.00179649
1.02441e-05
0.000264962
0.000348619
0.000613064
0.000377164
0.000279898
0.0165968
0.000125132
0.000270663
0.000244635
0.000232982
0.00024325
0.000166205
0.00032106
0.000189583
0.000157308
0.000766294
0.000278464
0.000499588
0.000537528
0.000469393
3.05927e-05
0.000314658
0.000889815
0.00122449
0.000286206
9.07433e-05
0.000243559
0.00114571
0.000166842
0.000196719
0.000274638
0.000191937
0.00023953
0.000281201
0.000318508
0.000337878
0.000399723
0.00564651
0.000227846
0.000270374
0.000607852
0.000514687
0.000254496
0.000394583
0.000186945
0.000688331
0.000339188
0.000431792
0.000506404
0.00307877
0.000418068
0.000269981
0.000255316
0.000221339
0.000160824
0.000235657
0.00209622
0.000282677
0.00037571
0.000237116
0.000612101
0.00023273
0.000360684
0.000235218
1.36052e-05
0.000430451
0.000143436
0.000232736
0.000155481
0.000733665
0.000156521
0.000281049
0.000413652
0.000192517
0.000333062
0.000369164
0.0014706
0.000323249
0.000246101
0.000148534
0.000169234
0.000210788
0.000411337
0.000272118
0.000326938
0.000300028
0.000168638
0.00026092
0.000426232
0.000602894
0.000395597
0.00104717
0.000247002
0.00915693
0.00036226
0.000126733
0.000543329
0.000309159
0.000276821
0.000505718
0.000364602
0.00083542
0.000416458
0.000249747
0.000421074
6.93168e-05
0.000499911
0.000438079
0.000581168
0.000313831
0.000369956
0.000479238
0.000786358
0.000658659
0.000666817
0.000159837
0.000212085
0.000113123
0.000310235
0.000538753
0.0140745
0.000184986
0.00024395
0.000215239
0.000395831
0.000626113
0.000139412
0.000872227
0.000313754
0.000513503
7.60986e-05
0.000605126
0.000568594
0.000167296
0.00026414
0.000307014
0.000170831
0.000725524
9.94656e-05
0.000294883
0.000679344
0.000491113
0.000427519
0.000442156
0.000259341
1.2564e-05
4.65837e-05
0.00113671
7.21651e-05
0.000259166
0.000921389
0.000158279
0.00032001
0.000968755
0.000264686
0.000210954
0.000425916
0.000247959
0.000582282
0.000160791
0.000273444
0.000258412
0.00024205
0.000280808
0.000752546
0.000287331
0.000149869
8.11607e-05
0.000387998
0.000432374
0.000256679
0.000741847
0.000334494
0.000819677
0.000255013
0.000480375
0.000508472
0.00025692
0.000808437
0.000388808
0.000473457
0.00039799
0.000404929
0.000373403
0.000147428
0.000713829
0.000212701
0.000301141
0.000813244
0.000342837
0.000217848
0.000391781
0.000705294
0.000288615
0.000505808
0.000125745
0.000424468
0.00011167
0.000461508
0.000808458
0.000512262
0.000879712
0.00106855
0.000885981
0.000156067
0.000337693
0.00130636
0.000694814
0.000180666
0.000550276
0
0.00102201
0.000169354
0.000581396
0.000336359
0.000231954
0.000116359
0.000797329
0.000387434
0.000387453
0.000174723
0.000169538
0.000425857
0.000752649
0.000126454
0.000546654
0.000679339
0.000136754
0.000320945
7.87382e-05
0.000734205
0.000499628
0.000193642
0.000141391
0.000284143
0.000480981
0.00140925
0.00102236
0.00196241
0.000182592
0.000191845
0.00156134
0.00045015
0.000329682
0.000331268
0.000423448
0.000142883
0.000316427
0.00032996
0.000225464
0.000693588
0.000154548
0.000184842
0.000381491
0.000224009
0.000157163
0.000275647
0.000225638
0.000340524
0.000188125
0.000154574
0.000297669
0.000204447
0.000384692
0.000222745
0.00363396
0.000494905
0.000774835
0.000135209
0.000397386
0.000310491
0.000507812
0.00190242
0.000588127
0.00062818
0.000263553
0.000129392
1.34129e-05
0.000243959
0.000529076
0.000413557
0.000172984
0.000164224
0.000252427
0.000472991
0.000180802
0.000296362
0.00043364
0.000532946
0.000304253
0.000510568
0.000245565
0.000290945
0.000705025
0.000491681
7.58241e-05
0.000129021
0.00135991
0.000510286
0.000491233
0.000111178
0.000308387
0.000584218
0.000503301
0.000201986
0.000276337
0.000676015
0.000190674
0.000442907
8.42038e-05
0.000221608
0.000549519
0.000444926
0.000408095
9.35159e-05
0.000191179
0.000179309
0.000174464
0.00018106
0.000279562
0.000325653
0.000407271
0.000370714
0.000197962
0.000367441
0.00023291
0.000269879
0.000181186
0.000355274
0.000175997
0.000268963
0.000868857
0.000264946
0.000291862
0.00082424
9.43164e-05
0.00728844
0.000551159
0.00089832
0.000587066
0.000100756
0.000486478
0.000783788
0.000283158
0.000323519
0.000457078
0.000681566
0.000464728
0.00370427
0.000648294
0.000343996
4.66276e-05
0.000308861
0.000210953
0.000154437
0.000582382
0.000219979
0.000422569
0.00425004
0.000295793
0.000554651
0.000336527
0.000648445
7.13258e-05
0.000327321
0.000104312
0.000607226
0.000148606
0.00168687
0.000316661
0.000361394
0.000308047
0.000215319
3.71354e-05
0.000274514
0.000654827
0.000521001
0.000849475
0.000210137
0.000299609
0.000332644
0.000227817
0.000375031
0.000867319
0.000176131
0.000743523
0.000160086
0.000321338
0.000357979
0.000159628
0.000267419
0.000226717
0.000850585
0.000609654
0.000269292
0.000106816
0.000267644
0.00126514
0.000221568
0.000392262
0.000403741
0.000452358
0.000437469
0.000234004
0.000438395
0.000578937
0.000419915
0.000102867
0.000293719
0.000302949
0.00111395
0.000915762
0.000345121
0.000478281
9.48892e-05
0.000206617
0.000353906
0.000220069
0.000246427
0.000172776
0.000890044
0.000149142
0.000132043
0.000236808
0.000189145
0.000258415
0.000189649
0.000396936
0.000302091
0.00171503
0.000478632
0.000212551
0.000181468
7.98179e-05
0.000442646
0.000548445
0.000245463
0.000343579
7.86506e-05
0.000294542
0.000688397
0.000622218
0.000250656
0.00037248
0.00100989
0.000549638
0.000434423
0.00071228
0.00052305
0.000216846
0.000291027
0.000393807
0.000885703
0.000226121
0.000916696
0.000338833
0.000194972
0.0001517
0.000128762
0.000152545
5.8967e-05
0.000599226
0.000358185
0.000187105
0.00141594
0.00114884
0.000351196
0.000126448
0.000575869
0.000233481
0.000102533
5.99242e-05
0.000672138
0.000302913
0.000215984
0.000363867
0.00056833
0.00019884
7.73843e-05
0.000342353
0.000579419
0.000134193
0.000339785
0.000325383
0.000218526
0.00075323
0.000155842
0.000220591
0.000705765
0.000144504
0.000514859
0.000238859
0.000143668
0.00286936
0.000341974
0.000174346
0.000364428
0.000372689
3.9227e-05
0.000327263
0.00122814
0.000774372
2.26433e-05
0.000178436
0.000248452
0.00015483
0.000265732
0.00319107
0.000352161
7.56467e-05
0.000159792
0.00041227
0.0125468
0.000206792
0.00272814
0.000531108
0.000220863
5.19095e-05
8.12326e-05
0.000261605
0.000352482
0.000349439
0.00043614
0.000333108
0.000351525
0.000586483
0.000631897
0.000455118
0.000514536
0.000851775
0.000375478
0.000425819
0.000570914
0.000364284
0.000143636
0.000224998
0.00262069
0.000926772
0.000418056
0.000148949
0.000292359
0.000327674
0.000432076
0.000293219
0.000146095
0.000794485
0.000607513
0.000277421
0.000259658
0.000484402
0.000388059
0.000139288
0.000224074
0.00164791
0.000270039
0.000235738
0.00020176
0.000172228
0.00019173
0.000628192
0.000602402
0.000290281
0.000184271
0.00346937
0.000222889
0.000312032
0.00205414
0.000483264
0.000359817
0.00221235
0.000153081
0.000423095
0.00029094
0.00035453
0.000856107
0.000420592
0.000577856
0.000847424
0.00100266
0.000232247
0.000168121
0.000287297
0.000223225
0.000466872
0.00069115
0.000419648
0.000405016
0.000316741
0.000222114
0.000139453
0.000352621
0.000190448
0.00029474
0.000240872
0.000216522
0.000443084
0.00018933
0.0008523
0.000297514
0.000234334
0.000394949
0.00105768
0.00226704
0.000276956
0.000306682
0.000418765
0.000361005
0.000153818
0.000333855
0.000174121
0.000234918
0.000320339
0.000443973
0.00114671
0.000333104
0.000312385
0.000329523
0.000482147
0.000347243
0.000258619
0.000147011
0.000322962
0.000294878
0.00066139
0.000504499
0.000537692
0.000228962
0.000499821
0.000343182
0.000212686
0.000206163
0.000231624
0.000477517
0.000626362
0.000308829
0.000239495
0.000200133
7.58246e-05
0.000289317
0.000402592
0.000365136
0.000244231
0.000539827
0.000220737
0.000568638
0.000354182
0.000887744
0.000345123
0.000573978
0.000544737
0.00117154
0.000555211
0.000215343
8.05119e-05
0.000126475
0.000159783
0.000669234
0.000260551
0.000170896
0.000275689
0.000236203
0.00031226
0.000399826
0.000218415
0.000319982
0.000392546
0.000684038
0.000439551
0.000274884
0.000111492
0.000535035
0.000174595
0.000147792
0.000113155
0.000291333
0.000446598
0.000350251
0.000139928
0.000461802
0.000153608
0.000580487
7.85343e-05
0.000266585
0.000521909
0.000375878
0.00162415
0.000326852
0.000297568
0.000340321
0.000417705
0.000444301
0.000286596
0.000928345
0.000199065
0.000347715
0.000615882
0.000672478
0.000825841
5.17806e-05
0.000404747
0.000278566
0.000346135
0.000396346
0.000197543
0.000262967
0.00126747
0.000405975
0.00017605
0.000237563
0.00056016
0.000979684
0.000299489
0.000373441
0.000291049
0.000321751
0.000469148
0.000202254
0.000764248
0.000543551
0.000346053
0.00025475
0.000413932
0.000252726
0.00021053
0.000847045
0.000115014
0.000359876
0.000425759
0.00125764
0.000268336
0.000364418
0.000239845
0.000780135
0.000251324
4.08182e-05
0.000262654
0.000603419
0.000302971
0.000834197
0.000357863
0.000244463
0.000655037
0.000754513
0.000312947
0.00142319
0.000260054
0.000196064
0.00226678
0.000347969
0.000302537
0.000386828
0.000293263
0.000351781
0.000532734
0.000679935
0.000164687
0.000748451
0.000161188
0.000442398
0.000130567
0.000207678
0.000340827
0.000225609
0.000133903
0.000219144
0.00100282
0.000749618
0.0178033
0.000250633
0.000854455
0.000412605
0.000227813
0.000197416
0.000105925
0.000523311
0.000179067
0.000275562
0.000584796
0.000440271
9.7186e-05
0.000695072
0.000246955
4.13337e-05
0.000288047
0.000152887
0.00032114
0.000376308
0.000179431
0.00156296
0.000804525
0.000142098
0.000263118
0.000340265
0.000272416
0.000169337
0.000206067
0.000590564
8.05987e-05
0.000442781
0.000467834
0.000311403
3.13426e-05
0.00253822
0.000281592
0.000291068
0.000502299
0.00792178
0.000605579
9.26571e-05
0.000304075
0.000424345
0.000316502
0.00017765
0.000247169
0.000180472
0.000385241
0.000424253
0.000433724
0.00019726
0.000189227
0.0155441
0.000548872
0.000269574
0.000476453
0.000378062
0.000380642
8.78844e-05
0.000157725
0.00012184
0.000192777
0.000815139
0
0.0010667
0.000438102
0.000350932
0.000841394
0.000506502
0.000119507
0.000522511
0.000559142
0.00481788
0.00152824
0.000201352
0.00035567
0.000311243
0.000120729
0.000315141
0.000643095
0.000195001
0.000580685
0.00101853
0.00133653
0.000411011
0.000159655
0.000636026
0.000865431
0.000273642
0.00052748
4.21843e-05
0.000148283
0.000109942
0.000212107
0.00113824
0.000196145
0.000434131
0.000176419
0.000307251
0.000258433
0.000162923
0.000642092
0.000219917
0.00100954
0.000769586
0.000576537
0.000183816
0.000106296
0.000151732
0.00084432
0.000319023
0.000447288
0.000541204
0.000398748
0.000485907
0.000139079
0.000315586
6.05754e-05
0.000346682
0.000483631
0.000121861
0.000148593
0.000277508
0.000199571
0.000237101
0.000202542
1.16748e-05
0.000189304
0.000232635
0.000242536
5.78237e-05
0.000374369
0.000220096
0.000172409
0.000463991
6.19397e-05
0.000315156
0.0012677
0.000241354
0.000172299
0.000257233
0.000314497
0.000665456
0.0010585
0.000331926
0.000706281
0.000412145
0.000609257
0.000166627
0.000476508
0.000466236
0.000371346
0.000747705
0.000215088
0.000188705
0.000323748
0.000179337
7.14175e-05
0.000548137
0.000386722
0.000394907
0.000176477
0.000355928
0.000169221
0.0020841
0.000989786
0.000455712
0.000602823
0.000182588
0.00042954
4.03241e-05
0.000236526
0.000864126
0.000328176
0.000185048
0.000483441
0.000299003
0.000691983
0.000168091
5.45387e-05
0.000350996
0.000294983
0.00111031
0.000463567
0.000367183
0.000330414
0.000417798
0.000414916
0.00211105
0.000576384
0.000611722
0.000201479
9.40587e-05
0.000269151
0.000484269
0.000260274
0.000594163
0.000756524
0.000537458
0.00414781
0.000153586
4.3092e-05
0.00104665
0.000262169
0.000581249
0.000386465
0.000415458
0.000314289
0.00602037
0.000844895
0.000166362
0.000532929
0.000564639
0.000304556
0.000184045
0.000164691
0.000451082
0.000397506
0.000330973
0.000350671
0.000467894
0.000373028
0.000128253
0.00043998
0.000912794
0.000159361
1.26632e-05
0.00337261
6.22603e-05
0.000330033
0.000533759
0.000350351
0.000528594
0.000579977
0.000447919
0.000339881
0.000567366
0.00026787
0.000149184
0.000271808
0.000223319
0.000104975
0.000264379
0.000534969
0.000340876
0.000212757
0.000265763
0.00133709
0.000261301
0.000492464
0.000397824
0.000686967
0.000280701
0.000195463
0.000146549
4.86016e-05
0.00328493
0.00037136
0.000240386
0.000220944
0.000590146
0.000220334
0.000458135
0.00045933
0.000332152
0.00019204
0.000112404
0.000292071
0.000240325
0.000401152
0.000484093
0.000298487
0.000948418
0.00160633
0.000192499
0.000929726
6.06001e-05
0.000162336
0.000486117
0.000116334
0.000383273
0.000394227
0.000564582
0.000308274
0.000144743
0.000234495
0.000139717
0.000419488
0.000155045
0.00308318
0.000600618
0.000360821
0.00047377
0.000623635
0.000167718
0.000585473
0.000378599
0.000321979
0.000142356
0.000287503
8.6572e-05
0.000259278
0.000295948
0.000217695
0.000249667
0.000213463
0.000209505
0.000172352
0.000228504
0.00920478
0.000444903
0.00065078
0.000380167
0.000236756
0.000126399
0.000899521
0.000500942
0.0118716
0.000125275
0.000900257
0.00107781
0.00035574
0.000297454
0.00105192
0.00043747
0.000172418
0.000308232
0.000373348
0.000715062
0.000132179
0.000365012
0.000974976
0.00025851
9.46527e-05
0.000269294
0.000400364
0.000267806
0.00076812
0.000166583
0.000332018
0.000376982
0.000498029
0.00612848
0.000484597
0.000450875
0.000320098
0.000558928
0.000571894
0.000472515
0.00017318
0.000297447
4.57986e-05
0.00035409
0.000287768
0.000924971
0.000365512
0.00125309
0.000467378
0.000174932
0.00017569
0.000128295
0.000562677
0.000591449
0.0001033
0.000513326
8.9206e-05
0.000145402
0.00290023
0.000520137
0.000317464
0.000527282
3.095e-05
0.000397006
0.00039651
0.000376343
0.00118169
0.00036047
0.000284841
0.000197053
0.00101104
0.000247327
0.000543229
0.000266619
0.000620686
0.000169108
0.000180515
0.000758569
0
0.000475118
0.000221652
0.000500282
0.000374255
0.000335838
0.00261681
0.00105255
0.000218265
0.000279734
0.00115499
0.00110848
0.000298711
0.000889636
0.000297348
0.000198603
0.000411555
0.000255768
0.000242514
0.000137041
0.000311265
0.000182277
0.000451666
0.000413188
0.000245258
0.000331274
0.000375521
0.000401382
2.53692e-05
0.000305559
0.000305355
0.00048995
0.000228962
0.00119186
0.000340949
0.000305813
0.000299395
0.000154026
0.000166216
0.000118112
0.000279734
0.00051502
0.000622991
0.000466494
0.000239281
0.000325586
0.000397028
0.000110803
0.000191534
0.000833145
0.000319211
9.58096e-05
0.000271652
0.000365067
0.000156721
0.000464093
0.000825367
0.000616381
0.000182259
0.000208231
0.000497532
0.000479462
1.12023e-05
0.000297634
0.000907214
0.000931596
0.000530966
0.000502915
0.000195065
0.000390155
0.000112344
0.00130045
0.000101415
5.78288e-05
0.00145649
0.000185297
0.000544013
0.000180757
0.000248942
0.000265048
0.000391126
0.000262813
0.000469564
0.000289065
0.000165298
0.000549266
0.000199682
0.00055545
0.0003709
0.000646889
0.000765996
0.000365489
0.000326571
0.000104085
6.52822e-05
0.000289758
0.000318616
0.000373415
0.000592681
0.000229112
0.000229306
0.000446168
0.000240404
0.000382074
0.000310212
0.00285773
8.75448e-05
0.000270957
0.000381565
0.000222108
0.000321721
0.000513049
0.000473396
0.000131056
0.00019144
0.000121704
0.000309596
0.000326205
0.000315754
0.000473441
0.000623783
0.000766234
0.000560871
0.000813107
0.000304571
0.00105642
0.000748986
0.000408229
0.000566437
0.000494843
0.000243738
0.000579972
0.000215157
0.000365159
0.000394307
0.000667669
0.000209088
0.00036556
0.000433869
0.00146912
0.000571478
0.000211952
0.000392831
0.000521101
0.000257686
0.000446233
0.000201751
0.000335284
0.000225901
0.00037663
0.000215271
0.00011045
0.000306437
0.000316606
0.000256393
0.000270459
0.000354035
0.000654451
0.00012703
8.27528e-05
0.000251327
0.00010579
0.000292793
0.000226558
0.000262095
0.000449675
0.000615969
0.000324629
0.000370451
0.000436994
0.000325876
8.65411e-05
0.000263476
0.000804639
0.00024792
0.000140041
0.000194033
0.000174397
0.000256012
0.00062881
0.000402871
0.000292995
6.88693e-05
0.000164899
0.000159883
0.000303631
0.000365047
0.000285297
0.000104693
0.000315914
0.000370994
0.000286403
0.00127062
0.00275712
0.000705434
0.000701765
0.000664396
0.000744376
0.00053059
0.000121865
0.00024595
0.00334787
0.000134409
0.000237063
0.00130581
0.000217267
0.000365325
0.000147037
0.000360462
0.000216235
0.00104889
0.000522938
0.000242159
0.000159741
0.000346053
0.000534213
0.000239595
0.000385568
0.000278714
0.000169838
0.000106734
0.000259963
0.000620107
0.000238858
0.000148945
0.000246331
0.000286498
0.00037918
0.000316761
0.000281395
0.000131612
0.000649353
0.000376924
0.000226132
0.000418985
0.000547714
0.000413813
0.000280423
0.000239697
0.000496282
0.000155701
0.000497586
0.000421212
0.000315186
0.0003119
1.89892e-05
0.000312573
9.40299e-05
0.000393894
0.000969751
0.000285783
0.000564528
0.00052486
0.000214011
0.000191825
0.000228934
0.00021869
0.000421598
0.00023808
0.000901427
0.00126565
0.000466288
0.000288001
0.000924781
0.000261981
0.000203125
0.000799911
0.000600936
0.000788409
0.000191771
9.73658e-05
0.000161405
0.000454318
0.000283419
0.000136946
0.000376531
0.000338768
0.00022086
0.00055179
0.000468113
0.000223266
9.69255e-05
0.000586571
0.000228569
0.000294356
0.000294677
0.000334038
0.000245927
0.000217799
0.00044997
0.000630749
0.000277235
0.000406628
5.78101e-05
0.000291695
0.000269325
0.000176824
0.000320379
0.00022361
0.000110693
0.000439272
0.000389336
0.000186077
0.000760232
0.00040217
0.000192513
0.000164303
0.000625686
0.000427402
0.000837766
0.000433572
0.00152502
0.000114621
0.000794165
0.000435892
0.000475893
8.89013e-05
0.000202645
0.000631752
0.000179397
0.000238764
0.00130251
0.000222364
0.000142721
0.000427218
0.000374852
0.000258343
1.05108e-05
0.000410526
0.000660881
0.000333316
0.000452789
0.0211283
0.000222302
0.000560696
0.000169732
0.000217045
0.000545784
0.000426496
0.000349299
0.000160946
0.000373817
0.000120092
0.000290433
0.000304532
0.000262164
0.000320846
0.000136198
0.000227906
0.000367817
0.000612887
0.00158018
0.000948548
0.000339066
0.000324404
0.000341963
0.000234289
0.000405188
0.000431926
0.000202018
0.000350409
0.000426386
0.000123004
0.000104573
0.000704654
0.00117006
0.000591069
0.000191562
0.000268341
0.000568363
0.000937795
0.000288685
0.00054101
0.00429309
0.000312142
0.000638183
0.000212967
0.000928512
0.000349786
0.00680853
0.000910333
0.000257051
0.000341381
0.000242293
0.000356493
0.000287657
0.000138298
0.000607096
0.000974673
0.000159911
0.00222007
0.000309599
0.000841911
0.000160625
0.000538588
0.000322101
0.000149771
0.000332901
0.000367528
0.000664539
0.000685911
0.000306805
0.00109109
0.000355937
0.000114863
0.00042986
0.000210698
0.000374035
0.000167881
0.000138764
0.000362372
0.000338254
8.56418e-05
0.000158915
0.000322621
0.000813311
0.000281366
0.000558482
2.12144e-05
0.000276149
0.000789646
0.000473782
0.000215051
0.00102137
0.000719196
0.000419063
0.00343583
0.000407666
0.000205927
0.000258705
0.000228341
0.00313443
0.000110293
0.000324354
0.000539981
0.000489008
0.000410264
0.000214282
0.000160978
0.000277776
0.000157268
0.000240967
0.000346144
0.000306584
0.000379443
0.000245766
0.000236529
0.00148264
0.000264978
0.000776062
0.000499172
0.000454668
0.000130197
0.000264743
0.000140702
0.000298301
0.000378577
0.000213786
0.000255075
0.000328137
0.000178559
0.000274702
0.000155361
0.0001339
0.000268891
0.000241451
0.000214434
0.000221756
0.000466592
0.000302413
0.00043982
0.000216754
0.000455632
0.000159702
0.000220167
0.000434072
0.000127606
0.000344688
0.0001378
0.000293403
0.000189856
0.000181392
0.000209642
0.000532874
0.000525399
0.000335223
0.000211864
0.000221722
4.96327e-05
0.00170352
0.00029664
0.000735015
0.000287618
0.000326026
0.000431034
0.000180678
0.000110602
0.00101459
0.000624231
0.000781217
0.000491119
0.00028282
0.000125668
0.000181051
0.000278493
0.000319291
0.000116124
0.000698795
0.00055359
0.000240604
0.000190698
0.000304279
0.00012468
0.000580296
0.000271594
0.00032391
0.000378261
0.000471077
0.000949283
0.00025561
0.00048073
0.000719398
0.000251618
0.000251773
0.000171755
0.000334658
0.00113518
0.000316801
0.000508426
0.000166038
0.000240475
0.000122612
0.000263505
0.000204525
0.000434064
0.00022826
0.000564963
0.000358483
0.000350149
0.000340881
0.000796374
0.000298166
0.000107979
0.00042484
0.000361556
0.000173801
0.000378996
0.000244423
0.000205512
0.000460016
0.000427295
0.00251274
0.000124414
0.000109513
0.00332003
0.000122725
0.000210716
0.000437728
0.000150926
0.000470026
9.97793e-05
0.000738981
0.000388242
0.000590712
0.000545596
0.000591762
0.000398989
0.000213471
0.000255437
0.000621814
0.000288683
0.000270942
0.000403026
0.0156982
0.00259973
0.000765328
0.000526616
0.000411202
0.000461381
0.000340595
0.00040418
0.00028793
0.000381928
0.000321701
0.000328839
0.000258171
0.000577957
0.00067729
0.000242703
0.00014827
8.43406e-05
0.000589143
0.000485989
0.0017811
0.000424714
0.000276261
0.000744021
0.000293864
0.000449726
0.000504428
4.66646e-05
0.000437539
0.000516333
0.000273318
0.00044372
0.00058328
0.000168065
0.000654157
0.000282457
0.000403763
0.00031001
0.000334809
0.00020526
0.000171138
0.000423937
0.000152686
0.000134424
5.83038e-05
0.000464616
0.000299282
0.00150368
0.000320015
0.000153512
0.000302178
0.000119717
0.000266101
0.000557348
5.88043e-05
0.00035552
0.000169031
0.000402255
0.000413662
0.00149574
0.000893785
0.00057997
0.000626858
0.000310617
0.000287886
0.000222202
0.000463596
0.000989136
2.44646e-05
0.000556157
0.000382401
0.000398864
0.010198
0.000327845
0.00109014
0.000598867
0.000273655
0.00016545
0.000126519
0.000272077
0.000258695
0.00474596
0.000291468
0.000533517
0.000163816
0.000415498
0.000216416
0.000248415
0.000334366
0.00297812
0.00042608
0.000846999
0.00163297
0.000283344
0.000455224
0.000357895
0.000528261
0.000249138
0.000362524
0.000343071
0.000926716
0.000853209
0.00120604
0.000422275
0.000571882
0.000292952
9.11452e-05
0.000413363
0.0001635
0.000554735
0.000396599
0.000575543
0.000321205
0.000163523
0.000369969
0.000380692
0.000361036
0.000723725
8.22627e-05
0.000204246
0.000659825
0.000766542
0.00178496
6.03767e-05
0.000470244
0.0013217
0.000237709
0.000413658
0.000344413
0.000106319
0.000168154
0.000303739
0.000596289
0.000338322
0.000545229
0.00039061
0.000303219
0.000201465
0.000709736
0.000387793
9.79775e-05
0.000291989
0.000394213
0.00013832
0.00021669
0.000244914
0.00446189
0.000445849
0.000439566
0.000222848
0.00021713
0.000397839
0.000360089
0.000335197
0.000686601
0.000596707
0.00358737
4.0988e-05
0.000505257
0.000553928
0.000574402
0.000105239
0.000303383
0.000439412
0.000950483
0.000212669
0.00125487
0.000196403
0.0136536
0.000641168
0.000465473
0.000257547
0.000685303
0.000270334
0.00192206
0.000356996
0.000984289
0.000255191
0.000463231
0.000241146
0.000206938
0.000699731
0.00028926
0.000546813
0.000403329
0.000411237
0.000244545
0.000272592
0.000209252
0.000355566
0.000146009
0.000218449
0.00018164
0.000380442
0.000232565
0.000455492
0.000191316
0.00044383
0.000213625
0.000318734
0.000249662
0.000116161
0.000357319
0.000201161
0.000174737
0.000360453
0.000664829
0.000483641
0.00022848
0.000421218
0.000174914
0.000493991
0.000323582
0.000288485
0.000205294
0.000399567
0.000308445
0.000519637
0.000944778
0.000264333
0.000380351
0.000272417
0.000428592
0.000297719
0.0118686
0.00312212
0.000351679
0.000520719
0.000207544
0.000251115
0.000318338
0.000206584
0.000314919
0.000384654
0.000203933
0.000350126
0.000580137
0.000899412
0.00048846
0.000496734
0.000550012
0.000413108
1.148e-05
0.000426394
0.000170425
0.000900165
0.000441704
0.000242072
0.000835193
0.000379105
0.000454206
0.000986693
9.07783e-05
0.0046581
0.000636719
0.000274154
0.00407537
0.000662429
0.000370925
0.000559923
0.000378307
0.00020695
0.000319549
0.000354443
0.000305641
0.000627633
0.000193008
0.000273427
0.000689221
0.00021268
0.000677125
0.000863014
0.000345776
0.000239849
0.0010182
0.000926597
0.000342977
0.000630041
0.000492564
0.0010107
0.000365254
0.000229448
0.000295123
8.66453e-05
0.000106121
0.000724563
0.000452358
0.000153793
0.000171218
0.000412856
0.00020958
0.000188244
0.000187929
0.000487962
9.40855e-05
0.00165777
0.000455125
0.000237825
0.000209896
0.000202585
0.000443575
0.000258662
0.000297665
0.000284378
0.000230452
9.54553e-05
0.000348754
0.000387445
0.000425138
0.000368618
0.000637505
0.000687885
0.000467155
0.000405919
0.00045685
0.000343392
0.000630365
0.000248801
0.000714364
0.00079724
0.000194033
0.000397648
0.000362458
0.000747121
0.000147826
6.0918e-05
0.000506396
0.000493175
0.000760877
0.000354613
0.000384268
0.000603603
0.000318025
0.000257039
0.000108552
1.61091e-05
0.000387409
0.000256844
0.000533544
0.000454245
0.000743755
0.000318187
0.000191132
0.00048501
0.00055242
0.000401288
0.00114523
0.000262471
0.00170203
0.00131691
0.000293715
0.000147336
0.000135222
6.83836e-05
0.00106827
0.000356702
0.000320843
0.000193971
0.000570627
0.000291348
0.000243165
0.000105015
0.000441728
0.000380036
0.000281308
0.000184175
0.00013426
0.000227214
0.000220643
0.000316507
0.00289256
0.000415217
0.000612472
0.000677103
0.000256391
0.000257525
0.000407444
0.000298907
0.00032675
0.000323461
6.87733e-05
0.000323448
0.000104802
0.000291323
0.000111319
0.000217595
0.000224982
0.00022251
0.00123051
0.000490416
0.000366201
0.00125705
0.000303192
0.000231951
0.0013926
0.000328436
0.000329219
0.00018646
0.0005379
0.000159642
0.000270551
0.000418064
0.000231566
0.000230701
0.000354191
0.000784367
0.000503147
0.000345326
0.00125307
9.02313e-05
0.000128435
0.000287523
0.000292637
0.00296669
0.000150895
0.000478352
2.70302e-05
0.000156479
0.000574208
0.000622359
0.000325937
0.000229387
0.000261113
0.000900898
0.000282541
0.000609893
0.000779321
0.000580483
0.000251522
0.000992425
0.000157232
0.00020355
0.000171738
0.000185909
0.000500519
0.000905336
0.000677054
0.00018194
0.000554222
0.000265267
0.000534675
0.00041526
0.00012331
0.000442338
0.00115953
0.000155709
0.000277347
0.000188153
0.000503262
0.000248003
0.00023123
0.000423257
0.00124931
0.000298942
0.000446112
0.000304947
0.00136645
0.000275494
0.000206393
0.000444669
0.000398149
0.000231061
0.000275622
0.000502715
0.000440526
0.000647305
0.000310551
0.000374548
0.000527663
0.000256078
0.000442289
0.000282345
0.000616672
0.000294546
0.000325589
0.000695931
0.00058376
0.000447068
0.00585679
0.000208598
0.000209351
0.000583028
0.000240828
0.000106985
0.000299851
0.000277541
0.000798794
0.000463665
0.000524085
0.000193211
0.000200846
0.000612786
0.000223685
0.000251071
0.000305399
0.000181398
0.000835536
0.00026208
0.000113038
0.000309551
5.86861e-05
0.000696389
0.000371539
0.000239369
0.00032362
0.000266151
0.000397519
0.000423639
0.000525531
0.000197596
0.000243229
0.000164308
0.000266855
0.000436828
0.00017812
0.000871844
0.000437872
0.00136587
0.000270803
0.000301401
0.000339508
0.000294061
0.000463501
0.000769387
0.000401072
0.000293391
0.000270211
0.000309972
0.000626983
